1
   Cartesian binning n.   1  "DoseEq    " , generalized particle n.  240
      X coordinate: from -8.5000E+01 to  8.5000E+01 cm,    10 bins ( 1.7000E+01 cm wide)
      Y coordinate: from -2.5000E+01 to  2.5000E+01 cm,    10 bins ( 5.0000E+00 cm wide)
      Z coordinate: from  2.2500E+02 to  2.7500E+02 cm,    10 bins ( 5.0000E+00 cm wide)
      Data follow in a matrix A(ix,iy,iz), format (1(5x,1p,10(1x,e11.4)))

      accurate deposition along the tracks requested
      this is a track-length binning
       2.3793E-04  2.6652E-04  3.0044E-04  3.1881E-04  3.3405E-04  3.5723E-04  3.2889E-04  3.0374E-04  2.5771E-04  2.3213E-04
       2.6235E-04  3.0006E-04  3.5367E-04  3.5977E-04  3.9429E-04  4.0685E-04  3.6805E-04  3.3768E-04  3.1199E-04  2.4191E-04
       2.7422E-04  3.1296E-04  3.5772E-04  3.7675E-04  4.0694E-04  4.1996E-04  3.6796E-04  3.5042E-04  3.2782E-04  2.5335E-04
       2.7463E-04  3.3113E-04  3.7041E-04  4.1797E-04  4.0953E-04  4.2029E-04  4.2119E-04  3.5461E-04  3.5153E-04  2.8137E-04
       2.7386E-04  3.3909E-04  3.7492E-04  3.9800E-04  4.1836E-04  4.1786E-04  4.1084E-04  3.7030E-04  3.4057E-04  2.8916E-04
       2.7754E-04  3.2190E-04  3.8407E-04  3.9220E-04  4.2346E-04  4.3282E-04  3.7944E-04  3.8630E-04  3.5286E-04  2.8676E-04
       2.6362E-04  3.2055E-04  3.5913E-04  4.1277E-04  3.9692E-04  4.2270E-04  3.9979E-04  3.7536E-04  3.2824E-04  2.7163E-04
       2.8256E-04  3.1016E-04  3.5826E-04  4.1386E-04  4.0940E-04  4.1029E-04  3.7978E-04  3.7060E-04  3.1461E-04  2.6741E-04
       2.6730E-04  3.1277E-04  3.2913E-04  3.8210E-04  3.8162E-04  3.7324E-04  3.6850E-04  3.5013E-04  3.0678E-04  2.6896E-04
       2.3339E-04  2.8713E-04  3.0763E-04  3.4667E-04  3.3155E-04  3.4809E-04  3.2268E-04  3.0188E-04  2.6936E-04  2.2933E-04
       1.6362E-04  2.0159E-04  2.2241E-04  2.2988E-04  2.5732E-04  2.5856E-04  2.4663E-04  2.1944E-04  2.0297E-04  1.5373E-04
       1.9887E-04  2.3493E-04  2.7255E-04  2.8538E-04  3.1481E-04  3.1493E-04  2.9008E-04  2.5792E-04  2.4057E-04  1.7540E-04
       2.0566E-04  2.4607E-04  2.8544E-04  3.1653E-04  3.2261E-04  3.3731E-04  3.0992E-04  2.7598E-04  2.4777E-04  2.0177E-04
       2.0278E-04  2.6879E-04  3.1013E-04  3.4130E-04  3.5307E-04  3.4431E-04  3.1252E-04  2.9212E-04  2.6903E-04  2.0687E-04
       1.9818E-04  2.7155E-04  3.2570E-04  3.3936E-04  3.4099E-04  3.4648E-04  3.1886E-04  2.9338E-04  2.8462E-04  2.1242E-04
       2.0926E-04  2.7832E-04  3.1005E-04  3.3144E-04  3.5132E-04  3.4979E-04  3.1885E-04  3.1262E-04  2.8624E-04  2.1149E-04
       2.0693E-04  2.6919E-04  2.8940E-04  3.2867E-04  3.3593E-04  3.3644E-04  3.1867E-04  2.9805E-04  2.6357E-04  2.1353E-04
       1.9641E-04  2.4337E-04  2.8555E-04  3.2060E-04  3.2915E-04  3.3647E-04  3.1978E-04  2.9906E-04  2.3808E-04  2.0278E-04
       1.9427E-04  2.1846E-04  2.7654E-04  3.0590E-04  3.0154E-04  2.9316E-04  2.8619E-04  2.9043E-04  2.3752E-04  1.9513E-04
       1.5715E-04  1.8964E-04  2.2989E-04  2.4954E-04  2.4333E-04  2.4655E-04  2.3814E-04  2.2348E-04  1.9116E-04  1.5891E-04
       1.1062E-04  1.4425E-04  1.6106E-04  1.7885E-04  1.8739E-04  1.9272E-04  1.7201E-04  1.6735E-04  1.4419E-04  1.1264E-04
       1.3908E-04  1.8323E-04  1.9708E-04  2.0602E-04  2.2960E-04  2.4130E-04  2.0949E-04  2.0290E-04  1.7641E-04  1.4389E-04
       1.5168E-04  1.8378E-04  2.1594E-04  2.4922E-04  2.3944E-04  2.5110E-04  2.3379E-04  2.0890E-04  1.7817E-04  1.4855E-04
       1.4841E-04  1.9546E-04  2.4084E-04  2.5491E-04  2.7244E-04  2.5736E-04  2.4379E-04  2.0845E-04  1.8518E-04  1.4442E-04
       1.5534E-04  2.0531E-04  2.4511E-04  2.5887E-04  2.5280E-04  2.7265E-04  2.4753E-04  2.2975E-04  1.9898E-04  1.4093E-04
       1.4830E-04  2.0363E-04  2.3851E-04  2.4612E-04  2.7174E-04  2.5840E-04  2.4470E-04  2.3946E-04  2.0311E-04  1.5045E-04
       1.4407E-04  1.9371E-04  2.1754E-04  2.4023E-04  2.6948E-04  2.5683E-04  2.4571E-04  2.2829E-04  1.8699E-04  1.4809E-04
       1.4544E-04  1.8039E-04  2.0798E-04  2.4077E-04  2.5104E-04  2.6204E-04  2.4874E-04  2.3079E-04  1.8272E-04  1.4506E-04
       1.3719E-04  1.6205E-04  1.8922E-04  2.2729E-04  2.2546E-04  2.1223E-04  2.2095E-04  2.0564E-04  1.7637E-04  1.4333E-04
       1.0878E-04  1.3765E-04  1.5457E-04  1.8597E-04  1.7687E-04  1.7648E-04  1.7704E-04  1.6213E-04  1.4479E-04  1.0843E-04
       9.7552E-05  1.2284E-04  1.2686E-04  1.3477E-04  1.3133E-04  1.4891E-04  1.3907E-04  1.2580E-04  1.1041E-04  9.2565E-05
       1.0485E-04  1.2340E-04  1.5267E-04  1.7094E-04  1.6423E-04  1.6543E-04  1.6247E-04  1.3964E-04  1.2842E-04  1.0945E-04
       1.1023E-04  1.3224E-04  1.6329E-04  1.8516E-04  1.8762E-04  1.7519E-04  1.7110E-04  1.5182E-04  1.3972E-04  1.1976E-04
       1.1361E-04  1.4199E-04  1.8541E-04  2.0049E-04  1.9765E-04  2.0162E-04  1.9606E-04  1.5741E-04  1.4312E-04  1.0655E-04
       1.1409E-04  1.4961E-04  1.6652E-04  1.9177E-04  2.0381E-04  2.1258E-04  2.0579E-04  1.8163E-04  1.3811E-04  1.0526E-04
       1.1222E-04  1.4793E-04  1.6325E-04  1.7969E-04  2.1084E-04  2.0577E-04  1.8688E-04  1.8473E-04  1.4376E-04  1.1963E-04
       1.1211E-04  1.4803E-04  1.6351E-04  1.7766E-04  2.0207E-04  2.0056E-04  1.9558E-04  1.7151E-04  1.4531E-04  1.1001E-04
       1.1594E-04  1.4430E-04  1.6552E-04  1.7891E-04  2.0191E-04  1.8771E-04  1.9540E-04  1.5680E-04  1.2508E-04  1.0536E-04
       1.0341E-04  1.2681E-04  1.4036E-04  1.6156E-04  1.7828E-04  1.7761E-04  1.6423E-04  1.4660E-04  1.2350E-04  1.0428E-04
       8.3535E-05  9.9241E-05  1.3054E-04  1.3824E-04  1.4103E-04  1.5200E-04  1.3622E-04  1.2131E-04  1.1351E-04  8.4601E-05
       7.6157E-05  1.0054E-04  1.1137E-04  1.1327E-04  1.0573E-04  1.1317E-04  1.1341E-04  9.3042E-05  8.9480E-05  7.6714E-05
       8.3712E-05  1.0026E-04  1.1329E-04  1.2954E-04  1.3664E-04  1.2852E-04  1.2617E-04  1.0841E-04  1.0450E-04  9.3509E-05
       8.5007E-05  9.2557E-05  1.2612E-04  1.4333E-04  1.3649E-04  1.3746E-04  1.3676E-04  1.2066E-04  1.1368E-04  9.2495E-05
       9.6318E-05  1.0941E-04  1.4352E-04  1.4416E-04  1.4960E-04  1.4836E-04  1.4377E-04  1.2925E-04  1.1693E-04  7.9533E-05
       9.2659E-05  1.0743E-04  1.2693E-04  1.5169E-04  1.5830E-04  1.6017E-04  1.5109E-04  1.3187E-04  1.0731E-04  7.9766E-05
       9.3528E-05  1.0853E-04  1.3433E-04  1.4124E-04  1.5683E-04  1.5475E-04  1.5244E-04  1.2782E-04  1.1208E-04  8.7850E-05
       8.4367E-05  1.0907E-04  1.3394E-04  1.3012E-04  1.4811E-04  1.4887E-04  1.4103E-04  1.3597E-04  1.0624E-04  9.3676E-05
       8.2396E-05  1.0498E-04  1.2147E-04  1.2849E-04  1.4110E-04  1.4472E-04  1.4619E-04  1.1326E-04  9.7388E-05  8.4275E-05
       8.3425E-05  9.6040E-05  1.0194E-04  1.2988E-04  1.3116E-04  1.3245E-04  1.3110E-04  1.1483E-04  9.9672E-05  8.0873E-05
       6.6528E-05  8.3302E-05  9.6100E-05  1.0342E-04  1.0606E-04  1.1151E-04  1.0258E-04  9.2287E-05  8.2503E-05  7.1208E-05
       5.8276E-05  7.4348E-05  8.7500E-05  9.9060E-05  9.6277E-05  9.2062E-05  8.9027E-05  7.0998E-05  7.2795E-05  5.8977E-05
       6.4342E-05  7.2807E-05  9.6742E-05  9.9533E-05  1.0300E-04  9.9355E-05  9.5460E-05  8.7427E-05  7.6760E-05  7.0928E-05
       6.5929E-05  7.5527E-05  1.0148E-04  1.0934E-04  1.0554E-04  1.1714E-04  1.0486E-04  9.2226E-05  8.5363E-05  7.2562E-05
       6.4183E-05  8.0365E-05  1.1727E-04  1.2728E-04  1.1256E-04  1.2293E-04  1.1603E-04  9.6680E-05  9.8437E-05  7.2372E-05
       6.7241E-05  9.3329E-05  1.0354E-04  1.2116E-04  1.1379E-04  1.1567E-04  1.2395E-04  1.0386E-04  9.0181E-05  6.7350E-05
       6.7569E-05  8.4593E-05  1.0869E-04  1.1324E-04  1.2244E-04  1.0974E-04  1.1265E-04  9.5288E-05  9.5819E-05  6.8306E-05
       7.1475E-05  8.9066E-05  1.1488E-04  1.0266E-04  1.0754E-04  1.1725E-04  1.0390E-04  9.6973E-05  9.6383E-05  6.9925E-05
       6.1993E-05  8.8188E-05  9.0753E-05  1.0041E-04  1.1418E-04  1.1342E-04  9.9542E-05  9.3914E-05  8.7189E-05  6.8141E-05
       6.5179E-05  7.2315E-05  8.2472E-05  9.6600E-05  1.0882E-04  9.9729E-05  1.0489E-04  8.5394E-05  8.0909E-05  6.1013E-05
       6.0667E-05  7.4740E-05  7.3951E-05  7.5968E-05  8.2747E-05  8.8118E-05  9.4244E-05  7.4956E-05  6.7624E-05  6.0419E-05
       5.5816E-05  6.8246E-05  7.1428E-05  7.7729E-05  8.1573E-05  6.6864E-05  6.7378E-05  5.9713E-05  6.3622E-05  4.8872E-05
       5.0707E-05  6.4978E-05  7.6214E-05  8.1891E-05  8.0012E-05  7.9782E-05  7.8841E-05  7.2539E-05  6.2797E-05  5.4262E-05
       5.4884E-05  6.3091E-05  8.5299E-05  8.5700E-05  8.7826E-05  8.4274E-05  8.0008E-05  6.8458E-05  7.0484E-05  5.2686E-05
       5.5391E-05  7.1859E-05  7.9409E-05  9.0666E-05  8.8096E-05  1.0149E-04  8.1475E-05  7.3627E-05  7.3906E-05  5.5538E-05
       5.8748E-05  7.5770E-05  8.8149E-05  9.8511E-05  7.9038E-05  9.6453E-05  9.0893E-05  8.3059E-05  7.1544E-05  5.4699E-05
       5.4737E-05  7.1932E-05  8.1170E-05  8.6851E-05  9.3814E-05  9.1355E-05  9.7681E-05  7.4894E-05  6.9254E-05  5.2333E-05
       5.0689E-05  6.9573E-05  9.2651E-05  9.1339E-05  7.6584E-05  8.9070E-05  8.1481E-05  7.9910E-05  7.3089E-05  5.1103E-05
       5.1165E-05  6.3899E-05  6.5852E-05  7.8735E-05  9.3218E-05  7.7552E-05  8.5003E-05  8.2244E-05  7.1707E-05  5.8313E-05
       5.4497E-05  5.8669E-05  6.7098E-05  7.6392E-05  8.5364E-05  8.4007E-05  7.8428E-05  6.8392E-05  6.2324E-05  5.4177E-05
       5.5280E-05  5.5664E-05  6.9463E-05  7.3966E-05  7.6649E-05  7.0658E-05  6.9001E-05  6.1174E-05  5.4760E-05  5.6092E-05
       4.5258E-05  5.4322E-05  5.9684E-05  6.5214E-05  6.6878E-05  6.2155E-05  5.6544E-05  5.1108E-05  4.7980E-05  5.6043E-05
       4.7416E-05  5.3056E-05  7.0646E-05  6.4129E-05  5.9379E-05  5.7811E-05  6.3518E-05  5.1896E-05  4.6238E-05  5.2792E-05
       4.7412E-05  5.1394E-05  6.6606E-05  7.0578E-05  7.3631E-05  6.7366E-05  7.2676E-05  6.2115E-05  5.0496E-05  4.6226E-05
       5.0206E-05  5.4638E-05  6.6525E-05  6.5191E-05  7.5712E-05  7.3466E-05  7.8279E-05  5.8372E-05  5.5541E-05  4.5164E-05
       5.4556E-05  5.7920E-05  6.6419E-05  7.0354E-05  6.7460E-05  7.8517E-05  7.1952E-05  6.3814E-05  6.0831E-05  4.6787E-05
       5.5942E-05  5.7037E-05  6.3820E-05  6.2122E-05  6.9272E-05  7.2085E-05  7.5535E-05  7.3211E-05  5.3621E-05  4.6999E-05
       4.9580E-05  5.8373E-05  6.2488E-05  8.0751E-05  6.8553E-05  6.7194E-05  6.6345E-05  6.4355E-05  5.2700E-05  4.2094E-05
       5.0248E-05  5.9460E-05  5.5944E-05  7.1471E-05  7.3636E-05  6.7426E-05  6.5745E-05  6.6199E-05  4.7769E-05  4.6088E-05
       4.3560E-05  4.8467E-05  5.8667E-05  7.2366E-05  6.6958E-05  6.3316E-05  7.0309E-05  5.7516E-05  5.2993E-05  4.6315E-05
       4.8110E-05  5.4456E-05  5.7802E-05  6.9121E-05  7.1908E-05  5.6253E-05  5.4823E-05  5.7094E-05  4.7309E-05  5.1618E-05
       4.3319E-05  5.0340E-05  5.6563E-05  5.9093E-05  6.0811E-05  5.8238E-05  5.9111E-05  5.3413E-05  5.1722E-05  5.2521E-05
       4.5253E-05  4.8366E-05  5.8085E-05  6.0418E-05  5.6756E-05  5.5522E-05  5.1815E-05  5.1446E-05  4.6399E-05  4.8152E-05
       4.0717E-05  5.2371E-05  5.4648E-05  5.7659E-05  5.5206E-05  6.0277E-05  6.1564E-05  5.2438E-05  4.6789E-05  4.2391E-05
       4.2981E-05  5.2209E-05  5.6692E-05  5.4041E-05  5.7657E-05  6.7506E-05  6.1684E-05  4.8432E-05  4.7380E-05  4.6121E-05
       4.3879E-05  5.5037E-05  5.4071E-05  6.5992E-05  6.3982E-05  7.4909E-05  5.8485E-05  5.2094E-05  5.4770E-05  4.7675E-05
       5.2564E-05  4.9518E-05  5.3605E-05  6.0721E-05  7.1650E-05  6.5754E-05  6.0581E-05  5.8039E-05  4.6579E-05  4.4766E-05
       5.1115E-05  5.4383E-05  5.1122E-05  6.6387E-05  6.0148E-05  6.5244E-05  6.0854E-05  5.4773E-05  5.4702E-05  4.9572E-05
       3.8602E-05  5.0169E-05  5.1699E-05  7.0326E-05  5.6679E-05  5.5772E-05  6.6673E-05  5.7015E-05  4.6206E-05  4.4911E-05
       4.0231E-05  4.3786E-05  5.1045E-05  6.2030E-05  5.9844E-05  5.1557E-05  5.3085E-05  5.0696E-05  4.7654E-05  4.6697E-05
       4.5847E-05  5.4626E-05  5.6231E-05  6.1702E-05  5.7743E-05  5.4309E-05  5.3374E-05  5.5336E-05  5.1907E-05  4.6734E-05
       5.0334E-05  5.8207E-05  5.4582E-05  5.6198E-05  5.6997E-05  5.3500E-05  5.5879E-05  5.7529E-05  5.0702E-05  4.9213E-05
       4.5822E-05  4.6792E-05  5.5123E-05  5.7341E-05  5.0597E-05  6.0507E-05  5.8183E-05  5.2407E-05  4.7723E-05  4.5010E-05
       4.6264E-05  4.6366E-05  5.8154E-05  5.9159E-05  5.3509E-05  6.2473E-05  6.0250E-05  5.4938E-05  5.1100E-05  5.3926E-05
       5.0450E-05  5.5093E-05  5.1074E-05  5.1535E-05  5.1844E-05  6.5591E-05  5.7669E-05  5.8106E-05  6.0488E-05  4.8282E-05
       5.2007E-05  5.7079E-05  5.3298E-05  6.4239E-05  6.0680E-05  7.2019E-05  5.3713E-05  5.3281E-05  4.9687E-05  4.6634E-05
       5.8274E-05  4.9891E-05  5.5390E-05  6.0693E-05  6.6705E-05  6.3464E-05  6.4235E-05  5.6965E-05  4.8106E-05  3.9928E-05
       5.0750E-05  5.8253E-05  5.6961E-05  5.6044E-05  6.0390E-05  6.0033E-05  5.6117E-05  4.9706E-05  5.3859E-05  4.8788E-05
       4.6929E-05  5.2151E-05  5.6126E-05  5.9348E-05  5.7558E-05  5.7498E-05  6.3262E-05  6.1980E-05  5.2796E-05  5.2111E-05
       4.9703E-05  4.3584E-05  5.2830E-05  5.7117E-05  5.5585E-05  5.3520E-05  6.3948E-05  5.2996E-05  5.6316E-05  5.5828E-05
       5.2303E-05  5.2255E-05  5.6016E-05  5.7235E-05  5.2890E-05  4.9382E-05  5.6476E-05  5.6098E-05  5.3562E-05  4.8503E-05

      Percentage errors follow in a matrix A(ix,iy,iz), format (1(5x,1p,10(1x,e11.4)))

       3.7942E+00  3.1167E+00  2.4848E+00  1.9741E+00  2.1771E+00  2.8291E+00  3.2078E+00  2.7116E+00  3.0661E+00  2.9016E+00
       3.4519E+00  2.3650E+00  2.5144E+00  2.9821E+00  2.3142E+00  3.6996E+00  2.9609E+00  2.4791E+00  1.5856E+00  3.7636E+00
       3.4133E+00  2.5146E+00  3.2623E+00  2.2113E+00  2.6769E+00  3.5133E+00  2.7164E+00  2.6628E+00  3.1739E+00  2.9182E+00
       3.1514E+00  3.5276E+00  3.7358E+00  3.5034E+00  2.7050E+00  3.1504E+00  2.5420E+00  2.7261E+00  3.4719E+00  2.6898E+00
       3.6376E+00  3.1892E+00  3.1204E+00  3.3867E+00  2.3097E+00  2.3948E+00  2.9310E+00  2.9054E+00  2.6547E+00  3.4758E+00
       3.5599E+00  2.6362E+00  2.0953E+00  2.0450E+00  3.0609E+00  3.3286E+00  2.1259E+00  2.8067E+00  3.2761E+00  2.4692E+00
       3.4409E+00  2.7967E+00  3.0454E+00  2.9075E+00  2.5592E+00  3.3150E+00  3.4706E+00  1.9874E+00  2.6599E+00  4.1596E+00
       3.3216E+00  4.3924E+00  2.9704E+00  2.9911E+00  4.0077E+00  2.6279E+00  2.5618E+00  3.0311E+00  3.6979E+00  2.2392E+00
       3.4006E+00  4.1774E+00  2.4850E+00  3.2498E+00  3.0253E+00  2.8889E+00  2.8787E+00  3.3618E+00  2.9770E+00  3.7178E+00
       3.5226E+00  2.9305E+00  3.3080E+00  3.6928E+00  2.9921E+00  2.8783E+00  2.7680E+00  3.1310E+00  3.4843E+00  3.9730E+00
       3.7484E+00  3.8744E+00  3.5026E+00  3.1143E+00  2.6443E+00  3.8451E+00  4.0011E+00  4.6518E+00  4.0983E+00  4.0995E+00
       4.2574E+00  1.8080E+00  3.1614E+00  4.4806E+00  3.0566E+00  2.4668E+00  2.5803E+00  3.3606E+00  3.3441E+00  4.0197E+00
       3.4325E+00  3.7728E+00  2.2047E+00  4.1294E+00  3.9098E+00  4.0328E+00  5.4592E+00  3.3591E+00  3.7004E+00  2.9626E+00
       2.9035E+00  3.2943E+00  2.9381E+00  4.0227E+00  2.8926E+00  3.0668E+00  2.3055E+00  2.3219E+00  4.3791E+00  3.7567E+00
       4.2391E+00  3.9157E+00  3.6170E+00  3.4712E+00  2.7652E+00  3.2267E+00  2.7813E+00  3.9218E+00  2.8890E+00  3.5586E+00
       4.8018E+00  3.4562E+00  4.1300E+00  2.8786E+00  4.3426E+00  2.8447E+00  3.3910E+00  2.6274E+00  4.1320E+00  4.6821E+00
       4.0406E+00  3.6146E+00  3.1685E+00  3.5787E+00  3.7043E+00  2.6468E+00  2.8892E+00  2.6724E+00  3.7135E+00  3.8034E+00
       4.6078E+00  4.6822E+00  3.1169E+00  4.1798E+00  3.4816E+00  2.9516E+00  2.6176E+00  2.4316E+00  4.0015E+00  2.6446E+00
       2.9100E+00  5.2774E+00  3.3469E+00  3.8286E+00  4.4077E+00  2.9136E+00  4.1546E+00  3.9255E+00  4.0712E+00  4.1739E+00
       3.5498E+00  3.9181E+00  3.1784E+00  3.9462E+00  3.8328E+00  3.5407E+00  3.6328E+00  4.2009E+00  4.2493E+00  3.7014E+00
       4.8654E+00  4.8952E+00  4.5856E+00  3.2392E+00  2.2597E+00  4.9488E+00  4.6437E+00  4.5668E+00  5.4580E+00  5.7390E+00
       4.1150E+00  4.6653E+00  4.4916E+00  3.0783E+00  3.5872E+00  4.3537E+00  3.6009E+00  4.4852E+00  3.1947E+00  5.1263E+00
       5.8001E+00  3.7342E+00  3.9529E+00  2.8135E+00  4.2057E+00  4.2781E+00  3.5497E+00  3.6194E+00  3.7695E+00  3.3905E+00
       5.3943E+00  5.0111E+00  3.9607E+00  4.1631E+00  3.6131E+00  3.0923E+00  2.9184E+00  4.0253E+00  4.5455E+00  4.3603E+00
       3.6877E+00  4.1619E+00  5.1675E+00  4.5603E+00  3.3425E+00  2.2124E+00  4.3237E+00  3.4851E+00  5.1646E+00  3.2478E+00
       4.1154E+00  4.6217E+00  4.1771E+00  3.6171E+00  4.1227E+00  2.8886E+00  3.2647E+00  3.7760E+00  4.7714E+00  5.0100E+00
       4.3289E+00  4.8527E+00  3.5654E+00  3.6175E+00  2.3469E+00  2.7932E+00  4.0939E+00  4.8291E+00  4.4621E+00  4.3773E+00
       6.5444E+00  4.6624E+00  2.7172E+00  3.7571E+00  4.1050E+00  2.4124E+00  3.6786E+00  3.9752E+00  5.9937E+00  3.1113E+00
       4.0247E+00  4.6919E+00  4.1461E+00  4.4488E+00  3.5233E+00  3.4835E+00  3.4924E+00  3.3473E+00  4.0442E+00  4.7281E+00
       5.1622E+00  5.0962E+00  4.4041E+00  4.2610E+00  3.7367E+00  3.8691E+00  3.6737E+00  4.5066E+00  2.6120E+00  4.9287E+00
       4.9331E+00  4.0157E+00  5.0293E+00  4.4273E+00  5.8193E+00  5.4318E+00  3.7353E+00  5.5827E+00  5.5559E+00  6.6726E+00
       5.1294E+00  5.2586E+00  4.3617E+00  6.2657E+00  4.3812E+00  4.6363E+00  3.8947E+00  5.6470E+00  3.9919E+00  5.4120E+00
       6.6868E+00  5.4239E+00  5.1738E+00  3.9089E+00  3.4965E+00  3.2765E+00  3.5977E+00  4.4799E+00  4.6429E+00  6.2562E+00
       5.2593E+00  6.3360E+00  4.1395E+00  5.5435E+00  4.1690E+00  2.9766E+00  4.3890E+00  4.8605E+00  5.8609E+00  6.9045E+00
       4.8880E+00  5.4059E+00  6.7599E+00  3.0609E+00  3.7191E+00  3.4461E+00  5.2250E+00  3.8921E+00  4.1085E+00  4.6043E+00
       5.5107E+00  4.3285E+00  4.4540E+00  4.0894E+00  4.6006E+00  3.3782E+00  3.6724E+00  3.7347E+00  3.9997E+00  4.8550E+00
       5.6176E+00  4.7205E+00  5.0632E+00  4.2267E+00  3.6844E+00  4.3490E+00  4.4621E+00  3.5640E+00  4.4319E+00  5.9278E+00
       5.4139E+00  4.6330E+00  4.0299E+00  4.4162E+00  4.2736E+00  4.7048E+00  4.1034E+00  4.6445E+00  6.5295E+00  6.5769E+00
       6.0429E+00  4.9790E+00  3.5946E+00  4.6023E+00  3.5701E+00  2.7255E+00  4.4800E+00  5.4812E+00  5.1595E+00  6.4080E+00
       4.1488E+00  4.8561E+00  4.8266E+00  4.7079E+00  4.7541E+00  4.4362E+00  4.2204E+00  5.2084E+00  6.0971E+00  6.6565E+00
       6.4039E+00  6.4209E+00  6.7093E+00  3.8165E+00  5.0089E+00  4.8609E+00  4.7049E+00  6.0579E+00  6.7074E+00  5.7189E+00
       7.5659E+00  6.1200E+00  4.2429E+00  6.3700E+00  5.2304E+00  5.3815E+00  5.9885E+00  5.7488E+00  4.3194E+00  7.6535E+00
       5.9275E+00  4.9267E+00  4.9128E+00  4.6945E+00  4.5500E+00  4.0980E+00  5.8064E+00  5.4120E+00  6.6973E+00  7.8160E+00
       6.7918E+00  6.5594E+00  3.2470E+00  5.5826E+00  4.5650E+00  3.8494E+00  4.6824E+00  6.0336E+00  5.6576E+00  6.4991E+00
       5.4345E+00  5.8026E+00  6.6751E+00  4.0160E+00  4.4127E+00  3.7372E+00  4.6651E+00  5.4343E+00  4.2454E+00  4.7673E+00
       5.5405E+00  6.2785E+00  7.0721E+00  4.5926E+00  5.6653E+00  3.3485E+00  4.6889E+00  5.4756E+00  5.0645E+00  5.8321E+00
       5.9325E+00  5.1334E+00  5.6924E+00  4.6436E+00  5.1609E+00  4.8681E+00  4.9648E+00  5.3246E+00  5.0967E+00  6.9916E+00
       6.7063E+00  4.6107E+00  6.1301E+00  4.6816E+00  5.3169E+00  4.5568E+00  3.9011E+00  4.2563E+00  6.8750E+00  6.7005E+00
       7.2788E+00  5.4316E+00  5.7251E+00  4.9453E+00  5.3471E+00  6.1692E+00  6.0819E+00  4.8353E+00  5.9854E+00  1.0324E+01
       6.8371E+00  6.0481E+00  5.5096E+00  6.6665E+00  6.8622E+00  3.9327E+00  6.6549E+00  5.5903E+00  5.6931E+00  5.9237E+00
       6.9204E+00  8.5999E+00  7.5621E+00  5.6039E+00  4.8365E+00  5.7497E+00  4.5528E+00  6.1656E+00  7.3990E+00  7.8302E+00
       8.4310E+00  6.1699E+00  5.8330E+00  6.1299E+00  6.2425E+00  5.3584E+00  5.9394E+00  6.3167E+00  5.9241E+00  5.4545E+00
       7.6386E+00  7.6271E+00  6.5429E+00  5.5354E+00  5.8701E+00  4.9749E+00  5.9140E+00  6.6110E+00  7.6882E+00  4.7476E+00
       6.2747E+00  6.3110E+00  6.5440E+00  6.0798E+00  5.4393E+00  5.7594E+00  5.4268E+00  6.5256E+00  5.9056E+00  7.6664E+00
       5.1234E+00  9.0723E+00  6.1968E+00  4.7790E+00  6.2551E+00  3.2514E+00  4.6321E+00  6.2945E+00  7.0064E+00  6.6499E+00
       6.2391E+00  5.6672E+00  6.0039E+00  5.6639E+00  5.6475E+00  4.4935E+00  4.7216E+00  6.4009E+00  6.4198E+00  7.9153E+00
       6.3452E+00  5.1020E+00  6.3916E+00  5.3883E+00  4.9100E+00  4.2347E+00  5.8102E+00  6.5596E+00  4.7471E+00  6.9650E+00
       8.2400E+00  4.1575E+00  7.4499E+00  5.4040E+00  5.0914E+00  5.2689E+00  4.6562E+00  4.8941E+00  5.0326E+00  8.6911E+00
       8.2683E+00  6.3395E+00  5.9483E+00  4.4561E+00  5.0271E+00  5.3606E+00  6.6225E+00  5.6183E+00  6.1163E+00  8.3645E+00
       5.4994E+00  6.4020E+00  6.5977E+00  5.8608E+00  6.3536E+00  5.7501E+00  4.7189E+00  5.9686E+00  6.1733E+00  6.6955E+00
       8.7254E+00  7.5591E+00  8.9631E+00  7.0638E+00  6.5721E+00  5.3903E+00  5.8149E+00  8.2083E+00  6.6416E+00  5.8709E+00
       6.9839E+00  8.2361E+00  6.3228E+00  5.2604E+00  6.9326E+00  4.5021E+00  6.2345E+00  8.1882E+00  9.8430E+00  6.3958E+00
       7.0839E+00  7.9732E+00  6.5098E+00  6.8916E+00  6.8713E+00  5.4256E+00  6.8141E+00  8.7072E+00  8.8500E+00  1.0051E+01
       6.3551E+00  7.8228E+00  6.8501E+00  5.9658E+00  5.9335E+00  5.1662E+00  5.5667E+00  7.7903E+00  5.8153E+00  7.7352E+00
       9.8759E+00  8.1643E+00  6.5546E+00  6.9143E+00  5.7649E+00  5.6555E+00  6.6021E+00  5.8589E+00  6.7278E+00  7.3591E+00
       7.9757E+00  6.9826E+00  6.9975E+00  8.3198E+00  5.5023E+00  6.1417E+00  6.5990E+00  6.9726E+00  5.8212E+00  8.5048E+00
       7.3249E+00  6.5346E+00  6.4144E+00  6.4526E+00  6.0723E+00  5.6521E+00  5.7059E+00  6.5692E+00  6.1214E+00  8.7826E+00
       7.2681E+00  6.5622E+00  6.5271E+00  4.6252E+00  6.0558E+00  7.3938E+00  5.0849E+00  5.3124E+00  7.6420E+00  9.5460E+00
       8.2786E+00  6.6553E+00  6.8539E+00  6.1455E+00  6.4035E+00  6.2176E+00  5.1844E+00  7.5882E+00  5.7584E+00  6.1674E+00
       6.4824E+00  7.0419E+00  6.1616E+00  5.6642E+00  6.3175E+00  6.3250E+00  6.8326E+00  6.3823E+00  7.0875E+00  5.3138E+00
       7.1586E+00  8.4464E+00  5.8644E+00  5.4263E+00  6.5870E+00  8.0369E+00  6.4963E+00  9.3991E+00  9.2054E+00  7.0758E+00
       8.2871E+00  9.4497E+00  6.6922E+00  8.3682E+00  7.5422E+00  7.0689E+00  7.5452E+00  7.7550E+00  1.0110E+01  1.0083E+01
       7.7455E+00  7.3157E+00  8.0834E+00  8.0411E+00  7.7767E+00  7.4649E+00  6.5713E+00  8.3112E+00  8.1543E+00  1.0982E+01
       8.1316E+00  9.4081E+00  7.9772E+00  9.1137E+00  8.8181E+00  6.1043E+00  6.7880E+00  7.1550E+00  6.5081E+00  9.9223E+00
       7.9751E+00  7.8792E+00  6.2317E+00  8.2972E+00  7.3679E+00  4.8334E+00  5.8982E+00  9.8410E+00  7.6762E+00  7.6165E+00
       9.0017E+00  9.4495E+00  6.4027E+00  7.1188E+00  8.4366E+00  7.3455E+00  6.9783E+00  1.0837E+01  7.1213E+00  8.0643E+00
       8.3876E+00  7.5153E+00  9.0553E+00  8.8445E+00  6.3342E+00  6.9031E+00  8.2521E+00  6.3894E+00  7.1870E+00  6.0794E+00
       7.5281E+00  8.0387E+00  7.4637E+00  6.8905E+00  6.4390E+00  8.1189E+00  4.3951E+00  5.6597E+00  7.8451E+00  6.9925E+00
       7.5342E+00  7.4792E+00  7.5352E+00  5.3410E+00  7.5776E+00  8.0147E+00  5.0611E+00  8.1107E+00  7.3099E+00  7.8212E+00
       7.4839E+00  8.0139E+00  6.6361E+00  5.8388E+00  6.3544E+00  7.5942E+00  1.0302E+01  5.5419E+00  7.1039E+00  7.5229E+00
       7.9882E+00  6.4931E+00  7.8879E+00  6.6931E+00  7.5799E+00  5.1428E+00  9.3506E+00  8.6738E+00  7.6681E+00  8.1200E+00
       8.3644E+00  8.1516E+00  1.0929E+01  4.7501E+00  9.9903E+00  7.2234E+00  8.3872E+00  7.7831E+00  8.6164E+00  9.7460E+00
       6.4025E+00  8.0288E+00  9.6786E+00  8.0665E+00  8.3569E+00  6.3468E+00  7.7882E+00  8.0014E+00  6.4303E+00  9.5436E+00
       6.1873E+00  8.1005E+00  6.7031E+00  7.6180E+00  8.2176E+00  7.7687E+00  8.7241E+00  7.9433E+00  7.9640E+00  9.8548E+00
       8.6179E+00  7.6585E+00  6.6000E+00  5.0348E+00  6.3390E+00  7.3002E+00  9.1264E+00  7.3010E+00  7.0715E+00  1.0569E+01
       5.7907E+00  1.1394E+01  9.3487E+00  5.3631E+00  6.9689E+00  7.2462E+00  7.7067E+00  8.9246E+00  9.0300E+00  7.2206E+00
       8.3004E+00  6.4627E+00  8.0754E+00  7.6205E+00  7.1898E+00  6.4415E+00  8.3255E+00  6.8008E+00  1.0236E+01  7.6812E+00
       6.3254E+00  5.9607E+00  6.2739E+00  6.0805E+00  6.5537E+00  6.7555E+00  6.7036E+00  6.5196E+00  9.2590E+00  8.6584E+00
       7.7202E+00  6.1840E+00  5.6065E+00  6.8710E+00  8.2591E+00  6.9987E+00  6.5235E+00  8.4128E+00  8.0935E+00  9.0019E+00
       7.3898E+00  7.1667E+00  9.2406E+00  6.6847E+00  7.7499E+00  7.2968E+00  7.6491E+00  8.3613E+00  9.8796E+00  8.1333E+00
       7.6542E+00  6.2233E+00  5.9118E+00  7.1514E+00  5.6127E+00  7.1927E+00  6.7036E+00  6.3090E+00  7.9061E+00  6.3302E+00
       6.7922E+00  8.3563E+00  7.1425E+00  6.6387E+00  5.8866E+00  7.6430E+00  7.0625E+00  5.1424E+00  8.5277E+00  8.7954E+00
       9.8599E+00  7.1914E+00  5.8475E+00  7.6975E+00  6.3502E+00  7.7000E+00  8.5419E+00  9.1105E+00  7.7882E+00  8.3331E+00
       9.9041E+00  7.7996E+00  6.9106E+00  7.7552E+00  7.5312E+00  9.2811E+00  6.2101E+00  7.7241E+00  7.5228E+00  1.0156E+01
       8.2323E+00  9.1559E+00  5.9618E+00  6.6422E+00  6.9663E+00  7.6137E+00  6.7229E+00  7.0576E+00  8.4409E+00  7.7802E+00
       6.7989E+00  6.6202E+00  7.8602E+00  7.5522E+00  4.3722E+00  6.6283E+00  6.8210E+00  6.6102E+00  5.9002E+00  7.3178E+00
       8.1566E+00  8.3101E+00  7.5257E+00  6.0942E+00  6.8613E+00  8.6230E+00  7.0239E+00  4.8366E+00  8.6785E+00  6.0887E+00
       7.7493E+00  8.4175E+00  6.4764E+00  6.2504E+00  6.2561E+00  6.7614E+00  5.5606E+00  5.2698E+00  6.6390E+00  9.6038E+00
       8.6601E+00  8.1977E+00  7.1430E+00  6.2171E+00  7.7182E+00  9.1403E+00  5.5727E+00  7.3065E+00  9.0016E+00  9.1546E+00
       8.9332E+00  6.1830E+00  7.4902E+00  8.2910E+00  1.3324E+01  7.8186E+00  6.5218E+00  8.5071E+00  6.7618E+00  7.6488E+00
