1
   Cartesian binning n.   1  "DoseEq    " , generalized particle n.  240
      X coordinate: from -8.5000E+01 to  8.5000E+01 cm,    10 bins ( 1.7000E+01 cm wide)
      Y coordinate: from -2.5000E+01 to  2.5000E+01 cm,    10 bins ( 5.0000E+00 cm wide)
      Z coordinate: from  2.2500E+02 to  2.7500E+02 cm,    10 bins ( 5.0000E+00 cm wide)
      Data follow in a matrix A(ix,iy,iz), format (1(5x,1p,10(1x,e11.4)))

      accurate deposition along the tracks requested
      this is a track-length binning
       1.2291E-04  1.4967E-04  1.5562E-04  1.6622E-04  1.8963E-04  1.7613E-04  1.6178E-04  1.6689E-04  1.5587E-04  1.2171E-04
       1.2278E-04  1.6703E-04  1.8030E-04  1.8413E-04  1.9902E-04  2.0908E-04  1.9350E-04  1.8769E-04  1.6419E-04  1.3564E-04
       1.4515E-04  1.6999E-04  1.8566E-04  2.0271E-04  1.9793E-04  2.0897E-04  2.0254E-04  1.8955E-04  1.6819E-04  1.4602E-04
       1.5493E-04  1.8533E-04  1.8861E-04  1.9737E-04  2.0369E-04  2.0688E-04  1.9665E-04  1.9428E-04  1.7505E-04  1.3434E-04
       1.5433E-04  1.8277E-04  1.8468E-04  2.0706E-04  2.0366E-04  2.2354E-04  1.9146E-04  1.8504E-04  1.7724E-04  1.5668E-04
       1.4646E-04  1.7824E-04  1.7934E-04  2.0666E-04  2.2309E-04  2.2653E-04  1.9556E-04  1.9509E-04  1.7310E-04  1.4929E-04
       1.4321E-04  1.7454E-04  1.9216E-04  1.9489E-04  2.0061E-04  2.0497E-04  1.9751E-04  1.9470E-04  1.6593E-04  1.4777E-04
       1.3746E-04  1.7000E-04  1.7306E-04  2.0078E-04  2.0040E-04  1.9282E-04  1.8804E-04  1.7462E-04  1.8100E-04  1.3597E-04
       1.5222E-04  1.5834E-04  1.6778E-04  1.8854E-04  1.9717E-04  1.9676E-04  1.8240E-04  1.6471E-04  1.5852E-04  1.3158E-04
       1.2146E-04  1.4775E-04  1.6356E-04  1.7676E-04  1.7667E-04  1.6692E-04  1.5635E-04  1.5290E-04  1.3410E-04  1.2738E-04
       7.7626E-05  9.7591E-05  9.7341E-05  9.7237E-05  1.1297E-04  1.1694E-04  1.0284E-04  1.0244E-04  1.0442E-04  8.0865E-05
       9.2593E-05  1.1271E-04  1.1278E-04  1.2603E-04  1.3471E-04  1.4040E-04  1.3089E-04  1.2180E-04  1.0381E-04  9.6096E-05
       1.0297E-04  1.2664E-04  1.3153E-04  1.2924E-04  1.3739E-04  1.4476E-04  1.2933E-04  1.2889E-04  1.1240E-04  8.8177E-05
       1.0803E-04  1.2320E-04  1.2015E-04  1.3955E-04  1.4085E-04  1.4646E-04  1.3997E-04  1.3190E-04  1.1901E-04  8.7363E-05
       1.0467E-04  1.1795E-04  1.3451E-04  1.3820E-04  1.4491E-04  1.5120E-04  1.2231E-04  1.2567E-04  1.1801E-04  9.7731E-05
       9.4397E-05  1.2000E-04  1.2723E-04  1.4073E-04  1.5446E-04  1.5188E-04  1.3884E-04  1.3047E-04  1.1670E-04  9.4885E-05
       8.7429E-05  1.2235E-04  1.2817E-04  1.3966E-04  1.3346E-04  1.5374E-04  1.2166E-04  1.2986E-04  1.1220E-04  9.3746E-05
       8.4731E-05  1.1620E-04  1.2612E-04  1.3978E-04  1.3382E-04  1.4004E-04  1.3311E-04  1.1623E-04  1.1281E-04  8.8242E-05
       9.4252E-05  1.1604E-04  1.0989E-04  1.2569E-04  1.3168E-04  1.2647E-04  1.1826E-04  1.1442E-04  1.1021E-04  8.7394E-05
       7.7575E-05  9.5626E-05  1.0371E-04  1.0487E-04  1.1874E-04  1.1210E-04  1.0179E-04  8.6535E-05  8.3589E-05  8.1896E-05
       5.4868E-05  7.1303E-05  6.6344E-05  7.3653E-05  7.7416E-05  7.6194E-05  7.4086E-05  7.5683E-05  6.9607E-05  6.0280E-05
       6.4478E-05  7.8246E-05  7.2037E-05  8.3825E-05  8.8468E-05  8.8307E-05  8.7142E-05  7.7525E-05  7.1252E-05  6.4470E-05
       6.7872E-05  8.9253E-05  7.8333E-05  9.5091E-05  8.5374E-05  9.6881E-05  9.1921E-05  7.8562E-05  8.0221E-05  5.9108E-05
       7.0058E-05  7.5195E-05  8.6065E-05  9.2419E-05  1.0794E-04  9.7157E-05  9.3124E-05  8.5584E-05  8.1696E-05  6.5927E-05
       6.4213E-05  8.0385E-05  8.7150E-05  9.4408E-05  9.5900E-05  1.0039E-04  8.7776E-05  8.0434E-05  7.5589E-05  6.2807E-05
       6.0156E-05  7.8534E-05  7.7751E-05  9.7402E-05  8.8421E-05  1.0206E-04  9.1774E-05  8.9390E-05  7.2338E-05  5.8822E-05
       6.1907E-05  7.3900E-05  8.6503E-05  9.0966E-05  9.1282E-05  1.0022E-04  9.3589E-05  9.0601E-05  7.0892E-05  6.4666E-05
       5.7482E-05  8.5017E-05  8.6386E-05  9.8361E-05  9.3964E-05  9.3698E-05  8.8271E-05  8.8025E-05  7.4620E-05  6.4098E-05
       5.4727E-05  7.9050E-05  7.6616E-05  7.6712E-05  8.2965E-05  8.4300E-05  7.9268E-05  7.5406E-05  7.5379E-05  6.3165E-05
       5.5080E-05  6.3237E-05  7.4016E-05  7.5309E-05  7.7249E-05  8.1057E-05  6.5480E-05  6.0044E-05  6.3851E-05  5.8344E-05
       4.3291E-05  5.7326E-05  4.8387E-05  5.6109E-05  6.0539E-05  5.6006E-05  5.5118E-05  5.1961E-05  5.1154E-05  4.3789E-05
       4.7711E-05  5.4746E-05  5.6083E-05  7.0504E-05  7.1542E-05  6.8893E-05  5.5273E-05  5.3677E-05  4.9319E-05  4.0556E-05
       4.7461E-05  5.9728E-05  5.5097E-05  6.5961E-05  6.4065E-05  6.4951E-05  6.0545E-05  5.7621E-05  4.8642E-05  4.8370E-05
       5.2933E-05  5.6096E-05  5.6012E-05  7.3777E-05  7.1748E-05  6.7504E-05  6.9955E-05  6.5797E-05  5.6619E-05  5.0441E-05
       4.8664E-05  5.6882E-05  6.1984E-05  6.8563E-05  7.1055E-05  6.6516E-05  6.5864E-05  6.5637E-05  5.5310E-05  5.0869E-05
       4.2718E-05  5.4236E-05  5.9143E-05  6.8562E-05  6.5966E-05  7.5369E-05  5.7951E-05  6.8371E-05  5.3666E-05  4.2075E-05
       4.6031E-05  6.2764E-05  5.7992E-05  6.4461E-05  7.3685E-05  7.2303E-05  6.7795E-05  6.0864E-05  6.0742E-05  4.8417E-05
       4.7727E-05  6.1117E-05  6.2956E-05  6.4718E-05  6.9871E-05  6.8557E-05  6.2180E-05  6.2071E-05  5.6355E-05  4.5944E-05
       4.6091E-05  5.2654E-05  5.6970E-05  6.2421E-05  5.6118E-05  5.8918E-05  6.4059E-05  5.6850E-05  5.6915E-05  4.4230E-05
       4.0168E-05  5.2776E-05  5.4827E-05  5.4000E-05  6.0648E-05  5.7460E-05  5.3844E-05  4.7957E-05  4.8283E-05  4.7877E-05
       3.4960E-05  4.1653E-05  3.5133E-05  4.0299E-05  4.6259E-05  4.8035E-05  4.9402E-05  4.8714E-05  3.5509E-05  3.4909E-05
       3.5992E-05  3.4379E-05  4.2740E-05  4.2542E-05  5.4877E-05  4.6631E-05  4.4956E-05  4.2146E-05  2.9652E-05  3.6165E-05
       3.8135E-05  4.0842E-05  4.0868E-05  4.5504E-05  4.8850E-05  4.5665E-05  4.2376E-05  3.9839E-05  3.5557E-05  3.5592E-05
       3.7335E-05  3.3875E-05  4.7766E-05  5.2563E-05  5.3522E-05  4.6943E-05  5.1407E-05  4.2459E-05  3.6310E-05  3.5648E-05
       3.6087E-05  3.9173E-05  5.5000E-05  5.2033E-05  5.3281E-05  4.9489E-05  5.1952E-05  4.4469E-05  4.3402E-05  3.9318E-05
       3.9461E-05  4.4305E-05  4.8709E-05  5.6976E-05  5.2856E-05  6.1256E-05  4.9946E-05  5.4732E-05  4.1834E-05  3.6329E-05
       3.7343E-05  4.4899E-05  4.3201E-05  5.5817E-05  5.4024E-05  5.8217E-05  5.2698E-05  5.4390E-05  5.2001E-05  3.8309E-05
       3.9318E-05  4.0838E-05  4.3167E-05  4.7636E-05  5.8739E-05  5.0114E-05  5.1373E-05  4.4184E-05  4.6937E-05  3.6646E-05
       3.7276E-05  4.1529E-05  4.2776E-05  5.2014E-05  4.8898E-05  4.5762E-05  5.1129E-05  4.1054E-05  4.3811E-05  3.4676E-05
       3.9022E-05  4.2331E-05  3.9929E-05  4.3763E-05  5.1516E-05  4.8941E-05  4.2170E-05  4.1779E-05  4.1045E-05  3.8120E-05
       3.5954E-05  3.4963E-05  3.2204E-05  3.7421E-05  3.8368E-05  3.8319E-05  3.7882E-05  4.1954E-05  2.9584E-05  3.1540E-05
       2.8065E-05  2.3310E-05  3.8228E-05  3.9108E-05  3.3924E-05  4.1317E-05  3.8852E-05  2.9873E-05  2.4992E-05  3.2328E-05
       2.6610E-05  3.0687E-05  3.8070E-05  3.8598E-05  3.2958E-05  4.1805E-05  3.5545E-05  2.8306E-05  2.7775E-05  2.8569E-05
       2.7076E-05  2.7332E-05  3.9269E-05  3.6504E-05  4.1299E-05  4.0565E-05  4.2243E-05  3.4260E-05  2.5396E-05  2.4238E-05
       2.9606E-05  2.6700E-05  4.1434E-05  3.5543E-05  3.9298E-05  3.9464E-05  3.4462E-05  3.4196E-05  3.1172E-05  3.4984E-05
       3.1608E-05  2.8590E-05  3.4714E-05  5.0099E-05  4.4250E-05  4.6389E-05  4.0514E-05  3.8371E-05  3.7361E-05  3.5825E-05
       2.8109E-05  3.1350E-05  4.2056E-05  3.0864E-05  4.5100E-05  4.4300E-05  3.9944E-05  3.4735E-05  3.7969E-05  3.1320E-05
       3.2463E-05  3.0685E-05  3.4480E-05  3.2072E-05  4.1653E-05  3.5741E-05  3.8364E-05  3.5714E-05  3.8428E-05  2.8493E-05
       3.0746E-05  3.1609E-05  3.3157E-05  3.7873E-05  4.4053E-05  4.1233E-05  3.9863E-05  3.4729E-05  3.3839E-05  3.1537E-05
       3.1583E-05  3.8872E-05  4.2384E-05  3.2934E-05  4.1968E-05  4.5142E-05  4.0228E-05  3.8728E-05  3.7988E-05  3.5265E-05
       3.0070E-05  3.2003E-05  3.0224E-05  3.4427E-05  3.0532E-05  3.1037E-05  3.2255E-05  3.3363E-05  2.8667E-05  3.3833E-05
       2.6630E-05  2.5195E-05  3.2621E-05  3.6129E-05  2.7034E-05  3.4178E-05  2.9635E-05  2.7685E-05  2.6699E-05  2.9214E-05
       2.6970E-05  2.8245E-05  3.1166E-05  3.3427E-05  2.7961E-05  3.2505E-05  2.5192E-05  2.4861E-05  2.4297E-05  2.5418E-05
       2.3015E-05  2.5699E-05  3.1460E-05  3.2751E-05  3.1371E-05  3.0550E-05  3.1380E-05  2.6956E-05  2.4967E-05  3.1531E-05
       2.2273E-05  2.4434E-05  3.6120E-05  3.1163E-05  2.7938E-05  3.4667E-05  3.3502E-05  2.9470E-05  2.4410E-05  3.1553E-05
       2.3263E-05  2.7555E-05  3.0557E-05  3.2768E-05  2.9370E-05  3.4231E-05  3.5781E-05  3.2733E-05  3.5728E-05  3.0911E-05
       2.5648E-05  2.2913E-05  3.0844E-05  2.7823E-05  3.3649E-05  3.5191E-05  3.6643E-05  3.0530E-05  3.3335E-05  2.3981E-05
       2.4897E-05  2.4737E-05  2.7021E-05  2.7336E-05  3.2464E-05  3.1982E-05  2.8888E-05  3.4669E-05  2.2717E-05  2.4976E-05
       2.8565E-05  2.0741E-05  2.2253E-05  2.7980E-05  3.5330E-05  3.0661E-05  3.1550E-05  3.4478E-05  2.7553E-05  2.8571E-05
       2.8817E-05  2.9512E-05  3.1093E-05  2.8254E-05  3.3174E-05  3.8062E-05  3.2929E-05  3.6004E-05  3.5801E-05  3.3833E-05
       3.2800E-05  2.9325E-05  2.5616E-05  3.2876E-05  3.2017E-05  2.6636E-05  2.8663E-05  3.0066E-05  2.8549E-05  2.9839E-05
       2.4984E-05  2.4493E-05  2.4016E-05  2.2781E-05  2.5442E-05  2.3543E-05  2.1464E-05  2.7727E-05  2.2878E-05  2.8443E-05
       2.2710E-05  2.3358E-05  2.9873E-05  2.5952E-05  2.4309E-05  2.3533E-05  2.1107E-05  2.4383E-05  2.2124E-05  2.3413E-05
       2.3178E-05  2.2464E-05  2.8739E-05  2.5933E-05  2.7467E-05  2.3873E-05  3.1094E-05  2.5093E-05  2.1203E-05  2.6137E-05
       2.2605E-05  2.3832E-05  2.7005E-05  2.6110E-05  2.6318E-05  2.3078E-05  2.8075E-05  2.3048E-05  2.3162E-05  2.4014E-05
       2.5472E-05  2.5469E-05  2.4852E-05  2.6841E-05  2.5121E-05  2.9259E-05  2.5576E-05  2.7050E-05  2.8280E-05  2.2717E-05
       2.9427E-05  2.5122E-05  2.3328E-05  2.5264E-05  2.7184E-05  2.9383E-05  2.9452E-05  2.7282E-05  2.4675E-05  2.0142E-05
       2.5074E-05  2.0417E-05  2.1360E-05  2.6955E-05  2.7343E-05  2.5518E-05  2.5409E-05  2.3593E-05  2.5708E-05  1.8801E-05
       2.2938E-05  2.2804E-05  2.0600E-05  2.8137E-05  2.2667E-05  2.4150E-05  2.8533E-05  3.0387E-05  2.8487E-05  2.5600E-05
       2.7673E-05  2.7646E-05  3.2941E-05  2.9701E-05  2.7111E-05  3.1080E-05  3.5445E-05  3.0870E-05  3.1440E-05  2.5759E-05
       2.9660E-05  2.9728E-05  2.8319E-05  3.5278E-05  3.1961E-05  2.8215E-05  2.8878E-05  2.9861E-05  3.1084E-05  3.8042E-05
       2.4561E-05  2.1237E-05  2.3684E-05  2.5120E-05  3.0823E-05  2.0406E-05  2.5541E-05  3.0480E-05  2.3794E-05  3.2114E-05
       2.1949E-05  2.2666E-05  2.3265E-05  2.3865E-05  2.4857E-05  2.3150E-05  2.5923E-05  2.7709E-05  2.3708E-05  2.6236E-05
       2.5266E-05  2.2152E-05  2.3446E-05  2.2347E-05  2.4789E-05  2.5032E-05  2.9603E-05  2.9503E-05  2.5693E-05  2.2286E-05
       2.3515E-05  2.1404E-05  2.8767E-05  2.7074E-05  2.4878E-05  1.7425E-05  2.4239E-05  2.6706E-05  2.3874E-05  2.3772E-05
       2.6098E-05  2.2234E-05  2.6991E-05  2.7548E-05  2.8309E-05  2.6432E-05  2.2375E-05  2.9894E-05  2.6963E-05  2.5374E-05
       2.5077E-05  2.1251E-05  2.2180E-05  3.0102E-05  2.4957E-05  2.6888E-05  2.6241E-05  2.7253E-05  2.5396E-05  2.1378E-05
       2.2338E-05  1.9604E-05  2.2909E-05  2.7779E-05  2.4999E-05  2.2870E-05  2.6801E-05  2.2816E-05  2.4045E-05  2.2336E-05
       2.6716E-05  2.5375E-05  2.3633E-05  3.0029E-05  2.3824E-05  2.6582E-05  3.0058E-05  2.8444E-05  2.1717E-05  2.6480E-05
       3.0295E-05  2.8512E-05  3.3404E-05  3.6848E-05  3.2209E-05  3.2131E-05  3.0349E-05  3.3947E-05  2.8342E-05  2.9879E-05
       3.1485E-05  3.2448E-05  3.1568E-05  3.4111E-05  3.2181E-05  2.7984E-05  2.4929E-05  3.8658E-05  4.1244E-05  3.9803E-05
       3.2462E-05  3.1272E-05  3.1238E-05  3.1669E-05  3.0214E-05  2.9169E-05  3.0603E-05  3.7585E-05  3.3550E-05  3.4578E-05
       2.4957E-05  2.9445E-05  2.5377E-05  3.0327E-05  3.2443E-05  3.1377E-05  2.7344E-05  3.3013E-05  3.2666E-05  3.3198E-05
       2.8975E-05  2.9787E-05  2.7723E-05  3.4477E-05  3.1246E-05  2.7134E-05  3.6114E-05  3.1772E-05  3.1191E-05  3.2097E-05
       2.9397E-05  3.1469E-05  2.8866E-05  3.6935E-05  3.2668E-05  2.5454E-05  3.3228E-05  3.1423E-05  3.2763E-05  3.1249E-05
       2.9584E-05  3.0449E-05  3.5453E-05  3.2669E-05  3.1526E-05  2.9473E-05  2.9682E-05  3.3653E-05  2.9456E-05  3.3309E-05
       3.2032E-05  2.8945E-05  2.9394E-05  3.4715E-05  3.6461E-05  3.4716E-05  3.1310E-05  3.0982E-05  2.9251E-05  3.3338E-05
       3.0009E-05  2.7964E-05  2.8511E-05  3.3436E-05  3.3733E-05  3.1811E-05  3.0483E-05  2.8070E-05  3.4300E-05  2.9734E-05
       3.3562E-05  3.3802E-05  2.3867E-05  3.1683E-05  3.1675E-05  3.3987E-05  2.9521E-05  2.8688E-05  2.8662E-05  2.8495E-05
       3.3249E-05  2.7954E-05  3.1645E-05  3.8525E-05  3.3537E-05  3.6696E-05  3.1665E-05  3.3812E-05  2.8750E-05  3.7387E-05

      Percentage errors follow in a matrix A(ix,iy,iz), format (1(5x,1p,10(1x,e11.4)))

       6.4607E+00  4.9141E+00  4.8284E+00  3.4546E+00  3.8790E+00  2.7630E+00  4.1274E+00  4.0800E+00  5.0002E+00  3.9425E+00
       4.5822E+00  4.0436E+00  2.5911E+00  3.3223E+00  4.0953E+00  3.1517E+00  3.6072E+00  4.5505E+00  3.8941E+00  4.7036E+00
       4.1206E+00  4.2289E+00  3.9833E+00  3.2360E+00  3.3840E+00  4.7052E+00  4.0230E+00  3.8165E+00  3.8738E+00  4.0884E+00
       4.8172E+00  4.3853E+00  3.4466E+00  3.2122E+00  2.9604E+00  3.7971E+00  3.8053E+00  4.3846E+00  4.1614E+00  4.8285E+00
       4.0891E+00  3.7094E+00  3.3415E+00  4.1653E+00  3.8249E+00  3.8214E+00  4.1325E+00  3.6830E+00  4.0183E+00  4.7384E+00
       3.6498E+00  4.1102E+00  2.9866E+00  2.9816E+00  4.0461E+00  3.7120E+00  4.4731E+00  3.3063E+00  3.7770E+00  4.2119E+00
       5.4094E+00  4.2797E+00  3.2981E+00  4.2844E+00  4.4398E+00  2.4949E+00  2.8732E+00  4.8014E+00  2.9753E+00  4.1971E+00
       5.0239E+00  4.4319E+00  3.9879E+00  4.1119E+00  2.9623E+00  2.9132E+00  4.1900E+00  3.6706E+00  4.2764E+00  4.2529E+00
       4.8999E+00  4.8044E+00  3.0254E+00  4.1269E+00  2.5999E+00  4.0190E+00  3.9544E+00  4.6373E+00  4.4439E+00  5.2190E+00
       5.7346E+00  5.2237E+00  4.0574E+00  4.5281E+00  2.7169E+00  3.9187E+00  5.0141E+00  5.3891E+00  3.4683E+00  4.4425E+00
       5.8188E+00  7.0394E+00  5.7142E+00  3.8960E+00  4.9752E+00  3.7698E+00  4.7148E+00  5.6744E+00  5.9594E+00  6.8341E+00
       6.5563E+00  4.4137E+00  3.9780E+00  4.0384E+00  6.0906E+00  4.3140E+00  4.2131E+00  5.2924E+00  4.8698E+00  5.3487E+00
       6.5266E+00  5.5267E+00  5.9635E+00  4.2607E+00  4.5092E+00  4.8078E+00  4.9527E+00  3.2301E+00  4.9835E+00  6.3347E+00
       5.7413E+00  5.4262E+00  3.9392E+00  3.9605E+00  4.7125E+00  4.5707E+00  5.8703E+00  4.4338E+00  4.9019E+00  6.0857E+00
       6.0626E+00  4.6454E+00  3.7611E+00  4.4558E+00  5.1902E+00  5.4756E+00  4.3543E+00  3.9057E+00  4.3166E+00  6.2345E+00
       3.8083E+00  4.0872E+00  4.0854E+00  4.8875E+00  5.9881E+00  5.9384E+00  5.6448E+00  3.5360E+00  6.0024E+00  4.7651E+00
       5.5555E+00  4.7695E+00  5.1607E+00  4.7509E+00  5.3534E+00  4.3203E+00  4.8988E+00  5.6714E+00  5.8718E+00  6.3330E+00
       7.2113E+00  5.2693E+00  4.8179E+00  3.9456E+00  5.2856E+00  3.8756E+00  5.6091E+00  5.5293E+00  4.7113E+00  4.5749E+00
       5.1578E+00  6.6375E+00  5.8317E+00  5.6926E+00  3.9984E+00  3.7350E+00  4.4005E+00  6.3218E+00  3.8069E+00  6.2797E+00
       6.1735E+00  6.0472E+00  3.5165E+00  4.7210E+00  4.2074E+00  6.9639E+00  5.5361E+00  5.8005E+00  4.2614E+00  8.0323E+00
       5.7229E+00  6.5415E+00  5.9672E+00  7.3074E+00  5.5955E+00  5.6838E+00  5.6738E+00  4.9125E+00  7.0815E+00  6.0936E+00
       7.5137E+00  6.6634E+00  7.0568E+00  5.4282E+00  5.2369E+00  5.1480E+00  7.1382E+00  5.4376E+00  4.7647E+00  8.0307E+00
       6.8822E+00  7.9112E+00  6.4560E+00  4.7392E+00  4.7446E+00  3.8982E+00  6.3337E+00  4.3358E+00  8.1272E+00  7.2853E+00
       6.7511E+00  6.7787E+00  7.1283E+00  4.9642E+00  4.1060E+00  5.6185E+00  5.3345E+00  7.5106E+00  5.9931E+00  8.0975E+00
       9.3212E+00  5.7191E+00  7.5174E+00  5.0395E+00  4.7170E+00  5.1011E+00  5.4405E+00  5.2405E+00  6.2044E+00  7.4073E+00
       6.8106E+00  5.9801E+00  5.6883E+00  5.4265E+00  4.9734E+00  6.8038E+00  5.6307E+00  4.6069E+00  4.8525E+00  7.3549E+00
       6.6061E+00  6.3501E+00  5.4083E+00  6.3697E+00  5.8319E+00  6.0192E+00  6.8589E+00  7.8004E+00  6.9338E+00  8.4060E+00
       7.9778E+00  5.4646E+00  7.0047E+00  4.8331E+00  5.3817E+00  4.0395E+00  7.1386E+00  5.7808E+00  1.0635E+01  7.6017E+00
       6.3358E+00  8.0391E+00  6.0709E+00  5.1872E+00  4.1514E+00  5.4826E+00  5.7455E+00  6.3510E+00  5.7124E+00  4.8237E+00
       7.5876E+00  5.7778E+00  3.8330E+00  6.7066E+00  4.7432E+00  5.3435E+00  6.7402E+00  7.6335E+00  4.5597E+00  7.1134E+00
       7.3018E+00  6.3662E+00  7.4213E+00  5.9865E+00  7.1497E+00  6.2881E+00  8.1360E+00  5.2284E+00  8.2049E+00  8.2445E+00
       7.5652E+00  1.1046E+01  6.5941E+00  5.9090E+00  6.5600E+00  6.6917E+00  7.2960E+00  5.6158E+00  6.3699E+00  8.6652E+00
       7.4443E+00  6.8272E+00  7.2977E+00  8.3647E+00  6.0418E+00  6.6931E+00  6.3700E+00  6.5095E+00  6.9482E+00  5.8474E+00
       9.9938E+00  7.8677E+00  6.1402E+00  8.3100E+00  8.0125E+00  7.3115E+00  5.6966E+00  7.3550E+00  7.4828E+00  9.5177E+00
       9.8541E+00  5.6942E+00  7.4248E+00  7.5334E+00  7.6069E+00  6.0815E+00  5.6747E+00  8.4588E+00  5.9188E+00  8.6265E+00
       4.9802E+00  5.5876E+00  6.2916E+00  7.3221E+00  8.5941E+00  5.9388E+00  5.5748E+00  7.8202E+00  9.2163E+00  8.9181E+00
       7.4009E+00  8.0617E+00  7.7546E+00  7.2856E+00  7.8248E+00  6.4926E+00  6.6238E+00  1.0414E+01  8.0251E+00  1.1370E+01
       9.7725E+00  1.0817E+01  7.9072E+00  6.9462E+00  4.8356E+00  7.0916E+00  6.4183E+00  8.0328E+00  9.0740E+00  7.1556E+00
       7.0232E+00  8.1129E+00  8.6484E+00  5.1262E+00  6.1231E+00  6.1640E+00  6.4175E+00  6.3930E+00  7.0563E+00  7.5814E+00
       8.2715E+00  6.2767E+00  7.8060E+00  6.1678E+00  7.7032E+00  6.8112E+00  8.2758E+00  1.0943E+01  7.0533E+00  8.0025E+00
       6.3622E+00  7.9578E+00  6.9091E+00  6.2620E+00  6.9669E+00  6.6225E+00  8.0883E+00  4.4917E+00  6.8298E+00  9.4710E+00
       7.8518E+00  9.2745E+00  7.3203E+00  7.9827E+00  7.1465E+00  5.7443E+00  9.6079E+00  8.3632E+00  9.4259E+00  1.0359E+01
       7.3940E+00  1.2600E+01  7.1625E+00  8.5810E+00  6.5540E+00  8.9575E+00  5.8731E+00  8.6608E+00  1.0692E+01  9.9924E+00
       8.3965E+00  7.9137E+00  6.7134E+00  9.2234E+00  6.2183E+00  9.5809E+00  8.1990E+00  8.1029E+00  8.7321E+00  9.9771E+00
       8.1377E+00  7.8742E+00  5.9353E+00  8.7177E+00  7.1894E+00  7.5310E+00  8.9716E+00  8.2039E+00  1.2874E+01  9.7109E+00
       7.9660E+00  8.4454E+00  5.4914E+00  1.1534E+01  6.9907E+00  5.7824E+00  9.6208E+00  7.6428E+00  6.8582E+00  8.9205E+00
       6.5883E+00  9.7344E+00  8.7797E+00  9.2510E+00  7.5801E+00  8.4240E+00  8.7806E+00  1.0212E+01  1.0865E+01  1.0668E+01
       6.6936E+00  1.3408E+01  9.2054E+00  8.8063E+00  5.8537E+00  7.0867E+00  6.4588E+00  7.9156E+00  1.1415E+01  1.0211E+01
       8.2843E+00  9.2061E+00  8.8184E+00  7.7536E+00  6.8501E+00  7.4060E+00  7.9397E+00  8.3448E+00  9.5640E+00  7.8958E+00
       8.3522E+00  6.7583E+00  7.1025E+00  7.9359E+00  6.7239E+00  7.7959E+00  6.7478E+00  8.9501E+00  9.7538E+00  7.8203E+00
       7.9526E+00  9.3723E+00  7.0325E+00  6.7275E+00  8.8628E+00  7.3494E+00  6.5632E+00  8.3519E+00  9.4191E+00  1.0077E+01
       8.7773E+00  1.5027E+01  8.2461E+00  1.0259E+01  7.1636E+00  7.2632E+00  1.0885E+01  6.8649E+00  1.1301E+01  1.1746E+01
       1.0429E+01  1.4013E+01  9.6870E+00  1.1091E+01  7.7858E+00  9.5112E+00  9.7549E+00  9.2387E+00  1.5456E+01  1.1759E+01
       7.8660E+00  1.2454E+01  8.7238E+00  8.9670E+00  7.8993E+00  1.3887E+01  9.3046E+00  1.0491E+01  1.0914E+01  7.6704E+00
       9.2852E+00  1.0208E+01  1.0729E+01  1.1017E+01  9.5948E+00  1.2226E+01  1.0026E+01  9.3987E+00  1.5032E+01  9.9480E+00
       9.6915E+00  1.1349E+01  1.1149E+01  8.9514E+00  8.4104E+00  7.6476E+00  9.4822E+00  7.6107E+00  1.1999E+01  1.1718E+01
       8.9744E+00  1.6006E+01  8.4866E+00  8.8276E+00  1.2623E+01  1.1209E+01  9.0411E+00  8.6892E+00  9.9828E+00  1.0079E+01
       7.6845E+00  1.6257E+01  1.0643E+01  1.2307E+01  1.0885E+01  8.6622E+00  8.1905E+00  8.9006E+00  1.0351E+01  1.1381E+01
       8.5671E+00  1.4839E+01  1.1956E+01  9.8035E+00  7.1352E+00  1.6967E+01  9.9478E+00  8.3551E+00  8.5754E+00  9.0077E+00
       9.4150E+00  7.7725E+00  8.4314E+00  1.1474E+01  8.8544E+00  9.5550E+00  8.2589E+00  8.9947E+00  6.8595E+00  9.7548E+00
       9.3807E+00  8.5879E+00  7.9259E+00  9.4455E+00  8.6895E+00  6.4479E+00  8.1801E+00  1.0430E+01  7.3223E+00  7.6679E+00
       1.0739E+01  1.3696E+01  1.1460E+01  1.1633E+01  7.9742E+00  9.2050E+00  1.0725E+01  1.2557E+01  9.9215E+00  1.2049E+01
       1.0131E+01  1.1601E+01  1.0206E+01  9.8799E+00  8.5359E+00  9.3700E+00  9.4818E+00  1.4183E+01  9.1721E+00  9.0147E+00
       1.1478E+01  9.8372E+00  7.3260E+00  1.5452E+01  1.1001E+01  1.2384E+01  1.0740E+01  1.4307E+01  1.2192E+01  9.9023E+00
       8.4378E+00  1.4366E+01  1.0197E+01  1.1247E+01  1.0971E+01  7.7173E+00  1.2471E+01  1.1151E+01  9.4853E+00  9.9478E+00
       8.3532E+00  1.0594E+01  1.0895E+01  9.0207E+00  8.0741E+00  1.1172E+01  8.2510E+00  1.0005E+01  1.0251E+01  8.3750E+00
       7.2678E+00  1.2842E+01  8.3124E+00  9.5620E+00  9.5189E+00  8.7649E+00  1.0131E+01  7.1209E+00  1.0940E+01  1.0166E+01
       1.2801E+01  1.7224E+01  1.0335E+01  9.2356E+00  8.1894E+00  1.1102E+01  1.0884E+01  1.2999E+01  9.2576E+00  1.1033E+01
       1.2160E+01  9.3069E+00  1.2731E+01  9.2526E+00  1.0525E+01  1.5168E+01  9.0884E+00  9.2491E+00  8.9940E+00  1.0372E+01
       1.3287E+01  9.8334E+00  8.7696E+00  7.3854E+00  9.9950E+00  6.6106E+00  7.1191E+00  6.5456E+00  8.9656E+00  8.6505E+00
       6.0007E+00  1.2196E+01  8.5970E+00  1.0400E+01  7.2144E+00  8.3469E+00  8.6588E+00  9.5388E+00  9.8508E+00  7.5901E+00
       9.2769E+00  1.2050E+01  1.0675E+01  1.0128E+01  1.0021E+01  1.1706E+01  1.2527E+01  1.0268E+01  1.5037E+01  1.0116E+01
       9.9489E+00  1.3120E+01  1.2669E+01  1.1025E+01  1.2984E+01  1.3353E+01  1.0613E+01  1.0021E+01  9.5829E+00  1.4749E+01
       1.0572E+01  1.2022E+01  9.9783E+00  1.6177E+01  1.1215E+01  8.9408E+00  1.3044E+01  1.0027E+01  1.0974E+01  1.2601E+01
       1.1032E+01  1.1774E+01  1.0526E+01  1.2437E+01  1.0181E+01  8.9352E+00  1.1426E+01  6.4533E+00  1.1008E+01  8.8349E+00
       9.2759E+00  9.8586E+00  9.2738E+00  9.5421E+00  9.5123E+00  1.0392E+01  1.2422E+01  8.8487E+00  1.1372E+01  1.2593E+01
       1.0129E+01  1.1198E+01  1.0354E+01  1.1679E+01  1.2833E+01  1.0235E+01  1.2526E+01  1.0403E+01  1.2758E+01  1.2671E+01
       1.1575E+01  1.5754E+01  1.1586E+01  8.8005E+00  1.1146E+01  1.2590E+01  1.1674E+01  9.9077E+00  1.0781E+01  1.1068E+01
       1.0236E+01  1.0820E+01  9.9881E+00  1.2844E+01  1.3516E+01  1.1131E+01  1.1300E+01  7.6554E+00  1.0829E+01  8.6770E+00
       9.2534E+00  8.7598E+00  8.4435E+00  8.1612E+00  1.3271E+01  1.1665E+01  1.0999E+01  8.2814E+00  6.7855E+00  8.0502E+00
       7.4537E+00  1.1543E+01  9.4803E+00  8.7845E+00  8.2094E+00  8.6642E+00  1.0618E+01  1.1324E+01  8.6326E+00  7.0669E+00
       8.9125E+00  9.4488E+00  1.1196E+01  9.1106E+00  1.2568E+01  1.0029E+01  9.6146E+00  9.6725E+00  8.8727E+00  8.9685E+00
       1.3284E+01  1.4507E+01  1.3073E+01  1.2986E+01  1.1727E+01  1.3523E+01  1.1507E+01  1.1630E+01  1.0508E+01  1.4089E+01
       8.4306E+00  1.1164E+01  1.3206E+01  1.3639E+01  1.0617E+01  7.0073E+00  9.5489E+00  9.5721E+00  8.9564E+00  1.0720E+01
       9.9414E+00  1.0747E+01  1.0216E+01  8.9961E+00  1.0322E+01  9.6599E+00  1.3354E+01  1.0343E+01  1.3817E+01  1.0517E+01
       1.1717E+01  8.7578E+00  1.0570E+01  9.8487E+00  1.1709E+01  1.2384E+01  1.2083E+01  8.5630E+00  1.1322E+01  1.0095E+01
       8.8144E+00  9.8962E+00  9.4072E+00  1.0049E+01  9.7767E+00  1.0953E+01  1.0960E+01  1.3218E+01  1.2319E+01  1.4415E+01
       9.8214E+00  8.3380E+00  7.1996E+00  1.1331E+01  1.3574E+01  9.1639E+00  9.5552E+00  1.3403E+01  1.1720E+01  1.0711E+01
       9.5851E+00  8.3640E+00  1.0819E+01  1.3440E+01  1.3627E+01  1.0897E+01  1.1123E+01  9.3411E+00  1.0798E+01  1.1890E+01
       8.6721E+00  7.8114E+00  8.6152E+00  7.7761E+00  9.2164E+00  6.6975E+00  1.0346E+01  7.2475E+00  7.8118E+00  9.4487E+00
       7.2301E+00  9.3627E+00  7.2078E+00  9.8414E+00  7.5936E+00  8.4091E+00  9.0526E+00  9.2831E+00  5.7861E+00  8.5241E+00
       8.6389E+00  8.5809E+00  7.4636E+00  8.6590E+00  8.5667E+00  9.6132E+00  1.0646E+01  8.3758E+00  7.8464E+00  7.2529E+00
       1.0629E+01  8.4259E+00  7.8363E+00  1.0062E+01  7.6331E+00  1.0321E+01  7.7345E+00  8.8941E+00  1.0885E+01  1.0752E+01
       6.9467E+00  9.8733E+00  1.1196E+01  8.7929E+00  1.0051E+01  1.1798E+01  1.0164E+01  7.8761E+00  1.0663E+01  6.5365E+00
       5.9808E+00  7.6103E+00  6.7641E+00  8.5536E+00  1.0599E+01  1.0501E+01  1.0589E+01  1.0856E+01  8.5138E+00  8.4914E+00
       6.6530E+00  7.9776E+00  8.5165E+00  8.7184E+00  1.1107E+01  9.4939E+00  9.5231E+00  1.0158E+01  9.5313E+00  1.0408E+01
       1.2247E+01  1.2934E+01  7.9784E+00  7.2368E+00  6.4758E+00  8.6472E+00  1.0580E+01  9.0118E+00  9.1669E+00  8.6589E+00
       8.0300E+00  9.1472E+00  6.3024E+00  9.6595E+00  8.3345E+00  6.9505E+00  7.8811E+00  1.1151E+01  1.1611E+01  1.1250E+01
       7.0027E+00  9.8767E+00  1.1532E+01  1.0267E+01  8.4895E+00  7.1156E+00  1.2237E+01  9.0461E+00  6.8662E+00  8.8180E+00
       6.5387E+00  8.7162E+00  6.5372E+00  8.9687E+00  8.0011E+00  6.4830E+00  7.8977E+00  9.9381E+00  9.9559E+00  6.3770E+00
