1
   Cartesian binning n.   1  "DoseEq    " , generalized particle n.  240
      X coordinate: from -8.5000E+01 to  8.5000E+01 cm,    10 bins ( 1.7000E+01 cm wide)
      Y coordinate: from -2.5000E+01 to  2.5000E+01 cm,    10 bins ( 5.0000E+00 cm wide)
      Z coordinate: from  2.2500E+02 to  2.7500E+02 cm,    10 bins ( 5.0000E+00 cm wide)
      Data follow in a matrix A(ix,iy,iz), format (1(5x,1p,10(1x,e11.4)))

      accurate deposition along the tracks requested
      this is a track-length binning
       2.7032E-04  3.2917E-04  3.7623E-04  3.9111E-04  4.2876E-04  4.4385E-04  3.9353E-04  3.8103E-04  3.5005E-04  2.8766E-04
       3.3163E-04  3.9008E-04  4.1351E-04  4.4612E-04  4.7455E-04  4.9063E-04  4.8932E-04  4.2659E-04  3.7163E-04  3.2029E-04
       3.3082E-04  4.2435E-04  4.7501E-04  4.9340E-04  5.2600E-04  5.3246E-04  4.8526E-04  4.6358E-04  3.9569E-04  3.5218E-04
       3.6957E-04  4.0944E-04  4.6514E-04  5.1123E-04  5.3129E-04  5.3731E-04  5.1621E-04  4.8376E-04  4.2723E-04  3.4169E-04
       3.6163E-04  4.3526E-04  4.8604E-04  5.1632E-04  5.4473E-04  5.1300E-04  5.0667E-04  4.8470E-04  4.3811E-04  3.2914E-04
       3.4887E-04  4.1094E-04  4.8882E-04  5.0682E-04  5.3384E-04  5.1140E-04  5.3239E-04  4.7359E-04  4.2423E-04  3.5776E-04
       3.4318E-04  4.2093E-04  4.7086E-04  5.1529E-04  5.3794E-04  5.1640E-04  4.8610E-04  4.4928E-04  4.3244E-04  3.5315E-04
       3.3613E-04  3.8579E-04  4.4058E-04  4.9323E-04  5.2042E-04  5.1029E-04  5.1432E-04  4.6466E-04  4.1763E-04  3.4062E-04
       3.3620E-04  3.8830E-04  4.2215E-04  4.5450E-04  4.9970E-04  4.8363E-04  4.4134E-04  4.2577E-04  3.9265E-04  3.2238E-04
       2.9649E-04  3.3850E-04  3.6278E-04  3.8545E-04  4.3920E-04  4.3011E-04  4.0231E-04  3.9664E-04  3.4265E-04  2.8286E-04
       2.0147E-04  2.5524E-04  3.0695E-04  3.1890E-04  3.2190E-04  3.4590E-04  3.2602E-04  2.9718E-04  2.7188E-04  2.0718E-04
       2.4670E-04  3.1781E-04  3.4946E-04  3.7873E-04  3.9867E-04  4.0623E-04  4.0330E-04  3.5987E-04  3.0739E-04  2.5593E-04
       2.7120E-04  3.3605E-04  4.0661E-04  4.2173E-04  4.5223E-04  4.4875E-04  4.2667E-04  4.0125E-04  3.5201E-04  2.7426E-04
       2.9245E-04  3.3802E-04  4.0468E-04  4.3688E-04  4.8933E-04  4.5524E-04  4.4858E-04  4.2373E-04  3.4440E-04  2.8215E-04
       2.8117E-04  3.6124E-04  4.2842E-04  4.3525E-04  4.8398E-04  4.6806E-04  4.4350E-04  4.0444E-04  3.4139E-04  2.6808E-04
       2.8256E-04  3.5965E-04  4.3508E-04  4.5868E-04  4.6978E-04  4.5067E-04  4.6025E-04  4.0666E-04  3.5719E-04  2.8890E-04
       2.8197E-04  3.5811E-04  4.1479E-04  4.5711E-04  4.6761E-04  4.5979E-04  4.4106E-04  4.0408E-04  3.7742E-04  2.8172E-04
       2.6636E-04  3.3145E-04  3.8946E-04  4.4776E-04  4.4847E-04  4.4753E-04  4.4449E-04  3.9657E-04  3.4920E-04  2.6447E-04
       2.4409E-04  3.0500E-04  3.6245E-04  3.8746E-04  4.2273E-04  3.9060E-04  3.8472E-04  3.7004E-04  3.1708E-04  2.6491E-04
       2.1196E-04  2.5117E-04  2.9011E-04  3.1066E-04  3.3697E-04  3.2018E-04  3.3137E-04  3.0146E-04  2.6144E-04  2.1865E-04
       1.4978E-04  2.0611E-04  2.3884E-04  2.3156E-04  2.6151E-04  2.6500E-04  2.3726E-04  2.3048E-04  2.0662E-04  1.5169E-04
       1.8757E-04  2.5689E-04  2.9224E-04  2.9907E-04  3.1154E-04  3.1166E-04  3.0369E-04  2.8161E-04  2.5463E-04  1.8909E-04
       2.1513E-04  2.6857E-04  3.1948E-04  3.4530E-04  3.9183E-04  3.6808E-04  3.5056E-04  3.1950E-04  2.6251E-04  2.0598E-04
       2.2628E-04  2.7435E-04  3.3446E-04  3.4839E-04  3.9102E-04  3.7947E-04  3.7235E-04  3.4086E-04  2.7688E-04  2.1909E-04
       2.1335E-04  2.9939E-04  3.5270E-04  3.5353E-04  3.8406E-04  3.9303E-04  3.7096E-04  3.3986E-04  2.7755E-04  2.0972E-04
       2.0901E-04  2.7544E-04  3.5383E-04  3.7276E-04  3.5900E-04  3.7597E-04  3.6404E-04  3.3579E-04  3.0781E-04  2.0989E-04
       2.1479E-04  2.9191E-04  3.2963E-04  3.5412E-04  3.5662E-04  3.4806E-04  3.5148E-04  3.2689E-04  2.8838E-04  2.0248E-04
       2.0413E-04  2.7143E-04  3.1415E-04  3.4267E-04  3.5053E-04  3.4965E-04  3.4961E-04  3.1976E-04  2.6817E-04  1.9890E-04
       1.8060E-04  2.3083E-04  2.8701E-04  3.0333E-04  3.2360E-04  2.9358E-04  2.9869E-04  2.8222E-04  2.3347E-04  1.9515E-04
       1.4487E-04  1.9800E-04  2.3022E-04  2.3431E-04  2.5136E-04  2.3952E-04  2.4971E-04  2.2474E-04  2.0040E-04  1.5222E-04
       1.1893E-04  1.5206E-04  1.7014E-04  1.7891E-04  1.9021E-04  2.0244E-04  1.8321E-04  1.6725E-04  1.4907E-04  1.2236E-04
       1.3722E-04  1.9520E-04  2.1119E-04  2.3984E-04  2.5000E-04  2.5752E-04  2.3977E-04  2.0310E-04  1.7375E-04  1.4014E-04
       1.5896E-04  2.2357E-04  2.5414E-04  2.6413E-04  2.9146E-04  2.8828E-04  2.7246E-04  2.4328E-04  2.0357E-04  1.6332E-04
       1.6680E-04  2.2497E-04  2.6522E-04  2.8271E-04  2.9659E-04  2.9902E-04  2.7778E-04  2.6380E-04  2.0996E-04  1.8446E-04
       1.6701E-04  2.4032E-04  2.8355E-04  2.7723E-04  3.2476E-04  3.0388E-04  2.8865E-04  2.6870E-04  2.0498E-04  1.6208E-04
       1.6052E-04  2.3146E-04  2.5983E-04  2.8223E-04  2.9667E-04  3.0762E-04  2.8879E-04  2.5964E-04  2.2856E-04  1.6490E-04
       1.6170E-04  2.1998E-04  2.5257E-04  2.8155E-04  2.8449E-04  2.9465E-04  2.9538E-04  2.5184E-04  2.1813E-04  1.6364E-04
       1.4923E-04  2.1312E-04  2.3422E-04  2.6379E-04  2.8328E-04  2.7651E-04  2.8431E-04  2.3772E-04  1.9872E-04  1.5220E-04
       1.1992E-04  1.8535E-04  2.1500E-04  2.4324E-04  2.5424E-04  2.5486E-04  2.3532E-04  2.1925E-04  1.7679E-04  1.3948E-04
       1.1111E-04  1.4359E-04  1.8679E-04  1.8168E-04  1.9592E-04  1.9539E-04  1.7488E-04  1.6573E-04  1.4745E-04  1.0871E-04
       9.0129E-05  1.2146E-04  1.2232E-04  1.3847E-04  1.3639E-04  1.6319E-04  1.4392E-04  1.3873E-04  1.1018E-04  9.5803E-05
       1.0822E-04  1.4984E-04  1.6782E-04  1.8764E-04  1.9748E-04  1.9742E-04  1.7992E-04  1.6804E-04  1.3115E-04  1.1343E-04
       1.2297E-04  1.7003E-04  1.8954E-04  2.1239E-04  2.2135E-04  2.1912E-04  2.0369E-04  1.8507E-04  1.4946E-04  1.2583E-04
       1.3652E-04  1.8461E-04  2.0467E-04  2.2771E-04  2.3127E-04  2.2481E-04  2.1903E-04  1.9639E-04  1.6268E-04  1.1823E-04
       1.2043E-04  1.8290E-04  2.2461E-04  2.1416E-04  2.3206E-04  2.3678E-04  2.2711E-04  2.0770E-04  1.6121E-04  1.1032E-04
       1.2446E-04  1.8640E-04  2.1480E-04  2.2125E-04  2.3343E-04  2.4404E-04  2.3059E-04  2.1010E-04  1.7119E-04  1.2898E-04
       1.2838E-04  1.6929E-04  1.9923E-04  2.2286E-04  2.2436E-04  2.3581E-04  2.2642E-04  2.0198E-04  1.5952E-04  1.1650E-04
       1.1618E-04  1.7626E-04  1.7623E-04  1.9818E-04  2.1967E-04  2.1222E-04  2.1717E-04  1.9148E-04  1.5576E-04  1.2745E-04
       1.0728E-04  1.4603E-04  1.6048E-04  1.9716E-04  2.0230E-04  2.0159E-04  1.8386E-04  1.7603E-04  1.4298E-04  1.1366E-04
       9.0901E-05  1.1293E-04  1.3260E-04  1.5370E-04  1.4438E-04  1.3833E-04  1.4542E-04  1.3803E-04  1.0746E-04  8.3123E-05
       7.0323E-05  1.0096E-04  1.0513E-04  1.2169E-04  1.0919E-04  1.2246E-04  1.1369E-04  1.2052E-04  9.1485E-05  7.7867E-05
       9.1668E-05  1.1554E-04  1.3700E-04  1.4285E-04  1.4797E-04  1.4645E-04  1.4693E-04  1.3303E-04  1.0072E-04  8.8252E-05
       1.0485E-04  1.3038E-04  1.6318E-04  1.6753E-04  1.7818E-04  1.6550E-04  1.7489E-04  1.4846E-04  1.1855E-04  1.0208E-04
       1.1187E-04  1.4322E-04  1.6983E-04  1.6429E-04  1.7883E-04  1.8775E-04  1.7934E-04  1.4752E-04  1.2809E-04  1.0098E-04
       9.6548E-05  1.4425E-04  1.5795E-04  1.7736E-04  1.7869E-04  1.9183E-04  1.8419E-04  1.7111E-04  1.3264E-04  9.4428E-05
       1.0199E-04  1.4028E-04  1.5125E-04  1.7394E-04  1.8548E-04  1.9383E-04  1.7582E-04  1.5979E-04  1.4989E-04  9.8562E-05
       9.7522E-05  1.2822E-04  1.4928E-04  1.7935E-04  1.7360E-04  1.8651E-04  1.7802E-04  1.6015E-04  1.3440E-04  9.9184E-05
       9.5726E-05  1.2538E-04  1.4163E-04  1.5474E-04  1.6615E-04  1.6918E-04  1.7283E-04  1.4969E-04  1.1993E-04  9.4533E-05
       8.6110E-05  1.0656E-04  1.2745E-04  1.4767E-04  1.4249E-04  1.4668E-04  1.4121E-04  1.3211E-04  1.1486E-04  8.1052E-05
       7.2256E-05  9.0043E-05  1.0746E-04  1.1612E-04  1.1062E-04  1.0984E-04  1.0293E-04  1.0627E-04  9.1891E-05  6.8209E-05
       5.6240E-05  7.5334E-05  8.0195E-05  8.7163E-05  9.6073E-05  9.3431E-05  9.0550E-05  8.5233E-05  7.1080E-05  6.3969E-05
       7.1514E-05  9.1825E-05  1.0742E-04  1.1963E-04  1.2610E-04  1.1229E-04  1.2027E-04  1.0769E-04  8.4403E-05  6.5965E-05
       8.0398E-05  1.0543E-04  1.1312E-04  1.2922E-04  1.4110E-04  1.4636E-04  1.3542E-04  1.1464E-04  8.4681E-05  7.3942E-05
       7.5807E-05  1.1156E-04  1.2129E-04  1.3330E-04  1.3842E-04  1.4512E-04  1.3891E-04  1.2285E-04  8.9502E-05  7.3272E-05
       8.5396E-05  1.1237E-04  1.1558E-04  1.2644E-04  1.5512E-04  1.4699E-04  1.3549E-04  1.2500E-04  1.1102E-04  6.9849E-05
       8.1467E-05  1.0828E-04  1.2586E-04  1.4336E-04  1.5559E-04  1.4974E-04  1.3375E-04  1.2379E-04  1.1985E-04  8.2390E-05
       7.2695E-05  1.0865E-04  1.3061E-04  1.2868E-04  1.3603E-04  1.4111E-04  1.3149E-04  1.2558E-04  1.0526E-04  7.4985E-05
       7.4379E-05  1.0317E-04  1.1647E-04  1.3186E-04  1.2543E-04  1.3004E-04  1.2515E-04  1.1514E-04  9.4330E-05  8.1665E-05
       6.4717E-05  8.7766E-05  1.0377E-04  1.2222E-04  1.2029E-04  1.0541E-04  1.1523E-04  1.0564E-04  9.5679E-05  6.9372E-05
       5.1274E-05  7.2004E-05  8.6696E-05  9.1719E-05  8.8390E-05  9.0784E-05  8.9404E-05  8.2727E-05  8.0078E-05  7.3716E-05
       5.0096E-05  5.7213E-05  6.6485E-05  7.1929E-05  8.1923E-05  7.2736E-05  7.4106E-05  6.4815E-05  6.4628E-05  5.2732E-05
       5.4119E-05  6.7348E-05  7.9165E-05  9.3895E-05  9.9261E-05  8.7708E-05  8.7146E-05  8.0361E-05  6.9056E-05  5.3347E-05
       6.1529E-05  8.5784E-05  8.6048E-05  9.2473E-05  1.0640E-04  1.0874E-04  9.4712E-05  8.5454E-05  6.9115E-05  6.3625E-05
       6.6708E-05  9.1433E-05  9.7551E-05  9.6848E-05  1.0852E-04  1.0736E-04  1.0970E-04  9.1616E-05  7.6802E-05  6.4079E-05
       6.2594E-05  9.6305E-05  9.2881E-05  1.1510E-04  1.1209E-04  1.1185E-04  1.0055E-04  1.0615E-04  8.5704E-05  6.2470E-05
       6.3350E-05  8.0645E-05  9.8810E-05  1.2290E-04  1.2271E-04  1.1318E-04  1.1510E-04  9.4379E-05  9.0431E-05  6.4597E-05
       6.1409E-05  7.9242E-05  9.4799E-05  1.1047E-04  1.1881E-04  1.0972E-04  1.0998E-04  9.6948E-05  8.9534E-05  6.3832E-05
       5.4929E-05  7.6677E-05  9.0974E-05  1.0108E-04  1.0478E-04  1.0360E-04  1.0151E-04  8.8527E-05  7.4576E-05  6.6163E-05
       5.7989E-05  7.8951E-05  8.3533E-05  8.7409E-05  8.4377E-05  8.7434E-05  8.9242E-05  8.6622E-05  7.8936E-05  5.1576E-05
       4.9237E-05  6.4315E-05  6.6969E-05  7.6294E-05  6.8602E-05  7.6260E-05  8.0658E-05  7.1875E-05  7.1247E-05  5.1834E-05
       4.3039E-05  5.7459E-05  5.2752E-05  5.9932E-05  6.3798E-05  6.2501E-05  6.9244E-05  6.2276E-05  4.6465E-05  4.2528E-05
       4.8853E-05  6.2713E-05  6.6261E-05  7.1573E-05  7.9855E-05  7.1818E-05  7.3771E-05  7.1023E-05  5.7757E-05  4.9850E-05
       5.3019E-05  7.1573E-05  7.4261E-05  7.4933E-05  9.3507E-05  8.4364E-05  7.7108E-05  6.9605E-05  6.1631E-05  4.7167E-05
       5.8836E-05  7.1831E-05  8.0208E-05  8.3403E-05  8.8261E-05  8.6506E-05  8.8535E-05  7.5689E-05  5.2666E-05  5.5583E-05
       5.5344E-05  7.5102E-05  7.8450E-05  8.7590E-05  8.1677E-05  8.5254E-05  8.6689E-05  8.5137E-05  6.6239E-05  5.0618E-05
       6.2748E-05  7.1846E-05  7.8492E-05  9.0730E-05  9.3623E-05  8.8057E-05  9.0923E-05  7.5985E-05  7.2757E-05  5.9583E-05
       5.0408E-05  7.2568E-05  8.1017E-05  9.3245E-05  8.9993E-05  8.9296E-05  8.4286E-05  7.4324E-05  6.6360E-05  5.1681E-05
       5.4008E-05  6.4441E-05  7.0723E-05  7.9485E-05  8.6579E-05  7.9091E-05  8.2924E-05  7.4933E-05  6.5028E-05  5.4034E-05
       5.3441E-05  5.3846E-05  5.8273E-05  6.9988E-05  7.6393E-05  8.4218E-05  6.9118E-05  7.1991E-05  6.1452E-05  4.4986E-05
       4.5498E-05  5.9416E-05  7.0744E-05  6.1178E-05  6.6794E-05  6.6666E-05  7.1267E-05  6.2864E-05  5.4837E-05  5.1179E-05
       3.9686E-05  4.9937E-05  4.4819E-05  5.2451E-05  6.0654E-05  6.1183E-05  6.2465E-05  5.9864E-05  5.2634E-05  3.9179E-05
       5.1633E-05  5.5092E-05  5.7344E-05  5.9485E-05  6.6544E-05  5.8051E-05  6.1065E-05  4.9774E-05  5.5259E-05  4.7556E-05
       5.0600E-05  6.1494E-05  6.6842E-05  7.0136E-05  7.2831E-05  6.1869E-05  6.4974E-05  5.9669E-05  5.3709E-05  4.8937E-05
       5.4915E-05  6.0556E-05  6.8551E-05  6.9207E-05  7.2122E-05  6.7001E-05  6.7635E-05  5.7109E-05  5.1915E-05  5.2991E-05
       5.8544E-05  5.7125E-05  6.5582E-05  6.8081E-05  7.4157E-05  7.3726E-05  7.2886E-05  6.1429E-05  5.7127E-05  5.2184E-05
       5.4409E-05  6.4307E-05  6.5193E-05  7.4978E-05  7.4996E-05  7.3250E-05  7.7605E-05  5.9733E-05  5.5413E-05  4.7960E-05
       4.7014E-05  6.1850E-05  6.9133E-05  7.7610E-05  7.7268E-05  7.6271E-05  6.9188E-05  6.0783E-05  5.5671E-05  5.1873E-05
       5.1715E-05  5.3900E-05  5.4959E-05  7.1938E-05  7.3909E-05  7.2720E-05  7.7625E-05  6.1793E-05  5.5638E-05  5.4292E-05
       4.6906E-05  4.9748E-05  5.6442E-05  5.4700E-05  6.1656E-05  6.7534E-05  5.7275E-05  5.3299E-05  5.6901E-05  4.7847E-05
       4.2573E-05  5.4985E-05  5.2825E-05  5.3401E-05  5.7893E-05  6.0708E-05  5.7686E-05  4.6957E-05  5.1287E-05  4.1435E-05

      Percentage errors follow in a matrix A(ix,iy,iz), format (1(5x,1p,10(1x,e11.4)))

       3.6835E+00  4.1401E+00  3.0444E+00  2.9357E+00  2.7228E+00  2.9605E+00  2.6250E+00  3.3536E+00  3.4849E+00  4.5080E+00
       4.1561E+00  3.0030E+00  2.8748E+00  2.2221E+00  2.0560E+00  2.1698E+00  2.4122E+00  2.7898E+00  3.1794E+00  2.7550E+00
       3.8044E+00  2.9004E+00  2.3491E+00  2.9304E+00  2.6245E+00  2.9223E+00  2.8308E+00  2.6510E+00  2.6705E+00  2.1189E+00
       3.3183E+00  3.4924E+00  2.5906E+00  2.8917E+00  2.0753E+00  2.8801E+00  2.8109E+00  2.3368E+00  2.8067E+00  3.3624E+00
       2.3959E+00  2.7016E+00  2.3625E+00  2.8263E+00  2.2964E+00  2.5101E+00  2.8672E+00  2.6983E+00  3.3453E+00  3.2431E+00
       2.8890E+00  3.3568E+00  3.1186E+00  2.3880E+00  2.7988E+00  2.9819E+00  2.3291E+00  2.5556E+00  2.7400E+00  3.0938E+00
       3.5074E+00  2.3337E+00  1.7351E+00  3.0177E+00  2.2265E+00  3.2861E+00  2.8688E+00  2.6063E+00  2.4468E+00  2.3136E+00
       2.8032E+00  2.9663E+00  2.8843E+00  2.2269E+00  3.4918E+00  2.2074E+00  2.7846E+00  3.1200E+00  3.0784E+00  4.0761E+00
       2.9010E+00  2.4653E+00  3.1687E+00  2.9660E+00  2.7111E+00  2.6659E+00  2.1462E+00  2.4598E+00  2.7439E+00  2.8426E+00
       3.1181E+00  2.6152E+00  3.6733E+00  2.9841E+00  3.2578E+00  2.4460E+00  2.8311E+00  3.8146E+00  2.8812E+00  4.0317E+00
       4.8068E+00  4.3987E+00  3.0141E+00  2.7010E+00  3.0273E+00  3.2628E+00  3.0385E+00  3.1993E+00  3.8417E+00  4.6536E+00
       4.1618E+00  3.7481E+00  3.2959E+00  2.8408E+00  4.0044E+00  2.3384E+00  2.4403E+00  3.2660E+00  4.1460E+00  2.9888E+00
       3.6300E+00  3.4851E+00  2.2223E+00  3.5152E+00  2.3449E+00  2.6618E+00  2.8024E+00  2.4217E+00  2.9646E+00  2.1424E+00
       3.5713E+00  3.7898E+00  3.0866E+00  2.8202E+00  2.8988E+00  3.2197E+00  3.2827E+00  3.0012E+00  3.8970E+00  3.8345E+00
       3.7849E+00  2.9507E+00  2.4689E+00  2.7523E+00  3.0265E+00  3.0013E+00  2.3295E+00  2.0302E+00  2.5366E+00  4.4644E+00
       3.6960E+00  3.4423E+00  3.5682E+00  2.8302E+00  2.1457E+00  2.7682E+00  2.4670E+00  2.8900E+00  2.3402E+00  3.1711E+00
       3.4298E+00  3.1139E+00  2.6880E+00  3.0704E+00  2.4210E+00  3.2187E+00  3.1073E+00  2.4874E+00  3.4495E+00  2.9443E+00
       3.1728E+00  2.8033E+00  2.5598E+00  3.4243E+00  2.4063E+00  3.0073E+00  2.9213E+00  3.5906E+00  3.6602E+00  4.0976E+00
       3.1466E+00  3.9904E+00  3.4484E+00  3.6996E+00  2.9131E+00  3.2962E+00  3.0187E+00  2.7564E+00  3.0072E+00  3.5896E+00
       4.7171E+00  3.8952E+00  3.7167E+00  3.5534E+00  4.2903E+00  2.9769E+00  2.5416E+00  3.9124E+00  3.2708E+00  3.6520E+00
       5.1098E+00  4.6661E+00  3.5491E+00  2.9457E+00  4.0898E+00  3.4458E+00  2.5645E+00  4.5425E+00  4.5369E+00  4.9044E+00
       3.8578E+00  5.3317E+00  3.8462E+00  4.0818E+00  3.5920E+00  2.6269E+00  2.3948E+00  3.4944E+00  4.3861E+00  3.3514E+00
       3.5854E+00  3.1205E+00  3.1710E+00  2.4070E+00  2.3524E+00  3.3409E+00  2.3466E+00  3.1650E+00  3.1225E+00  4.3750E+00
       4.7179E+00  3.7157E+00  2.9689E+00  3.5120E+00  2.9413E+00  3.5273E+00  4.7746E+00  3.0987E+00  2.5342E+00  3.5903E+00
       3.8423E+00  3.3998E+00  2.4580E+00  3.8827E+00  3.1944E+00  3.4758E+00  3.1391E+00  2.5225E+00  3.4348E+00  4.2920E+00
       4.3682E+00  3.1859E+00  3.8109E+00  2.9227E+00  2.7654E+00  3.9362E+00  3.5210E+00  2.3845E+00  3.4559E+00  4.6445E+00
       4.0778E+00  3.6528E+00  3.3767E+00  2.8260E+00  3.1783E+00  3.3278E+00  3.6638E+00  2.5715E+00  3.0741E+00  4.8583E+00
       3.2541E+00  4.0174E+00  3.8817E+00  3.0494E+00  2.8142E+00  3.0528E+00  3.0282E+00  3.7652E+00  4.4717E+00  3.7634E+00
       4.0916E+00  4.2407E+00  3.8277E+00  3.5852E+00  3.5144E+00  3.1165E+00  2.7036E+00  4.4679E+00  3.3976E+00  3.3198E+00
       4.5124E+00  4.0401E+00  3.6116E+00  3.8669E+00  3.3973E+00  3.9293E+00  3.4617E+00  3.4999E+00  4.0506E+00  4.6184E+00
       5.5953E+00  5.0712E+00  4.2416E+00  2.7479E+00  3.8695E+00  2.9852E+00  3.8192E+00  4.3330E+00  4.4243E+00  5.8043E+00
       4.2322E+00  4.3927E+00  4.1612E+00  3.6984E+00  2.7149E+00  3.6817E+00  3.0696E+00  3.3632E+00  4.4360E+00  4.0607E+00
       4.3725E+00  4.5454E+00  3.8983E+00  3.8394E+00  3.3184E+00  3.3380E+00  3.9199E+00  4.3407E+00  4.0672E+00  4.2691E+00
       5.0012E+00  4.5319E+00  4.2433E+00  3.7470E+00  2.9920E+00  3.7160E+00  3.1899E+00  3.1947E+00  4.9675E+00  3.3393E+00
       5.4941E+00  4.1704E+00  3.6157E+00  3.3285E+00  3.5609E+00  3.5129E+00  4.0971E+00  3.8135E+00  3.8576E+00  5.0138E+00
       4.5195E+00  4.9038E+00  3.5161E+00  3.3774E+00  3.0310E+00  3.1260E+00  3.7684E+00  3.9226E+00  3.2334E+00  5.2902E+00
       5.0294E+00  3.8104E+00  3.2493E+00  3.1050E+00  3.5462E+00  3.3044E+00  2.5644E+00  4.1866E+00  3.7060E+00  6.2979E+00
       4.1790E+00  4.1261E+00  2.5576E+00  3.4879E+00  3.0217E+00  4.6308E+00  2.9273E+00  4.4465E+00  3.4337E+00  4.3207E+00
       5.3975E+00  5.5007E+00  3.4865E+00  3.6658E+00  4.1409E+00  3.8723E+00  4.0984E+00  3.5415E+00  2.6169E+00  4.3216E+00
       5.1543E+00  4.2359E+00  3.2696E+00  4.9802E+00  3.4720E+00  4.0314E+00  4.6176E+00  4.6571E+00  4.5761E+00  5.4295E+00
       4.7031E+00  4.4087E+00  5.1844E+00  4.4454E+00  4.5982E+00  3.4539E+00  4.3769E+00  3.9648E+00  6.2125E+00  5.9803E+00
       6.3044E+00  4.5937E+00  4.5752E+00  4.4639E+00  3.8413E+00  3.5205E+00  3.7810E+00  5.2090E+00  4.5831E+00  6.3718E+00
       5.7732E+00  5.0054E+00  4.1232E+00  4.5863E+00  3.7403E+00  4.3219E+00  4.3639E+00  4.4848E+00  5.4299E+00  6.3354E+00
       6.2911E+00  4.3640E+00  4.6759E+00  5.3589E+00  4.0308E+00  4.2350E+00  3.3172E+00  3.4554E+00  5.3481E+00  6.3993E+00
       5.2471E+00  4.4463E+00  3.9350E+00  5.4458E+00  3.5041E+00  3.9878E+00  3.9625E+00  3.7135E+00  5.3079E+00  5.2379E+00
       5.0733E+00  4.7377E+00  3.0490E+00  4.2068E+00  3.0935E+00  4.7069E+00  3.2826E+00  4.2480E+00  5.0266E+00  5.1935E+00
       4.8161E+00  3.8061E+00  3.7137E+00  5.9099E+00  3.5546E+00  4.9679E+00  3.9951E+00  3.1372E+00  3.5788E+00  4.3752E+00
       6.0776E+00  4.1531E+00  3.2945E+00  3.8243E+00  4.2686E+00  3.8649E+00  3.4990E+00  4.5541E+00  5.0323E+00  5.7130E+00
       6.0090E+00  5.4013E+00  4.0378E+00  3.7920E+00  5.0911E+00  4.4873E+00  4.1627E+00  5.8559E+00  3.3480E+00  5.9265E+00
       6.0347E+00  4.7184E+00  4.7894E+00  4.4158E+00  4.3250E+00  5.1764E+00  4.5026E+00  4.4134E+00  6.0107E+00  7.0291E+00
       6.2985E+00  6.1951E+00  5.3006E+00  4.6191E+00  5.8410E+00  6.1989E+00  3.6802E+00  4.5052E+00  5.1649E+00  5.9879E+00
       6.1191E+00  3.4636E+00  5.9182E+00  6.0766E+00  4.8489E+00  4.8615E+00  5.4017E+00  4.5600E+00  3.9210E+00  7.1246E+00
       5.3473E+00  6.6139E+00  3.3895E+00  3.4132E+00  4.7255E+00  5.2740E+00  5.1339E+00  5.1912E+00  3.7512E+00  8.1074E+00
       6.6361E+00  5.5631E+00  5.9197E+00  4.5174E+00  5.4731E+00  5.6832E+00  3.7599E+00  4.7756E+00  5.8484E+00  5.9207E+00
       6.1200E+00  5.0662E+00  4.2842E+00  5.1886E+00  4.7330E+00  5.2480E+00  4.3387E+00  5.6416E+00  3.6546E+00  5.6534E+00
       5.7393E+00  3.7871E+00  5.4677E+00  4.3883E+00  4.6801E+00  4.5447E+00  4.1916E+00  4.4910E+00  5.0529E+00  6.7523E+00
       4.6397E+00  4.5075E+00  4.3112E+00  4.0705E+00  4.9078E+00  4.3813E+00  4.3248E+00  5.1218E+00  5.1770E+00  5.4445E+00
       5.8281E+00  4.6330E+00  4.4029E+00  4.7843E+00  5.8631E+00  5.2636E+00  5.0314E+00  4.8612E+00  5.0206E+00  5.6249E+00
       4.3403E+00  5.9172E+00  3.4929E+00  5.7101E+00  6.4502E+00  4.9518E+00  4.5828E+00  5.0883E+00  5.5572E+00  6.1994E+00
       6.8755E+00  5.9709E+00  3.0763E+00  4.6720E+00  5.6919E+00  4.7259E+00  5.6426E+00  5.4546E+00  5.3447E+00  7.9649E+00
       8.1409E+00  5.5719E+00  6.3790E+00  6.0062E+00  6.6492E+00  5.7179E+00  5.5951E+00  8.2032E+00  6.8917E+00  5.5069E+00
       8.0309E+00  5.8305E+00  5.6384E+00  5.5942E+00  4.3930E+00  6.3811E+00  5.1679E+00  6.3804E+00  6.3294E+00  7.3350E+00
       6.5227E+00  7.5077E+00  4.6992E+00  4.1311E+00  4.5923E+00  6.5490E+00  4.5466E+00  5.6837E+00  5.9109E+00  7.6223E+00
       6.3892E+00  5.8470E+00  5.4631E+00  4.7963E+00  4.4206E+00  5.4744E+00  4.1035E+00  6.0681E+00  5.9852E+00  6.4032E+00
       5.5630E+00  4.5282E+00  6.1783E+00  6.3875E+00  5.0683E+00  6.8338E+00  4.7791E+00  5.8450E+00  5.9599E+00  5.9612E+00
       6.4596E+00  4.8701E+00  4.4121E+00  3.1687E+00  4.0614E+00  4.7285E+00  4.8453E+00  5.4611E+00  5.1919E+00  5.6823E+00
       5.3196E+00  5.0448E+00  5.7588E+00  4.9641E+00  3.8747E+00  6.1542E+00  5.1691E+00  5.6685E+00  4.5838E+00  7.0632E+00
       6.3933E+00  5.0496E+00  4.5313E+00  4.6509E+00  5.4101E+00  7.0543E+00  4.9603E+00  3.8968E+00  6.9647E+00  5.5328E+00
       5.6323E+00  6.0517E+00  5.3757E+00  5.9369E+00  5.8569E+00  4.0221E+00  3.5317E+00  4.9471E+00  5.2621E+00  7.0274E+00
       9.6409E+00  8.3778E+00  5.6843E+00  5.9300E+00  5.6171E+00  5.1001E+00  6.0360E+00  5.2340E+00  6.6965E+00  8.2508E+00
       6.9513E+00  6.9165E+00  4.9860E+00  4.6291E+00  6.6725E+00  7.4541E+00  7.3088E+00  6.4621E+00  6.1286E+00  7.5004E+00
       8.4461E+00  6.1702E+00  5.7062E+00  5.9983E+00  7.1354E+00  5.8033E+00  7.6883E+00  6.7794E+00  7.1328E+00  5.4998E+00
       7.5809E+00  6.8097E+00  5.9562E+00  6.2827E+00  6.9874E+00  5.2051E+00  6.4134E+00  5.9011E+00  5.9079E+00  6.7625E+00
       6.7760E+00  5.4871E+00  6.3153E+00  5.8223E+00  6.5918E+00  5.3328E+00  5.0018E+00  6.8381E+00  7.6741E+00  7.0890E+00
       5.8164E+00  6.9317E+00  6.4254E+00  7.1719E+00  6.9033E+00  6.3718E+00  5.6151E+00  5.6487E+00  6.3154E+00  6.2538E+00
       3.5726E+00  5.2676E+00  5.3107E+00  5.2386E+00  6.8729E+00  5.4358E+00  5.3090E+00  5.8713E+00  5.9979E+00  5.6843E+00
       7.2935E+00  6.6443E+00  6.4951E+00  5.7811E+00  6.2686E+00  5.7678E+00  4.3573E+00  8.0379E+00  6.6834E+00  5.5137E+00
       7.5957E+00  5.8614E+00  4.5276E+00  4.0346E+00  4.8141E+00  5.3323E+00  5.4003E+00  6.7935E+00  5.2505E+00  8.2022E+00
       8.6930E+00  6.9166E+00  6.2312E+00  5.9130E+00  6.0827E+00  5.4860E+00  4.1005E+00  5.6283E+00  6.7010E+00  6.5981E+00
       7.1005E+00  5.3739E+00  7.5983E+00  6.2773E+00  6.8366E+00  7.0339E+00  5.3681E+00  3.4120E+00  7.0367E+00  7.0001E+00
       1.0568E+01  7.8310E+00  7.0924E+00  7.2521E+00  7.7880E+00  6.8904E+00  6.8532E+00  7.5109E+00  8.6654E+00  6.9199E+00
       1.0144E+01  7.5287E+00  6.2850E+00  6.4970E+00  7.4490E+00  9.2260E+00  4.8564E+00  5.3485E+00  8.3898E+00  6.1538E+00
       6.5285E+00  8.0241E+00  6.6537E+00  8.6901E+00  8.1077E+00  6.5719E+00  6.8400E+00  5.6215E+00  7.5299E+00  7.3838E+00
       8.4017E+00  7.4696E+00  5.4242E+00  5.9651E+00  6.0688E+00  7.9708E+00  5.6363E+00  6.9416E+00  7.3051E+00  8.5090E+00
       9.0374E+00  6.5067E+00  8.1402E+00  8.9366E+00  6.1319E+00  5.7328E+00  6.1476E+00  7.4982E+00  8.0699E+00  8.6162E+00
       5.6783E+00  5.3809E+00  6.6294E+00  5.8829E+00  6.5385E+00  6.3562E+00  7.1989E+00  8.4483E+00  8.1521E+00  9.8787E+00
       8.3886E+00  7.3861E+00  7.7294E+00  7.0834E+00  6.7075E+00  6.2592E+00  7.3582E+00  6.8298E+00  6.0107E+00  7.5024E+00
       7.1592E+00  9.6620E+00  5.3466E+00  7.2463E+00  7.5028E+00  5.2067E+00  5.8509E+00  6.2660E+00  6.5422E+00  7.7500E+00
       7.2960E+00  7.4530E+00  7.9296E+00  7.3125E+00  7.4764E+00  7.4523E+00  6.3173E+00  7.3866E+00  8.2098E+00  6.9683E+00
       1.0531E+01  5.3873E+00  6.7353E+00  8.0272E+00  5.2678E+00  6.8714E+00  4.1248E+00  7.2302E+00  8.0664E+00  1.0713E+01
       1.0762E+01  5.0347E+00  6.8880E+00  7.2484E+00  6.3622E+00  6.0729E+00  8.3711E+00  7.1698E+00  9.0507E+00  7.7901E+00
       9.6950E+00  5.4531E+00  7.6419E+00  7.0133E+00  6.9667E+00  7.9280E+00  6.3202E+00  7.1504E+00  7.1781E+00  6.7352E+00
       5.4355E+00  5.4847E+00  7.9598E+00  9.0615E+00  4.7555E+00  7.1647E+00  6.6012E+00  6.2602E+00  8.7470E+00  7.6778E+00
       7.0614E+00  5.8990E+00  5.8897E+00  8.0390E+00  6.6734E+00  6.0981E+00  6.8152E+00  5.7818E+00  6.2606E+00  8.1507E+00
       7.1120E+00  6.7778E+00  7.1060E+00  8.1810E+00  5.8375E+00  6.2502E+00  7.0681E+00  7.3702E+00  6.6799E+00  8.1142E+00
       6.5229E+00  7.4758E+00  7.2944E+00  4.4539E+00  5.3182E+00  5.2354E+00  5.9005E+00  7.8272E+00  6.5085E+00  7.2726E+00
       8.0583E+00  6.7804E+00  6.2682E+00  6.7383E+00  6.8390E+00  6.8431E+00  6.3445E+00  8.6118E+00  7.9568E+00  6.1398E+00
       6.8400E+00  5.5267E+00  7.1373E+00  8.0421E+00  8.3061E+00  6.7721E+00  7.4367E+00  5.6326E+00  6.8912E+00  5.5375E+00
       9.1868E+00  8.0499E+00  7.8504E+00  5.5374E+00  7.6235E+00  6.4630E+00  7.6333E+00  1.0441E+01  8.7452E+00  1.0579E+01
       1.0341E+01  8.7680E+00  6.6359E+00  7.8121E+00  6.1686E+00  5.5052E+00  6.1265E+00  4.7706E+00  6.7236E+00  1.0084E+01
