1
   Cartesian binning n.   1  "DoseEq    " , generalized particle n.  240
      X coordinate: from -8.5000E+01 to  8.5000E+01 cm,    10 bins ( 1.7000E+01 cm wide)
      Y coordinate: from -2.5000E+01 to  2.5000E+01 cm,    10 bins ( 5.0000E+00 cm wide)
      Z coordinate: from  2.2500E+02 to  2.7500E+02 cm,    10 bins ( 5.0000E+00 cm wide)
      Data follow in a matrix A(ix,iy,iz), format (1(5x,1p,10(1x,e11.4)))

      accurate deposition along the tracks requested
      this is a track-length binning
       1.7980E-04  2.0209E-04  2.2813E-04  2.4649E-04  2.4163E-04  2.5734E-04  2.3860E-04  2.3313E-04  2.1419E-04  1.7873E-04
       2.0508E-04  2.3197E-04  2.6219E-04  2.8451E-04  2.8445E-04  2.8321E-04  2.8041E-04  2.5335E-04  2.3736E-04  2.0641E-04
       2.0730E-04  2.5927E-04  2.6605E-04  2.7445E-04  3.0136E-04  2.9555E-04  2.8923E-04  2.5331E-04  2.4794E-04  2.1475E-04
       2.0722E-04  2.5302E-04  2.6466E-04  2.9101E-04  3.0377E-04  3.1371E-04  2.8451E-04  2.7973E-04  2.5013E-04  2.1388E-04
       2.1126E-04  2.3349E-04  2.7062E-04  2.8758E-04  3.0977E-04  3.0853E-04  3.0083E-04  2.7428E-04  2.6206E-04  2.1396E-04
       2.0412E-04  2.3038E-04  2.5877E-04  2.9008E-04  3.1370E-04  3.2225E-04  3.0227E-04  2.6886E-04  2.4259E-04  2.2039E-04
       2.0283E-04  2.3326E-04  2.7377E-04  3.0359E-04  2.9613E-04  3.0937E-04  2.9993E-04  2.7484E-04  2.3588E-04  1.9986E-04
       2.0409E-04  2.2719E-04  2.8215E-04  2.7734E-04  2.8165E-04  3.0537E-04  2.9957E-04  2.8711E-04  2.4486E-04  2.0402E-04
       2.0018E-04  2.3692E-04  2.7117E-04  2.7745E-04  2.7673E-04  2.7664E-04  2.7077E-04  2.7305E-04  2.3674E-04  2.0382E-04
       1.8329E-04  2.1413E-04  2.2949E-04  2.4198E-04  2.4787E-04  2.4940E-04  2.3800E-04  2.4163E-04  2.0953E-04  2.0036E-04
       1.1914E-04  1.3200E-04  1.5771E-04  1.6906E-04  1.5613E-04  1.6676E-04  1.6878E-04  1.5889E-04  1.4352E-04  1.2056E-04
       1.3145E-04  1.5532E-04  1.8725E-04  1.9980E-04  1.9174E-04  2.0013E-04  1.9604E-04  1.7909E-04  1.6535E-04  1.4151E-04
       1.4802E-04  1.9769E-04  1.9581E-04  1.9905E-04  2.2339E-04  2.2997E-04  2.1259E-04  1.9108E-04  1.7613E-04  1.5367E-04
       1.4969E-04  1.9097E-04  1.8666E-04  2.2680E-04  2.2683E-04  2.2747E-04  2.2515E-04  1.9913E-04  1.8779E-04  1.5748E-04
       1.4544E-04  1.8050E-04  1.9549E-04  2.1281E-04  2.3540E-04  2.3107E-04  2.3192E-04  2.1616E-04  1.9743E-04  1.5750E-04
       1.3400E-04  1.7149E-04  2.0267E-04  2.1562E-04  2.3628E-04  2.5348E-04  2.3386E-04  2.0865E-04  1.8108E-04  1.5285E-04
       1.4477E-04  1.6083E-04  1.9410E-04  2.2059E-04  2.2929E-04  2.4493E-04  2.3008E-04  2.1013E-04  1.8534E-04  1.3661E-04
       1.3368E-04  1.6139E-04  2.0150E-04  1.9478E-04  2.1168E-04  2.3115E-04  2.1515E-04  2.0986E-04  1.7945E-04  1.4522E-04
       1.3651E-04  1.6331E-04  1.8335E-04  1.9571E-04  2.1366E-04  1.9879E-04  1.9651E-04  2.0074E-04  1.5951E-04  1.3746E-04
       1.1972E-04  1.4688E-04  1.5693E-04  1.7356E-04  1.7579E-04  1.6739E-04  1.5888E-04  1.7214E-04  1.4499E-04  1.2465E-04
       8.3282E-05  9.7782E-05  1.1554E-04  1.2137E-04  1.1298E-04  1.2714E-04  1.1992E-04  1.0139E-04  9.7600E-05  8.5255E-05
       9.2947E-05  1.1848E-04  1.2428E-04  1.3312E-04  1.3257E-04  1.3890E-04  1.4312E-04  1.2053E-04  1.1410E-04  9.7845E-05
       1.0719E-04  1.3051E-04  1.3256E-04  1.3352E-04  1.4571E-04  1.7204E-04  1.6119E-04  1.2090E-04  1.1423E-04  1.0445E-04
       1.0574E-04  1.3218E-04  1.3842E-04  1.5796E-04  1.4983E-04  1.7179E-04  1.6688E-04  1.4073E-04  1.2924E-04  9.7467E-05
       1.0413E-04  1.3295E-04  1.4706E-04  1.4901E-04  1.6766E-04  1.6654E-04  1.6605E-04  1.3904E-04  1.3896E-04  1.0982E-04
       9.9724E-05  1.2370E-04  1.5415E-04  1.6698E-04  1.6421E-04  1.7908E-04  1.6311E-04  1.3671E-04  1.3090E-04  1.0205E-04
       9.5455E-05  1.1704E-04  1.4833E-04  1.5698E-04  1.5859E-04  1.6385E-04  1.7081E-04  1.4563E-04  1.2936E-04  1.0482E-04
       9.3213E-05  1.1366E-04  1.3894E-04  1.4374E-04  1.5602E-04  1.5656E-04  1.5383E-04  1.4622E-04  1.3304E-04  1.0206E-04
       9.1828E-05  1.1680E-04  1.2391E-04  1.4468E-04  1.4640E-04  1.3911E-04  1.3647E-04  1.4174E-04  1.0841E-04  9.6807E-05
       8.4025E-05  1.0374E-04  1.0107E-04  1.3273E-04  1.2530E-04  1.1370E-04  1.1714E-04  1.1107E-04  9.7953E-05  8.3786E-05
       7.5423E-05  7.8580E-05  8.5739E-05  9.5660E-05  8.9500E-05  9.3145E-05  8.3138E-05  7.9770E-05  8.0814E-05  6.9984E-05
       6.9659E-05  8.3422E-05  9.5446E-05  9.8154E-05  1.0229E-04  1.0505E-04  1.0249E-04  9.6750E-05  8.4924E-05  7.6482E-05
       7.6167E-05  8.9240E-05  1.0120E-04  1.1010E-04  1.1527E-04  1.1792E-04  1.1759E-04  1.0498E-04  8.6517E-05  7.0489E-05
       7.9450E-05  9.9734E-05  1.0472E-04  1.2018E-04  1.0901E-04  1.2204E-04  1.2747E-04  9.5911E-05  9.4908E-05  7.5049E-05
       7.6330E-05  1.0946E-04  1.0530E-04  1.2023E-04  1.3798E-04  1.2055E-04  1.2342E-04  1.1149E-04  9.0163E-05  7.7287E-05
       7.7923E-05  8.9925E-05  1.1835E-04  1.2410E-04  1.1666E-04  1.2500E-04  1.2281E-04  1.0344E-04  8.5193E-05  6.8352E-05
       7.5712E-05  8.3464E-05  1.1633E-04  1.2319E-04  1.2083E-04  1.2359E-04  1.2643E-04  9.8757E-05  9.1458E-05  6.9056E-05
       8.0076E-05  8.1591E-05  1.0927E-04  1.1193E-04  1.0916E-04  1.1722E-04  1.1387E-04  9.6306E-05  8.7002E-05  7.2397E-05
       6.5529E-05  8.4783E-05  9.2704E-05  1.0926E-04  1.0010E-04  1.0526E-04  1.0459E-04  9.1972E-05  8.5839E-05  6.9593E-05
       5.9054E-05  7.4356E-05  7.5477E-05  9.1749E-05  9.5319E-05  8.9529E-05  8.4394E-05  9.2090E-05  7.6500E-05  6.6965E-05
       6.1434E-05  6.0492E-05  6.9973E-05  7.4810E-05  8.0379E-05  7.1729E-05  6.9357E-05  6.4381E-05  6.3974E-05  6.1235E-05
       5.4387E-05  6.0199E-05  7.0966E-05  6.9799E-05  7.5113E-05  7.9478E-05  7.9250E-05  7.4736E-05  6.3314E-05  5.3458E-05
       6.2301E-05  6.2106E-05  7.5250E-05  7.9048E-05  9.2420E-05  8.4705E-05  8.6587E-05  7.5036E-05  6.8410E-05  5.0677E-05
       6.2095E-05  7.8188E-05  8.0782E-05  8.8013E-05  9.4633E-05  8.8917E-05  8.9535E-05  7.4964E-05  6.4928E-05  5.0104E-05
       5.8773E-05  8.0569E-05  7.4035E-05  8.4088E-05  1.0463E-04  9.0944E-05  8.0977E-05  8.0473E-05  7.1251E-05  5.5798E-05
       6.1559E-05  7.6821E-05  9.1529E-05  8.6420E-05  9.1639E-05  9.4319E-05  9.1067E-05  8.0154E-05  6.2605E-05  5.4548E-05
       5.6434E-05  7.2907E-05  8.7944E-05  9.4801E-05  8.5373E-05  9.4667E-05  8.8631E-05  8.1440E-05  6.9382E-05  5.7438E-05
       5.9049E-05  8.0800E-05  8.5065E-05  7.8521E-05  9.1085E-05  8.7680E-05  8.2482E-05  7.7420E-05  7.0737E-05  6.5798E-05
       5.1068E-05  6.6893E-05  7.3560E-05  8.6954E-05  8.5048E-05  7.6819E-05  8.0352E-05  7.1337E-05  6.1934E-05  5.7672E-05
       5.6382E-05  5.4732E-05  6.7695E-05  7.1969E-05  7.5793E-05  7.4309E-05  7.3999E-05  6.5025E-05  6.3251E-05  5.5710E-05
       4.9015E-05  5.5084E-05  5.5519E-05  6.2709E-05  6.3701E-05  6.0732E-05  6.2592E-05  5.6860E-05  5.8916E-05  4.6407E-05
       4.4931E-05  5.2525E-05  5.8458E-05  6.1899E-05  6.4332E-05  6.4700E-05  6.1155E-05  5.7222E-05  5.4189E-05  3.9482E-05
       4.8215E-05  5.1360E-05  6.2427E-05  6.9367E-05  7.4255E-05  6.8223E-05  6.3331E-05  5.2496E-05  4.5542E-05  4.6630E-05
       4.7863E-05  5.5663E-05  7.1205E-05  6.9416E-05  7.5366E-05  6.3605E-05  6.9568E-05  5.3717E-05  4.8492E-05  4.1821E-05
       4.5158E-05  5.9599E-05  6.4446E-05  7.3931E-05  8.4494E-05  7.0598E-05  7.6226E-05  6.0842E-05  4.7226E-05  4.3754E-05
       4.9854E-05  5.8443E-05  6.8679E-05  7.3902E-05  7.6780E-05  7.0523E-05  8.2562E-05  5.7612E-05  5.0538E-05  4.7215E-05
       4.8627E-05  5.7216E-05  7.3621E-05  7.1130E-05  7.2830E-05  7.6156E-05  6.8300E-05  6.6406E-05  5.4266E-05  5.1381E-05
       5.3488E-05  5.5596E-05  6.7032E-05  5.3354E-05  6.7110E-05  7.2676E-05  6.8476E-05  5.7683E-05  5.5201E-05  4.8899E-05
       4.4764E-05  5.4227E-05  6.5750E-05  6.5754E-05  6.5318E-05  6.0835E-05  6.9335E-05  5.0865E-05  5.8267E-05  4.0488E-05
       4.4877E-05  4.4592E-05  5.6239E-05  7.0556E-05  6.0445E-05  7.0634E-05  6.0037E-05  5.6277E-05  6.3456E-05  4.7711E-05
       4.7837E-05  4.3652E-05  4.8841E-05  6.0544E-05  5.2887E-05  5.8050E-05  4.9224E-05  4.6709E-05  5.4121E-05  4.0593E-05
       4.0500E-05  4.2674E-05  4.9103E-05  5.1993E-05  5.4706E-05  5.0861E-05  4.9317E-05  4.5741E-05  4.1460E-05  3.8259E-05
       4.2956E-05  4.6223E-05  4.9267E-05  5.1159E-05  6.5325E-05  6.0167E-05  5.1628E-05  5.2800E-05  3.8115E-05  3.8412E-05
       4.2153E-05  4.2485E-05  5.2839E-05  5.9902E-05  5.4316E-05  6.3952E-05  5.7859E-05  4.3209E-05  3.8195E-05  4.0895E-05
       4.0258E-05  4.6635E-05  5.1335E-05  5.7520E-05  6.4190E-05  6.1214E-05  5.6751E-05  4.9283E-05  3.8640E-05  3.7518E-05
       4.3679E-05  4.5162E-05  5.4052E-05  5.4596E-05  7.0406E-05  6.5143E-05  6.0775E-05  5.3172E-05  4.1530E-05  3.9947E-05
       3.9897E-05  4.2474E-05  5.0458E-05  4.6943E-05  6.2515E-05  6.4069E-05  5.5143E-05  4.2381E-05  4.1670E-05  3.7733E-05
       3.9346E-05  4.9224E-05  5.2571E-05  5.1087E-05  4.9915E-05  5.8812E-05  4.6911E-05  4.0877E-05  4.4747E-05  3.6785E-05
       4.3103E-05  4.6404E-05  5.3299E-05  4.8023E-05  5.9842E-05  5.4593E-05  5.1440E-05  3.9191E-05  4.7222E-05  3.3391E-05
       5.2129E-05  4.4614E-05  5.2673E-05  5.6418E-05  5.2545E-05  5.2281E-05  4.9366E-05  4.4273E-05  5.0297E-05  4.0852E-05
       3.9981E-05  4.0629E-05  4.0559E-05  5.1189E-05  4.8856E-05  4.6972E-05  5.0679E-05  3.5905E-05  4.4290E-05  4.2551E-05
       3.5492E-05  3.4629E-05  4.2692E-05  4.3250E-05  4.1935E-05  3.8937E-05  4.4597E-05  4.0900E-05  3.4714E-05  3.4145E-05
       3.7437E-05  3.5431E-05  4.1713E-05  4.6497E-05  4.5340E-05  5.0580E-05  4.3117E-05  4.5408E-05  3.2317E-05  3.0535E-05
       3.6770E-05  3.2596E-05  4.1279E-05  4.3460E-05  5.1119E-05  5.3758E-05  4.6493E-05  4.1533E-05  3.9371E-05  3.7755E-05
       3.3929E-05  3.6318E-05  4.1041E-05  4.4604E-05  5.5960E-05  5.0616E-05  4.1632E-05  4.0687E-05  3.4092E-05  3.1554E-05
       3.7853E-05  3.3282E-05  4.1943E-05  4.2669E-05  5.2047E-05  4.4499E-05  5.0740E-05  4.1559E-05  3.4813E-05  3.5016E-05
       3.7571E-05  3.7900E-05  4.4811E-05  4.7153E-05  5.4994E-05  4.8363E-05  4.6858E-05  3.2830E-05  3.6926E-05  3.4047E-05
       3.6554E-05  4.0335E-05  3.9443E-05  4.2755E-05  4.6077E-05  4.6935E-05  3.9352E-05  3.8128E-05  3.2855E-05  3.1440E-05
       3.9350E-05  3.7687E-05  3.8801E-05  4.0419E-05  4.9075E-05  5.2535E-05  4.2102E-05  2.9310E-05  3.4490E-05  3.1414E-05
       4.0477E-05  4.6274E-05  4.3496E-05  4.2421E-05  5.1125E-05  4.8922E-05  5.0435E-05  3.8038E-05  4.1787E-05  3.7226E-05
       3.7223E-05  4.6710E-05  4.4199E-05  4.4879E-05  4.2861E-05  4.4573E-05  4.4045E-05  4.2473E-05  3.9080E-05  3.5412E-05
       3.3905E-05  3.6595E-05  4.2588E-05  4.1789E-05  4.4137E-05  4.0833E-05  3.8025E-05  3.4971E-05  2.9483E-05  3.6259E-05
       3.7254E-05  3.4701E-05  4.0039E-05  4.4990E-05  4.2758E-05  4.0554E-05  4.2328E-05  4.1249E-05  3.4391E-05  3.3811E-05
       3.4684E-05  3.7606E-05  3.4854E-05  4.3130E-05  4.6148E-05  4.3275E-05  3.8296E-05  3.3729E-05  3.7995E-05  3.5616E-05
       2.6680E-05  3.2925E-05  3.5489E-05  4.2215E-05  4.3269E-05  3.8861E-05  3.5764E-05  3.6487E-05  3.0415E-05  3.4525E-05
       3.2536E-05  2.9084E-05  3.4086E-05  3.7348E-05  4.5400E-05  3.9032E-05  4.0807E-05  4.3093E-05  3.7561E-05  2.7811E-05
       3.3090E-05  3.8772E-05  3.8663E-05  3.9211E-05  4.8534E-05  4.5490E-05  4.5473E-05  3.9134E-05  3.8508E-05  3.1820E-05
       3.3694E-05  4.2354E-05  4.5868E-05  4.2976E-05  4.5572E-05  4.2771E-05  3.7842E-05  3.5226E-05  3.3836E-05  2.8865E-05
       3.3618E-05  3.8979E-05  4.0303E-05  3.4743E-05  4.5174E-05  4.4962E-05  3.8817E-05  3.3996E-05  3.1968E-05  3.2911E-05
       4.0907E-05  3.9533E-05  4.7870E-05  3.9307E-05  4.7640E-05  4.6483E-05  4.7832E-05  3.9854E-05  4.2133E-05  3.8847E-05
       4.1402E-05  4.3784E-05  5.2892E-05  4.5456E-05  5.1328E-05  4.4428E-05  4.7407E-05  3.9028E-05  3.7209E-05  4.1095E-05
       4.1767E-05  4.3669E-05  4.6550E-05  4.1639E-05  4.7040E-05  4.5375E-05  4.6246E-05  4.3911E-05  3.6606E-05  3.5242E-05
       3.7559E-05  3.7162E-05  4.5965E-05  4.8400E-05  5.1046E-05  4.4114E-05  3.9742E-05  4.2346E-05  3.9312E-05  3.9091E-05
       3.9403E-05  4.0033E-05  3.8814E-05  4.9199E-05  4.4791E-05  3.9597E-05  4.4268E-05  4.3348E-05  4.2835E-05  3.9410E-05
       3.7007E-05  4.6126E-05  4.0660E-05  4.8067E-05  4.6589E-05  4.5704E-05  4.5808E-05  4.5905E-05  3.6364E-05  4.0411E-05
       3.5676E-05  3.9135E-05  3.9636E-05  4.8756E-05  5.0261E-05  4.0878E-05  4.5496E-05  4.8644E-05  3.7250E-05  4.1447E-05
       3.8741E-05  4.3622E-05  5.0699E-05  4.2721E-05  4.4982E-05  4.3291E-05  5.1302E-05  4.5373E-05  4.3749E-05  3.5571E-05
       3.9670E-05  4.7338E-05  4.5335E-05  4.5600E-05  4.3795E-05  4.4366E-05  3.9299E-05  4.7399E-05  4.2971E-05  4.0778E-05
       4.1515E-05  4.4245E-05  4.4466E-05  3.8564E-05  4.4285E-05  4.5158E-05  4.1351E-05  4.7203E-05  4.1175E-05  4.2915E-05
       4.9072E-05  4.6510E-05  4.8110E-05  4.4843E-05  4.8879E-05  4.1547E-05  5.0863E-05  4.5705E-05  3.7782E-05  4.4150E-05

      Percentage errors follow in a matrix A(ix,iy,iz), format (1(5x,1p,10(1x,e11.4)))

       4.1914E+00  4.5702E+00  3.1080E+00  3.5235E+00  3.2796E+00  2.3566E+00  2.7975E+00  4.0680E+00  3.1818E+00  3.4363E+00
       3.9796E+00  3.2178E+00  3.6625E+00  3.7336E+00  2.9523E+00  3.3200E+00  2.0105E+00  3.5732E+00  4.2814E+00  3.7297E+00
       4.4779E+00  4.0058E+00  3.0866E+00  3.9933E+00  2.3265E+00  2.7875E+00  2.8662E+00  3.2712E+00  2.9022E+00  3.8610E+00
       3.0069E+00  4.0545E+00  2.9630E+00  3.2873E+00  3.2301E+00  3.7813E+00  2.3554E+00  3.0804E+00  4.2715E+00  4.3996E+00
       2.5948E+00  4.1133E+00  3.1866E+00  4.1342E+00  2.7819E+00  3.4974E+00  3.0328E+00  3.2051E+00  3.7840E+00  3.6953E+00
       4.3599E+00  4.1636E+00  2.6358E+00  3.4048E+00  2.6762E+00  2.8840E+00  3.6259E+00  3.6491E+00  2.2563E+00  3.2475E+00
       3.7654E+00  3.3036E+00  3.6293E+00  2.4829E+00  3.3076E+00  2.9337E+00  3.1636E+00  2.9230E+00  4.5388E+00  3.2960E+00
       4.2878E+00  3.4098E+00  3.4396E+00  2.4889E+00  2.8518E+00  2.3227E+00  3.2920E+00  3.6658E+00  3.4936E+00  3.5863E+00
       4.0449E+00  3.6321E+00  3.7402E+00  3.4244E+00  3.0770E+00  4.0108E+00  2.5433E+00  3.7768E+00  3.3097E+00  3.5840E+00
       4.1677E+00  2.5880E+00  3.8221E+00  3.4612E+00  3.9118E+00  3.2485E+00  2.7724E+00  3.2193E+00  3.9569E+00  3.2791E+00
       4.7931E+00  4.4990E+00  4.9908E+00  4.3767E+00  4.5397E+00  4.4218E+00  3.4857E+00  3.4328E+00  4.7606E+00  4.8889E+00
       4.9714E+00  5.1137E+00  3.6639E+00  4.9932E+00  4.0028E+00  4.7300E+00  3.7114E+00  4.4255E+00  5.1745E+00  4.8428E+00
       5.8991E+00  3.9124E+00  5.2275E+00  3.9528E+00  2.5885E+00  2.9655E+00  2.8619E+00  3.9292E+00  3.6170E+00  5.6392E+00
       4.3690E+00  3.9574E+00  3.8760E+00  3.8938E+00  3.8040E+00  3.6173E+00  4.5151E+00  4.1881E+00  5.5790E+00  5.3612E+00
       5.3930E+00  5.0923E+00  4.2127E+00  4.3816E+00  3.7380E+00  4.2269E+00  3.0538E+00  4.0302E+00  3.6554E+00  4.6828E+00
       4.2261E+00  4.9578E+00  4.2259E+00  3.7481E+00  2.4651E+00  3.3545E+00  2.8451E+00  4.2912E+00  4.0339E+00  4.1202E+00
       4.2229E+00  4.0425E+00  4.1577E+00  3.6284E+00  3.5125E+00  3.5013E+00  3.3695E+00  2.9670E+00  4.3706E+00  4.0253E+00
       5.0911E+00  4.0421E+00  4.8353E+00  3.5069E+00  3.4938E+00  3.2553E+00  3.6620E+00  4.4853E+00  3.7666E+00  5.1629E+00
       3.7620E+00  5.3488E+00  5.4755E+00  4.1419E+00  2.6436E+00  5.1825E+00  3.9306E+00  3.9977E+00  5.6137E+00  5.0411E+00
       4.7408E+00  3.5987E+00  4.0807E+00  4.6466E+00  4.5245E+00  4.3705E+00  3.5321E+00  5.3181E+00  4.0096E+00  4.9266E+00
       5.7487E+00  6.7525E+00  4.0081E+00  7.1964E+00  5.4130E+00  4.5377E+00  3.8593E+00  6.7764E+00  5.0664E+00  6.1268E+00
       5.2914E+00  6.0849E+00  4.6933E+00  4.5963E+00  5.0850E+00  4.8691E+00  4.9429E+00  5.3102E+00  7.4577E+00  6.6909E+00
       4.6823E+00  4.4787E+00  5.4667E+00  4.1353E+00  5.1449E+00  5.4933E+00  4.2243E+00  3.7278E+00  6.5946E+00  5.8419E+00
       6.1428E+00  4.5351E+00  4.7197E+00  5.2559E+00  4.9070E+00  4.4653E+00  4.8777E+00  4.9415E+00  4.9086E+00  4.6059E+00
       4.8998E+00  5.9235E+00  5.1650E+00  3.5414E+00  3.8708E+00  2.9771E+00  3.3046E+00  5.1043E+00  4.7746E+00  4.2488E+00
       3.6177E+00  5.2993E+00  4.8591E+00  3.9391E+00  3.6942E+00  3.9886E+00  3.6763E+00  4.9555E+00  3.9491E+00  5.3603E+00
       4.3448E+00  5.0511E+00  6.3853E+00  4.0877E+00  4.3284E+00  4.3573E+00  5.7869E+00  4.8101E+00  6.1573E+00  5.1574E+00
       5.8708E+00  3.6906E+00  5.7112E+00  3.3837E+00  3.6448E+00  4.5140E+00  4.7599E+00  4.7617E+00  5.4237E+00  6.2780E+00
       6.3397E+00  3.9660E+00  6.1759E+00  4.5340E+00  3.3240E+00  5.0535E+00  4.5048E+00  5.2880E+00  5.1118E+00  5.5413E+00
       4.9168E+00  5.6771E+00  5.9395E+00  5.2517E+00  4.3353E+00  5.1794E+00  4.7682E+00  5.1483E+00  8.0274E+00  5.6213E+00
       6.4985E+00  6.6699E+00  4.9503E+00  6.2580E+00  5.8635E+00  4.6656E+00  5.4421E+00  4.9268E+00  4.5974E+00  4.7764E+00
       7.9927E+00  7.4879E+00  7.3757E+00  6.2946E+00  6.3886E+00  6.9627E+00  5.0357E+00  5.1969E+00  4.6437E+00  9.7449E+00
       5.6383E+00  5.7323E+00  6.0484E+00  5.7155E+00  6.2599E+00  5.9146E+00  5.4536E+00  4.9054E+00  5.8458E+00  7.9722E+00
       8.7170E+00  4.8876E+00  5.1614E+00  4.3961E+00  5.8504E+00  5.6575E+00  5.1661E+00  5.9006E+00  6.2017E+00  6.9460E+00
       7.0688E+00  6.3284E+00  6.6313E+00  6.5180E+00  5.2507E+00  5.4030E+00  4.0283E+00  5.3788E+00  5.4451E+00  6.3141E+00
       6.3889E+00  6.7593E+00  4.9449E+00  6.7685E+00  4.7465E+00  4.7729E+00  4.9668E+00  6.1727E+00  5.5987E+00  9.7971E+00
       5.7552E+00  4.7256E+00  5.8632E+00  5.7942E+00  5.7404E+00  5.4202E+00  4.4370E+00  6.4106E+00  6.1053E+00  5.9590E+00
       6.6428E+00  4.7922E+00  6.8845E+00  3.8384E+00  6.4489E+00  5.3957E+00  3.8614E+00  6.6795E+00  7.5606E+00  5.5671E+00
       8.1074E+00  5.3693E+00  5.5860E+00  6.1849E+00  5.6804E+00  6.5707E+00  5.6056E+00  6.3057E+00  6.8587E+00  5.5509E+00
       6.6660E+00  6.1565E+00  8.0039E+00  4.2331E+00  4.4525E+00  7.1396E+00  5.5939E+00  5.1242E+00  1.1537E+01  6.4105E+00
       6.5655E+00  6.1644E+00  6.8775E+00  4.6412E+00  5.8114E+00  6.6877E+00  6.9080E+00  5.9603E+00  5.9037E+00  6.5817E+00
       7.6350E+00  6.9294E+00  7.3657E+00  6.9200E+00  6.3902E+00  6.2574E+00  6.1243E+00  6.0262E+00  5.6488E+00  7.3523E+00
       4.8794E+00  7.2611E+00  7.1706E+00  6.1571E+00  6.9839E+00  5.5059E+00  7.3757E+00  6.7628E+00  8.3844E+00  7.2749E+00
       7.2717E+00  6.5910E+00  6.4528E+00  6.4388E+00  3.3691E+00  6.1901E+00  7.7239E+00  7.7898E+00  5.6269E+00  7.4574E+00
       6.6858E+00  5.0010E+00  6.7706E+00  8.4377E+00  5.6975E+00  5.4615E+00  5.0132E+00  7.3350E+00  6.8356E+00  7.9176E+00
       6.8804E+00  7.0426E+00  5.9438E+00  1.0377E+01  7.6547E+00  6.5043E+00  6.4984E+00  8.8678E+00  5.6401E+00  7.3054E+00
       6.6667E+00  7.6406E+00  6.4057E+00  6.6493E+00  5.6063E+00  6.8334E+00  6.4329E+00  6.0749E+00  7.3962E+00  5.2374E+00
       8.8589E+00  5.3793E+00  6.2767E+00  5.0624E+00  7.4854E+00  4.5585E+00  5.8600E+00  5.9759E+00  8.5544E+00  8.1019E+00
       8.9981E+00  7.1137E+00  6.2866E+00  6.7008E+00  7.9659E+00  5.7010E+00  5.5877E+00  5.6855E+00  6.0611E+00  7.1968E+00
       8.6274E+00  5.6072E+00  6.3742E+00  5.9542E+00  5.8198E+00  6.1120E+00  7.5554E+00  5.0815E+00  7.2043E+00  5.7320E+00
       7.6321E+00  9.8851E+00  7.2485E+00  6.6398E+00  6.4687E+00  4.6724E+00  8.1718E+00  7.1478E+00  6.1703E+00  9.4530E+00
       9.0366E+00  7.1845E+00  6.1071E+00  6.6526E+00  5.8021E+00  7.7884E+00  8.3725E+00  7.0341E+00  8.2614E+00  1.0271E+01
       6.7987E+00  6.9282E+00  5.1232E+00  8.3421E+00  6.7598E+00  8.6137E+00  8.1604E+00  5.6576E+00  7.3441E+00  7.8267E+00
       8.0076E+00  8.2599E+00  8.3946E+00  6.3387E+00  6.1138E+00  7.0334E+00  7.4338E+00  6.6611E+00  8.6960E+00  6.0221E+00
       1.0842E+01  7.2370E+00  1.0620E+01  7.2737E+00  6.2113E+00  6.9423E+00  6.6611E+00  8.7698E+00  8.0421E+00  8.3264E+00
       9.7550E+00  6.4804E+00  5.1992E+00  1.1076E+01  8.0919E+00  7.5020E+00  7.0730E+00  8.4659E+00  5.5515E+00  8.4926E+00
       7.3781E+00  6.2544E+00  8.4313E+00  6.0020E+00  6.4137E+00  6.6195E+00  7.4817E+00  8.3468E+00  6.6637E+00  9.6663E+00
       7.8872E+00  5.6866E+00  6.7533E+00  6.4674E+00  8.3873E+00  6.4891E+00  5.1337E+00  8.8253E+00  7.0797E+00  8.6826E+00
       7.4123E+00  1.0011E+01  9.4076E+00  6.9613E+00  9.7023E+00  7.2536E+00  6.2768E+00  7.1679E+00  7.0123E+00  1.1033E+01
       6.6912E+00  6.5416E+00  7.0247E+00  7.9136E+00  6.7036E+00  7.4246E+00  8.2170E+00  7.8202E+00  8.6126E+00  6.8686E+00
       7.4252E+00  9.9346E+00  6.6234E+00  8.5688E+00  7.3325E+00  5.6516E+00  8.3383E+00  8.8054E+00  6.9212E+00  7.7523E+00
       9.2989E+00  9.3280E+00  9.9111E+00  5.7627E+00  5.1208E+00  7.5793E+00  9.1728E+00  8.4130E+00  7.7716E+00  9.6400E+00
       8.4922E+00  9.7180E+00  6.0274E+00  5.6387E+00  7.2196E+00  7.4476E+00  7.9192E+00  7.7468E+00  7.3364E+00  1.2444E+01
       7.8579E+00  9.1041E+00  8.5576E+00  9.9579E+00  7.5034E+00  5.5791E+00  5.4146E+00  1.1991E+01  9.0954E+00  1.0112E+01
       1.1542E+01  8.1419E+00  9.1295E+00  9.3615E+00  6.1088E+00  6.6945E+00  6.4073E+00  1.3276E+01  7.7845E+00  9.8593E+00
       1.1376E+01  7.4514E+00  9.5108E+00  8.0896E+00  6.5357E+00  7.3522E+00  1.0457E+01  1.0580E+01  7.3959E+00  6.9923E+00
       7.2087E+00  7.8302E+00  6.6148E+00  7.7276E+00  9.8814E+00  7.9459E+00  8.3388E+00  9.4005E+00  7.2176E+00  1.0161E+01
       7.8707E+00  7.5537E+00  7.5311E+00  6.2869E+00  6.3811E+00  8.6844E+00  6.8495E+00  8.4729E+00  9.2663E+00  8.9146E+00
       7.3055E+00  9.5424E+00  7.6735E+00  8.9556E+00  8.3928E+00  7.9250E+00  7.5913E+00  1.0356E+01  7.6106E+00  1.1871E+01
       8.1574E+00  7.2699E+00  7.2623E+00  7.2479E+00  6.6991E+00  6.2407E+00  8.4824E+00  6.1752E+00  7.6133E+00  7.7131E+00
       8.6589E+00  8.6132E+00  6.9084E+00  7.6509E+00  6.0747E+00  8.1692E+00  7.1680E+00  1.0797E+01  7.4368E+00  8.4676E+00
       8.5274E+00  8.7540E+00  6.1954E+00  8.8188E+00  8.2952E+00  1.1104E+01  8.1774E+00  7.5193E+00  9.2177E+00  1.1437E+01
       6.6052E+00  8.2790E+00  9.1076E+00  1.0294E+01  9.8995E+00  6.8115E+00  6.6848E+00  6.2961E+00  7.9485E+00  1.2765E+01
       8.2881E+00  8.1175E+00  8.2448E+00  9.0549E+00  7.9727E+00  7.5514E+00  6.9966E+00  1.2432E+01  7.5622E+00  1.1888E+01
       8.8785E+00  9.1194E+00  7.5907E+00  8.6598E+00  6.9908E+00  9.0584E+00  8.2843E+00  1.0683E+01  1.0403E+01  1.0008E+01
       8.6730E+00  7.9978E+00  9.9012E+00  9.0121E+00  8.0771E+00  7.2733E+00  9.0971E+00  9.8069E+00  9.7621E+00  7.7856E+00
       5.8672E+00  8.9805E+00  9.8523E+00  1.0757E+01  1.2661E+01  8.4557E+00  8.9082E+00  1.1705E+01  9.3230E+00  8.7717E+00
       9.0464E+00  7.2990E+00  9.0541E+00  8.9857E+00  7.8154E+00  9.2484E+00  8.8730E+00  1.0500E+01  7.8614E+00  9.4683E+00
       1.3468E+01  8.1181E+00  9.3930E+00  9.6074E+00  1.1368E+01  7.1280E+00  8.9172E+00  8.3117E+00  7.5888E+00  1.0931E+01
       7.8058E+00  5.8576E+00  9.8499E+00  7.3129E+00  7.4918E+00  5.7760E+00  8.5584E+00  4.9657E+00  1.0305E+01  8.5965E+00
       8.9309E+00  6.7490E+00  1.3353E+01  7.0703E+00  8.3973E+00  9.4101E+00  7.4064E+00  8.8850E+00  7.7756E+00  1.1646E+01
       6.3022E+00  8.9528E+00  1.0756E+01  9.0407E+00  6.5770E+00  8.4586E+00  1.0510E+01  8.9478E+00  5.8733E+00  9.0205E+00
       7.9437E+00  9.5544E+00  1.0414E+01  7.1681E+00  6.9514E+00  8.6517E+00  6.7136E+00  9.7638E+00  9.2223E+00  8.1409E+00
       1.0220E+01  1.0320E+01  1.0068E+01  6.5566E+00  7.8159E+00  9.6274E+00  7.2833E+00  7.1120E+00  1.2794E+01  7.5277E+00
       9.7331E+00  7.4223E+00  9.5562E+00  8.2089E+00  8.1273E+00  7.9781E+00  6.6889E+00  8.7109E+00  9.8318E+00  9.3258E+00
       8.6754E+00  1.2597E+01  1.1123E+01  1.0505E+01  8.6558E+00  7.1076E+00  8.6029E+00  8.5915E+00  1.1392E+01  9.4174E+00
       1.0244E+01  9.1257E+00  9.2095E+00  8.4181E+00  8.8739E+00  9.2984E+00  1.0861E+01  9.8767E+00  7.5927E+00  9.3981E+00
       8.3321E+00  8.8862E+00  9.4632E+00  9.2881E+00  7.4460E+00  6.5296E+00  6.0354E+00  8.4961E+00  1.0309E+01  1.0323E+01
       7.7056E+00  8.0833E+00  7.9649E+00  1.0046E+01  7.7944E+00  9.0559E+00  9.2075E+00  7.6339E+00  9.8678E+00  9.3568E+00
       8.8753E+00  9.4291E+00  8.2016E+00  7.4641E+00  7.3770E+00  8.1103E+00  6.1916E+00  7.1064E+00  8.2522E+00  9.2578E+00
       7.1944E+00  6.1204E+00  1.0280E+01  6.0640E+00  7.7076E+00  9.0774E+00  7.5314E+00  5.8917E+00  7.0605E+00  1.0367E+01
       8.3458E+00  6.6190E+00  7.4376E+00  6.5280E+00  8.9789E+00  7.6407E+00  6.7206E+00  7.2019E+00  8.0009E+00  7.0172E+00
       9.6242E+00  7.9796E+00  7.8213E+00  6.7497E+00  6.4923E+00  6.4651E+00  8.8388E+00  6.6383E+00  8.4252E+00  6.2903E+00
       6.0997E+00  9.1781E+00  5.7012E+00  9.1633E+00  6.8343E+00  9.0492E+00  6.9064E+00  6.5212E+00  6.4035E+00  5.4994E+00
       9.6303E+00  7.2742E+00  7.7908E+00  7.5019E+00  1.0160E+01  5.5521E+00  8.0369E+00  9.1783E+00  7.7265E+00  9.5791E+00
       1.0002E+01  7.4038E+00  1.0004E+01  8.2027E+00  9.5627E+00  5.6388E+00  6.3255E+00  8.6328E+00  8.7671E+00  9.6189E+00
       6.7091E+00  7.0300E+00  8.3982E+00  9.5147E+00  6.9061E+00  1.2550E+01  7.6655E+00  9.6078E+00  7.8135E+00  1.0441E+01
       6.8840E+00  3.9547E+00  8.1565E+00  6.8904E+00  6.5103E+00  8.1272E+00  6.6746E+00  8.7970E+00  7.9878E+00  7.2082E+00
       6.9616E+00  7.6146E+00  9.9701E+00  7.1829E+00  6.3918E+00  6.2994E+00  7.4418E+00  5.3266E+00  7.7883E+00  5.8337E+00
       8.1751E+00  7.4548E+00  8.6490E+00  7.1938E+00  6.7251E+00  5.3638E+00  6.7882E+00  6.1945E+00  9.1067E+00  5.3069E+00
