1
   Cartesian binning n.   1  "DoseEq    " , generalized particle n.  240
      X coordinate: from -8.5000E+01 to  8.5000E+01 cm,    10 bins ( 1.7000E+01 cm wide)
      Y coordinate: from -2.5000E+01 to  2.5000E+01 cm,    10 bins ( 5.0000E+00 cm wide)
      Z coordinate: from  2.2500E+02 to  2.7500E+02 cm,    10 bins ( 5.0000E+00 cm wide)
      Data follow in a matrix A(ix,iy,iz), format (1(5x,1p,10(1x,e11.4)))

      accurate deposition along the tracks requested
      this is a track-length binning
       2.7787E-04  3.6624E-04  3.7360E-04  3.9590E-04  4.3722E-04  4.3512E-04  4.0382E-04  3.9652E-04  3.4488E-04  2.9192E-04
       3.2228E-04  3.8909E-04  4.4413E-04  4.8222E-04  5.1368E-04  5.1455E-04  5.1362E-04  4.6474E-04  4.1477E-04  3.3183E-04
       3.4708E-04  4.3685E-04  4.6174E-04  5.0834E-04  5.5180E-04  5.5311E-04  5.2969E-04  4.8982E-04  4.0401E-04  3.3564E-04
       3.6537E-04  4.3636E-04  4.8104E-04  5.3763E-04  5.3469E-04  5.4158E-04  5.1300E-04  4.7709E-04  4.2599E-04  3.3679E-04
       3.5119E-04  4.3084E-04  4.8298E-04  5.3654E-04  5.4313E-04  5.5417E-04  5.4482E-04  4.8712E-04  4.3038E-04  3.5059E-04
       3.6031E-04  4.3871E-04  4.9881E-04  5.3825E-04  5.7273E-04  5.3678E-04  5.2109E-04  4.8301E-04  4.3118E-04  3.4380E-04
       3.3451E-04  4.4180E-04  4.9260E-04  5.4783E-04  5.6990E-04  5.5794E-04  5.1906E-04  4.6677E-04  4.2613E-04  3.3201E-04
       3.4953E-04  4.1532E-04  4.6515E-04  5.2097E-04  5.1080E-04  5.3728E-04  5.3120E-04  4.7371E-04  4.2462E-04  3.4468E-04
       3.4390E-04  3.9278E-04  4.3715E-04  4.8815E-04  4.9499E-04  5.0333E-04  4.9532E-04  4.6182E-04  4.0334E-04  3.3271E-04
       2.8741E-04  3.3428E-04  3.9084E-04  3.9930E-04  4.4019E-04  4.3440E-04  4.3521E-04  3.9985E-04  3.5335E-04  2.9363E-04
       2.1567E-04  2.8664E-04  2.8911E-04  3.1732E-04  3.5655E-04  3.5125E-04  3.3348E-04  3.1928E-04  2.5941E-04  2.2379E-04
       2.5511E-04  3.3555E-04  3.7546E-04  4.1623E-04  4.4945E-04  4.4965E-04  4.4328E-04  3.9335E-04  3.3174E-04  2.6703E-04
       2.8175E-04  3.7104E-04  4.0839E-04  4.4372E-04  4.6291E-04  4.8124E-04  4.7176E-04  4.1135E-04  3.7730E-04  2.8364E-04
       2.9520E-04  3.7787E-04  4.4272E-04  4.6569E-04  4.6383E-04  4.8330E-04  4.6267E-04  4.1282E-04  3.7447E-04  2.7351E-04
       2.8233E-04  3.9001E-04  4.4312E-04  4.7837E-04  4.8756E-04  5.0200E-04  4.7800E-04  4.2090E-04  3.7851E-04  2.9127E-04
       2.7710E-04  3.8571E-04  4.4924E-04  4.9280E-04  4.9757E-04  5.0397E-04  4.6232E-04  4.2716E-04  3.7659E-04  2.8927E-04
       2.8452E-04  3.8564E-04  4.1010E-04  4.8523E-04  4.8553E-04  4.8595E-04  4.6518E-04  4.0176E-04  3.6722E-04  2.8202E-04
       2.7412E-04  3.7245E-04  4.1319E-04  4.6291E-04  4.6249E-04  4.7733E-04  4.6459E-04  3.9465E-04  3.4436E-04  2.7574E-04
       2.7170E-04  3.3643E-04  3.7820E-04  4.2799E-04  4.2903E-04  4.3769E-04  4.1401E-04  3.9088E-04  3.1761E-04  2.5467E-04
       2.1362E-04  2.8131E-04  3.0147E-04  3.1954E-04  3.5547E-04  3.5822E-04  3.4698E-04  3.1685E-04  2.6989E-04  2.1105E-04
       1.6058E-04  1.9879E-04  2.2756E-04  2.5022E-04  2.5578E-04  2.5555E-04  2.6292E-04  2.5721E-04  2.0278E-04  1.7542E-04
       1.9776E-04  2.6710E-04  3.2091E-04  3.2515E-04  3.4328E-04  3.5603E-04  3.5195E-04  3.2018E-04  2.6903E-04  2.0043E-04
       2.1359E-04  2.9360E-04  3.3984E-04  3.6290E-04  3.7457E-04  3.9039E-04  3.8922E-04  3.3031E-04  2.8527E-04  2.2368E-04
       2.2105E-04  3.1522E-04  3.5605E-04  3.7272E-04  3.9532E-04  3.8102E-04  3.9554E-04  3.3107E-04  2.8519E-04  2.1458E-04
       2.1585E-04  3.1278E-04  3.7745E-04  3.8490E-04  4.1024E-04  4.0426E-04  3.8328E-04  3.4729E-04  2.9636E-04  2.3417E-04
       2.1906E-04  3.1186E-04  3.6103E-04  3.9017E-04  4.2064E-04  3.9791E-04  3.7589E-04  3.2553E-04  3.0751E-04  2.3483E-04
       2.1713E-04  3.1332E-04  3.2902E-04  3.7854E-04  4.0582E-04  3.9416E-04  3.7232E-04  3.2378E-04  2.7656E-04  2.1522E-04
       2.0409E-04  2.8794E-04  3.3461E-04  3.5295E-04  3.6131E-04  3.6843E-04  3.6664E-04  3.2177E-04  2.6348E-04  2.1776E-04
       1.9201E-04  2.5281E-04  2.8899E-04  3.2883E-04  3.3324E-04  3.3097E-04  3.1801E-04  3.0012E-04  2.4543E-04  1.8905E-04
       1.6387E-04  2.1040E-04  2.3598E-04  2.4947E-04  2.7307E-04  2.6127E-04  2.5129E-04  2.4172E-04  2.1247E-04  1.5732E-04
       1.2381E-04  1.4942E-04  1.8257E-04  1.8973E-04  1.9174E-04  2.1147E-04  1.9454E-04  1.9827E-04  1.6096E-04  1.3135E-04
       1.5127E-04  2.1032E-04  2.4492E-04  2.5820E-04  2.8056E-04  2.6722E-04  2.6960E-04  2.4349E-04  1.9799E-04  1.5865E-04
       1.6165E-04  2.1749E-04  2.6912E-04  2.7217E-04  3.0786E-04  3.0607E-04  2.9799E-04  2.6607E-04  2.2030E-04  1.5512E-04
       1.6479E-04  2.2462E-04  2.8759E-04  2.8230E-04  3.1127E-04  3.3525E-04  3.0104E-04  2.6672E-04  2.2952E-04  1.6074E-04
       1.7067E-04  2.4398E-04  2.8334E-04  2.8970E-04  3.2400E-04  3.3657E-04  3.1222E-04  2.5871E-04  2.2162E-04  1.8311E-04
       1.7368E-04  2.5144E-04  2.8516E-04  2.9090E-04  3.4500E-04  3.3036E-04  3.0793E-04  2.7948E-04  2.3144E-04  1.8618E-04
       1.5548E-04  2.3815E-04  2.5978E-04  3.1458E-04  3.2607E-04  3.1778E-04  2.9412E-04  2.7065E-04  2.2354E-04  1.6075E-04
       1.5366E-04  2.3603E-04  2.4918E-04  2.7992E-04  2.9436E-04  3.0952E-04  2.9432E-04  2.4141E-04  2.0753E-04  1.5464E-04
       1.3087E-04  2.0563E-04  2.3222E-04  2.4011E-04  2.6187E-04  2.5591E-04  2.4767E-04  2.3246E-04  1.8062E-04  1.3867E-04
       1.2237E-04  1.5265E-04  1.8864E-04  1.7585E-04  2.0828E-04  1.8261E-04  1.8901E-04  1.6618E-04  1.5277E-04  1.2128E-04
       9.4439E-05  1.1623E-04  1.5108E-04  1.4800E-04  1.4820E-04  1.5598E-04  1.5096E-04  1.5583E-04  1.3289E-04  1.0358E-04
       1.0723E-04  1.6213E-04  1.8209E-04  1.9458E-04  2.2398E-04  2.1060E-04  2.0447E-04  1.9059E-04  1.5372E-04  1.2898E-04
       1.2559E-04  1.7760E-04  2.0971E-04  2.1493E-04  2.2228E-04  2.4868E-04  2.1746E-04  1.9803E-04  1.6442E-04  1.1986E-04
       1.3136E-04  1.7156E-04  2.1930E-04  2.2196E-04  2.5009E-04  2.5764E-04  2.2628E-04  2.0212E-04  1.6804E-04  1.1170E-04
       1.4147E-04  1.8150E-04  2.1527E-04  2.2746E-04  2.5240E-04  2.6719E-04  2.4305E-04  2.1283E-04  1.7144E-04  1.2859E-04
       1.3792E-04  1.9705E-04  2.1082E-04  2.2953E-04  2.7875E-04  2.6339E-04  2.3461E-04  2.2065E-04  1.8575E-04  1.2601E-04
       1.3216E-04  1.9313E-04  1.9438E-04  2.4079E-04  2.6137E-04  2.5282E-04  2.2520E-04  2.0017E-04  1.8046E-04  1.3691E-04
       1.2383E-04  1.7343E-04  1.9610E-04  2.1195E-04  2.2032E-04  2.4334E-04  2.2078E-04  1.9359E-04  1.5660E-04  1.2707E-04
       1.0061E-04  1.5391E-04  1.8478E-04  2.0308E-04  1.9471E-04  1.9905E-04  1.8130E-04  1.8160E-04  1.4337E-04  1.1174E-04
       9.2589E-05  1.2565E-04  1.3054E-04  1.3974E-04  1.5826E-04  1.4766E-04  1.4466E-04  1.3298E-04  1.1748E-04  9.4901E-05
       7.5135E-05  9.4029E-05  1.0818E-04  1.1363E-04  1.2162E-04  1.2052E-04  1.1758E-04  1.2028E-04  1.0318E-04  8.4069E-05
       9.5214E-05  1.1583E-04  1.3642E-04  1.3609E-04  1.6438E-04  1.6475E-04  1.5469E-04  1.4329E-04  1.2963E-04  9.5886E-05
       1.0224E-04  1.3454E-04  1.7276E-04  1.6879E-04  1.8763E-04  1.7901E-04  1.5528E-04  1.5973E-04  1.3065E-04  9.4498E-05
       9.9937E-05  1.3038E-04  1.7510E-04  1.8086E-04  2.0580E-04  2.0367E-04  1.7928E-04  1.8279E-04  1.3667E-04  1.0110E-04
       1.1628E-04  1.4207E-04  1.7152E-04  1.7036E-04  1.9557E-04  2.0120E-04  1.8706E-04  1.7871E-04  1.3500E-04  1.0594E-04
       1.0541E-04  1.4737E-04  1.7878E-04  1.8345E-04  2.1046E-04  1.9862E-04  1.8943E-04  1.7855E-04  1.4755E-04  1.0181E-04
       9.9367E-05  1.4442E-04  1.5465E-04  1.8270E-04  2.0519E-04  1.9209E-04  1.7949E-04  1.6081E-04  1.2306E-04  1.0457E-04
       8.4949E-05  1.3461E-04  1.5306E-04  1.6905E-04  1.8276E-04  1.9992E-04  1.7849E-04  1.5154E-04  1.1207E-04  9.4182E-05
       8.7436E-05  1.2468E-04  1.2734E-04  1.5733E-04  1.6025E-04  1.6071E-04  1.4764E-04  1.3957E-04  1.0588E-04  9.7301E-05
       7.5119E-05  9.8118E-05  1.0942E-04  1.1442E-04  1.1461E-04  1.1900E-04  1.1401E-04  1.0720E-04  9.1631E-05  7.8683E-05
       5.8024E-05  7.8508E-05  9.0944E-05  9.6320E-05  9.8249E-05  1.0274E-04  9.2650E-05  8.2724E-05  7.9342E-05  7.2203E-05
       8.1178E-05  9.8682E-05  1.1830E-04  1.0616E-04  1.3086E-04  1.2985E-04  1.2228E-04  1.2083E-04  9.6100E-05  8.0412E-05
       8.2533E-05  1.0532E-04  1.4024E-04  1.2854E-04  1.3915E-04  1.3853E-04  1.2391E-04  1.2540E-04  1.0366E-04  7.3885E-05
       8.6603E-05  1.0728E-04  1.3587E-04  1.4359E-04  1.5812E-04  1.5897E-04  1.3688E-04  1.4301E-04  1.0633E-04  7.5121E-05
       9.0992E-05  1.0960E-04  1.3935E-04  1.4281E-04  1.4173E-04  1.5940E-04  1.4764E-04  1.4854E-04  1.1062E-04  7.4747E-05
       8.5501E-05  1.1898E-04  1.2675E-04  1.4295E-04  1.6252E-04  1.5645E-04  1.5347E-04  1.3794E-04  1.1667E-04  7.5949E-05
       7.0482E-05  1.1757E-04  1.2446E-04  1.3490E-04  1.4765E-04  1.5482E-04  1.4869E-04  1.3676E-04  1.0973E-04  8.1044E-05
       6.5516E-05  1.0300E-04  1.2196E-04  1.3629E-04  1.2901E-04  1.5574E-04  1.3990E-04  1.1974E-04  9.1778E-05  8.6169E-05
       7.0553E-05  9.2686E-05  1.0631E-04  1.2147E-04  1.2188E-04  1.2642E-04  1.2915E-04  1.1109E-04  8.8333E-05  7.4405E-05
       5.9357E-05  7.9422E-05  8.9297E-05  9.2611E-05  1.0158E-04  1.0336E-04  1.0144E-04  9.1731E-05  7.9358E-05  6.3796E-05
       5.1562E-05  6.1495E-05  7.7082E-05  8.0534E-05  8.0076E-05  8.2047E-05  7.3940E-05  6.8770E-05  6.1142E-05  6.2060E-05
       6.9087E-05  7.4549E-05  9.0991E-05  8.8256E-05  9.2082E-05  1.0056E-04  9.5227E-05  1.0124E-04  7.2190E-05  6.9060E-05
       6.8799E-05  8.1057E-05  9.8811E-05  1.0168E-04  1.0741E-04  1.2005E-04  1.0707E-04  9.9334E-05  8.0420E-05  6.2968E-05
       6.9808E-05  9.5315E-05  1.0181E-04  1.2040E-04  1.2313E-04  1.2287E-04  1.0793E-04  1.0362E-04  8.5453E-05  6.6982E-05
       7.1519E-05  9.4364E-05  9.4700E-05  1.1943E-04  1.1333E-04  1.2290E-04  1.0782E-04  1.0944E-04  8.8017E-05  6.2264E-05
       6.9983E-05  8.8426E-05  1.0336E-04  1.1255E-04  1.1510E-04  1.1635E-04  1.2563E-04  1.1528E-04  8.3332E-05  6.1969E-05
       6.0179E-05  8.3467E-05  9.6576E-05  1.0882E-04  1.1785E-04  1.2066E-04  1.2111E-04  1.0902E-04  9.3931E-05  8.0139E-05
       5.6416E-05  8.2540E-05  8.9930E-05  1.0556E-04  1.0676E-04  1.1829E-04  1.0501E-04  9.1496E-05  8.4376E-05  5.9775E-05
       5.6598E-05  7.9115E-05  8.0826E-05  9.0798E-05  1.0061E-04  1.0861E-04  9.4820E-05  7.4670E-05  7.3073E-05  5.9478E-05
       5.1607E-05  6.1794E-05  7.0232E-05  7.6952E-05  8.2837E-05  8.3554E-05  7.1057E-05  6.7704E-05  6.2140E-05  5.1613E-05
       4.5260E-05  5.5494E-05  6.0794E-05  6.7341E-05  6.4811E-05  6.4724E-05  6.4264E-05  5.7940E-05  5.2619E-05  5.3788E-05
       5.3923E-05  5.7666E-05  7.1574E-05  7.1137E-05  7.0014E-05  7.4654E-05  7.4701E-05  6.9966E-05  6.8483E-05  5.2662E-05
       5.4087E-05  7.0998E-05  7.1199E-05  8.3399E-05  7.5010E-05  8.2115E-05  8.9890E-05  8.6380E-05  6.8645E-05  5.3151E-05
       5.7858E-05  8.0231E-05  7.4040E-05  8.8047E-05  9.2998E-05  9.5132E-05  8.6066E-05  8.3963E-05  7.2581E-05  6.1808E-05
       5.8069E-05  6.9803E-05  8.3994E-05  8.7666E-05  9.2503E-05  9.8141E-05  8.5436E-05  8.8826E-05  7.1845E-05  4.9737E-05
       5.4995E-05  6.7459E-05  8.1986E-05  8.4430E-05  9.4284E-05  9.9549E-05  8.9467E-05  8.6108E-05  6.9536E-05  5.4098E-05
       5.3928E-05  7.5171E-05  8.1470E-05  8.2781E-05  8.8232E-05  1.0164E-04  9.4242E-05  8.6111E-05  6.8256E-05  5.6942E-05
       4.8861E-05  6.6722E-05  7.6474E-05  7.6310E-05  8.5470E-05  9.3054E-05  8.9805E-05  7.6502E-05  6.4083E-05  5.2585E-05
       4.7974E-05  6.0642E-05  6.8381E-05  7.2514E-05  7.9335E-05  8.9613E-05  7.3191E-05  6.0329E-05  6.5624E-05  5.4012E-05
       4.1688E-05  4.9830E-05  5.6605E-05  6.2942E-05  7.0459E-05  6.9316E-05  6.3413E-05  5.3299E-05  5.0332E-05  4.7406E-05
       4.4488E-05  5.3242E-05  5.1404E-05  5.9928E-05  5.7337E-05  5.0497E-05  4.9531E-05  5.4057E-05  4.7225E-05  4.3767E-05
       4.8698E-05  5.6843E-05  6.2418E-05  6.1142E-05  6.0994E-05  6.8064E-05  6.3125E-05  7.1401E-05  5.8184E-05  5.0299E-05
       4.9382E-05  6.7845E-05  6.3807E-05  5.8616E-05  7.2210E-05  6.6766E-05  6.7756E-05  6.8252E-05  6.0775E-05  4.7684E-05
       5.8131E-05  5.9578E-05  6.6482E-05  7.2349E-05  7.5450E-05  7.0499E-05  7.7311E-05  6.5313E-05  6.1680E-05  4.3104E-05
       5.3691E-05  5.6852E-05  6.5508E-05  7.4020E-05  8.1112E-05  7.6246E-05  7.0240E-05  7.0337E-05  6.4022E-05  4.4013E-05
       5.0067E-05  4.9165E-05  6.5576E-05  7.7986E-05  7.7416E-05  7.6421E-05  7.7429E-05  6.6797E-05  5.8833E-05  4.7758E-05
       5.0985E-05  5.7483E-05  6.9869E-05  6.8951E-05  7.0328E-05  8.7068E-05  7.4870E-05  6.0627E-05  5.5455E-05  4.8861E-05
       5.4427E-05  5.3029E-05  6.9462E-05  6.6252E-05  7.6336E-05  7.6311E-05  7.0113E-05  6.7757E-05  5.2130E-05  4.5982E-05
       4.2343E-05  4.5552E-05  6.6300E-05  6.5069E-05  6.6952E-05  7.3990E-05  6.7858E-05  5.2157E-05  4.9716E-05  4.5397E-05
       3.6205E-05  4.7511E-05  5.5655E-05  5.8636E-05  5.2753E-05  5.8016E-05  5.6807E-05  4.7700E-05  4.3503E-05  3.9882E-05

      Percentage errors follow in a matrix A(ix,iy,iz), format (1(5x,1p,10(1x,e11.4)))

       3.3813E+00  2.7595E+00  3.1047E+00  2.1519E+00  2.5476E+00  2.3103E+00  4.1652E+00  3.2309E+00  2.1393E+00  3.3324E+00
       2.5829E+00  2.9928E+00  2.0892E+00  2.6636E+00  1.9970E+00  1.7800E+00  2.4922E+00  2.3332E+00  3.1648E+00  2.9774E+00
       3.4106E+00  1.9386E+00  2.7953E+00  3.0856E+00  2.0312E+00  2.2518E+00  3.0563E+00  2.7254E+00  2.1442E+00  1.9338E+00
       2.8968E+00  2.5256E+00  2.0566E+00  2.3112E+00  2.3848E+00  2.1315E+00  2.2063E+00  2.0837E+00  3.2920E+00  4.0998E+00
       2.7885E+00  3.0315E+00  3.4342E+00  2.3532E+00  2.3597E+00  2.4800E+00  3.6362E+00  2.2138E+00  2.4839E+00  3.2856E+00
       2.6425E+00  2.8491E+00  2.7122E+00  2.7590E+00  2.5816E+00  2.3190E+00  1.9837E+00  2.0615E+00  2.1684E+00  2.1359E+00
       3.1605E+00  2.5714E+00  2.8643E+00  2.5770E+00  1.8902E+00  2.4234E+00  2.4829E+00  2.6893E+00  3.0582E+00  2.4206E+00
       2.7202E+00  4.2890E+00  3.6107E+00  1.9800E+00  2.8707E+00  2.0383E+00  2.2796E+00  2.2458E+00  3.6641E+00  2.7017E+00
       2.9932E+00  3.5106E+00  2.8800E+00  2.6269E+00  3.6071E+00  3.1901E+00  2.2496E+00  2.8576E+00  3.5992E+00  2.6545E+00
       3.0432E+00  2.8644E+00  3.1018E+00  3.2233E+00  2.3992E+00  2.7223E+00  3.0962E+00  2.7633E+00  3.1627E+00  3.6125E+00
       3.1858E+00  3.9072E+00  3.2761E+00  2.7106E+00  3.2712E+00  3.2838E+00  3.8771E+00  2.9973E+00  2.5725E+00  4.7360E+00
       3.1344E+00  3.4412E+00  2.9509E+00  2.9601E+00  2.5474E+00  2.7083E+00  3.4249E+00  3.1129E+00  2.4911E+00  3.9100E+00
       3.2127E+00  3.1435E+00  2.7828E+00  3.1371E+00  2.1149E+00  3.1006E+00  3.3737E+00  2.8788E+00  3.5543E+00  3.4863E+00
       2.7995E+00  2.2397E+00  2.9618E+00  2.1006E+00  3.3423E+00  3.0544E+00  2.7343E+00  2.8379E+00  3.8858E+00  3.0052E+00
       3.7011E+00  3.0387E+00  3.9047E+00  3.0304E+00  2.8428E+00  2.5482E+00  2.5862E+00  2.6978E+00  2.6934E+00  3.8825E+00
       3.0490E+00  3.0300E+00  3.6415E+00  3.1970E+00  3.2310E+00  2.3282E+00  2.1052E+00  2.1127E+00  3.6295E+00  4.7353E+00
       3.6494E+00  2.7763E+00  2.8787E+00  2.6014E+00  3.3720E+00  2.1423E+00  2.3693E+00  2.0763E+00  3.7956E+00  3.3290E+00
       3.3590E+00  3.5196E+00  3.8107E+00  2.7029E+00  4.0149E+00  2.9941E+00  2.9907E+00  3.6198E+00  3.0533E+00  3.4565E+00
       3.5222E+00  3.2859E+00  3.3665E+00  2.3070E+00  3.6886E+00  2.5964E+00  2.0329E+00  3.1931E+00  2.7734E+00  3.7034E+00
       3.4237E+00  3.4714E+00  3.1794E+00  4.0679E+00  2.9122E+00  2.5534E+00  4.0447E+00  2.6948E+00  4.3096E+00  3.3726E+00
       4.1372E+00  3.9927E+00  4.4279E+00  2.9941E+00  3.5088E+00  3.0883E+00  2.9900E+00  2.8981E+00  3.3682E+00  4.6316E+00
       3.5451E+00  3.9680E+00  3.5265E+00  3.3895E+00  2.9503E+00  3.9195E+00  3.5369E+00  3.4212E+00  5.0527E+00  4.9395E+00
       3.5895E+00  2.8185E+00  3.2675E+00  2.8627E+00  2.7253E+00  3.6191E+00  3.7719E+00  2.8301E+00  2.6946E+00  2.8065E+00
       3.1192E+00  2.8083E+00  3.5698E+00  2.4965E+00  2.6112E+00  3.3393E+00  2.6393E+00  2.9647E+00  3.4988E+00  4.2970E+00
       3.7905E+00  3.0393E+00  2.7234E+00  2.6155E+00  3.6184E+00  2.7011E+00  3.0950E+00  3.8745E+00  4.0641E+00  4.2123E+00
       3.6398E+00  3.1707E+00  3.3797E+00  3.4010E+00  3.1046E+00  3.3990E+00  2.5464E+00  2.7626E+00  3.2504E+00  4.4442E+00
       4.0494E+00  3.0601E+00  4.4386E+00  3.7874E+00  3.6919E+00  3.2436E+00  3.0507E+00  3.4467E+00  3.9872E+00  3.8645E+00
       3.2324E+00  2.9254E+00  4.6451E+00  3.4379E+00  2.5265E+00  3.1992E+00  3.2633E+00  4.4572E+00  3.0576E+00  3.9497E+00
       3.8212E+00  3.5683E+00  4.0386E+00  3.2546E+00  3.3007E+00  4.4473E+00  3.1286E+00  3.9548E+00  4.3760E+00  4.0374E+00
       3.3671E+00  3.4022E+00  4.1710E+00  3.8661E+00  3.9274E+00  3.1693E+00  3.0819E+00  3.4760E+00  3.1730E+00  3.4526E+00
       5.3055E+00  4.6510E+00  4.0781E+00  4.7080E+00  3.5426E+00  3.9540E+00  3.7615E+00  4.4762E+00  4.7922E+00  3.3624E+00
       5.4784E+00  4.4332E+00  3.8955E+00  3.4115E+00  4.0168E+00  4.3190E+00  3.7710E+00  3.3054E+00  5.2179E+00  5.9841E+00
       4.5178E+00  4.0946E+00  3.6757E+00  2.8373E+00  3.4366E+00  3.7602E+00  3.6651E+00  3.4795E+00  4.3994E+00  4.1936E+00
       3.7167E+00  3.8689E+00  3.7780E+00  3.4142E+00  4.3474E+00  2.8823E+00  3.4584E+00  3.6435E+00  3.9208E+00  3.6568E+00
       4.8158E+00  3.3190E+00  2.8277E+00  3.0801E+00  3.5906E+00  3.3274E+00  3.3650E+00  2.8568E+00  4.4286E+00  4.4250E+00
       4.3036E+00  3.5531E+00  3.7847E+00  3.4789E+00  3.2003E+00  3.7775E+00  4.4014E+00  2.9868E+00  4.2053E+00  4.7737E+00
       5.1632E+00  4.5579E+00  3.5559E+00  3.6912E+00  3.7737E+00  3.0124E+00  3.7285E+00  3.8833E+00  3.6383E+00  4.6163E+00
       3.7493E+00  4.3218E+00  4.2599E+00  3.5394E+00  2.7857E+00  2.6309E+00  4.3309E+00  4.0205E+00  2.9844E+00  3.6833E+00
       4.9968E+00  3.1964E+00  5.3826E+00  3.1554E+00  3.3686E+00  4.5024E+00  3.9377E+00  3.2554E+00  3.2996E+00  5.0303E+00
       6.5195E+00  4.9935E+00  4.8317E+00  3.2988E+00  4.3147E+00  5.2693E+00  3.8535E+00  3.4644E+00  4.6159E+00  5.1007E+00
       5.5257E+00  4.7018E+00  5.3425E+00  4.5748E+00  5.8616E+00  4.1342E+00  4.3245E+00  4.1816E+00  4.8154E+00  4.8060E+00
       7.4371E+00  4.7279E+00  4.7469E+00  4.1713E+00  4.6749E+00  4.5961E+00  5.5247E+00  3.8022E+00  4.5049E+00  5.9764E+00
       4.9697E+00  3.8478E+00  3.9792E+00  4.7667E+00  4.6969E+00  4.1193E+00  3.6958E+00  4.7307E+00  5.1835E+00  5.7464E+00
       7.0793E+00  5.4585E+00  4.7842E+00  3.9268E+00  5.4380E+00  3.1350E+00  4.7039E+00  3.2787E+00  5.2140E+00  5.2164E+00
       4.7970E+00  3.4762E+00  4.4530E+00  2.7378E+00  5.3338E+00  3.0085E+00  4.6130E+00  3.1392E+00  2.7255E+00  5.6574E+00
       5.8566E+00  3.1919E+00  4.4401E+00  3.2681E+00  3.7800E+00  3.8674E+00  4.5210E+00  3.1713E+00  4.8209E+00  5.8214E+00
       3.8577E+00  5.0657E+00  4.2594E+00  3.4835E+00  4.1048E+00  2.8553E+00  3.6434E+00  4.4394E+00  3.1469E+00  3.5994E+00
       4.2650E+00  4.2061E+00  3.5025E+00  2.8936E+00  3.1668E+00  3.0643E+00  3.8700E+00  3.8112E+00  4.6807E+00  6.6626E+00
       5.8983E+00  4.1885E+00  3.3591E+00  3.8994E+00  5.1824E+00  3.8244E+00  4.7955E+00  4.0775E+00  5.0873E+00  6.0075E+00
       6.5289E+00  5.5171E+00  5.2421E+00  4.4515E+00  5.1869E+00  4.2007E+00  5.8040E+00  4.8118E+00  5.1881E+00  7.3867E+00
       6.4791E+00  5.7599E+00  5.9803E+00  4.9419E+00  4.5547E+00  5.0143E+00  4.1976E+00  5.2522E+00  5.7298E+00  6.9564E+00
       7.3215E+00  5.6700E+00  4.6826E+00  5.2750E+00  3.7387E+00  4.8573E+00  4.8290E+00  5.5034E+00  5.8878E+00  5.3484E+00
       5.5737E+00  3.5267E+00  4.5413E+00  5.4025E+00  4.5629E+00  5.7467E+00  4.0865E+00  5.1534E+00  4.6964E+00  6.8013E+00
       7.0662E+00  5.2205E+00  5.7186E+00  4.9460E+00  5.1620E+00  4.2388E+00  3.7008E+00  5.1174E+00  4.8371E+00  4.2531E+00
       4.9022E+00  5.0710E+00  5.1804E+00  4.5652E+00  4.5791E+00  6.2819E+00  3.1833E+00  2.5873E+00  4.3278E+00  6.0948E+00
       6.6090E+00  4.2581E+00  4.1803E+00  4.4214E+00  4.4727E+00  4.0633E+00  5.6407E+00  4.1393E+00  5.0174E+00  7.1453E+00
       5.3675E+00  4.9423E+00  3.5827E+00  4.7656E+00  3.1036E+00  3.2398E+00  4.2558E+00  6.9618E+00  4.3164E+00  5.9477E+00
       5.7318E+00  5.2602E+00  3.6175E+00  4.0844E+00  4.1788E+00  3.5729E+00  3.9189E+00  4.9305E+00  5.3003E+00  6.5511E+00
       5.9302E+00  5.9469E+00  5.2231E+00  5.0943E+00  5.5032E+00  5.6949E+00  3.5258E+00  5.4769E+00  4.2252E+00  6.5226E+00
       6.9764E+00  6.5426E+00  6.7186E+00  4.3683E+00  5.4299E+00  5.7469E+00  5.5076E+00  5.3421E+00  5.9327E+00  6.6683E+00
       8.4769E+00  7.0111E+00  5.5625E+00  5.9685E+00  5.1746E+00  4.2291E+00  5.1057E+00  7.4942E+00  8.6263E+00  1.0775E+01
       7.9243E+00  6.1460E+00  4.7528E+00  4.6853E+00  6.0628E+00  5.9282E+00  4.9577E+00  5.1759E+00  7.0653E+00  6.5635E+00
       5.7959E+00  5.1716E+00  4.6022E+00  4.8749E+00  5.2021E+00  5.8045E+00  5.1102E+00  4.0109E+00  4.7010E+00  6.0116E+00
       5.7273E+00  5.8648E+00  4.9775E+00  4.9767E+00  4.3645E+00  4.3828E+00  4.0755E+00  4.8505E+00  5.4298E+00  6.5066E+00
       4.9638E+00  7.3440E+00  6.3945E+00  4.9866E+00  4.6187E+00  5.1323E+00  3.7554E+00  3.2138E+00  4.4336E+00  4.9546E+00
       6.8935E+00  5.8097E+00  7.8086E+00  4.1765E+00  5.1634E+00  4.3388E+00  5.8170E+00  5.5075E+00  6.6105E+00  7.6130E+00
       6.4716E+00  3.8538E+00  4.7807E+00  4.7564E+00  3.8023E+00  4.4992E+00  5.6787E+00  4.8490E+00  6.6929E+00  6.5662E+00
       6.6952E+00  6.5203E+00  5.1317E+00  6.3473E+00  5.6169E+00  4.5965E+00  4.6859E+00  4.8198E+00  8.0965E+00  4.9284E+00
       7.6356E+00  5.7085E+00  4.7289E+00  5.3732E+00  4.8374E+00  5.4357E+00  5.1947E+00  5.4265E+00  6.2295E+00  6.5678E+00
       5.5818E+00  5.8207E+00  5.3817E+00  6.0228E+00  5.9203E+00  6.2730E+00  4.9582E+00  7.2768E+00  5.8155E+00  6.0871E+00
       8.4975E+00  7.6686E+00  4.6884E+00  6.0318E+00  4.8290E+00  6.7941E+00  6.3514E+00  6.1240E+00  6.8423E+00  8.1750E+00
       7.4959E+00  6.8791E+00  4.8574E+00  3.9464E+00  5.8759E+00  4.3979E+00  5.7068E+00  7.6705E+00  7.7797E+00  7.0553E+00
       6.8955E+00  7.8215E+00  5.6493E+00  4.3390E+00  4.8706E+00  5.3740E+00  5.1593E+00  5.8028E+00  8.0544E+00  6.7664E+00
       7.4573E+00  5.5894E+00  6.0889E+00  5.4767E+00  6.1257E+00  6.2877E+00  4.6233E+00  5.6860E+00  6.7339E+00  6.8352E+00
       6.2349E+00  6.1224E+00  5.7488E+00  5.4087E+00  5.5911E+00  4.4936E+00  5.0622E+00  6.5888E+00  6.7213E+00  7.4894E+00
       6.4129E+00  7.1486E+00  7.2183E+00  5.1934E+00  6.1658E+00  3.4156E+00  5.4951E+00  4.6614E+00  5.2396E+00  7.5824E+00
       5.9039E+00  7.3262E+00  5.2812E+00  6.0697E+00  4.4671E+00  5.3584E+00  4.0773E+00  5.1377E+00  7.9188E+00  7.7005E+00
       9.5193E+00  6.2224E+00  5.5960E+00  4.1561E+00  6.1325E+00  5.3996E+00  5.1689E+00  6.9535E+00  7.1046E+00  4.8475E+00
       9.4270E+00  8.0909E+00  6.6662E+00  3.8133E+00  5.2327E+00  8.2351E+00  4.7128E+00  6.2790E+00  6.3128E+00  5.5412E+00
       7.8985E+00  9.5572E+00  7.2664E+00  6.3884E+00  5.7906E+00  7.5254E+00  7.7199E+00  7.0825E+00  8.1608E+00  6.3833E+00
       8.4517E+00  6.1650E+00  7.3768E+00  8.5860E+00  6.8289E+00  6.8302E+00  7.3010E+00  8.9475E+00  8.6927E+00  1.0762E+01
       6.5489E+00  6.0470E+00  6.6092E+00  7.3393E+00  7.4122E+00  6.1464E+00  7.1021E+00  1.0055E+01  8.3885E+00  8.7187E+00
       7.3074E+00  5.4881E+00  6.3838E+00  7.5772E+00  6.7920E+00  6.8576E+00  6.2629E+00  6.2342E+00  7.2165E+00  7.0239E+00
       7.3420E+00  7.0394E+00  6.5134E+00  7.2325E+00  4.2597E+00  7.3508E+00  4.2102E+00  6.8412E+00  7.3891E+00  9.6082E+00
       7.5728E+00  5.1672E+00  7.3261E+00  6.2592E+00  4.9622E+00  4.2751E+00  5.8908E+00  8.0490E+00  8.8341E+00  6.9673E+00
       8.0836E+00  6.1063E+00  6.8844E+00  6.5004E+00  5.5822E+00  5.3346E+00  6.0448E+00  4.6979E+00  8.0752E+00  7.0117E+00
       5.4250E+00  6.3275E+00  6.6227E+00  6.7284E+00  6.7456E+00  5.4514E+00  4.8684E+00  5.2404E+00  5.3060E+00  9.3720E+00
       8.6715E+00  6.3732E+00  6.0495E+00  5.1473E+00  5.3695E+00  2.9119E+00  6.8302E+00  7.7013E+00  7.5192E+00  7.8894E+00
       6.9074E+00  9.4289E+00  6.5807E+00  6.4237E+00  7.0290E+00  8.0023E+00  8.2036E+00  6.9646E+00  9.8684E+00  8.1176E+00
       8.2258E+00  9.9762E+00  8.9548E+00  7.0396E+00  6.0775E+00  6.8017E+00  7.4776E+00  8.2147E+00  8.3466E+00  7.5658E+00
       9.2059E+00  6.9416E+00  5.9764E+00  9.3988E+00  5.3001E+00  7.3134E+00  8.4767E+00  7.2834E+00  7.4379E+00  7.7001E+00
       8.6674E+00  5.7464E+00  7.8610E+00  1.0104E+01  8.4970E+00  7.8631E+00  5.6793E+00  9.8931E+00  8.3093E+00  6.1601E+00
       9.1305E+00  5.5456E+00  8.3367E+00  1.1629E+01  6.3570E+00  7.1115E+00  6.6288E+00  6.2638E+00  8.7891E+00  1.1697E+01
       7.5221E+00  6.7248E+00  7.1727E+00  6.9101E+00  4.7951E+00  8.1337E+00  4.4265E+00  6.3918E+00  8.3303E+00  9.4880E+00
       7.4726E+00  5.5351E+00  6.8165E+00  5.2536E+00  5.2387E+00  5.8213E+00  6.4319E+00  7.2596E+00  1.0353E+01  8.8405E+00
       7.9322E+00  8.2027E+00  6.0020E+00  6.5443E+00  7.6946E+00  5.0087E+00  6.6879E+00  7.7795E+00  5.4882E+00  1.0372E+01
       1.0120E+01  7.2234E+00  8.9413E+00  6.8966E+00  6.2944E+00  7.8541E+00  5.4606E+00  6.0327E+00  7.4458E+00  8.6637E+00
       9.8965E+00  6.2953E+00  8.7633E+00  5.6713E+00  7.0227E+00  6.1948E+00  7.0829E+00  7.4642E+00  6.7511E+00  8.3386E+00
       1.0490E+01  9.6044E+00  6.9088E+00  7.2349E+00  7.3000E+00  7.8670E+00  6.9164E+00  7.5986E+00  7.5155E+00  1.0440E+01
       9.8039E+00  9.8370E+00  7.6775E+00  6.2450E+00  7.0831E+00  6.7609E+00  8.5586E+00  6.7522E+00  7.2967E+00  6.3259E+00
