1
   Cartesian binning n.   1  "DoseEq    " , generalized particle n.  240
      X coordinate: from -8.5000E+01 to  8.5000E+01 cm,    10 bins ( 1.7000E+01 cm wide)
      Y coordinate: from -2.5000E+01 to  2.5000E+01 cm,    10 bins ( 5.0000E+00 cm wide)
      Z coordinate: from  2.2500E+02 to  2.7500E+02 cm,    10 bins ( 5.0000E+00 cm wide)
      Data follow in a matrix A(ix,iy,iz), format (1(5x,1p,10(1x,e11.4)))

      accurate deposition along the tracks requested
      this is a track-length binning
       2.1362E-04  2.4163E-04  2.8512E-04  2.9513E-04  2.8422E-04  2.8840E-04  3.0939E-04  2.8229E-04  2.4761E-04  2.1556E-04
       2.3920E-04  2.7718E-04  3.1026E-04  3.2917E-04  3.3816E-04  3.5383E-04  3.4978E-04  3.0389E-04  2.8807E-04  2.3600E-04
       2.5405E-04  2.8457E-04  3.1396E-04  3.5045E-04  3.7024E-04  3.6467E-04  3.5563E-04  3.2171E-04  3.0897E-04  2.3621E-04
       2.4881E-04  2.8289E-04  3.4216E-04  3.5557E-04  3.7177E-04  3.6183E-04  3.7341E-04  3.3411E-04  3.0948E-04  2.5620E-04
       2.4929E-04  2.9386E-04  3.3478E-04  3.6744E-04  3.7435E-04  3.7461E-04  3.6324E-04  3.2598E-04  3.0067E-04  2.5374E-04
       2.3719E-04  2.9593E-04  3.2295E-04  3.4696E-04  3.7274E-04  3.6093E-04  3.4819E-04  3.3309E-04  3.0428E-04  2.6879E-04
       2.3899E-04  3.0827E-04  3.1233E-04  3.5081E-04  3.7913E-04  3.5669E-04  3.5196E-04  3.3944E-04  2.9224E-04  2.4225E-04
       2.5257E-04  3.1552E-04  3.2233E-04  3.5991E-04  3.8036E-04  3.6393E-04  3.3651E-04  3.1280E-04  2.7523E-04  2.6070E-04
       2.4146E-04  2.8182E-04  3.2648E-04  3.3130E-04  3.5382E-04  3.1780E-04  3.1521E-04  3.1100E-04  2.8769E-04  2.3280E-04
       2.1057E-04  2.5339E-04  2.8295E-04  2.9426E-04  3.0842E-04  3.1133E-04  2.9389E-04  2.5660E-04  2.4895E-04  2.2328E-04
       1.4793E-04  1.6994E-04  2.0004E-04  1.9906E-04  2.1737E-04  2.0310E-04  2.3070E-04  1.9819E-04  1.7873E-04  1.4192E-04
       1.7140E-04  2.0185E-04  2.2731E-04  2.4487E-04  2.6544E-04  2.7017E-04  2.6609E-04  2.2753E-04  2.2463E-04  1.6336E-04
       1.8603E-04  2.1508E-04  2.4014E-04  2.6540E-04  2.8900E-04  2.9677E-04  2.8397E-04  2.5383E-04  2.3745E-04  1.7287E-04
       1.7034E-04  2.3088E-04  2.7836E-04  2.8476E-04  2.9487E-04  2.9778E-04  2.9437E-04  2.6603E-04  2.3459E-04  1.7562E-04
       1.7141E-04  2.3259E-04  2.5939E-04  2.8711E-04  3.0525E-04  2.9515E-04  2.7784E-04  2.5398E-04  2.2616E-04  1.8415E-04
       1.7877E-04  2.2912E-04  2.5457E-04  2.8938E-04  3.0761E-04  2.8242E-04  2.7350E-04  2.6650E-04  2.3780E-04  1.9251E-04
       1.8445E-04  2.3559E-04  2.5083E-04  2.7156E-04  3.0522E-04  2.7537E-04  2.6846E-04  2.6049E-04  2.1525E-04  1.7463E-04
       1.9196E-04  2.4397E-04  2.4280E-04  2.7785E-04  2.9160E-04  2.8339E-04  2.5765E-04  2.4866E-04  2.0765E-04  1.8416E-04
       1.8488E-04  2.0897E-04  2.3836E-04  2.5718E-04  2.5895E-04  2.3840E-04  2.3912E-04  2.2905E-04  2.1169E-04  1.6348E-04
       1.4873E-04  1.9219E-04  2.0860E-04  2.0447E-04  2.1611E-04  2.1486E-04  2.0827E-04  1.8819E-04  1.7213E-04  1.4922E-04
       1.0495E-04  1.1745E-04  1.3985E-04  1.5728E-04  1.4845E-04  1.5484E-04  1.4421E-04  1.4597E-04  1.2916E-04  1.0313E-04
       1.1449E-04  1.3761E-04  1.5377E-04  1.9142E-04  1.9596E-04  1.9856E-04  1.8684E-04  1.6666E-04  1.5297E-04  1.0875E-04
       1.3191E-04  1.5648E-04  1.8089E-04  1.9937E-04  2.0876E-04  2.1477E-04  1.9545E-04  1.7338E-04  1.6129E-04  1.2129E-04
       1.2417E-04  1.6717E-04  1.9676E-04  2.1411E-04  2.1244E-04  2.0877E-04  2.0669E-04  1.8678E-04  1.6091E-04  1.2544E-04
       1.1358E-04  1.7030E-04  2.0016E-04  2.2059E-04  2.2585E-04  2.0330E-04  2.1066E-04  1.8727E-04  1.6206E-04  1.1683E-04
       1.2490E-04  1.6844E-04  1.8121E-04  2.1423E-04  2.3432E-04  2.0276E-04  2.0328E-04  1.9674E-04  1.8254E-04  1.2331E-04
       1.4040E-04  1.6802E-04  1.8951E-04  2.0139E-04  2.2117E-04  2.0186E-04  2.0215E-04  1.8399E-04  1.6509E-04  1.2841E-04
       1.3636E-04  1.7663E-04  1.6816E-04  1.9988E-04  2.1176E-04  2.1241E-04  1.9177E-04  1.7809E-04  1.5910E-04  1.1711E-04
       1.2661E-04  1.5833E-04  1.6306E-04  1.8167E-04  1.9019E-04  1.7791E-04  1.7559E-04  1.6001E-04  1.5032E-04  1.2100E-04
       1.0677E-04  1.3508E-04  1.4070E-04  1.5647E-04  1.6459E-04  1.5842E-04  1.3780E-04  1.2523E-04  1.2407E-04  1.0781E-04
       8.2706E-05  9.6281E-05  1.0616E-04  1.1713E-04  1.1078E-04  1.2191E-04  1.1949E-04  1.0590E-04  1.0046E-04  7.6691E-05
       8.7114E-05  1.0849E-04  1.1930E-04  1.3100E-04  1.4477E-04  1.4829E-04  1.2904E-04  1.2753E-04  1.1818E-04  9.3575E-05
       9.3612E-05  1.1728E-04  1.3562E-04  1.5158E-04  1.5857E-04  1.5353E-04  1.5331E-04  1.2824E-04  1.3524E-04  9.4229E-05
       8.8982E-05  1.2812E-04  1.4254E-04  1.5210E-04  1.6738E-04  1.5601E-04  1.4577E-04  1.3397E-04  1.1666E-04  9.8627E-05
       9.3020E-05  1.3169E-04  1.5043E-04  1.5854E-04  1.6771E-04  1.5575E-04  1.5243E-04  1.5145E-04  1.2623E-04  9.6083E-05
       9.8723E-05  1.1907E-04  1.4086E-04  1.5348E-04  1.7225E-04  1.5496E-04  1.5443E-04  1.5089E-04  1.3190E-04  9.6014E-05
       9.8941E-05  1.2889E-04  1.3617E-04  1.4943E-04  1.7107E-04  1.5596E-04  1.5107E-04  1.3549E-04  1.1910E-04  8.8178E-05
       1.0285E-04  1.3200E-04  1.3132E-04  1.3949E-04  1.5814E-04  1.5697E-04  1.4857E-04  1.2558E-04  1.1863E-04  8.7229E-05
       9.2852E-05  1.1579E-04  1.1611E-04  1.3018E-04  1.4436E-04  1.3327E-04  1.2688E-04  1.1152E-04  1.0388E-04  9.2470E-05
       8.8000E-05  1.0109E-04  1.0138E-04  1.1227E-04  1.2591E-04  1.2089E-04  1.1278E-04  1.0302E-04  1.0236E-04  8.4010E-05
       6.8787E-05  7.8037E-05  8.7137E-05  8.9794E-05  8.6292E-05  9.3442E-05  8.6936E-05  7.7620E-05  7.7455E-05  5.9328E-05
       6.7312E-05  9.5249E-05  9.0754E-05  1.0434E-04  1.0348E-04  1.0371E-04  1.1498E-04  9.5061E-05  9.5660E-05  6.8614E-05
       7.0988E-05  9.2615E-05  1.0941E-04  1.1884E-04  1.2092E-04  1.0771E-04  1.1441E-04  9.8449E-05  9.5588E-05  7.3400E-05
       7.8296E-05  9.1222E-05  1.1475E-04  1.2172E-04  1.2927E-04  1.1959E-04  1.1757E-04  1.0987E-04  8.9035E-05  7.4835E-05
       7.2985E-05  9.0133E-05  1.1219E-04  1.2400E-04  1.2726E-04  1.2215E-04  1.2793E-04  1.2129E-04  9.6125E-05  7.5183E-05
       7.7447E-05  8.8133E-05  1.1171E-04  1.2001E-04  1.2668E-04  1.1870E-04  1.1759E-04  1.1712E-04  9.5719E-05  7.3385E-05
       7.4257E-05  9.4497E-05  1.1070E-04  1.2107E-04  1.2362E-04  1.1130E-04  1.0408E-04  1.1114E-04  8.2492E-05  6.8753E-05
       7.8230E-05  9.6158E-05  9.9112E-05  1.1603E-04  1.1144E-04  1.2933E-04  1.0731E-04  9.1113E-05  8.7576E-05  7.1831E-05
       7.0655E-05  8.6859E-05  9.4718E-05  1.0257E-04  1.0697E-04  1.1127E-04  1.0842E-04  9.0202E-05  7.8575E-05  6.6333E-05
       6.9806E-05  8.3116E-05  8.3264E-05  8.8215E-05  9.8990E-05  9.5992E-05  9.5669E-05  8.1603E-05  7.7328E-05  6.8273E-05
       5.2768E-05  6.3047E-05  6.6890E-05  6.9401E-05  7.3638E-05  7.6638E-05  6.5133E-05  6.3936E-05  6.2784E-05  4.7686E-05
       5.7153E-05  6.5441E-05  7.7211E-05  8.1845E-05  8.0857E-05  7.9150E-05  8.2271E-05  8.2021E-05  7.5656E-05  5.6374E-05
       6.0919E-05  7.1813E-05  8.0805E-05  9.7034E-05  9.2428E-05  8.9762E-05  9.2962E-05  8.7676E-05  7.2063E-05  5.9406E-05
       6.2132E-05  6.4947E-05  8.7584E-05  9.0695E-05  9.8196E-05  8.8986E-05  9.5331E-05  9.6907E-05  6.9412E-05  6.4327E-05
       6.3329E-05  6.7960E-05  8.6428E-05  9.3965E-05  1.0255E-04  8.7734E-05  9.6487E-05  9.2349E-05  7.2966E-05  6.8437E-05
       6.2931E-05  7.7990E-05  7.7300E-05  9.7699E-05  1.0335E-04  9.4941E-05  8.8810E-05  9.0304E-05  6.7535E-05  6.3484E-05
       6.4387E-05  7.2011E-05  9.0412E-05  8.9732E-05  9.7232E-05  1.0179E-04  8.7998E-05  8.2632E-05  6.5991E-05  5.9479E-05
       6.7459E-05  7.9078E-05  8.3895E-05  8.1683E-05  1.0682E-04  1.0071E-04  7.8287E-05  7.2965E-05  7.7605E-05  4.9571E-05
       5.8987E-05  7.7735E-05  8.2222E-05  8.1343E-05  9.5607E-05  8.6398E-05  7.9904E-05  7.1269E-05  7.0565E-05  5.4117E-05
       6.0967E-05  6.4714E-05  7.0992E-05  7.4904E-05  8.7394E-05  7.3746E-05  8.0659E-05  7.8969E-05  6.3525E-05  5.6307E-05
       5.1110E-05  5.6656E-05  6.4017E-05  6.5192E-05  6.1100E-05  6.0405E-05  6.6770E-05  5.8221E-05  5.8363E-05  4.6843E-05
       4.8537E-05  4.8235E-05  6.5443E-05  6.7669E-05  6.7220E-05  6.7719E-05  6.5891E-05  6.5631E-05  5.8539E-05  4.7897E-05
       4.7271E-05  4.8188E-05  6.1318E-05  7.1499E-05  6.9715E-05  6.0438E-05  7.4143E-05  6.9309E-05  6.3975E-05  4.6319E-05
       5.0852E-05  5.5711E-05  6.5743E-05  7.1385E-05  7.2409E-05  6.9514E-05  7.8736E-05  6.5749E-05  5.7471E-05  5.2237E-05
       5.2102E-05  5.7037E-05  5.9811E-05  7.9688E-05  7.4118E-05  6.9967E-05  7.1198E-05  6.8847E-05  5.7037E-05  5.8994E-05
       5.0095E-05  6.1488E-05  6.3591E-05  7.6052E-05  7.3873E-05  7.1857E-05  7.3815E-05  6.8453E-05  5.7157E-05  4.7862E-05
       5.0185E-05  6.1433E-05  7.2867E-05  7.2954E-05  7.3151E-05  7.8304E-05  6.7614E-05  6.2828E-05  5.6868E-05  5.0494E-05
       5.4400E-05  6.1753E-05  6.1535E-05  7.0939E-05  8.1988E-05  7.9875E-05  6.3348E-05  6.4286E-05  5.3508E-05  5.0744E-05
       5.3965E-05  5.7087E-05  6.2654E-05  6.9088E-05  7.3388E-05  7.3519E-05  7.0889E-05  5.6477E-05  5.2939E-05  4.7356E-05
       5.5995E-05  5.6517E-05  5.9877E-05  5.9193E-05  6.3810E-05  6.7563E-05  6.6255E-05  6.0874E-05  5.8970E-05  4.8196E-05
       4.4330E-05  6.0812E-05  5.2643E-05  5.4233E-05  5.4959E-05  5.5347E-05  5.6866E-05  5.6514E-05  4.9619E-05  4.2258E-05
       3.8974E-05  4.5407E-05  5.3882E-05  4.9434E-05  5.1628E-05  4.8346E-05  5.4390E-05  5.7020E-05  4.8638E-05  4.1315E-05
       4.4710E-05  4.3637E-05  5.4525E-05  5.6914E-05  5.2727E-05  6.0258E-05  6.1376E-05  6.3052E-05  5.3089E-05  4.6895E-05
       3.9207E-05  4.5027E-05  5.7451E-05  6.6913E-05  6.7648E-05  5.7103E-05  6.1836E-05  5.8019E-05  5.0652E-05  4.4213E-05
       5.0583E-05  4.8121E-05  5.0628E-05  5.6232E-05  6.1655E-05  6.3863E-05  5.8833E-05  5.3588E-05  5.3270E-05  4.8427E-05
       5.0370E-05  4.9293E-05  5.1292E-05  6.2179E-05  6.0415E-05  6.2393E-05  6.5777E-05  5.7373E-05  4.7473E-05  4.6710E-05
       5.0906E-05  4.6636E-05  4.7662E-05  5.9625E-05  5.8262E-05  6.1203E-05  5.4829E-05  5.2057E-05  4.1605E-05  4.8905E-05
       4.5458E-05  4.8561E-05  4.8047E-05  5.9066E-05  5.8975E-05  6.3276E-05  4.8074E-05  4.7427E-05  4.4077E-05  4.6763E-05
       3.8507E-05  4.3083E-05  4.6449E-05  5.5689E-05  5.8549E-05  5.9933E-05  5.1909E-05  4.2724E-05  5.1841E-05  4.2093E-05
       4.9837E-05  4.6652E-05  5.4625E-05  5.9034E-05  5.6619E-05  5.7130E-05  5.2207E-05  5.1200E-05  5.5735E-05  4.7781E-05
       4.6726E-05  4.6487E-05  4.9362E-05  5.2146E-05  5.3598E-05  5.1352E-05  5.3494E-05  4.4528E-05  4.4447E-05  4.2722E-05
       4.3178E-05  3.5717E-05  4.2004E-05  4.1400E-05  4.8619E-05  5.2075E-05  5.0103E-05  4.9299E-05  4.0999E-05  3.8034E-05
       4.2758E-05  3.5072E-05  4.4936E-05  5.1521E-05  5.2034E-05  4.6293E-05  5.1555E-05  4.8343E-05  5.2492E-05  4.1451E-05
       3.8532E-05  3.8543E-05  4.8238E-05  6.5697E-05  5.8611E-05  5.3219E-05  5.2488E-05  5.0213E-05  4.8764E-05  4.1788E-05
       3.8534E-05  4.4402E-05  4.6008E-05  5.5761E-05  5.4023E-05  5.5213E-05  5.6531E-05  4.9332E-05  4.8426E-05  4.9254E-05
       4.2964E-05  4.1638E-05  4.2880E-05  5.3440E-05  6.0294E-05  5.2926E-05  4.9545E-05  5.0217E-05  4.0444E-05  4.0626E-05
       4.3098E-05  4.4834E-05  4.6808E-05  5.4560E-05  5.3372E-05  5.3588E-05  4.6331E-05  4.5951E-05  4.1083E-05  4.2249E-05
       4.4325E-05  4.0603E-05  4.7504E-05  4.9407E-05  5.3804E-05  4.6010E-05  4.3510E-05  3.7174E-05  3.2977E-05  3.8906E-05
       3.7104E-05  4.6650E-05  4.2021E-05  4.6329E-05  5.7600E-05  4.5068E-05  4.4781E-05  4.0876E-05  3.9767E-05  4.2025E-05
       4.3507E-05  4.4790E-05  5.0829E-05  5.1721E-05  5.9334E-05  5.1264E-05  5.1001E-05  4.3689E-05  4.6372E-05  4.4851E-05
       4.5687E-05  4.7151E-05  4.7591E-05  5.3559E-05  5.7203E-05  5.8563E-05  5.2634E-05  4.9297E-05  5.0124E-05  4.7678E-05
       4.7512E-05  3.9020E-05  4.0985E-05  4.2207E-05  5.0545E-05  4.8752E-05  5.2713E-05  5.1770E-05  4.8979E-05  4.4965E-05
       4.6291E-05  3.9313E-05  4.7870E-05  4.7951E-05  5.2784E-05  4.9072E-05  5.6086E-05  5.4263E-05  5.7599E-05  5.3827E-05
       4.7106E-05  4.5938E-05  5.5945E-05  6.0572E-05  5.9094E-05  5.5807E-05  5.0629E-05  5.6248E-05  5.1194E-05  4.8854E-05
       4.3497E-05  4.5020E-05  5.2273E-05  6.0047E-05  5.7170E-05  5.8196E-05  5.4078E-05  4.9596E-05  4.6580E-05  5.7387E-05
       4.1591E-05  4.7168E-05  4.5024E-05  4.8007E-05  5.8624E-05  6.0168E-05  5.1556E-05  5.4438E-05  4.8452E-05  4.4772E-05
       4.8335E-05  4.2968E-05  5.2012E-05  5.5792E-05  5.6294E-05  5.3048E-05  4.8909E-05  5.1666E-05  4.2667E-05  5.0296E-05
       4.7669E-05  4.5755E-05  4.9657E-05  5.9882E-05  5.2800E-05  4.6398E-05  4.8621E-05  4.8044E-05  4.6784E-05  4.3251E-05
       4.5875E-05  5.2206E-05  5.2660E-05  5.2932E-05  5.1175E-05  5.0669E-05  5.1157E-05  4.7372E-05  4.6666E-05  4.8613E-05
       4.6422E-05  4.6952E-05  5.4028E-05  4.8419E-05  5.2460E-05  5.2397E-05  4.9437E-05  4.8165E-05  5.1547E-05  4.9022E-05

      Percentage errors follow in a matrix A(ix,iy,iz), format (1(5x,1p,10(1x,e11.4)))

       3.9511E+00  3.0278E+00  2.2260E+00  3.2788E+00  2.5593E+00  2.1897E+00  3.8636E+00  3.9427E+00  2.5392E+00  3.3100E+00
       3.3859E+00  2.6314E+00  3.4222E+00  2.7846E+00  2.8216E+00  2.4275E+00  3.2625E+00  3.7719E+00  2.6334E+00  4.0538E+00
       3.6995E+00  2.8766E+00  2.5197E+00  3.6799E+00  3.4900E+00  3.9417E+00  2.2590E+00  3.7140E+00  3.6565E+00  2.8639E+00
       2.8205E+00  3.6181E+00  3.5244E+00  2.8095E+00  2.3400E+00  2.3881E+00  4.2938E+00  2.6094E+00  3.1428E+00  3.5252E+00
       3.3365E+00  3.9551E+00  2.3184E+00  2.9184E+00  3.4587E+00  2.8971E+00  3.6002E+00  2.8780E+00  4.3191E+00  2.8219E+00
       3.7325E+00  3.5683E+00  2.9381E+00  3.8596E+00  2.2123E+00  3.1194E+00  2.5754E+00  3.1897E+00  2.2773E+00  4.4012E+00
       3.0735E+00  2.8447E+00  3.5138E+00  3.7383E+00  3.3406E+00  2.8850E+00  3.3629E+00  2.4769E+00  3.2354E+00  4.6459E+00
       4.3287E+00  2.4230E+00  3.5486E+00  3.7584E+00  3.7515E+00  4.0642E+00  2.8251E+00  3.6078E+00  3.0333E+00  4.3247E+00
       3.7970E+00  3.4988E+00  2.6229E+00  4.1609E+00  3.6056E+00  3.5855E+00  2.7118E+00  3.4232E+00  3.9778E+00  4.7690E+00
       3.0599E+00  2.9646E+00  3.2306E+00  3.3584E+00  3.1712E+00  3.3438E+00  2.3588E+00  2.3573E+00  3.7651E+00  4.3224E+00
       4.2187E+00  3.3555E+00  4.0250E+00  4.3032E+00  4.1850E+00  3.4843E+00  3.9708E+00  4.4912E+00  4.9105E+00  5.9430E+00
       4.1002E+00  4.7862E+00  3.8506E+00  4.0013E+00  3.8741E+00  2.9420E+00  2.7197E+00  3.9088E+00  4.1379E+00  4.8461E+00
       4.3301E+00  5.8508E+00  4.4439E+00  3.9348E+00  2.8085E+00  3.2309E+00  3.6564E+00  5.0070E+00  4.2120E+00  5.5931E+00
       4.3702E+00  5.3029E+00  3.8506E+00  3.3295E+00  2.6536E+00  3.4097E+00  3.9690E+00  3.1884E+00  3.9034E+00  3.9731E+00
       3.3517E+00  3.9076E+00  3.3131E+00  4.2667E+00  2.9593E+00  3.3048E+00  3.3810E+00  3.6785E+00  3.2337E+00  3.7185E+00
       4.5487E+00  4.1974E+00  3.5049E+00  3.8458E+00  3.1131E+00  2.5383E+00  2.5607E+00  3.6445E+00  2.4572E+00  4.2797E+00
       3.7089E+00  4.5875E+00  3.2040E+00  2.9051E+00  3.6311E+00  2.7597E+00  2.7696E+00  3.0379E+00  2.9491E+00  4.4151E+00
       5.2364E+00  4.7055E+00  2.8240E+00  4.0242E+00  4.8678E+00  3.1073E+00  3.3647E+00  4.3098E+00  4.3301E+00  2.8104E+00
       3.7756E+00  4.3137E+00  3.8356E+00  3.6055E+00  3.3933E+00  4.0458E+00  4.1540E+00  2.8828E+00  4.5678E+00  3.8151E+00
       4.9130E+00  3.3047E+00  3.5334E+00  3.4379E+00  3.7820E+00  3.2571E+00  3.4561E+00  2.1648E+00  4.2698E+00  4.3425E+00
       6.3591E+00  5.0990E+00  5.0597E+00  4.8400E+00  5.3455E+00  4.2802E+00  3.9275E+00  4.3666E+00  6.3264E+00  6.8306E+00
       4.9676E+00  4.8725E+00  5.0349E+00  4.0215E+00  5.8550E+00  4.4413E+00  3.2770E+00  3.7458E+00  4.9030E+00  6.6588E+00
       5.4352E+00  5.7428E+00  3.9602E+00  4.5375E+00  3.1696E+00  3.7140E+00  3.9371E+00  4.7976E+00  4.5025E+00  6.7804E+00
       4.5877E+00  3.4971E+00  3.9893E+00  4.6596E+00  3.5916E+00  3.1506E+00  3.3333E+00  2.7422E+00  4.6592E+00  4.4933E+00
       6.2898E+00  5.2624E+00  3.7057E+00  4.0132E+00  2.6173E+00  5.0881E+00  3.1877E+00  4.1292E+00  5.3235E+00  4.3880E+00
       5.4359E+00  3.8105E+00  4.1308E+00  2.8169E+00  3.3175E+00  3.4051E+00  3.9334E+00  3.5261E+00  4.4053E+00  4.4974E+00
       4.2273E+00  5.2109E+00  4.2414E+00  3.7820E+00  3.5421E+00  3.7371E+00  4.5820E+00  4.0755E+00  3.1025E+00  5.8649E+00
       5.8942E+00  5.5455E+00  5.6730E+00  4.6254E+00  3.7943E+00  3.9108E+00  5.0949E+00  3.9926E+00  6.7036E+00  4.6373E+00
       4.6783E+00  4.3625E+00  4.6451E+00  4.8978E+00  4.0127E+00  4.6902E+00  4.3967E+00  5.2534E+00  3.7148E+00  4.5906E+00
       6.2167E+00  3.5938E+00  3.8732E+00  3.8348E+00  4.6480E+00  3.7437E+00  3.1517E+00  4.1913E+00  4.5493E+00  3.5305E+00
       5.9489E+00  4.9663E+00  4.4719E+00  5.1138E+00  5.9401E+00  4.6447E+00  3.9144E+00  6.7290E+00  6.7676E+00  7.1143E+00
       6.7427E+00  4.7282E+00  5.0164E+00  3.9645E+00  3.9501E+00  4.1031E+00  6.2946E+00  5.8809E+00  5.6797E+00  6.0839E+00
       6.6937E+00  6.5773E+00  5.6469E+00  4.8816E+00  4.1621E+00  4.6344E+00  5.9317E+00  5.3790E+00  4.8237E+00  7.5510E+00
       6.7303E+00  5.8782E+00  3.7579E+00  6.9868E+00  4.3908E+00  3.9443E+00  5.3759E+00  5.9881E+00  6.6065E+00  5.0236E+00
       5.7456E+00  4.2733E+00  5.7787E+00  3.9641E+00  4.8675E+00  4.8210E+00  4.2710E+00  4.7086E+00  6.5628E+00  6.4504E+00
       6.2036E+00  4.5473E+00  4.3297E+00  3.7807E+00  3.9748E+00  4.3125E+00  5.1884E+00  5.1691E+00  5.5645E+00  7.8000E+00
       4.3936E+00  5.6598E+00  5.1651E+00  4.3912E+00  4.7585E+00  4.6303E+00  5.4153E+00  4.3360E+00  5.7334E+00  7.0859E+00
       5.4104E+00  5.0735E+00  5.4892E+00  4.3464E+00  4.5992E+00  4.9672E+00  6.6188E+00  5.9616E+00  5.8977E+00  5.1972E+00
       5.6063E+00  5.8452E+00  6.2748E+00  5.1906E+00  4.9040E+00  5.3779E+00  4.7742E+00  3.9000E+00  4.8512E+00  6.1104E+00
       3.9791E+00  4.4588E+00  3.1233E+00  5.4821E+00  3.9801E+00  4.5096E+00  5.3201E+00  5.2979E+00  5.3998E+00  7.1469E+00
       7.1709E+00  7.7410E+00  6.9872E+00  6.2586E+00  5.2261E+00  6.1707E+00  4.7792E+00  4.6639E+00  6.2671E+00  5.8442E+00
       7.8397E+00  4.8756E+00  5.3865E+00  5.5857E+00  4.2763E+00  6.6885E+00  4.9304E+00  5.7261E+00  6.0303E+00  6.6326E+00
       7.6966E+00  4.4025E+00  7.7866E+00  5.4234E+00  4.5223E+00  5.0872E+00  6.1371E+00  4.8842E+00  5.8041E+00  7.5360E+00
       6.5009E+00  5.8754E+00  4.1425E+00  6.1108E+00  6.0550E+00  4.7168E+00  3.9492E+00  5.6909E+00  7.5989E+00  5.7811E+00
       8.0564E+00  6.3360E+00  6.8464E+00  5.5930E+00  5.5360E+00  7.8615E+00  6.7451E+00  5.9504E+00  6.5369E+00  6.7152E+00
       7.9955E+00  6.2674E+00  5.6580E+00  4.0195E+00  4.1720E+00  5.0861E+00  6.0442E+00  6.7482E+00  5.1266E+00  8.0238E+00
       5.9758E+00  6.4344E+00  5.7692E+00  5.2758E+00  5.6345E+00  5.1403E+00  6.0724E+00  5.0586E+00  6.8855E+00  6.7814E+00
       8.0820E+00  5.1395E+00  5.0438E+00  5.3073E+00  5.7393E+00  5.9483E+00  4.7939E+00  6.2371E+00  4.4776E+00  7.2994E+00
       8.7350E+00  6.3701E+00  5.4864E+00  6.5102E+00  5.2754E+00  5.9996E+00  4.4060E+00  6.3988E+00  7.2385E+00  9.5149E+00
       6.1665E+00  6.9466E+00  6.2083E+00  4.7334E+00  3.6034E+00  5.3011E+00  5.5380E+00  7.3583E+00  8.3951E+00  7.1103E+00
       5.6196E+00  5.0002E+00  5.7263E+00  4.7919E+00  7.0509E+00  5.4552E+00  6.2489E+00  6.2215E+00  6.0577E+00  5.8251E+00
       9.6673E+00  5.3222E+00  6.2137E+00  5.4820E+00  6.8222E+00  6.7539E+00  4.1948E+00  6.1763E+00  7.2310E+00  8.5598E+00
       8.3148E+00  7.1494E+00  8.3145E+00  5.3679E+00  5.3299E+00  7.0133E+00  4.8957E+00  6.8010E+00  5.9345E+00  8.4926E+00
       7.8678E+00  7.5417E+00  5.1644E+00  5.2258E+00  6.0992E+00  6.6908E+00  5.4982E+00  6.9830E+00  7.2468E+00  9.1566E+00
       7.3650E+00  8.1665E+00  6.4244E+00  5.6145E+00  6.3685E+00  7.2928E+00  7.8685E+00  5.6864E+00  6.4840E+00  5.8969E+00
       8.9904E+00  5.5357E+00  7.1793E+00  4.1825E+00  6.6519E+00  5.2689E+00  5.7720E+00  6.6464E+00  7.1740E+00  6.8237E+00
       7.5075E+00  6.7981E+00  7.5558E+00  4.6157E+00  7.7824E+00  7.1388E+00  6.0630E+00  6.5578E+00  6.4862E+00  7.9808E+00
       6.9600E+00  5.5137E+00  7.6997E+00  7.0478E+00  9.8960E+00  6.3228E+00  6.7695E+00  6.2933E+00  7.5340E+00  1.0275E+01
       8.7041E+00  7.7169E+00  7.5626E+00  8.5683E+00  4.7494E+00  8.4369E+00  6.7892E+00  7.2919E+00  8.3643E+00  7.3817E+00
       9.1803E+00  7.0990E+00  6.4294E+00  6.9610E+00  6.0106E+00  6.4424E+00  8.5667E+00  6.5286E+00  8.0933E+00  7.5651E+00
       7.4741E+00  4.4183E+00  5.6042E+00  5.4551E+00  6.9731E+00  5.5761E+00  7.9518E+00  8.0976E+00  5.5798E+00  8.3353E+00
       9.2130E+00  6.9360E+00  7.2190E+00  6.5488E+00  6.9752E+00  5.2678E+00  8.6505E+00  8.8956E+00  7.2022E+00  8.6781E+00
       6.3951E+00  6.5709E+00  5.6696E+00  7.0643E+00  6.4419E+00  6.2736E+00  5.9463E+00  7.9893E+00  8.9166E+00  7.9508E+00
       7.1592E+00  9.7067E+00  6.7714E+00  8.1388E+00  6.9122E+00  5.3706E+00  5.5874E+00  7.9608E+00  8.4758E+00  8.4077E+00
       1.0468E+01  1.1266E+01  7.2029E+00  8.0221E+00  6.3854E+00  8.1769E+00  6.9404E+00  7.5592E+00  7.7964E+00  8.3161E+00
       6.1926E+00  7.1806E+00  7.6099E+00  5.2894E+00  7.6474E+00  7.2192E+00  7.8615E+00  7.1102E+00  8.4132E+00  9.6284E+00
       7.4672E+00  5.8780E+00  7.2833E+00  7.0057E+00  8.0083E+00  5.2998E+00  6.3362E+00  8.1262E+00  6.7991E+00  7.5457E+00
       7.1289E+00  5.8226E+00  6.3606E+00  5.9483E+00  8.4369E+00  6.6392E+00  9.1816E+00  6.1420E+00  8.5052E+00  9.3333E+00
       6.4494E+00  8.7612E+00  8.7851E+00  5.8735E+00  6.1923E+00  7.6477E+00  6.7844E+00  7.4149E+00  9.4395E+00  7.3445E+00
       7.4611E+00  7.3674E+00  7.3070E+00  7.1851E+00  6.0203E+00  6.3037E+00  6.7761E+00  8.9206E+00  6.9249E+00  5.8448E+00
       1.1121E+01  7.7478E+00  7.4151E+00  7.1471E+00  6.4717E+00  6.6164E+00  8.9509E+00  1.0645E+01  8.0504E+00  6.1215E+00
       7.7081E+00  6.9865E+00  7.2314E+00  8.9113E+00  6.7969E+00  1.0050E+01  5.5801E+00  8.8267E+00  6.9344E+00  6.0798E+00
       7.3498E+00  1.3216E+01  7.5762E+00  7.1400E+00  6.9694E+00  7.1034E+00  9.3599E+00  7.2639E+00  8.6770E+00  8.0612E+00
       9.1073E+00  7.8936E+00  1.0393E+01  9.2051E+00  7.3563E+00  7.9102E+00  5.3511E+00  8.7096E+00  6.3997E+00  7.7372E+00
       8.6354E+00  7.7826E+00  7.1828E+00  7.2325E+00  6.7685E+00  6.9758E+00  9.4479E+00  7.3953E+00  8.6726E+00  7.5756E+00
       1.0740E+01  8.9024E+00  8.2260E+00  7.4382E+00  9.0897E+00  6.8371E+00  6.6257E+00  9.9732E+00  9.2374E+00  7.2086E+00
       8.1678E+00  6.8975E+00  8.8370E+00  5.5357E+00  8.1833E+00  7.4909E+00  7.1267E+00  9.6547E+00  7.7233E+00  7.1339E+00
       8.6965E+00  6.9447E+00  7.8709E+00  6.7910E+00  1.0578E+01  6.3945E+00  6.3072E+00  7.7412E+00  1.1147E+01  6.0857E+00
       9.9693E+00  9.8874E+00  8.3076E+00  5.9338E+00  9.1997E+00  7.3459E+00  7.6002E+00  8.2528E+00  8.3459E+00  7.5805E+00
       8.2185E+00  8.5121E+00  8.8063E+00  7.2742E+00  4.8941E+00  8.2318E+00  5.9405E+00  7.6058E+00  6.6309E+00  7.6864E+00
       9.0890E+00  8.4522E+00  1.0302E+01  6.7572E+00  5.8398E+00  6.6855E+00  9.5087E+00  7.2498E+00  5.3673E+00  8.5412E+00
       6.2617E+00  7.6085E+00  7.0706E+00  7.3551E+00  6.2720E+00  7.8153E+00  6.5742E+00  6.3388E+00  8.4546E+00  5.6861E+00
       9.1128E+00  7.0230E+00  8.7281E+00  6.5445E+00  8.7002E+00  9.3135E+00  6.6530E+00  4.8962E+00  7.2158E+00  8.0797E+00
       7.5934E+00  8.2786E+00  1.0531E+01  9.2390E+00  9.1059E+00  1.0498E+01  5.5975E+00  6.8268E+00  6.8245E+00  6.6119E+00
       6.6611E+00  9.7098E+00  7.9336E+00  8.1196E+00  8.7202E+00  6.8318E+00  7.1978E+00  9.6066E+00  9.4718E+00  5.9486E+00
       9.6483E+00  8.7369E+00  8.3045E+00  8.4053E+00  8.3359E+00  8.8543E+00  8.4036E+00  8.2311E+00  7.6756E+00  7.3102E+00
       6.5863E+00  8.3372E+00  6.7174E+00  6.0172E+00  6.7326E+00  8.6990E+00  1.0936E+01  9.1537E+00  1.0726E+01  1.0004E+01
       7.8874E+00  9.9278E+00  9.6200E+00  8.1951E+00  6.8702E+00  9.3164E+00  7.7264E+00  9.6599E+00  1.0358E+01  9.0705E+00
       7.6648E+00  9.5469E+00  7.1456E+00  8.1802E+00  6.4432E+00  8.5175E+00  6.4739E+00  7.3705E+00  9.1905E+00  1.0144E+01
       7.9226E+00  6.7673E+00  8.2434E+00  7.2195E+00  7.0263E+00  7.7823E+00  8.6189E+00  8.3837E+00  7.4249E+00  6.6144E+00
       6.3459E+00  9.2424E+00  7.8999E+00  7.3839E+00  6.0239E+00  7.2836E+00  7.1204E+00  8.7096E+00  7.6334E+00  8.5391E+00
       6.7408E+00  9.3157E+00  1.0979E+01  8.1370E+00  8.1572E+00  6.4944E+00  6.0444E+00  6.4883E+00  8.3710E+00  7.2524E+00
       7.4908E+00  7.4446E+00  1.0016E+01  6.4465E+00  7.3876E+00  6.0690E+00  5.7736E+00  5.5108E+00  7.4723E+00  7.3158E+00
       9.1856E+00  6.2121E+00  8.0037E+00  7.0526E+00  7.1632E+00  6.9708E+00  6.1720E+00  7.7623E+00  7.3362E+00  6.7945E+00
       6.3452E+00  8.3031E+00  8.5453E+00  5.4346E+00  4.6558E+00  7.7792E+00  5.9547E+00  1.0966E+01  9.2731E+00  6.6755E+00
       7.3755E+00  7.5475E+00  1.1638E+01  7.6703E+00  8.9201E+00  6.8206E+00  5.0573E+00  7.5790E+00  1.1246E+01  6.1902E+00
       7.7327E+00  7.9658E+00  7.4050E+00  8.7036E+00  6.2400E+00  8.3578E+00  9.2476E+00  7.5821E+00  8.2141E+00  6.1117E+00
       6.6931E+00  9.7931E+00  7.9071E+00  6.6395E+00  4.6623E+00  9.4260E+00  7.2598E+00  7.1530E+00  7.8298E+00  6.1786E+00
       4.8866E+00  8.9772E+00  7.2622E+00  9.7310E+00  5.7688E+00  6.9226E+00  6.8582E+00  7.4750E+00  8.4562E+00  8.9920E+00
       6.2945E+00  6.8457E+00  7.7555E+00  7.1325E+00  7.7401E+00  7.1965E+00  7.5054E+00  6.0045E+00  9.8462E+00  8.0686E+00
