1
   Cartesian binning n.   1  "DoseEq    " , generalized particle n.  240
      X coordinate: from -8.5000E+01 to  8.5000E+01 cm,    10 bins ( 1.7000E+01 cm wide)
      Y coordinate: from -2.5000E+01 to  2.5000E+01 cm,    10 bins ( 5.0000E+00 cm wide)
      Z coordinate: from  2.2500E+02 to  2.7500E+02 cm,    10 bins ( 5.0000E+00 cm wide)
      Data follow in a matrix A(ix,iy,iz), format (1(5x,1p,10(1x,e11.4)))

      accurate deposition along the tracks requested
      this is a track-length binning
       5.9446E-05  6.4143E-05  7.1595E-05  8.0527E-05  8.9293E-05  8.0500E-05  8.1563E-05  7.5369E-05  6.7207E-05  5.7083E-05
       6.2554E-05  7.5931E-05  8.5376E-05  9.0062E-05  9.5173E-05  9.4938E-05  8.8216E-05  8.4254E-05  7.3437E-05  5.9457E-05
       6.4174E-05  7.6274E-05  8.8990E-05  8.3390E-05  9.8317E-05  9.8707E-05  9.9862E-05  9.0388E-05  8.4982E-05  6.1833E-05
       5.3526E-05  7.7990E-05  9.8715E-05  9.5214E-05  1.0985E-04  1.0249E-04  9.9146E-05  9.1964E-05  8.0911E-05  6.9794E-05
       5.7533E-05  8.8350E-05  9.6236E-05  1.0219E-04  1.0778E-04  9.9719E-05  1.0656E-04  1.0065E-04  8.3015E-05  6.2643E-05
       6.5407E-05  8.8364E-05  9.4690E-05  9.5587E-05  1.0324E-04  1.0228E-04  1.0640E-04  8.8884E-05  7.9205E-05  6.8197E-05
       6.3389E-05  8.2287E-05  9.5020E-05  9.6764E-05  9.0955E-05  1.0563E-04  9.2467E-05  9.7021E-05  8.6430E-05  5.9947E-05
       6.9820E-05  8.3330E-05  9.1639E-05  9.4065E-05  1.0326E-04  1.1158E-04  9.3247E-05  8.8932E-05  8.3911E-05  5.3792E-05
       6.1667E-05  7.8575E-05  9.6561E-05  7.9662E-05  9.7749E-05  9.6318E-05  8.9846E-05  8.5380E-05  7.1535E-05  6.6178E-05
       5.5060E-05  7.1377E-05  7.1587E-05  8.0452E-05  8.1652E-05  8.4031E-05  8.7168E-05  7.9970E-05  6.7838E-05  5.1223E-05
       4.8169E-05  6.0630E-05  6.5877E-05  7.3760E-05  8.2786E-05  7.2150E-05  7.4405E-05  5.8250E-05  5.5577E-05  4.5447E-05
       5.9219E-05  7.6443E-05  8.2007E-05  8.4798E-05  9.5693E-05  8.9197E-05  8.4283E-05  7.5057E-05  7.1149E-05  5.4679E-05
       6.4468E-05  8.0775E-05  9.1229E-05  8.4696E-05  9.6879E-05  1.0682E-04  1.0711E-04  8.1857E-05  7.7828E-05  5.3961E-05
       5.7261E-05  7.3013E-05  9.8194E-05  9.0877E-05  1.0512E-04  1.0387E-04  9.4655E-05  8.7547E-05  6.9233E-05  6.4695E-05
       6.3048E-05  8.4671E-05  9.3490E-05  9.9010E-05  1.1203E-04  9.9918E-05  1.0442E-04  8.9474E-05  8.6711E-05  6.4171E-05
       6.1172E-05  8.4178E-05  8.8896E-05  8.9184E-05  1.1324E-04  1.0165E-04  9.8809E-05  8.9572E-05  7.5945E-05  6.1072E-05
       5.3882E-05  7.9535E-05  9.5819E-05  9.7401E-05  1.0157E-04  9.6981E-05  8.9598E-05  1.0577E-04  8.2067E-05  6.0545E-05
       7.0498E-05  7.4254E-05  8.1858E-05  9.3400E-05  1.0323E-04  1.0407E-04  8.7308E-05  9.3705E-05  7.9419E-05  6.0233E-05
       5.9026E-05  7.7100E-05  8.1722E-05  8.2800E-05  9.2785E-05  9.2190E-05  9.0117E-05  9.5954E-05  6.5370E-05  5.6437E-05
       4.8384E-05  6.0784E-05  6.3262E-05  7.8504E-05  7.5534E-05  7.9693E-05  7.7077E-05  7.5396E-05  7.0608E-05  5.1029E-05
       4.1615E-05  5.0062E-05  4.9440E-05  5.9759E-05  7.0438E-05  6.2039E-05  6.3993E-05  4.5684E-05  4.2404E-05  3.7593E-05
       5.2255E-05  6.1182E-05  7.0286E-05  7.9752E-05  7.7668E-05  7.7421E-05  8.1114E-05  6.1705E-05  5.6315E-05  3.6246E-05
       5.3962E-05  7.0125E-05  8.0586E-05  8.0833E-05  8.4137E-05  9.2772E-05  9.4478E-05  7.7064E-05  6.2266E-05  5.0149E-05
       5.7648E-05  6.9501E-05  8.2253E-05  8.3132E-05  9.1737E-05  9.0316E-05  8.3784E-05  7.9801E-05  6.4469E-05  4.9704E-05
       5.4195E-05  7.3310E-05  8.3642E-05  8.5689E-05  9.5755E-05  8.9164E-05  9.0042E-05  8.1407E-05  6.9472E-05  5.0208E-05
       5.7575E-05  7.1477E-05  8.4414E-05  9.2207E-05  1.1250E-04  8.5852E-05  8.8930E-05  7.1999E-05  6.9161E-05  5.3661E-05
       5.4737E-05  7.1771E-05  8.6291E-05  8.2117E-05  9.5546E-05  8.3874E-05  7.9244E-05  8.6238E-05  6.5937E-05  4.4210E-05
       5.9407E-05  6.5159E-05  7.4435E-05  8.6739E-05  8.8577E-05  9.2843E-05  8.3029E-05  7.6925E-05  6.7677E-05  4.7543E-05
       4.3434E-05  6.8093E-05  6.6338E-05  7.7372E-05  8.3948E-05  8.4426E-05  7.3185E-05  7.2596E-05  5.9352E-05  4.9753E-05
       4.2186E-05  4.3764E-05  5.5820E-05  6.0859E-05  6.5399E-05  6.6961E-05  6.2099E-05  5.8223E-05  5.4381E-05  3.2353E-05
       3.6668E-05  3.8607E-05  4.0570E-05  5.4105E-05  5.4141E-05  5.2690E-05  4.7207E-05  3.9529E-05  4.1693E-05  2.9819E-05
       3.3281E-05  5.2809E-05  5.8722E-05  7.0178E-05  6.4543E-05  7.2635E-05  6.5334E-05  5.5838E-05  5.1352E-05  3.2731E-05
       4.1126E-05  6.7427E-05  6.9633E-05  7.2751E-05  6.6539E-05  7.4025E-05  7.6055E-05  6.3981E-05  5.1115E-05  3.6552E-05
       4.5030E-05  6.2710E-05  7.8558E-05  7.8736E-05  8.0080E-05  8.0203E-05  7.1163E-05  6.5295E-05  5.9232E-05  4.2844E-05
       4.5295E-05  6.4637E-05  7.4198E-05  7.6036E-05  9.1062E-05  8.1268E-05  7.8504E-05  7.3732E-05  6.2034E-05  3.9980E-05
       4.6425E-05  6.1859E-05  7.0152E-05  7.9283E-05  8.7692E-05  8.5200E-05  8.1825E-05  6.6533E-05  5.9544E-05  4.1596E-05
       4.5343E-05  6.2237E-05  7.6834E-05  6.8657E-05  7.4324E-05  7.7935E-05  7.7449E-05  6.5526E-05  5.6835E-05  4.1150E-05
       4.5471E-05  5.2703E-05  6.3773E-05  7.5267E-05  7.8649E-05  7.8143E-05  7.5548E-05  5.6363E-05  5.6378E-05  3.6222E-05
       3.7642E-05  5.3035E-05  5.7883E-05  6.1509E-05  6.8208E-05  6.8428E-05  5.6504E-05  5.9594E-05  4.9206E-05  3.2614E-05
       3.3783E-05  3.5498E-05  4.7132E-05  5.1054E-05  5.3392E-05  5.1152E-05  5.2467E-05  4.5132E-05  4.0037E-05  2.1989E-05
       2.5200E-05  3.2225E-05  3.6038E-05  4.6990E-05  4.3038E-05  4.1724E-05  3.9593E-05  3.5328E-05  3.2803E-05  2.3285E-05
       2.9563E-05  4.1868E-05  4.9583E-05  5.2078E-05  5.1427E-05  5.7887E-05  4.7504E-05  4.5755E-05  4.1919E-05  2.9020E-05
       3.1514E-05  5.5249E-05  6.1644E-05  5.3597E-05  6.2548E-05  5.7815E-05  5.6341E-05  5.7373E-05  4.1140E-05  3.0039E-05
       3.9115E-05  5.9213E-05  5.9923E-05  5.8942E-05  7.0203E-05  6.5881E-05  6.0115E-05  5.4773E-05  4.7232E-05  3.0490E-05
       3.6608E-05  5.6988E-05  6.6625E-05  6.2408E-05  7.2165E-05  6.6962E-05  6.2999E-05  6.3975E-05  5.8654E-05  2.9674E-05
       3.9857E-05  5.8998E-05  6.3233E-05  6.4105E-05  7.1535E-05  7.2360E-05  7.3208E-05  6.1693E-05  5.0261E-05  3.5642E-05
       3.1042E-05  5.2705E-05  5.9311E-05  6.0869E-05  6.1271E-05  6.7914E-05  6.8650E-05  5.6902E-05  4.6940E-05  3.4645E-05
       3.4593E-05  4.2610E-05  5.2482E-05  6.6988E-05  5.8399E-05  6.6871E-05  5.8672E-05  5.5008E-05  4.4592E-05  2.6415E-05
       3.5921E-05  3.9965E-05  4.6696E-05  5.1814E-05  5.1746E-05  5.3281E-05  4.7730E-05  4.8115E-05  3.6680E-05  2.5648E-05
       2.3198E-05  3.0131E-05  3.8024E-05  4.0908E-05  3.6669E-05  3.8862E-05  3.7893E-05  3.5198E-05  2.9320E-05  1.9608E-05
       2.1554E-05  2.7710E-05  2.6204E-05  3.1431E-05  3.5393E-05  2.8775E-05  3.4171E-05  2.5024E-05  2.6993E-05  1.9103E-05
       1.8485E-05  3.2725E-05  3.7075E-05  3.9606E-05  4.5817E-05  4.2084E-05  4.2462E-05  3.2819E-05  3.4012E-05  2.5157E-05
       3.0356E-05  3.9379E-05  4.7420E-05  5.0228E-05  5.4614E-05  5.3283E-05  5.0081E-05  4.2428E-05  3.3756E-05  2.4208E-05
       2.5107E-05  4.5554E-05  5.3378E-05  5.5944E-05  5.9034E-05  4.9299E-05  5.3597E-05  4.4368E-05  4.0564E-05  2.9281E-05
       2.9725E-05  4.1353E-05  5.9655E-05  5.4903E-05  5.2300E-05  5.0180E-05  5.7067E-05  5.0545E-05  4.5320E-05  2.9325E-05
       3.3014E-05  4.5749E-05  5.2807E-05  4.6796E-05  4.7590E-05  5.0945E-05  5.5160E-05  5.8485E-05  4.2062E-05  2.9085E-05
       2.9350E-05  4.6290E-05  4.7442E-05  4.8738E-05  5.3114E-05  5.1244E-05  5.4238E-05  5.1799E-05  4.1114E-05  2.7274E-05
       3.2609E-05  4.0131E-05  4.5076E-05  5.8795E-05  4.7109E-05  5.6727E-05  4.9736E-05  4.3650E-05  3.2241E-05  2.1475E-05
       2.3588E-05  3.3784E-05  3.5903E-05  4.7735E-05  3.8105E-05  4.5150E-05  4.2041E-05  3.8734E-05  2.8398E-05  2.2153E-05
       2.0728E-05  2.5302E-05  3.0326E-05  2.7203E-05  2.7974E-05  3.0759E-05  3.5459E-05  3.0776E-05  2.7574E-05  1.7892E-05
       1.2534E-05  2.2456E-05  2.0932E-05  2.4571E-05  2.6729E-05  2.3221E-05  2.4741E-05  1.9758E-05  2.2314E-05  1.4634E-05
       1.6549E-05  2.8460E-05  3.2894E-05  3.1127E-05  3.8290E-05  3.8405E-05  3.3321E-05  2.9097E-05  2.4872E-05  1.9169E-05
       2.2445E-05  3.4443E-05  3.5601E-05  4.0762E-05  4.1777E-05  4.6294E-05  4.3961E-05  3.9794E-05  2.7143E-05  1.8625E-05
       1.9712E-05  3.7806E-05  4.4860E-05  4.5960E-05  4.3718E-05  4.0558E-05  4.2369E-05  4.0413E-05  3.0153E-05  2.5220E-05
       2.7475E-05  3.2479E-05  4.6950E-05  4.6735E-05  3.9913E-05  4.2302E-05  5.0029E-05  4.2634E-05  3.6314E-05  2.2464E-05
       2.8882E-05  3.7958E-05  3.7980E-05  4.1792E-05  4.2226E-05  4.1855E-05  4.5505E-05  4.1563E-05  3.9119E-05  2.3525E-05
       2.7707E-05  3.6020E-05  3.0471E-05  3.9177E-05  4.4555E-05  4.1894E-05  4.0060E-05  4.0444E-05  3.7759E-05  2.2382E-05
       1.9865E-05  3.0280E-05  3.7229E-05  3.9437E-05  4.0175E-05  4.0868E-05  4.1758E-05  3.3771E-05  3.4240E-05  1.3183E-05
       1.8364E-05  2.4141E-05  2.9953E-05  3.7489E-05  3.1466E-05  3.2723E-05  3.6585E-05  3.2188E-05  2.5270E-05  1.3712E-05
       1.2588E-05  2.1164E-05  2.1939E-05  2.1109E-05  2.4053E-05  2.3984E-05  2.5866E-05  2.4582E-05  1.9997E-05  1.3782E-05
       1.1813E-05  1.8395E-05  2.0900E-05  2.2870E-05  1.9215E-05  1.9266E-05  1.1944E-05  1.8429E-05  1.4834E-05  9.7412E-06
       1.4934E-05  2.2254E-05  2.5551E-05  2.3050E-05  2.6566E-05  2.9546E-05  2.7329E-05  2.4195E-05  2.3578E-05  1.4581E-05
       2.0151E-05  2.5817E-05  2.5314E-05  3.2630E-05  3.2035E-05  3.0543E-05  3.6639E-05  3.2320E-05  2.5540E-05  1.3675E-05
       1.6668E-05  2.5753E-05  3.1573E-05  3.2923E-05  3.4180E-05  2.8116E-05  3.5043E-05  3.5219E-05  2.5606E-05  1.3982E-05
       2.0414E-05  2.8521E-05  3.0236E-05  3.6189E-05  3.3847E-05  3.4232E-05  4.3204E-05  3.6237E-05  2.6457E-05  1.6260E-05
       2.0903E-05  3.2335E-05  3.1737E-05  3.5210E-05  3.3469E-05  3.5287E-05  3.5234E-05  3.3061E-05  2.6740E-05  1.6828E-05
       2.0523E-05  3.1681E-05  2.3671E-05  3.7830E-05  3.5994E-05  3.1616E-05  3.6130E-05  3.0114E-05  2.7902E-05  1.9252E-05
       1.9836E-05  2.5698E-05  2.9184E-05  3.5250E-05  3.4279E-05  3.1041E-05  3.0761E-05  2.5980E-05  3.1342E-05  1.9211E-05
       1.7378E-05  1.8506E-05  2.0833E-05  2.3516E-05  2.7234E-05  2.8387E-05  3.1595E-05  2.7180E-05  2.4723E-05  1.1203E-05
       1.3499E-05  1.3765E-05  1.4063E-05  1.9103E-05  1.8410E-05  1.7908E-05  2.0217E-05  1.6302E-05  1.6649E-05  6.5152E-06
       1.0205E-05  1.2678E-05  1.5975E-05  1.6838E-05  1.7434E-05  1.6197E-05  1.1673E-05  1.5003E-05  1.0883E-05  8.5963E-06
       1.5078E-05  1.7885E-05  2.1641E-05  1.6030E-05  1.7428E-05  2.1397E-05  2.0712E-05  2.0832E-05  1.9934E-05  1.2104E-05
       1.2517E-05  2.2061E-05  2.1559E-05  2.6014E-05  2.1560E-05  2.3823E-05  2.2650E-05  2.6203E-05  2.1577E-05  1.4884E-05
       1.3496E-05  2.3284E-05  2.8729E-05  2.1742E-05  2.8177E-05  2.4917E-05  2.8021E-05  2.4221E-05  2.1769E-05  1.4074E-05
       1.6119E-05  2.3798E-05  3.1522E-05  3.1590E-05  2.3312E-05  2.5868E-05  2.9281E-05  2.5490E-05  1.9951E-05  1.6593E-05
       1.9205E-05  2.6696E-05  2.8004E-05  2.9222E-05  2.6802E-05  2.9507E-05  2.3149E-05  2.1835E-05  1.8473E-05  1.5296E-05
       1.7628E-05  2.2395E-05  2.1185E-05  2.9633E-05  3.0093E-05  2.4431E-05  2.3867E-05  2.4425E-05  2.0533E-05  1.5152E-05
       1.6538E-05  1.8337E-05  2.2644E-05  2.5465E-05  2.5701E-05  2.4546E-05  2.7698E-05  2.4572E-05  2.4666E-05  1.8080E-05
       9.6721E-06  1.4593E-05  1.7424E-05  1.6937E-05  2.3120E-05  2.6108E-05  2.3197E-05  2.1823E-05  2.1271E-05  1.2967E-05
       1.0451E-05  1.1759E-05  1.4398E-05  1.5749E-05  1.6275E-05  1.6340E-05  1.7173E-05  1.3398E-05  1.6118E-05  6.4063E-06
       8.3885E-06  9.7878E-06  1.0753E-05  1.3126E-05  1.2422E-05  1.1450E-05  1.0403E-05  1.0718E-05  9.3494E-06  7.9179E-06
       1.1312E-05  1.1001E-05  1.4689E-05  1.1852E-05  1.0543E-05  1.2710E-05  1.4694E-05  1.3933E-05  1.5452E-05  8.8312E-06
       1.2327E-05  1.2883E-05  1.6354E-05  1.9717E-05  1.6313E-05  2.0827E-05  1.6606E-05  1.8514E-05  1.3113E-05  1.3766E-05
       1.1116E-05  1.6333E-05  1.9184E-05  1.6070E-05  1.9710E-05  2.0771E-05  2.1651E-05  1.8881E-05  1.5028E-05  8.8612E-06
       1.1137E-05  1.6762E-05  1.8158E-05  1.8388E-05  1.7547E-05  2.0852E-05  2.1928E-05  1.5466E-05  1.3166E-05  1.0839E-05
       1.3064E-05  1.4613E-05  1.5443E-05  2.0359E-05  1.8361E-05  1.8587E-05  1.3224E-05  1.5840E-05  1.2151E-05  1.0646E-05
       1.3824E-05  1.5053E-05  1.8749E-05  2.1366E-05  1.8051E-05  1.8232E-05  1.8435E-05  1.4871E-05  1.2138E-05  1.1796E-05
       1.1115E-05  1.3905E-05  1.6650E-05  1.5656E-05  1.9707E-05  1.4437E-05  1.5969E-05  1.8975E-05  1.4945E-05  9.6562E-06
       7.4060E-06  1.1274E-05  1.5905E-05  1.3107E-05  1.6838E-05  1.2901E-05  1.6180E-05  1.3794E-05  1.4927E-05  8.1811E-06
       8.0501E-06  9.7623E-06  8.8876E-06  8.0604E-06  1.0816E-05  1.1047E-05  1.0815E-05  1.2559E-05  9.6765E-06  4.1652E-06

      Percentage errors follow in a matrix A(ix,iy,iz), format (1(5x,1p,10(1x,e11.4)))

       6.3164E+00  6.3057E+00  6.8237E+00  6.2267E+00  5.9463E+00  6.0228E+00  6.4511E+00  8.9494E+00  4.6016E+00  5.9846E+00
       6.6937E+00  7.2108E+00  5.2601E+00  4.9239E+00  5.6125E+00  5.1410E+00  5.0026E+00  5.7809E+00  6.6869E+00  8.8870E+00
       5.5863E+00  6.7580E+00  7.7097E+00  6.9489E+00  7.0531E+00  3.9127E+00  5.6420E+00  4.9679E+00  5.8040E+00  8.3631E+00
       7.9296E+00  5.5984E+00  4.3079E+00  3.9473E+00  5.9418E+00  6.4200E+00  4.9268E+00  6.5107E+00  5.2514E+00  6.0855E+00
       5.8134E+00  6.5335E+00  5.7270E+00  5.1851E+00  7.9151E+00  6.1303E+00  6.4068E+00  4.9936E+00  5.6028E+00  7.5272E+00
       7.4868E+00  7.1512E+00  5.7830E+00  1.0040E+01  4.9133E+00  4.4373E+00  5.9126E+00  7.7053E+00  6.4685E+00  5.5722E+00
       7.3109E+00  5.8970E+00  5.8436E+00  5.6703E+00  6.2997E+00  4.3185E+00  5.6292E+00  5.7463E+00  7.2836E+00  7.4540E+00
       7.0952E+00  5.7633E+00  5.6476E+00  5.9686E+00  4.8733E+00  5.6554E+00  5.1991E+00  5.5193E+00  6.8695E+00  7.4245E+00
       7.8938E+00  7.0054E+00  5.9914E+00  6.3644E+00  6.6331E+00  6.5093E+00  4.3079E+00  6.1274E+00  6.5788E+00  6.9098E+00
       6.8241E+00  7.7196E+00  6.0294E+00  5.1407E+00  5.9858E+00  7.7556E+00  5.8480E+00  5.4375E+00  8.1796E+00  7.1534E+00
       8.6058E+00  7.5616E+00  7.6694E+00  7.6741E+00  8.2437E+00  6.0514E+00  6.1585E+00  7.1166E+00  4.3816E+00  8.3122E+00
       7.1662E+00  6.6559E+00  5.3536E+00  5.3827E+00  5.4238E+00  8.1977E+00  6.1836E+00  7.0084E+00  6.1735E+00  7.8034E+00
       5.7595E+00  7.7167E+00  6.0017E+00  7.0463E+00  6.1911E+00  6.4531E+00  5.8612E+00  6.9837E+00  5.4347E+00  8.2921E+00
       8.8757E+00  6.1161E+00  4.2753E+00  5.6465E+00  6.2642E+00  7.1167E+00  5.4074E+00  6.6269E+00  4.7950E+00  7.2187E+00
       8.4130E+00  7.5871E+00  5.3656E+00  4.9261E+00  7.5856E+00  5.6246E+00  4.0237E+00  5.5147E+00  6.5120E+00  7.5714E+00
       7.4926E+00  6.3036E+00  5.7343E+00  5.9018E+00  6.9765E+00  5.4995E+00  7.2838E+00  4.0278E+00  5.9241E+00  7.3818E+00
       8.1144E+00  6.2487E+00  6.5058E+00  6.7920E+00  5.3179E+00  5.9490E+00  5.9259E+00  4.4898E+00  5.4628E+00  7.5989E+00
       4.9542E+00  7.1871E+00  6.8660E+00  7.4430E+00  5.2085E+00  6.0949E+00  4.6368E+00  5.8104E+00  7.3897E+00  7.7604E+00
       8.7898E+00  6.1252E+00  6.4218E+00  7.5824E+00  6.1867E+00  6.9670E+00  5.2609E+00  7.3575E+00  9.6820E+00  9.6996E+00
       9.2085E+00  8.6643E+00  8.2070E+00  8.0740E+00  7.8776E+00  6.1498E+00  4.9334E+00  4.5913E+00  5.6543E+00  4.9199E+00
       7.7293E+00  7.8824E+00  1.0407E+01  7.5879E+00  7.6792E+00  6.4122E+00  9.2772E+00  7.9481E+00  8.0198E+00  1.1796E+01
       5.7810E+00  9.3325E+00  6.9792E+00  4.2436E+00  7.5475E+00  8.5692E+00  7.2138E+00  7.3937E+00  5.8857E+00  1.0137E+01
       7.5133E+00  6.5052E+00  1.0061E+01  5.5073E+00  5.3841E+00  6.9083E+00  8.6424E+00  7.4051E+00  8.6558E+00  9.1700E+00
       9.3999E+00  6.5264E+00  6.5520E+00  5.0510E+00  4.4988E+00  6.9682E+00  6.5541E+00  6.1269E+00  6.9963E+00  7.0855E+00
       7.7399E+00  7.0892E+00  7.7582E+00  5.0343E+00  5.4167E+00  5.4703E+00  5.3323E+00  7.0350E+00  7.9418E+00  6.8748E+00
       7.1345E+00  8.5082E+00  6.5643E+00  5.4887E+00  5.2630E+00  5.4589E+00  7.9694E+00  5.9073E+00  6.7789E+00  6.8636E+00
       6.8854E+00  6.3433E+00  5.5278E+00  7.8671E+00  6.0123E+00  6.2670E+00  5.2302E+00  7.4043E+00  8.0414E+00  7.1809E+00
       8.5228E+00  7.7476E+00  5.9180E+00  7.0516E+00  6.9047E+00  5.5996E+00  6.5075E+00  6.5904E+00  6.6787E+00  7.8421E+00
       1.0186E+01  6.9364E+00  7.0527E+00  5.9282E+00  7.7092E+00  6.3242E+00  6.9156E+00  6.5701E+00  8.6543E+00  1.0313E+01
       6.8609E+00  8.1657E+00  7.7827E+00  7.5819E+00  7.0151E+00  7.8534E+00  8.3607E+00  6.8112E+00  7.4028E+00  9.9997E+00
       1.0603E+01  9.0293E+00  9.8681E+00  6.8647E+00  8.6207E+00  9.0898E+00  9.6202E+00  9.8244E+00  9.3608E+00  1.2324E+01
       9.7290E+00  8.6010E+00  7.6111E+00  7.9414E+00  8.7709E+00  8.0440E+00  1.0252E+01  7.4214E+00  8.0086E+00  8.9433E+00
       9.0357E+00  8.5559E+00  8.3616E+00  7.7547E+00  5.3938E+00  7.4429E+00  8.5855E+00  7.4356E+00  8.2366E+00  8.7836E+00
       8.4925E+00  7.1662E+00  6.0802E+00  7.6874E+00  6.4718E+00  6.3433E+00  8.5951E+00  9.8599E+00  6.0824E+00  6.2557E+00
       9.6961E+00  7.8720E+00  6.5550E+00  8.1147E+00  6.4311E+00  6.6829E+00  6.3662E+00  6.6668E+00  6.6642E+00  9.3567E+00
       8.1741E+00  6.5003E+00  7.0240E+00  5.8801E+00  6.8516E+00  5.8350E+00  5.1019E+00  6.4133E+00  8.1998E+00  6.4724E+00
       8.9945E+00  6.1534E+00  7.1862E+00  8.2181E+00  5.6973E+00  6.8691E+00  6.3502E+00  8.1156E+00  6.2835E+00  7.5585E+00
       9.0760E+00  8.1229E+00  5.7814E+00  7.8933E+00  6.9890E+00  6.9980E+00  5.8257E+00  6.6855E+00  8.6815E+00  9.3329E+00
       7.7894E+00  6.8571E+00  8.8151E+00  5.2212E+00  7.5502E+00  7.5056E+00  6.6020E+00  6.2383E+00  8.0387E+00  1.0523E+01
       9.1361E+00  9.1933E+00  7.6430E+00  8.6753E+00  6.8409E+00  7.5021E+00  8.1677E+00  8.4990E+00  9.9985E+00  1.1552E+01
       1.4078E+01  1.0904E+01  1.1717E+01  9.8437E+00  7.9056E+00  7.9825E+00  1.0814E+01  9.6764E+00  7.6594E+00  9.9555E+00
       1.1305E+01  1.0103E+01  8.0647E+00  6.8790E+00  1.1463E+01  8.8309E+00  1.0247E+01  9.0608E+00  8.8578E+00  9.4677E+00
       8.9679E+00  5.4009E+00  7.7711E+00  7.8686E+00  5.8087E+00  5.2335E+00  1.1048E+01  1.0365E+01  9.8205E+00  1.0065E+01
       9.9928E+00  6.0521E+00  7.9931E+00  7.4963E+00  8.8717E+00  4.8667E+00  7.6992E+00  7.4662E+00  8.9553E+00  1.1327E+01
       1.0761E+01  9.4012E+00  7.2768E+00  6.2511E+00  6.4312E+00  7.5616E+00  5.8118E+00  1.0102E+01  7.8445E+00  9.5061E+00
       1.0500E+01  7.9749E+00  6.8327E+00  6.1974E+00  7.0496E+00  7.7802E+00  7.3947E+00  6.1362E+00  5.5496E+00  9.8067E+00
       1.2631E+01  5.7312E+00  7.3215E+00  8.6252E+00  6.6751E+00  7.3341E+00  6.1115E+00  7.5152E+00  8.5767E+00  1.0271E+01
       1.2080E+01  7.2180E+00  8.9140E+00  7.2542E+00  7.6213E+00  9.2978E+00  6.4537E+00  8.5842E+00  9.8082E+00  1.2480E+01
       1.0405E+01  7.4949E+00  8.2118E+00  9.2237E+00  8.9444E+00  9.3011E+00  6.9552E+00  8.9866E+00  9.3832E+00  1.9257E+01
       1.0788E+01  9.0182E+00  9.8540E+00  8.0444E+00  7.4888E+00  7.6287E+00  7.5737E+00  1.0316E+01  9.5535E+00  1.5954E+01
       1.2166E+01  1.4543E+01  1.0961E+01  9.1629E+00  1.1002E+01  9.1253E+00  8.6190E+00  9.9986E+00  9.3369E+00  1.4807E+01
       1.0369E+01  1.2993E+01  7.6247E+00  6.8334E+00  9.5829E+00  8.2875E+00  1.4183E+01  9.5246E+00  1.1828E+01  1.1167E+01
       8.4641E+00  8.5938E+00  1.0456E+01  9.3915E+00  8.8887E+00  7.9751E+00  9.0795E+00  1.0603E+01  1.0686E+01  1.3240E+01
       1.0584E+01  7.3432E+00  9.5862E+00  7.1675E+00  7.8399E+00  1.0088E+01  9.1855E+00  7.9627E+00  1.1735E+01  1.2997E+01
       8.2110E+00  1.0229E+01  6.4642E+00  7.1117E+00  8.7051E+00  9.2768E+00  6.6021E+00  9.1354E+00  8.4798E+00  9.8150E+00
       8.8790E+00  1.1254E+01  7.5500E+00  9.0093E+00  6.6034E+00  6.8882E+00  8.1658E+00  7.0008E+00  7.3774E+00  1.0600E+01
       1.2054E+01  6.9804E+00  1.0842E+01  7.0964E+00  9.6491E+00  9.5020E+00  1.0075E+01  5.9376E+00  1.1799E+01  1.0780E+01
       1.1704E+01  1.1393E+01  6.7497E+00  7.4400E+00  6.6018E+00  1.1997E+01  9.8241E+00  5.7135E+00  8.7581E+00  1.5070E+01
       1.3238E+01  1.1363E+01  8.6521E+00  9.0084E+00  7.9469E+00  8.7076E+00  7.5805E+00  6.9579E+00  1.2924E+01  1.7751E+01
       1.0639E+01  1.3171E+01  1.0062E+01  8.4391E+00  1.1076E+01  7.5363E+00  8.8050E+00  8.3661E+00  1.3694E+01  1.7188E+01
       1.6882E+01  1.4182E+01  1.5469E+01  1.0363E+01  1.2476E+01  1.2051E+01  1.1772E+01  9.5550E+00  1.3083E+01  1.5249E+01
       1.4209E+01  1.3069E+01  1.1402E+01  1.1693E+01  1.1974E+01  1.0839E+01  1.1224E+01  8.1183E+00  1.0769E+01  8.6954E+00
       9.5868E+00  9.5535E+00  1.1011E+01  1.1307E+01  1.2468E+01  5.9195E+00  8.4398E+00  1.0606E+01  1.1870E+01  1.6286E+01
       1.2772E+01  9.0668E+00  1.1706E+01  1.0491E+01  1.2766E+01  8.2793E+00  7.3875E+00  8.2005E+00  1.1150E+01  1.2027E+01
       9.6941E+00  9.3645E+00  9.4649E+00  9.5350E+00  9.4293E+00  1.0127E+01  5.9634E+00  9.5359E+00  6.8834E+00  9.6482E+00
       8.8971E+00  9.9587E+00  7.8387E+00  1.1060E+01  8.2565E+00  9.3215E+00  8.3154E+00  9.8158E+00  7.6407E+00  8.9629E+00
       9.5758E+00  8.9171E+00  7.2421E+00  1.0593E+01  6.7791E+00  7.9083E+00  9.8853E+00  6.8244E+00  9.9509E+00  1.3275E+01
       1.3352E+01  1.0812E+01  7.7064E+00  1.1662E+01  8.6690E+00  1.0743E+01  1.0337E+01  7.4264E+00  9.6428E+00  1.2048E+01
       1.0729E+01  9.5457E+00  1.3039E+01  8.2596E+00  1.2312E+01  1.0315E+01  1.0032E+01  8.9344E+00  1.0701E+01  1.4950E+01
       1.4104E+01  9.7959E+00  1.2036E+01  1.0894E+01  1.1727E+01  8.9344E+00  9.8566E+00  9.9935E+00  1.5007E+01  1.8092E+01
       1.7013E+01  1.2975E+01  1.2631E+01  1.8855E+01  1.5082E+01  1.2962E+01  1.4187E+01  9.9436E+00  1.2946E+01  1.2705E+01
       1.6308E+01  1.2758E+01  1.4181E+01  1.3463E+01  1.0608E+01  9.4581E+00  1.3752E+01  1.2595E+01  1.1699E+01  1.3321E+01
       1.3916E+01  1.1613E+01  9.1452E+00  1.1074E+01  1.0403E+01  9.5589E+00  8.7098E+00  1.1264E+01  1.2060E+01  1.3970E+01
       1.2673E+01  1.0104E+01  1.3542E+01  1.0568E+01  1.0369E+01  1.0265E+01  9.6453E+00  9.9187E+00  1.6436E+01  1.1514E+01
       1.1831E+01  1.0502E+01  5.8158E+00  9.6179E+00  1.0936E+01  1.3882E+01  8.2657E+00  9.5687E+00  1.1952E+01  1.4061E+01
       9.0829E+00  8.7498E+00  8.0987E+00  7.6914E+00  9.5068E+00  1.2521E+01  1.0771E+01  1.1202E+01  8.2743E+00  1.2980E+01
       1.3459E+01  1.0726E+01  9.7832E+00  1.0217E+01  1.0630E+01  8.9425E+00  8.9248E+00  1.2241E+01  1.2428E+01  1.4334E+01
       1.2315E+01  1.0103E+01  1.0412E+01  8.6975E+00  1.1125E+01  1.1528E+01  9.1129E+00  1.0902E+01  1.2259E+01  1.3949E+01
       1.9451E+01  1.1196E+01  1.3072E+01  1.0893E+01  8.6805E+00  1.4963E+01  9.1107E+00  1.3100E+01  1.6036E+01  1.3154E+01
       1.5506E+01  1.7099E+01  1.2102E+01  1.5807E+01  1.2700E+01  1.8882E+01  1.1706E+01  1.2280E+01  1.4090E+01  2.6559E+01
       1.9642E+01  1.2532E+01  1.4465E+01  1.4834E+01  9.6248E+00  1.5691E+01  1.7993E+01  1.5158E+01  1.6218E+01  1.2638E+01
       2.0887E+01  1.3834E+01  1.4724E+01  1.5102E+01  1.1859E+01  1.2178E+01  1.2943E+01  1.1900E+01  1.1493E+01  1.3405E+01
       1.4590E+01  1.4156E+01  1.5180E+01  1.1303E+01  1.3134E+01  1.0756E+01  1.0850E+01  1.0921E+01  1.2442E+01  1.5183E+01
       1.6475E+01  1.1501E+01  1.2074E+01  8.0878E+00  9.7580E+00  9.6440E+00  1.0188E+01  8.9532E+00  1.3244E+01  1.5685E+01
       1.8918E+01  1.3689E+01  1.0286E+01  1.0357E+01  1.2730E+01  1.0892E+01  7.6528E+00  1.2642E+01  1.6133E+01  1.5892E+01
       1.1929E+01  1.0897E+01  9.5466E+00  1.0396E+01  1.4151E+01  1.3111E+01  1.0148E+01  1.3055E+01  8.9197E+00  1.7775E+01
       1.8148E+01  9.3382E+00  1.1801E+01  1.2111E+01  1.0764E+01  1.0703E+01  1.0334E+01  1.4795E+01  1.5155E+01  1.4775E+01
       1.3854E+01  1.4561E+01  1.8682E+01  1.1303E+01  1.2951E+01  1.0380E+01  1.4158E+01  8.2369E+00  1.1268E+01  1.4952E+01
       2.4223E+01  1.0150E+01  1.4810E+01  1.4433E+01  1.8083E+01  1.5218E+01  1.0971E+01  1.0036E+01  1.1649E+01  1.3187E+01
       1.5390E+01  1.6015E+01  1.6539E+01  1.4594E+01  1.5940E+01  2.2056E+01  1.1612E+01  1.3120E+01  1.2825E+01  2.3612E+01
       2.1062E+01  1.5233E+01  2.1479E+01  1.4670E+01  1.2961E+01  1.6472E+01  1.7824E+01  1.7921E+01  1.9432E+01  1.2345E+01
       1.3951E+01  1.7111E+01  1.2775E+01  1.8111E+01  1.8611E+01  1.4767E+01  1.9781E+01  1.4537E+01  1.3786E+01  1.6129E+01
       1.7822E+01  1.6811E+01  1.0690E+01  1.2996E+01  1.4884E+01  1.1683E+01  1.7153E+01  1.3294E+01  1.2477E+01  1.9036E+01
       1.6825E+01  1.3193E+01  1.1856E+01  1.6963E+01  1.0326E+01  1.3059E+01  9.5336E+00  1.2603E+01  1.7191E+01  1.6026E+01
       1.8502E+01  9.8630E+00  1.0986E+01  1.2733E+01  1.2197E+01  1.1280E+01  1.2403E+01  1.4506E+01  1.6750E+01  1.7870E+01
       1.9377E+01  1.6974E+01  9.1174E+00  1.3299E+01  1.0535E+01  1.2843E+01  1.2312E+01  1.9450E+01  1.0890E+01  1.7427E+01
       1.1451E+01  1.0749E+01  1.1442E+01  1.2821E+01  1.1258E+01  1.6206E+01  1.1943E+01  1.9252E+01  1.9094E+01  1.5423E+01
       8.7008E+00  1.0000E+01  1.7401E+01  9.6995E+00  1.1360E+01  1.6203E+01  1.2544E+01  1.3143E+01  1.3852E+01  1.4990E+01
       1.8152E+01  1.4514E+01  1.5536E+01  1.1933E+01  1.6938E+01  1.4043E+01  1.4410E+01  1.5652E+01  1.3751E+01  1.7185E+01
       2.6779E+01  1.8063E+01  1.7613E+01  1.5872E+01  2.0598E+01  1.9158E+01  1.4292E+01  1.0142E+01  1.3040E+01  2.8842E+01
