1
   Cartesian binning n.   1  "DoseEq    " , generalized particle n.  240
      X coordinate: from -8.5000E+01 to  8.5000E+01 cm,    10 bins ( 1.7000E+01 cm wide)
      Y coordinate: from -2.5000E+01 to  2.5000E+01 cm,    10 bins ( 5.0000E+00 cm wide)
      Z coordinate: from  2.2500E+02 to  2.7500E+02 cm,    10 bins ( 5.0000E+00 cm wide)
      Data follow in a matrix A(ix,iy,iz), format (1(5x,1p,10(1x,e11.4)))

      accurate deposition along the tracks requested
      this is a track-length binning
       1.1150E-04  1.0921E-04  1.3862E-04  1.5709E-04  1.5842E-04  1.5759E-04  1.5875E-04  1.4922E-04  1.2791E-04  8.7088E-05
       1.1680E-04  1.3797E-04  1.6103E-04  1.7695E-04  1.8675E-04  1.9086E-04  1.8477E-04  1.5746E-04  1.4135E-04  1.1562E-04
       1.2114E-04  1.4370E-04  1.6356E-04  1.8920E-04  1.9815E-04  1.9558E-04  1.8498E-04  1.6326E-04  1.4874E-04  1.2077E-04
       1.2586E-04  1.5612E-04  1.5436E-04  1.8988E-04  1.9640E-04  2.0025E-04  1.7911E-04  1.7277E-04  1.5504E-04  1.1417E-04
       1.2442E-04  1.4906E-04  1.6343E-04  1.7692E-04  2.0436E-04  2.0180E-04  1.8515E-04  1.7786E-04  1.4976E-04  1.2918E-04
       1.1176E-04  1.5262E-04  1.6498E-04  1.8522E-04  1.9639E-04  2.0591E-04  1.9978E-04  1.7463E-04  1.5731E-04  1.2276E-04
       1.0390E-04  1.4196E-04  1.6694E-04  1.9534E-04  2.0652E-04  1.9913E-04  1.9129E-04  1.8009E-04  1.6061E-04  1.1630E-04
       1.1442E-04  1.4363E-04  1.5899E-04  1.8233E-04  2.0467E-04  1.8408E-04  1.7606E-04  1.5938E-04  1.5294E-04  1.0815E-04
       1.1198E-04  1.3970E-04  1.5453E-04  1.7973E-04  1.9255E-04  1.8487E-04  1.6679E-04  1.5451E-04  1.3233E-04  1.2030E-04
       9.7969E-05  1.0249E-04  1.3799E-04  1.6703E-04  1.5782E-04  1.6449E-04  1.5333E-04  1.5613E-04  1.2222E-04  9.4828E-05
       9.9631E-05  1.0097E-04  1.2800E-04  1.3701E-04  1.3937E-04  1.4894E-04  1.4319E-04  1.2361E-04  1.1125E-04  7.8736E-05
       1.0120E-04  1.3513E-04  1.4987E-04  1.6078E-04  1.7764E-04  1.7365E-04  1.7640E-04  1.4143E-04  1.2479E-04  1.1600E-04
       1.0764E-04  1.4512E-04  1.4831E-04  1.8478E-04  1.8876E-04  1.9167E-04  1.7643E-04  1.6000E-04  1.3902E-04  1.0748E-04
       1.2488E-04  1.6149E-04  1.4955E-04  1.8788E-04  2.0044E-04  1.9343E-04  1.8273E-04  1.7135E-04  1.4575E-04  1.0579E-04
       1.1996E-04  1.6141E-04  1.7113E-04  1.9626E-04  2.1581E-04  2.1373E-04  1.9677E-04  1.7977E-04  1.4721E-04  1.2104E-04
       1.0479E-04  1.5441E-04  1.6947E-04  1.9370E-04  1.9484E-04  2.0539E-04  2.0865E-04  1.9255E-04  1.5758E-04  1.1337E-04
       9.7047E-05  1.4042E-04  1.6115E-04  1.8986E-04  2.0810E-04  2.0320E-04  1.8982E-04  1.6577E-04  1.5215E-04  1.1735E-04
       1.0155E-04  1.4587E-04  1.5700E-04  1.6514E-04  2.0084E-04  1.7211E-04  1.6567E-04  1.6469E-04  1.3968E-04  1.0698E-04
       9.1191E-05  1.2959E-04  1.4998E-04  1.7969E-04  1.7851E-04  1.7924E-04  1.5402E-04  1.5165E-04  1.3180E-04  1.0121E-04
       8.2865E-05  9.8056E-05  1.3464E-04  1.5451E-04  1.4211E-04  1.5046E-04  1.2511E-04  1.2677E-04  1.0488E-04  8.0204E-05
       6.9391E-05  8.6396E-05  1.0555E-04  1.1937E-04  1.1623E-04  1.1921E-04  1.1561E-04  9.5561E-05  8.8827E-05  6.5037E-05
       8.3214E-05  1.2106E-04  1.2927E-04  1.4231E-04  1.5637E-04  1.4535E-04  1.4659E-04  1.1493E-04  1.1103E-04  9.4425E-05
       9.1318E-05  1.3255E-04  1.3486E-04  1.6030E-04  1.5938E-04  1.6277E-04  1.5187E-04  1.4322E-04  1.2387E-04  1.0698E-04
       1.0607E-04  1.4557E-04  1.4581E-04  1.6415E-04  1.6849E-04  1.7360E-04  1.6278E-04  1.5450E-04  1.3042E-04  1.0266E-04
       1.0159E-04  1.3926E-04  1.5011E-04  1.7338E-04  1.9389E-04  1.9283E-04  1.7280E-04  1.6462E-04  1.3274E-04  1.1007E-04
       9.6512E-05  1.3768E-04  1.4782E-04  1.7649E-04  1.8622E-04  1.9035E-04  1.8370E-04  1.6957E-04  1.3601E-04  9.8706E-05
       8.4852E-05  1.2068E-04  1.4113E-04  1.7794E-04  1.8654E-04  1.9232E-04  1.6949E-04  1.4623E-04  1.3487E-04  9.7241E-05
       8.4726E-05  1.1872E-04  1.4477E-04  1.5492E-04  1.6489E-04  1.6863E-04  1.5003E-04  1.4454E-04  1.2287E-04  8.9010E-05
       8.5660E-05  1.0926E-04  1.3579E-04  1.5052E-04  1.6238E-04  1.5003E-04  1.3272E-04  1.3035E-04  1.1551E-04  8.1973E-05
       6.8093E-05  7.9394E-05  1.1727E-04  1.3847E-04  1.2415E-04  1.2219E-04  1.0388E-04  1.0372E-04  9.1053E-05  6.6633E-05
       5.6334E-05  6.8368E-05  8.4763E-05  9.1188E-05  9.5394E-05  9.3830E-05  9.3937E-05  6.8154E-05  7.5534E-05  5.2855E-05
       6.9116E-05  1.0004E-04  9.5881E-05  1.2374E-04  1.2396E-04  1.2435E-04  1.1783E-04  1.0435E-04  1.0366E-04  7.0837E-05
       7.7087E-05  1.0621E-04  1.0829E-04  1.3208E-04  1.4491E-04  1.3760E-04  1.2605E-04  1.1993E-04  1.0567E-04  8.5945E-05
       8.6521E-05  1.2492E-04  1.1413E-04  1.3587E-04  1.4798E-04  1.5556E-04  1.3970E-04  1.2984E-04  1.2232E-04  7.7760E-05
       8.7279E-05  1.2450E-04  1.2062E-04  1.5774E-04  1.5839E-04  1.6239E-04  1.5643E-04  1.3179E-04  1.2106E-04  8.6790E-05
       8.4801E-05  1.1559E-04  1.2661E-04  1.4770E-04  1.4695E-04  1.5126E-04  1.4586E-04  1.4377E-04  1.1520E-04  8.3368E-05
       6.9685E-05  1.0682E-04  1.1729E-04  1.4517E-04  1.4814E-04  1.6198E-04  1.3963E-04  1.3028E-04  1.2287E-04  7.7051E-05
       6.8106E-05  1.0733E-04  1.0848E-04  1.3209E-04  1.4875E-04  1.4140E-04  1.3616E-04  1.2029E-04  1.1398E-04  8.1965E-05
       6.4852E-05  9.3264E-05  1.1178E-04  1.2112E-04  1.3250E-04  1.2590E-04  1.1494E-04  1.1298E-04  9.4139E-05  6.7032E-05
       5.2753E-05  6.9647E-05  8.6617E-05  9.5509E-05  9.5306E-05  9.6607E-05  7.7441E-05  8.9149E-05  6.4819E-05  4.6147E-05
       4.4354E-05  5.3643E-05  7.2369E-05  7.4521E-05  7.6474E-05  7.8432E-05  7.0541E-05  6.2075E-05  5.9913E-05  4.2376E-05
       4.9387E-05  8.5279E-05  8.3758E-05  1.0001E-04  1.0203E-04  1.0891E-04  9.6846E-05  8.9681E-05  8.2426E-05  5.4275E-05
       6.7324E-05  8.7991E-05  9.5834E-05  1.1130E-04  1.2007E-04  1.1716E-04  1.1213E-04  1.0313E-04  9.2841E-05  6.9610E-05
       6.8969E-05  1.0339E-04  1.0613E-04  1.2097E-04  1.3356E-04  1.1888E-04  1.1281E-04  1.0570E-04  1.0135E-04  6.7745E-05
       6.9221E-05  1.0581E-04  1.0451E-04  1.1941E-04  1.3374E-04  1.3104E-04  1.3206E-04  1.1537E-04  1.0227E-04  6.0082E-05
       6.7919E-05  9.5067E-05  1.0400E-04  1.1475E-04  1.2132E-04  1.2784E-04  1.1660E-04  1.1795E-04  9.5419E-05  6.8232E-05
       6.5802E-05  8.6431E-05  9.2658E-05  1.1209E-04  1.2567E-04  1.3605E-04  1.2479E-04  1.1081E-04  9.1978E-05  6.2124E-05
       6.1667E-05  8.6204E-05  8.0870E-05  1.1508E-04  1.1829E-04  1.1397E-04  1.1307E-04  9.3840E-05  9.5805E-05  6.2996E-05
       5.8263E-05  7.2611E-05  8.2126E-05  9.6582E-05  1.1629E-04  1.0269E-04  1.0043E-04  8.8252E-05  7.8218E-05  5.6012E-05
       4.3467E-05  5.1898E-05  6.4673E-05  6.8834E-05  7.5089E-05  7.2643E-05  6.6332E-05  7.5372E-05  5.5597E-05  4.2429E-05
       3.8834E-05  4.3492E-05  5.3842E-05  6.0880E-05  6.1814E-05  7.0996E-05  5.8865E-05  5.3736E-05  4.6479E-05  3.3380E-05
       3.9190E-05  6.5041E-05  7.1151E-05  8.9646E-05  9.1172E-05  8.6910E-05  7.7392E-05  7.1985E-05  7.4549E-05  4.8691E-05
       5.0045E-05  7.5029E-05  8.4175E-05  9.4620E-05  1.1294E-04  9.2441E-05  8.7958E-05  7.3055E-05  8.4539E-05  6.1159E-05
       4.7041E-05  8.4335E-05  9.0852E-05  1.0173E-04  1.1183E-04  1.0093E-04  8.9479E-05  8.7857E-05  8.9809E-05  5.6647E-05
       5.6415E-05  7.5451E-05  8.5476E-05  9.8332E-05  1.0963E-04  9.6726E-05  1.0029E-04  9.0033E-05  8.3939E-05  6.0652E-05
       5.8408E-05  7.3221E-05  8.3229E-05  9.5578E-05  9.9161E-05  1.0538E-04  1.0111E-04  9.5798E-05  7.1988E-05  5.3562E-05
       5.2631E-05  7.1620E-05  8.2027E-05  1.0337E-04  1.0438E-04  1.1709E-04  1.0068E-04  8.4367E-05  7.4968E-05  4.4847E-05
       5.0089E-05  6.4613E-05  7.6520E-05  9.9529E-05  9.9846E-05  9.7010E-05  9.3149E-05  8.1456E-05  7.1565E-05  4.9635E-05
       4.2150E-05  6.1483E-05  7.1499E-05  8.1342E-05  8.7087E-05  8.3731E-05  8.0976E-05  7.3207E-05  5.6603E-05  4.0339E-05
       3.7141E-05  4.4058E-05  5.0590E-05  5.5850E-05  6.3040E-05  6.3292E-05  5.9118E-05  5.4321E-05  4.6414E-05  3.5708E-05
       2.6490E-05  3.6014E-05  3.9041E-05  4.9835E-05  5.1769E-05  4.8020E-05  4.4790E-05  4.2559E-05  3.7284E-05  2.5026E-05
       3.6293E-05  5.3631E-05  5.5211E-05  6.6049E-05  7.1861E-05  6.5595E-05  6.2919E-05  5.6198E-05  5.6475E-05  4.0307E-05
       3.9580E-05  5.8747E-05  7.1331E-05  7.0082E-05  8.9477E-05  7.1704E-05  6.9268E-05  6.4612E-05  6.6094E-05  4.5716E-05
       4.0202E-05  6.6869E-05  7.1355E-05  7.9360E-05  8.2949E-05  8.6756E-05  7.0665E-05  5.9613E-05  6.1349E-05  4.8125E-05
       4.2706E-05  5.8326E-05  6.7143E-05  7.1232E-05  8.8414E-05  8.2490E-05  7.8682E-05  6.3354E-05  5.7791E-05  4.3273E-05
       4.4860E-05  5.6585E-05  6.9618E-05  8.5849E-05  7.6864E-05  8.4924E-05  7.9368E-05  7.3686E-05  5.0567E-05  4.1275E-05
       4.4137E-05  4.7683E-05  6.8901E-05  8.0596E-05  8.0733E-05  7.9967E-05  8.1223E-05  7.3810E-05  5.5641E-05  3.5210E-05
       3.6591E-05  4.7916E-05  6.9209E-05  7.0962E-05  7.2501E-05  7.3381E-05  7.0330E-05  6.3140E-05  5.3385E-05  3.5051E-05
       3.4147E-05  4.2985E-05  5.7828E-05  6.3314E-05  6.2520E-05  7.2696E-05  6.3741E-05  5.7938E-05  5.2899E-05  2.9296E-05
       2.6600E-05  3.4043E-05  3.9305E-05  4.2515E-05  4.6043E-05  5.0788E-05  4.4547E-05  4.2968E-05  3.2900E-05  2.5573E-05
       2.6796E-05  2.7188E-05  2.9448E-05  3.9775E-05  3.3759E-05  3.7751E-05  3.6145E-05  3.2437E-05  2.6393E-05  2.3393E-05
       2.9412E-05  4.1195E-05  4.3809E-05  4.8835E-05  5.4488E-05  5.7771E-05  4.8857E-05  3.9593E-05  4.3604E-05  2.6295E-05
       2.8448E-05  5.2368E-05  5.8673E-05  5.8790E-05  6.6424E-05  6.9574E-05  6.1159E-05  5.1435E-05  5.1155E-05  3.7787E-05
       3.3912E-05  6.2006E-05  6.0167E-05  5.5308E-05  5.9188E-05  6.4796E-05  5.2493E-05  4.9496E-05  4.5782E-05  3.6447E-05
       2.8949E-05  5.3022E-05  6.1346E-05  6.0281E-05  6.8261E-05  7.5924E-05  6.8133E-05  5.4236E-05  4.1472E-05  3.4656E-05
       3.1417E-05  5.1229E-05  5.9299E-05  6.4596E-05  6.4547E-05  6.9026E-05  6.5950E-05  5.9324E-05  4.1051E-05  2.9850E-05
       3.5725E-05  4.7384E-05  5.3440E-05  6.2914E-05  6.2877E-05  6.5531E-05  6.2492E-05  5.3289E-05  4.7513E-05  2.6453E-05
       2.8433E-05  3.9503E-05  5.0878E-05  6.2677E-05  5.7209E-05  5.4267E-05  5.4718E-05  4.4439E-05  4.3811E-05  2.9952E-05
       2.9509E-05  3.5890E-05  4.1588E-05  4.7402E-05  4.9883E-05  5.5162E-05  4.8535E-05  3.9954E-05  4.2125E-05  2.2108E-05
       2.2106E-05  2.7913E-05  2.9045E-05  3.2567E-05  3.7421E-05  3.5211E-05  3.3534E-05  3.2324E-05  3.0797E-05  2.0221E-05
       1.8819E-05  2.2335E-05  2.5528E-05  2.6903E-05  2.9923E-05  2.8476E-05  3.1171E-05  2.5344E-05  1.9391E-05  1.3522E-05
       2.2905E-05  3.1376E-05  3.0808E-05  4.0401E-05  4.3812E-05  4.0556E-05  3.9030E-05  3.2093E-05  3.2433E-05  2.2975E-05
       2.2383E-05  4.1720E-05  4.8687E-05  5.4123E-05  4.8456E-05  4.4154E-05  4.3249E-05  4.3311E-05  3.4909E-05  2.8414E-05
       2.2223E-05  4.4318E-05  4.8585E-05  4.5854E-05  5.0271E-05  4.9902E-05  4.1906E-05  3.6775E-05  3.2747E-05  2.5297E-05
       2.2104E-05  4.0183E-05  3.8231E-05  5.0486E-05  4.5239E-05  5.4663E-05  5.2685E-05  4.1760E-05  3.1391E-05  2.2825E-05
       2.7081E-05  4.1836E-05  4.1692E-05  4.9331E-05  5.1154E-05  5.5442E-05  5.5828E-05  4.4273E-05  3.4747E-05  2.3227E-05
       2.5550E-05  3.4690E-05  4.0922E-05  5.4230E-05  4.5299E-05  4.8526E-05  5.1886E-05  3.9800E-05  4.1314E-05  1.8475E-05
       2.1684E-05  2.9381E-05  4.1960E-05  4.6006E-05  4.1161E-05  3.9144E-05  4.4473E-05  3.4221E-05  3.3179E-05  2.1570E-05
       2.1068E-05  3.0377E-05  2.9734E-05  3.6482E-05  3.9596E-05  4.0270E-05  4.0247E-05  3.7238E-05  3.0712E-05  2.3130E-05
       1.5552E-05  2.3767E-05  2.5398E-05  2.9371E-05  2.8921E-05  3.1168E-05  2.5773E-05  2.1715E-05  2.2954E-05  1.6635E-05
       1.4742E-05  1.5370E-05  1.5729E-05  1.8947E-05  2.3635E-05  2.2421E-05  2.1472E-05  1.7240E-05  1.6190E-05  9.5962E-06
       1.5734E-05  2.5119E-05  2.2248E-05  2.8328E-05  2.8330E-05  2.4974E-05  3.1107E-05  2.5214E-05  1.9464E-05  1.5146E-05
       1.7530E-05  2.6217E-05  2.5015E-05  3.2977E-05  3.3319E-05  3.2686E-05  2.5936E-05  2.6932E-05  1.7535E-05  2.0623E-05
       1.9599E-05  2.6596E-05  3.1944E-05  3.3686E-05  3.5143E-05  3.1798E-05  3.1309E-05  2.6970E-05  2.1796E-05  2.1394E-05
       1.8262E-05  2.9490E-05  3.3659E-05  3.5511E-05  3.5003E-05  3.5236E-05  3.4511E-05  2.8910E-05  2.0907E-05  1.3911E-05
       1.8097E-05  3.0784E-05  3.1014E-05  3.5955E-05  3.2226E-05  3.7024E-05  3.0898E-05  3.0379E-05  2.6798E-05  1.6659E-05
       1.7941E-05  2.6477E-05  3.2989E-05  4.0203E-05  3.1478E-05  3.6422E-05  3.1631E-05  2.8276E-05  2.2792E-05  1.2796E-05
       1.5632E-05  2.6059E-05  2.7925E-05  3.2627E-05  2.9776E-05  3.3159E-05  3.2104E-05  2.4483E-05  1.8869E-05  1.4291E-05
       1.4016E-05  2.3817E-05  2.2617E-05  3.2366E-05  2.3912E-05  3.1132E-05  3.1596E-05  2.5457E-05  1.9293E-05  1.4690E-05
       1.1625E-05  1.5112E-05  1.7386E-05  1.7029E-05  2.3524E-05  1.8113E-05  1.7791E-05  1.4546E-05  1.4284E-05  1.2771E-05

      Percentage errors follow in a matrix A(ix,iy,iz), format (1(5x,1p,10(1x,e11.4)))

       6.1403E+00  6.4638E+00  5.0500E+00  3.7563E+00  3.7135E+00  5.2110E+00  3.5556E+00  5.9678E+00  5.8022E+00  6.2365E+00
       6.4416E+00  4.5183E+00  4.3389E+00  3.3635E+00  4.1737E+00  4.5950E+00  3.2531E+00  3.4574E+00  5.4746E+00  6.0668E+00
       5.6808E+00  4.1371E+00  4.2249E+00  2.6802E+00  4.2872E+00  3.8190E+00  4.0859E+00  4.8765E+00  5.4037E+00  4.0803E+00
       4.0830E+00  5.2703E+00  6.0376E+00  4.1974E+00  5.6167E+00  3.2017E+00  3.4190E+00  4.4499E+00  4.8625E+00  5.7507E+00
       4.4477E+00  4.7380E+00  4.1634E+00  4.6894E+00  4.0722E+00  3.5031E+00  3.5783E+00  5.9314E+00  5.5013E+00  5.2893E+00
       4.9413E+00  5.0460E+00  3.6688E+00  4.1423E+00  4.2858E+00  3.5156E+00  5.0831E+00  3.8402E+00  4.2685E+00  5.7238E+00
       6.1182E+00  3.9052E+00  4.0698E+00  2.7976E+00  5.1937E+00  3.3936E+00  3.4076E+00  4.9362E+00  4.4323E+00  4.1596E+00
       5.2431E+00  3.5576E+00  4.4134E+00  3.8199E+00  3.0907E+00  6.1522E+00  3.2433E+00  4.2953E+00  3.5106E+00  4.7322E+00
       5.3467E+00  5.0638E+00  4.8412E+00  4.4959E+00  3.1562E+00  3.5069E+00  4.5858E+00  3.6585E+00  4.2483E+00  5.0648E+00
       5.0459E+00  3.5175E+00  4.5041E+00  4.3820E+00  4.8137E+00  3.8038E+00  5.1975E+00  4.0988E+00  4.0720E+00  4.6063E+00
       7.6922E+00  6.2458E+00  5.3144E+00  5.5798E+00  4.0753E+00  5.6093E+00  3.8923E+00  4.5785E+00  5.8692E+00  7.7902E+00
       5.4474E+00  5.4749E+00  4.3445E+00  4.5112E+00  4.0354E+00  3.8541E+00  5.4983E+00  5.6948E+00  4.1240E+00  6.5101E+00
       7.5575E+00  6.7808E+00  5.0078E+00  4.4098E+00  5.5818E+00  3.2951E+00  3.2602E+00  4.9218E+00  5.0371E+00  6.4272E+00
       4.6715E+00  4.9948E+00  5.8356E+00  5.0386E+00  5.8149E+00  4.3925E+00  3.5327E+00  4.8305E+00  5.5464E+00  4.4952E+00
       5.5494E+00  4.4185E+00  4.3015E+00  4.5598E+00  4.1654E+00  5.0256E+00  5.1461E+00  4.6921E+00  4.2774E+00  5.9023E+00
       6.1751E+00  5.4740E+00  4.5041E+00  4.0895E+00  5.4929E+00  3.6457E+00  4.6598E+00  3.7760E+00  6.1358E+00  5.0319E+00
       6.9582E+00  5.0105E+00  4.4414E+00  4.1371E+00  4.8642E+00  4.0901E+00  3.7713E+00  5.6862E+00  4.7018E+00  6.4709E+00
       6.9171E+00  5.6469E+00  4.9415E+00  4.1886E+00  4.5561E+00  4.0746E+00  3.3805E+00  5.0231E+00  4.2109E+00  4.4294E+00
       5.6168E+00  5.7581E+00  4.9838E+00  3.8281E+00  3.8139E+00  4.1152E+00  3.6722E+00  5.1347E+00  5.7404E+00  4.7086E+00
       5.0613E+00  3.7773E+00  4.5143E+00  5.0025E+00  4.8631E+00  4.6171E+00  5.9680E+00  4.9368E+00  6.1028E+00  6.9312E+00
       6.2301E+00  6.2382E+00  5.4676E+00  6.0173E+00  4.2966E+00  4.6755E+00  4.6729E+00  6.3625E+00  4.7925E+00  7.7639E+00
       6.9093E+00  5.1734E+00  5.2962E+00  4.4938E+00  4.0846E+00  4.4596E+00  5.0477E+00  7.8844E+00  3.9805E+00  5.4087E+00
       6.2177E+00  6.8984E+00  4.6106E+00  4.9215E+00  4.3464E+00  3.7638E+00  4.7864E+00  5.3335E+00  4.6066E+00  6.0179E+00
       4.4707E+00  6.2858E+00  7.6331E+00  4.2055E+00  4.6373E+00  4.3447E+00  3.7147E+00  4.7993E+00  6.2213E+00  5.5979E+00
       6.6809E+00  5.0201E+00  5.0684E+00  5.9662E+00  5.7486E+00  3.8793E+00  4.9338E+00  4.5372E+00  6.0199E+00  4.9997E+00
       7.4346E+00  5.4378E+00  3.2299E+00  5.8510E+00  4.0702E+00  4.2374E+00  4.9594E+00  4.7554E+00  4.0360E+00  4.5980E+00
       6.4631E+00  5.3136E+00  4.5180E+00  4.2222E+00  3.2620E+00  3.6258E+00  4.4478E+00  6.6994E+00  5.1920E+00  5.4361E+00
       5.9418E+00  4.8597E+00  5.0674E+00  4.0923E+00  4.7124E+00  4.4832E+00  5.5377E+00  5.3600E+00  3.7411E+00  4.8784E+00
       5.6044E+00  5.6087E+00  5.2627E+00  4.1566E+00  2.9790E+00  4.3929E+00  4.6896E+00  4.2443E+00  7.3902E+00  6.5287E+00
       6.2340E+00  5.1449E+00  4.3551E+00  4.8951E+00  5.3362E+00  5.1729E+00  5.7176E+00  5.8570E+00  6.1986E+00  8.9918E+00
       6.5769E+00  8.0680E+00  5.9062E+00  6.6876E+00  4.7476E+00  6.3130E+00  6.1459E+00  7.5298E+00  5.2849E+00  6.2577E+00
       8.2507E+00  6.4059E+00  5.0458E+00  4.6918E+00  4.8005E+00  4.6443E+00  4.1594E+00  6.6592E+00  6.2589E+00  7.9100E+00
       5.9652E+00  6.1652E+00  4.8158E+00  6.0514E+00  4.9870E+00  5.0278E+00  5.4935E+00  6.2634E+00  4.7228E+00  7.3216E+00
       6.1162E+00  5.6867E+00  5.4792E+00  5.2121E+00  4.4681E+00  4.4691E+00  5.1123E+00  5.0670E+00  6.9355E+00  5.7769E+00
       6.8220E+00  4.7138E+00  6.0234E+00  5.1249E+00  5.2197E+00  3.9853E+00  4.8346E+00  5.3306E+00  5.6824E+00  6.9455E+00
       6.9791E+00  4.2620E+00  4.4003E+00  4.3308E+00  4.9729E+00  4.2945E+00  4.4403E+00  4.4985E+00  4.3750E+00  5.5407E+00
       7.4614E+00  5.6826E+00  5.0852E+00  3.9544E+00  4.7670E+00  4.9273E+00  4.2568E+00  6.6987E+00  6.1042E+00  9.5399E+00
       5.4128E+00  7.1216E+00  4.0074E+00  5.0488E+00  5.2124E+00  5.5008E+00  6.7701E+00  7.2727E+00  5.0656E+00  5.9234E+00
       8.4133E+00  6.1633E+00  4.2726E+00  4.7321E+00  5.7317E+00  6.4070E+00  6.1073E+00  5.1331E+00  4.6288E+00  6.7018E+00
       6.9585E+00  6.1499E+00  5.8502E+00  5.3305E+00  5.2176E+00  5.9533E+00  5.5427E+00  5.8637E+00  5.5729E+00  9.5554E+00
       7.5525E+00  8.6872E+00  7.9588E+00  5.9408E+00  5.4123E+00  5.2830E+00  5.0174E+00  8.7973E+00  1.0537E+01  8.2025E+00
       9.3772E+00  6.9904E+00  7.0850E+00  7.3539E+00  6.1702E+00  5.6996E+00  5.5578E+00  5.8582E+00  7.3104E+00  7.7000E+00
       6.0033E+00  6.5390E+00  6.8933E+00  6.0490E+00  7.5752E+00  5.2504E+00  7.3078E+00  5.2313E+00  6.9542E+00  7.3242E+00
       5.2495E+00  7.2783E+00  4.9914E+00  5.2404E+00  6.2457E+00  5.3351E+00  5.5443E+00  5.2118E+00  4.7362E+00  9.5734E+00
       6.0940E+00  6.0946E+00  6.0196E+00  4.5342E+00  5.3984E+00  4.5747E+00  4.8733E+00  7.8220E+00  6.3474E+00  9.6848E+00
       6.5019E+00  4.9688E+00  4.1648E+00  4.5543E+00  7.8018E+00  4.9522E+00  4.9400E+00  3.8363E+00  5.7352E+00  5.9815E+00
       7.7965E+00  7.5374E+00  5.4703E+00  5.1074E+00  6.4954E+00  5.6771E+00  6.8880E+00  5.6169E+00  7.0010E+00  9.0008E+00
       7.8288E+00  6.2254E+00  5.5199E+00  4.4834E+00  5.2477E+00  5.5402E+00  5.5675E+00  5.8718E+00  7.1607E+00  7.5566E+00
       7.2338E+00  6.2658E+00  4.9241E+00  5.4374E+00  5.9436E+00  4.9493E+00  6.4522E+00  5.4174E+00  6.6708E+00  6.3730E+00
       8.6117E+00  1.0006E+01  6.4306E+00  6.8187E+00  6.8780E+00  8.7900E+00  6.1759E+00  7.5840E+00  8.1797E+00  9.7008E+00
       7.3423E+00  7.6204E+00  9.9312E+00  6.7996E+00  6.1261E+00  7.1258E+00  5.2866E+00  7.6439E+00  9.1600E+00  1.0490E+01
       1.0209E+01  6.0777E+00  8.8441E+00  6.6498E+00  7.7436E+00  5.2558E+00  7.6945E+00  7.0031E+00  7.0149E+00  5.8395E+00
       6.3976E+00  7.6129E+00  7.4153E+00  5.0713E+00  6.3864E+00  7.1882E+00  9.2044E+00  6.4757E+00  7.5078E+00  6.9107E+00
       8.8607E+00  9.2577E+00  6.6306E+00  5.7952E+00  4.6627E+00  7.2766E+00  7.3436E+00  7.7952E+00  8.4564E+00  8.5754E+00
       6.1815E+00  8.4173E+00  5.9994E+00  5.2122E+00  5.0554E+00  6.8430E+00  6.1660E+00  6.7040E+00  8.3656E+00  7.8819E+00
       7.8329E+00  7.5213E+00  6.9671E+00  3.6015E+00  6.0572E+00  6.0027E+00  5.7006E+00  5.0250E+00  7.7855E+00  1.1092E+01
       6.9777E+00  7.2227E+00  7.1970E+00  5.1465E+00  6.3290E+00  6.4559E+00  7.2398E+00  4.9101E+00  7.6846E+00  1.1385E+01
       6.6609E+00  6.5481E+00  6.7334E+00  6.2471E+00  6.7980E+00  8.8524E+00  6.3970E+00  5.1632E+00  8.0005E+00  1.0936E+01
       7.3275E+00  7.3478E+00  4.2533E+00  5.7508E+00  6.7498E+00  6.7325E+00  7.8074E+00  5.7747E+00  7.7924E+00  7.8471E+00
       1.0943E+01  8.9819E+00  6.9681E+00  6.6230E+00  5.9374E+00  4.7159E+00  6.0319E+00  6.5233E+00  8.0001E+00  9.3329E+00
       1.0721E+01  9.7696E+00  8.5143E+00  7.5533E+00  7.4311E+00  6.3178E+00  6.9653E+00  8.6762E+00  8.2738E+00  7.9564E+00
       9.3479E+00  9.1765E+00  7.6167E+00  6.7327E+00  6.3771E+00  6.6166E+00  7.4923E+00  7.8010E+00  6.9007E+00  9.4177E+00
       7.4302E+00  8.3619E+00  7.3212E+00  4.7691E+00  6.1343E+00  7.3792E+00  7.4279E+00  8.7534E+00  7.2646E+00  9.1952E+00
       9.4276E+00  7.3289E+00  6.9611E+00  6.1088E+00  6.2047E+00  6.7024E+00  8.0317E+00  9.9067E+00  7.1439E+00  1.0953E+01
       1.0256E+01  8.0694E+00  5.3580E+00  6.1909E+00  5.8104E+00  6.0093E+00  7.7056E+00  8.1024E+00  7.7426E+00  1.0467E+01
       7.6518E+00  7.7484E+00  5.8970E+00  6.6091E+00  5.0690E+00  5.6050E+00  6.7331E+00  6.9350E+00  8.7700E+00  9.5689E+00
       5.4103E+00  8.6873E+00  7.6848E+00  6.0257E+00  6.5145E+00  6.8870E+00  8.4371E+00  7.2864E+00  7.8936E+00  1.1599E+01
       8.0006E+00  7.3384E+00  7.1320E+00  6.6084E+00  8.9001E+00  7.7257E+00  5.4472E+00  7.4869E+00  8.4437E+00  1.0272E+01
       9.5079E+00  8.2291E+00  6.4560E+00  6.1387E+00  5.6550E+00  8.0172E+00  9.0132E+00  8.9626E+00  8.7799E+00  1.1330E+01
       7.1856E+00  1.0048E+01  1.1065E+01  8.6250E+00  8.8377E+00  6.1761E+00  9.4082E+00  6.8438E+00  1.1555E+01  1.2222E+01
       1.2577E+01  7.6106E+00  9.5588E+00  1.0005E+01  1.0420E+01  9.3881E+00  7.4895E+00  7.6099E+00  1.2252E+01  1.5202E+01
       1.0543E+01  9.7329E+00  1.0790E+01  7.7764E+00  9.2411E+00  6.5238E+00  9.4792E+00  8.9647E+00  1.1253E+01  8.4396E+00
       1.0298E+01  7.4255E+00  8.2296E+00  8.4217E+00  9.5446E+00  6.4738E+00  6.2015E+00  8.5653E+00  7.2920E+00  8.9817E+00
       1.2707E+01  7.6918E+00  5.8623E+00  7.9765E+00  7.4364E+00  7.5493E+00  1.0311E+01  6.5230E+00  1.1179E+01  9.5739E+00
       9.9287E+00  9.3787E+00  7.1105E+00  7.2922E+00  7.2841E+00  9.2402E+00  8.3843E+00  8.0211E+00  9.6257E+00  1.1896E+01
       9.5325E+00  5.8811E+00  7.2073E+00  6.3487E+00  8.5171E+00  9.0311E+00  8.6354E+00  6.5846E+00  1.2286E+01  1.0730E+01
       7.6772E+00  7.9040E+00  7.6876E+00  6.5966E+00  7.2954E+00  6.7086E+00  8.4516E+00  7.2888E+00  1.0204E+01  9.8252E+00
       1.2292E+01  1.0590E+01  9.8582E+00  8.6461E+00  7.0111E+00  8.5626E+00  7.4675E+00  8.1665E+00  9.3913E+00  1.3952E+01
       1.0797E+01  8.3531E+00  4.5159E+00  6.8365E+00  6.3394E+00  9.8416E+00  1.0149E+01  1.1878E+01  9.8717E+00  1.5804E+01
       1.1131E+01  1.0769E+01  1.0742E+01  9.1227E+00  8.2306E+00  1.1653E+01  1.0999E+01  8.0935E+00  1.2108E+01  1.2503E+01
       1.3707E+01  1.1033E+01  1.1778E+01  1.1237E+01  8.0604E+00  9.0418E+00  1.0132E+01  1.1525E+01  1.3504E+01  1.3453E+01
       1.3753E+01  7.1088E+00  1.2065E+01  8.1696E+00  1.2083E+01  7.8948E+00  7.6256E+00  1.3379E+01  1.2182E+01  1.1401E+01
       1.2479E+01  1.0396E+01  8.5697E+00  1.0402E+01  1.0091E+01  7.8173E+00  8.4365E+00  8.8283E+00  6.6833E+00  9.3614E+00
       1.3619E+01  8.0821E+00  7.7047E+00  7.6188E+00  7.9622E+00  7.2091E+00  8.4318E+00  9.5412E+00  9.5455E+00  1.2389E+01
       1.2462E+01  9.5441E+00  6.8030E+00  7.7774E+00  8.4183E+00  8.5154E+00  7.6326E+00  8.9662E+00  1.2029E+01  9.7020E+00
       1.3264E+01  6.4535E+00  8.1969E+00  7.1830E+00  9.1957E+00  1.1006E+01  1.0408E+01  8.7804E+00  9.5302E+00  1.3458E+01
       1.0965E+01  6.8295E+00  9.4718E+00  8.3622E+00  6.6889E+00  8.9397E+00  1.1018E+01  1.1179E+01  9.6012E+00  1.3430E+01
       1.0626E+01  6.3840E+00  1.2234E+01  8.3757E+00  7.8132E+00  1.1368E+01  1.1699E+01  8.5375E+00  1.1387E+01  1.3008E+01
       1.0336E+01  8.6547E+00  1.1244E+01  8.7680E+00  7.9400E+00  1.1912E+01  1.1335E+01  8.7663E+00  1.5039E+01  1.7655E+01
       1.2953E+01  1.1634E+01  1.3678E+01  1.2967E+01  7.4416E+00  1.1602E+01  1.1331E+01  1.3944E+01  1.4409E+01  1.3666E+01
       1.3236E+01  1.2834E+01  1.1169E+01  9.6296E+00  1.1578E+01  9.7626E+00  1.1333E+01  1.7479E+01  1.6535E+01  1.1656E+01
       1.4557E+01  1.2590E+01  1.1370E+01  8.5628E+00  1.1662E+01  1.3228E+01  8.9015E+00  1.2440E+01  1.4183E+01  1.2394E+01
       1.3555E+01  1.3247E+01  1.1365E+01  1.0168E+01  1.0793E+01  8.1436E+00  1.2690E+01  9.8136E+00  1.1028E+01  1.3475E+01
       1.6646E+01  8.8664E+00  9.4144E+00  1.0143E+01  9.6011E+00  1.0931E+01  9.9104E+00  1.0850E+01  1.1149E+01  1.5794E+01
       1.0509E+01  9.6018E+00  7.2304E+00  1.0934E+01  9.7666E+00  1.1389E+01  1.1075E+01  1.0043E+01  1.2349E+01  1.2583E+01
       1.2793E+01  1.0536E+01  8.2921E+00  9.2302E+00  1.4668E+01  1.0125E+01  9.9902E+00  8.8262E+00  9.3912E+00  1.2939E+01
       1.5057E+01  1.0048E+01  1.1540E+01  1.0097E+01  9.7609E+00  1.1093E+01  9.8983E+00  1.0118E+01  1.0597E+01  1.7825E+01
       1.0059E+01  7.6632E+00  1.0614E+01  9.8575E+00  1.2759E+01  1.2080E+01  1.1861E+01  8.2533E+00  1.5182E+01  1.5882E+01
       1.4864E+01  1.3176E+01  1.5366E+01  1.1949E+01  1.0654E+01  1.0394E+01  1.3004E+01  9.4075E+00  1.4282E+01  1.1254E+01
       1.2373E+01  1.4483E+01  1.0388E+01  1.1381E+01  9.6501E+00  1.4155E+01  1.1688E+01  1.4713E+01  1.8093E+01  1.6141E+01
