1
   Cartesian binning n.   1  "DoseEq    " , generalized particle n.  240
      X coordinate: from -8.5000E+01 to  8.5000E+01 cm,    10 bins ( 1.7000E+01 cm wide)
      Y coordinate: from -2.5000E+01 to  2.5000E+01 cm,    10 bins ( 5.0000E+00 cm wide)
      Z coordinate: from  2.2500E+02 to  2.7500E+02 cm,    10 bins ( 5.0000E+00 cm wide)
      Data follow in a matrix A(ix,iy,iz), format (1(5x,1p,10(1x,e11.4)))

      accurate deposition along the tracks requested
      this is a track-length binning
       4.0113E-05  4.9739E-05  5.5416E-05  5.6475E-05  6.0278E-05  5.4107E-05  6.2350E-05  5.4303E-05  5.4935E-05  4.1754E-05
       4.1012E-05  4.8865E-05  6.3748E-05  6.4096E-05  7.0002E-05  7.0811E-05  6.6545E-05  5.9856E-05  6.1121E-05  4.5088E-05
       4.1499E-05  5.5704E-05  5.8761E-05  7.4597E-05  6.8766E-05  6.5638E-05  7.6654E-05  6.3155E-05  5.7600E-05  4.9753E-05
       5.5616E-05  5.2098E-05  5.8122E-05  7.7130E-05  7.8425E-05  7.3007E-05  7.1903E-05  5.7814E-05  4.9847E-05  4.1955E-05
       4.4051E-05  5.4361E-05  6.8383E-05  7.9168E-05  8.8967E-05  7.8771E-05  6.5860E-05  5.4834E-05  5.2145E-05  4.5225E-05
       3.7484E-05  6.6712E-05  7.3503E-05  7.9025E-05  7.5682E-05  7.1719E-05  7.0629E-05  6.9306E-05  6.4702E-05  4.6149E-05
       4.7105E-05  5.4225E-05  7.5737E-05  6.1713E-05  7.0636E-05  6.8207E-05  6.7965E-05  5.6307E-05  5.9459E-05  5.4722E-05
       4.8559E-05  5.5627E-05  6.3253E-05  6.8280E-05  8.1560E-05  6.4180E-05  6.9636E-05  6.8101E-05  5.8975E-05  4.2492E-05
       3.8181E-05  5.7386E-05  6.4037E-05  6.1192E-05  6.7782E-05  7.1294E-05  6.0369E-05  5.8770E-05  5.4011E-05  4.2427E-05
       3.9547E-05  3.8489E-05  5.3618E-05  6.1505E-05  6.0167E-05  5.5420E-05  6.3695E-05  5.6037E-05  4.8103E-05  3.6818E-05
       3.4314E-05  4.4298E-05  4.5585E-05  4.9277E-05  4.6823E-05  5.8267E-05  5.2908E-05  4.9583E-05  4.2520E-05  3.2262E-05
       3.9658E-05  4.8491E-05  6.0430E-05  7.0232E-05  7.3291E-05  6.2203E-05  6.0947E-05  5.7404E-05  5.0135E-05  3.9863E-05
       4.1434E-05  5.3460E-05  5.9479E-05  7.2438E-05  7.2622E-05  6.8157E-05  6.5968E-05  5.9440E-05  5.5991E-05  4.2518E-05
       5.1111E-05  5.0991E-05  6.2333E-05  7.3692E-05  7.9936E-05  6.5868E-05  6.5660E-05  6.4129E-05  5.6248E-05  4.3097E-05
       4.6098E-05  5.5319E-05  6.9900E-05  7.5802E-05  8.7831E-05  7.6439E-05  6.5744E-05  6.0789E-05  6.0479E-05  4.6626E-05
       4.1232E-05  6.4448E-05  6.7948E-05  7.7932E-05  6.9441E-05  7.4689E-05  6.7406E-05  6.4469E-05  6.3129E-05  4.8294E-05
       3.7851E-05  6.2003E-05  7.2727E-05  6.5137E-05  6.8379E-05  7.3297E-05  7.1150E-05  5.3803E-05  6.1965E-05  5.3077E-05
       4.5935E-05  5.4753E-05  6.3322E-05  6.3270E-05  7.6807E-05  7.2529E-05  7.2180E-05  6.3994E-05  5.9104E-05  4.1552E-05
       3.6659E-05  4.4073E-05  5.7907E-05  6.2337E-05  7.1186E-05  6.7087E-05  5.8583E-05  5.1430E-05  5.0423E-05  3.8732E-05
       2.8084E-05  3.6443E-05  4.8741E-05  5.0281E-05  5.7257E-05  5.3647E-05  6.0304E-05  4.7523E-05  4.2753E-05  3.3237E-05
       2.8327E-05  3.5871E-05  3.3778E-05  4.2701E-05  4.7220E-05  5.2394E-05  4.4191E-05  3.5778E-05  3.6278E-05  3.0952E-05
       3.2589E-05  3.8391E-05  5.4893E-05  6.0475E-05  6.2957E-05  5.5156E-05  5.7283E-05  4.6064E-05  3.8590E-05  3.1525E-05
       3.7517E-05  5.0747E-05  5.0944E-05  6.4302E-05  6.4723E-05  6.2789E-05  5.8638E-05  5.3184E-05  4.3476E-05  2.9232E-05
       4.3467E-05  4.5705E-05  5.7737E-05  6.2717E-05  6.6918E-05  5.7206E-05  5.9379E-05  5.8622E-05  5.4047E-05  3.6712E-05
       3.5251E-05  4.8293E-05  6.1946E-05  6.8776E-05  6.9077E-05  6.7923E-05  6.0489E-05  6.4329E-05  5.7200E-05  3.8506E-05
       3.3933E-05  5.5770E-05  5.7325E-05  7.4727E-05  7.3330E-05  7.6570E-05  6.6367E-05  6.2193E-05  5.5286E-05  4.2533E-05
       3.7546E-05  5.7091E-05  5.8572E-05  5.8792E-05  6.5759E-05  6.7905E-05  6.5139E-05  5.2180E-05  4.7471E-05  4.2309E-05
       4.0485E-05  5.1261E-05  6.1676E-05  5.0902E-05  6.0711E-05  6.9625E-05  6.2795E-05  5.6209E-05  5.2221E-05  4.2701E-05
       2.9957E-05  3.9593E-05  4.6583E-05  4.9403E-05  6.3949E-05  5.7645E-05  5.8997E-05  5.1365E-05  4.5946E-05  3.4093E-05
       2.4449E-05  3.3528E-05  3.8497E-05  4.0391E-05  5.0259E-05  4.4575E-05  4.9741E-05  3.7913E-05  3.2592E-05  2.7282E-05
       2.2762E-05  2.8877E-05  2.4469E-05  3.9521E-05  4.1691E-05  4.2888E-05  3.6118E-05  2.8431E-05  3.1824E-05  2.6008E-05
       3.0105E-05  3.7680E-05  3.9758E-05  4.9414E-05  4.8617E-05  4.5612E-05  4.8700E-05  3.3824E-05  2.8550E-05  2.4920E-05
       3.0537E-05  3.7793E-05  4.1670E-05  5.1452E-05  5.6324E-05  5.2750E-05  5.5955E-05  4.4985E-05  3.9442E-05  2.6063E-05
       3.3795E-05  4.0702E-05  4.9273E-05  5.3270E-05  5.6420E-05  4.9558E-05  5.3067E-05  4.7072E-05  4.7864E-05  2.9968E-05
       3.2579E-05  3.6565E-05  5.7565E-05  5.6089E-05  5.6071E-05  5.6864E-05  5.4964E-05  5.6393E-05  4.7689E-05  3.0699E-05
       2.7991E-05  4.0231E-05  5.0725E-05  6.0099E-05  5.9489E-05  6.2812E-05  5.6384E-05  5.0260E-05  4.2916E-05  2.8834E-05
       3.0614E-05  4.3854E-05  4.7440E-05  4.8777E-05  5.5980E-05  5.1955E-05  5.4037E-05  4.8888E-05  3.9393E-05  3.1699E-05
       3.6789E-05  4.1078E-05  4.9603E-05  4.7489E-05  5.2257E-05  5.7258E-05  5.1967E-05  4.2689E-05  4.9323E-05  3.3026E-05
       2.9160E-05  3.3775E-05  3.7778E-05  4.3770E-05  4.9077E-05  4.9151E-05  4.9458E-05  4.3038E-05  4.2883E-05  3.0208E-05
       2.1583E-05  2.9202E-05  3.2233E-05  3.2738E-05  3.8819E-05  3.6495E-05  4.0981E-05  3.2152E-05  2.5668E-05  2.1629E-05
       1.8237E-05  2.0464E-05  2.0317E-05  3.1163E-05  3.2588E-05  3.4241E-05  2.9852E-05  2.2897E-05  2.5193E-05  1.9940E-05
       2.2247E-05  2.7675E-05  3.1188E-05  3.9270E-05  4.3100E-05  3.2282E-05  3.7454E-05  3.0031E-05  2.1910E-05  2.0337E-05
       2.8466E-05  3.3300E-05  4.1321E-05  4.2834E-05  4.2151E-05  4.5699E-05  4.5518E-05  3.5418E-05  3.0847E-05  2.2266E-05
       3.2799E-05  3.5861E-05  3.9708E-05  5.3154E-05  4.9248E-05  4.8467E-05  4.4389E-05  3.9785E-05  3.6893E-05  2.8801E-05
       2.3442E-05  3.6238E-05  3.8298E-05  4.7041E-05  4.9841E-05  5.1236E-05  5.4800E-05  4.7733E-05  3.9144E-05  2.6755E-05
       2.6300E-05  3.6128E-05  3.6241E-05  5.4044E-05  4.7506E-05  5.5274E-05  5.2260E-05  4.8632E-05  3.2553E-05  2.0618E-05
       2.3576E-05  3.5685E-05  4.3143E-05  4.3911E-05  4.9017E-05  4.8922E-05  6.0086E-05  4.3008E-05  3.5626E-05  2.5046E-05
       2.9025E-05  3.3758E-05  4.0404E-05  4.1700E-05  4.7568E-05  4.9058E-05  4.3949E-05  4.3216E-05  3.9316E-05  2.6979E-05
       2.1379E-05  3.0394E-05  3.1151E-05  3.4285E-05  4.2478E-05  4.3175E-05  3.8733E-05  3.6011E-05  3.1527E-05  2.0146E-05
       1.8436E-05  2.2548E-05  2.3604E-05  2.5947E-05  3.3090E-05  2.7248E-05  3.6280E-05  2.6367E-05  2.1696E-05  1.6028E-05
       1.5053E-05  1.8943E-05  2.1463E-05  2.1381E-05  2.1363E-05  2.6417E-05  2.5412E-05  1.7987E-05  1.6005E-05  1.5552E-05
       1.7589E-05  2.4838E-05  2.8417E-05  3.1559E-05  3.0904E-05  2.7121E-05  2.9043E-05  2.7665E-05  1.8587E-05  1.5491E-05
       2.4730E-05  2.5383E-05  3.3469E-05  3.5865E-05  3.8132E-05  3.6025E-05  3.2090E-05  2.7779E-05  2.6745E-05  1.7965E-05
       2.3342E-05  2.6013E-05  3.6164E-05  4.3028E-05  4.1390E-05  4.2626E-05  3.8102E-05  3.5877E-05  2.8608E-05  1.8528E-05
       2.0723E-05  3.0618E-05  3.5767E-05  4.4276E-05  4.1718E-05  4.4825E-05  4.1666E-05  3.7358E-05  2.9889E-05  2.0232E-05
       1.8663E-05  3.0960E-05  3.5320E-05  3.9349E-05  4.1145E-05  4.9224E-05  4.5666E-05  3.6454E-05  2.7242E-05  1.8949E-05
       2.3725E-05  2.7186E-05  2.9009E-05  3.5722E-05  3.4595E-05  4.9185E-05  4.7150E-05  3.9080E-05  2.6638E-05  2.3276E-05
       2.1713E-05  3.0505E-05  3.2792E-05  3.4046E-05  3.9380E-05  4.7279E-05  3.7184E-05  3.2850E-05  2.6285E-05  2.3826E-05
       2.0118E-05  2.3219E-05  2.5578E-05  2.5696E-05  3.6986E-05  3.4926E-05  3.1163E-05  3.1229E-05  2.1487E-05  1.4445E-05
       1.2358E-05  1.5698E-05  2.1798E-05  1.7769E-05  2.3806E-05  1.9194E-05  2.6616E-05  2.3250E-05  1.5887E-05  1.2580E-05
       1.1577E-05  1.6034E-05  1.8070E-05  2.0013E-05  1.8422E-05  1.9733E-05  2.2637E-05  1.6132E-05  1.0172E-05  1.0314E-05
       1.4962E-05  1.9985E-05  2.6731E-05  2.4726E-05  2.2234E-05  2.2541E-05  2.2017E-05  2.4115E-05  1.7963E-05  1.1672E-05
       1.6583E-05  2.1382E-05  3.0160E-05  2.9011E-05  2.6706E-05  2.6600E-05  3.0570E-05  2.6407E-05  2.0343E-05  1.4721E-05
       1.8040E-05  2.5553E-05  2.8650E-05  3.0102E-05  3.7646E-05  3.6089E-05  3.3283E-05  3.0162E-05  2.3196E-05  1.3198E-05
       2.1663E-05  2.4693E-05  2.7997E-05  3.2552E-05  3.7116E-05  4.0066E-05  3.3802E-05  2.7903E-05  2.0689E-05  1.6382E-05
       1.6744E-05  2.1276E-05  2.6840E-05  2.6525E-05  3.3302E-05  3.7259E-05  3.6032E-05  2.4580E-05  2.1766E-05  1.5724E-05
       1.8167E-05  2.5550E-05  2.6436E-05  3.3382E-05  2.7968E-05  3.5145E-05  3.6250E-05  2.7048E-05  2.0324E-05  1.8836E-05
       1.3396E-05  1.9891E-05  2.1799E-05  2.8137E-05  2.5758E-05  3.7474E-05  3.1573E-05  2.9038E-05  2.4955E-05  1.4641E-05
       1.0415E-05  1.7476E-05  2.0670E-05  2.4562E-05  2.5469E-05  3.0405E-05  2.3809E-05  2.6131E-05  2.1813E-05  9.6613E-06
       9.0497E-06  1.3495E-05  1.7314E-05  1.7200E-05  2.1362E-05  1.8785E-05  2.3524E-05  1.9031E-05  1.1554E-05  7.9934E-06
       9.6024E-06  1.3990E-05  1.1904E-05  1.8352E-05  1.0898E-05  1.4741E-05  1.7604E-05  1.5515E-05  1.2355E-05  7.6799E-06
       1.2858E-05  1.9859E-05  2.4527E-05  2.3165E-05  1.9392E-05  1.5169E-05  2.0017E-05  1.5593E-05  1.4081E-05  1.1317E-05
       1.1413E-05  1.3395E-05  2.5038E-05  2.5218E-05  2.5612E-05  2.1173E-05  2.5961E-05  2.0657E-05  1.7308E-05  1.2707E-05
       1.3639E-05  1.9556E-05  2.3242E-05  2.3410E-05  2.6487E-05  2.7651E-05  2.8372E-05  2.2541E-05  2.0415E-05  9.0323E-06
       1.9519E-05  1.6614E-05  2.1343E-05  2.5401E-05  2.7157E-05  3.1525E-05  2.4597E-05  1.8831E-05  1.8778E-05  1.0931E-05
       1.6814E-05  1.8918E-05  2.1214E-05  2.2665E-05  2.1430E-05  2.7452E-05  3.2072E-05  2.0813E-05  1.6077E-05  1.2355E-05
       1.3045E-05  1.9818E-05  2.1622E-05  3.0166E-05  2.3707E-05  2.7116E-05  2.3660E-05  2.0449E-05  1.4695E-05  1.2555E-05
       9.8975E-06  1.5330E-05  2.0809E-05  2.4010E-05  2.4903E-05  2.4427E-05  2.2230E-05  2.0981E-05  1.7346E-05  1.1507E-05
       9.2721E-06  1.2986E-05  2.0386E-05  1.7377E-05  1.8015E-05  1.9745E-05  1.7470E-05  2.0257E-05  1.7423E-05  1.0394E-05
       7.6426E-06  1.2518E-05  1.3370E-05  1.0405E-05  1.7480E-05  1.5997E-05  1.8051E-05  1.4223E-05  8.7574E-06  7.0474E-06
       4.8413E-06  7.5305E-06  9.8515E-06  1.2815E-05  1.2446E-05  1.0639E-05  1.3571E-05  1.1999E-05  7.0399E-06  6.1815E-06
       5.7632E-06  1.2886E-05  1.5084E-05  1.9209E-05  1.6871E-05  1.2468E-05  2.0985E-05  1.4310E-05  9.2384E-06  1.0105E-05
       6.5072E-06  1.1463E-05  1.9101E-05  1.5915E-05  1.9143E-05  1.6453E-05  1.7817E-05  1.5446E-05  1.3943E-05  9.3405E-06
       1.3922E-05  1.8549E-05  1.9333E-05  1.7912E-05  1.7918E-05  2.2815E-05  1.7347E-05  1.8055E-05  1.5551E-05  9.3694E-06
       1.0984E-05  1.2275E-05  1.8873E-05  1.7388E-05  2.0294E-05  2.3175E-05  1.6897E-05  1.7943E-05  1.5102E-05  7.9659E-06
       1.1100E-05  1.5107E-05  1.9435E-05  1.6491E-05  1.6996E-05  2.6401E-05  2.1822E-05  1.7619E-05  1.3316E-05  8.6180E-06
       9.8365E-06  1.2553E-05  2.1723E-05  1.8319E-05  1.8326E-05  1.9242E-05  1.6500E-05  1.5088E-05  1.1654E-05  8.5352E-06
       8.2327E-06  1.3099E-05  2.0967E-05  2.0531E-05  1.8165E-05  2.2798E-05  1.9896E-05  1.6131E-05  1.0579E-05  8.5229E-06
       4.7397E-06  1.1759E-05  1.6869E-05  1.3681E-05  1.4259E-05  1.8302E-05  1.4557E-05  1.3491E-05  1.2676E-05  1.0198E-05
       4.3679E-06  1.0098E-05  7.8612E-06  9.3244E-06  1.2251E-05  9.5310E-06  1.2109E-05  8.3902E-06  8.9024E-06  5.0095E-06
       4.4633E-06  5.9231E-06  7.3626E-06  8.7042E-06  1.0915E-05  8.2504E-06  1.0725E-05  9.1214E-06  5.6424E-06  4.4087E-06
       4.0633E-06  7.3643E-06  9.1769E-06  1.3750E-05  8.3096E-06  8.4191E-06  1.2112E-05  8.8066E-06  5.5651E-06  7.2101E-06
       3.6417E-06  8.0495E-06  1.6471E-05  1.0696E-05  1.5159E-05  1.1058E-05  1.2737E-05  1.2295E-05  7.8553E-06  6.8176E-06
       7.0193E-06  1.1401E-05  1.2043E-05  1.2544E-05  1.6454E-05  1.5846E-05  1.8748E-05  1.2920E-05  8.8127E-06  5.6414E-06
       6.5463E-06  1.2494E-05  1.2689E-05  1.0436E-05  1.3884E-05  1.7815E-05  1.2772E-05  9.7766E-06  1.2203E-05  5.1866E-06
       8.3931E-06  1.2621E-05  1.4307E-05  1.3635E-05  1.2728E-05  1.3833E-05  1.7006E-05  1.3497E-05  8.8061E-06  4.7599E-06
       1.0002E-05  9.9665E-06  1.5906E-05  1.1309E-05  1.4013E-05  1.5615E-05  1.2981E-05  1.0665E-05  9.1513E-06  6.2852E-06
       4.6413E-06  8.6049E-06  1.4516E-05  1.2204E-05  1.1600E-05  1.5238E-05  1.3615E-05  1.3679E-05  7.3031E-06  7.4362E-06
       3.7251E-06  7.4542E-06  1.1580E-05  1.1615E-05  1.0933E-05  8.9374E-06  1.0494E-05  1.1303E-05  1.0960E-05  6.0550E-06
       4.0229E-06  6.2992E-06  5.8759E-06  6.7904E-06  9.1548E-06  5.6563E-06  7.0113E-06  5.2078E-06  5.5542E-06  5.2763E-06

      Percentage errors follow in a matrix A(ix,iy,iz), format (1(5x,1p,10(1x,e11.4)))

       8.5726E+00  6.9506E+00  6.9194E+00  7.7947E+00  8.0882E+00  8.7752E+00  5.5517E+00  8.1877E+00  8.6040E+00  8.9621E+00
       8.9455E+00  6.7133E+00  7.1805E+00  6.9408E+00  7.4521E+00  6.1870E+00  5.6370E+00  7.3501E+00  8.3683E+00  8.0798E+00
       1.0831E+01  6.7737E+00  6.6803E+00  7.1541E+00  6.7963E+00  7.1792E+00  8.3447E+00  6.8426E+00  8.6876E+00  7.0283E+00
       9.8568E+00  8.1176E+00  1.1465E+01  6.2415E+00  5.6819E+00  7.0083E+00  7.4175E+00  7.4423E+00  9.1727E+00  5.8646E+00
       9.4732E+00  8.1334E+00  7.0881E+00  6.3487E+00  7.5235E+00  6.5057E+00  7.4005E+00  7.7856E+00  6.5976E+00  8.8315E+00
       9.9473E+00  8.2210E+00  5.9953E+00  6.9286E+00  6.8297E+00  4.1917E+00  5.0611E+00  5.4100E+00  7.0780E+00  1.0817E+01
       5.1807E+00  7.8146E+00  6.0019E+00  5.3895E+00  6.3770E+00  6.9092E+00  5.3945E+00  7.7845E+00  8.6253E+00  6.8523E+00
       8.8658E+00  7.4931E+00  5.4119E+00  5.9626E+00  4.5543E+00  6.5045E+00  6.2616E+00  6.4312E+00  1.0666E+01  9.3847E+00
       7.5618E+00  5.6096E+00  7.7316E+00  7.3170E+00  7.0987E+00  4.8032E+00  7.5231E+00  7.2517E+00  8.9236E+00  1.0796E+01
       7.7406E+00  7.4888E+00  7.0662E+00  6.2595E+00  7.6527E+00  7.8977E+00  6.1954E+00  6.8574E+00  8.5082E+00  9.6906E+00
       7.8177E+00  8.4935E+00  9.3220E+00  7.1291E+00  6.3438E+00  1.0574E+01  5.7238E+00  9.5756E+00  7.8973E+00  8.7613E+00
       1.4195E+01  8.5095E+00  9.2316E+00  7.6197E+00  7.2341E+00  9.3874E+00  7.2087E+00  8.1266E+00  9.6458E+00  1.1195E+01
       1.1677E+01  8.0138E+00  7.1220E+00  7.4031E+00  7.3002E+00  7.8965E+00  5.7161E+00  7.2504E+00  7.7650E+00  8.5890E+00
       1.1472E+01  7.4093E+00  6.8209E+00  6.5705E+00  5.4409E+00  6.7178E+00  6.2433E+00  6.2350E+00  8.2163E+00  6.7698E+00
       7.2550E+00  8.3282E+00  5.6601E+00  6.3200E+00  4.6460E+00  7.5988E+00  8.0326E+00  6.9151E+00  5.0640E+00  9.5104E+00
       5.6101E+00  8.2064E+00  5.9837E+00  7.1240E+00  7.9938E+00  7.7506E+00  5.6469E+00  5.7962E+00  8.5922E+00  1.1792E+01
       8.8863E+00  8.1498E+00  6.9744E+00  4.8348E+00  6.4476E+00  8.9717E+00  6.3721E+00  8.5136E+00  8.0036E+00  6.4636E+00
       7.9787E+00  7.9803E+00  9.3211E+00  7.0696E+00  6.4737E+00  8.0028E+00  6.5601E+00  4.2870E+00  9.2428E+00  1.0792E+01
       9.0865E+00  8.3730E+00  7.1415E+00  8.3138E+00  7.0062E+00  5.5090E+00  6.3423E+00  6.6690E+00  1.0590E+01  7.7267E+00
       9.4684E+00  8.1469E+00  8.4311E+00  7.1115E+00  9.4496E+00  7.0042E+00  6.6819E+00  8.8887E+00  9.0414E+00  1.0334E+01
       9.8770E+00  8.6661E+00  1.0435E+01  7.8240E+00  7.0274E+00  9.1514E+00  9.0736E+00  6.0005E+00  7.3736E+00  9.3562E+00
       1.2555E+01  9.4905E+00  1.0305E+01  7.3635E+00  8.1171E+00  9.5216E+00  6.6172E+00  7.6076E+00  1.2045E+01  1.0751E+01
       1.4062E+01  8.1770E+00  8.5757E+00  5.9588E+00  6.6917E+00  1.0240E+01  7.1196E+00  9.0444E+00  1.0904E+01  6.8641E+00
       8.9029E+00  1.1010E+01  1.0228E+01  5.8154E+00  6.9445E+00  5.4961E+00  7.3566E+00  8.3993E+00  8.4597E+00  9.8044E+00
       1.0067E+01  6.6283E+00  6.7975E+00  6.9824E+00  5.6579E+00  6.6210E+00  7.4978E+00  5.9888E+00  7.5987E+00  9.0815E+00
       1.0432E+01  8.3338E+00  7.8180E+00  5.9793E+00  6.6813E+00  8.2965E+00  5.3852E+00  5.9733E+00  9.3107E+00  9.7882E+00
       8.0197E+00  8.5184E+00  7.8272E+00  6.5854E+00  7.1001E+00  8.0345E+00  8.9274E+00  7.1520E+00  7.0739E+00  1.1185E+01
       1.0335E+01  7.1801E+00  1.0225E+01  7.8706E+00  6.1985E+00  8.7722E+00  7.3169E+00  8.0327E+00  8.9624E+00  1.1351E+01
       1.0504E+01  9.8847E+00  6.9946E+00  9.3059E+00  6.8309E+00  7.2143E+00  6.0930E+00  5.1870E+00  7.6582E+00  8.9365E+00
       1.0405E+01  1.3058E+01  8.9093E+00  7.5846E+00  7.2510E+00  6.7224E+00  9.2819E+00  6.9911E+00  8.3878E+00  9.3473E+00
       1.4625E+01  1.0100E+01  9.5908E+00  1.1179E+01  9.9600E+00  7.2675E+00  8.9841E+00  8.6619E+00  9.9396E+00  9.2412E+00
       1.2382E+01  1.0066E+01  9.3387E+00  8.4919E+00  9.4879E+00  5.4427E+00  8.3831E+00  1.2521E+01  1.0507E+01  1.2924E+01
       1.0072E+01  1.1075E+01  1.0716E+01  6.2098E+00  8.0007E+00  1.0111E+01  6.9137E+00  6.8903E+00  1.0554E+01  9.6924E+00
       8.4563E+00  1.0226E+01  8.6452E+00  7.4688E+00  7.2298E+00  9.2177E+00  7.5070E+00  1.0399E+01  9.0260E+00  1.0434E+01
       1.3133E+01  9.8493E+00  5.6364E+00  7.5320E+00  7.9497E+00  8.6310E+00  8.2734E+00  6.0292E+00  8.4842E+00  7.2572E+00
       1.0548E+01  1.0119E+01  1.0778E+01  5.1173E+00  5.4863E+00  6.5087E+00  9.0531E+00  9.6130E+00  1.0558E+01  1.2345E+01
       1.0958E+01  7.8869E+00  1.1188E+01  7.7848E+00  7.6578E+00  9.0357E+00  6.7812E+00  6.3661E+00  1.0480E+01  8.9116E+00
       1.2061E+01  7.9117E+00  1.1687E+01  7.1315E+00  9.3361E+00  7.7434E+00  8.4509E+00  8.0394E+00  1.0273E+01  1.1614E+01
       1.1827E+01  9.4231E+00  1.0308E+01  9.2300E+00  6.2646E+00  6.7843E+00  1.0773E+01  9.4532E+00  1.3946E+01  1.0755E+01
       9.1640E+00  9.2953E+00  1.0203E+01  8.3244E+00  1.0718E+01  9.5032E+00  8.9921E+00  9.0441E+00  1.4000E+01  1.4040E+01
       9.8542E+00  1.0424E+01  1.3503E+01  9.2902E+00  9.7784E+00  9.7139E+00  1.0697E+01  1.2491E+01  1.0825E+01  1.2038E+01
       1.3914E+01  1.1262E+01  1.1265E+01  1.0640E+01  1.0223E+01  1.2199E+01  9.3545E+00  7.8285E+00  1.1438E+01  1.0716E+01
       9.9105E+00  1.0074E+01  8.0535E+00  8.7940E+00  1.0298E+01  1.1345E+01  7.5131E+00  1.1180E+01  1.1582E+01  1.3076E+01
       1.0899E+01  1.1973E+01  9.7924E+00  1.0737E+01  9.5383E+00  9.7690E+00  5.4056E+00  9.8492E+00  1.1837E+01  1.1815E+01
       1.1290E+01  1.1263E+01  8.4763E+00  9.9928E+00  8.3689E+00  9.6599E+00  1.0905E+01  7.5971E+00  8.4586E+00  1.0848E+01
       1.0917E+01  1.0973E+01  9.4654E+00  6.9181E+00  1.0666E+01  6.5707E+00  9.0670E+00  1.1941E+01  1.2530E+01  1.0263E+01
       1.0814E+01  1.0635E+01  1.2184E+01  9.2925E+00  1.0049E+01  6.2682E+00  9.2712E+00  9.8923E+00  9.2929E+00  1.1720E+01
       7.6859E+00  1.0439E+01  1.2262E+01  1.0324E+01  6.3903E+00  7.5522E+00  9.2235E+00  1.0069E+01  6.9633E+00  1.0770E+01
       1.1353E+01  1.4894E+01  1.1323E+01  7.8314E+00  7.4560E+00  7.9194E+00  1.0108E+01  1.3087E+01  1.2393E+01  1.5766E+01
       1.1405E+01  1.3998E+01  1.1631E+01  9.7529E+00  6.7112E+00  1.0184E+01  1.0070E+01  1.1100E+01  1.3697E+01  1.1117E+01
       1.6812E+01  9.8597E+00  1.3660E+01  1.1904E+01  1.3295E+01  1.2326E+01  1.0529E+01  1.3710E+01  1.6056E+01  1.4466E+01
       1.2301E+01  1.4930E+01  9.3927E+00  8.4344E+00  9.9444E+00  9.9309E+00  8.7944E+00  1.7705E+01  1.0952E+01  1.2504E+01
       1.0455E+01  1.3562E+01  8.3785E+00  1.0187E+01  1.3441E+01  1.2398E+01  9.3614E+00  9.0594E+00  1.3511E+01  1.1081E+01
       1.1267E+01  1.4991E+01  9.9404E+00  9.7085E+00  1.1448E+01  8.6509E+00  9.1346E+00  8.5907E+00  1.2484E+01  1.3806E+01
       8.8410E+00  1.0900E+01  1.1689E+01  9.7421E+00  8.5011E+00  9.9606E+00  1.2976E+01  8.1076E+00  1.2675E+01  1.6119E+01
       1.1306E+01  1.1616E+01  1.0097E+01  1.2561E+01  1.2957E+01  7.0280E+00  9.8916E+00  9.5416E+00  1.2896E+01  1.3249E+01
       9.6407E+00  1.2882E+01  1.3470E+01  8.6083E+00  7.2238E+00  9.2838E+00  9.9456E+00  7.4633E+00  8.6212E+00  1.4753E+01
       1.3802E+01  1.3560E+01  1.2391E+01  9.4763E+00  1.0140E+01  8.4121E+00  1.1353E+01  1.2228E+01  1.1824E+01  1.2220E+01
       9.6624E+00  1.5298E+01  1.0690E+01  1.1417E+01  9.5921E+00  1.0539E+01  1.5483E+01  1.1717E+01  1.1495E+01  1.3179E+01
       1.5354E+01  1.4674E+01  7.0446E+00  1.1406E+01  9.4755E+00  1.4308E+01  1.0521E+01  1.4037E+01  1.3742E+01  1.3355E+01
       2.2968E+01  1.3190E+01  1.2424E+01  1.0990E+01  1.9017E+01  1.2470E+01  1.2749E+01  1.4561E+01  1.4803E+01  1.4747E+01
       1.7929E+01  1.5359E+01  8.9172E+00  1.0263E+01  1.1845E+01  8.6077E+00  1.2299E+01  1.2744E+01  1.1091E+01  1.7644E+01
       1.6949E+01  1.4233E+01  8.2909E+00  1.0653E+01  1.1616E+01  1.0024E+01  8.3755E+00  1.1407E+01  1.0428E+01  1.2921E+01
       1.0955E+01  7.9227E+00  1.1266E+01  1.3678E+01  9.6065E+00  1.1339E+01  9.6764E+00  8.8990E+00  1.3861E+01  1.3001E+01
       1.1710E+01  1.1850E+01  1.2473E+01  1.1591E+01  9.7013E+00  1.0496E+01  7.5769E+00  1.2491E+01  1.4361E+01  1.6864E+01
       1.3174E+01  1.3308E+01  1.3844E+01  1.5288E+01  1.1776E+01  9.3864E+00  1.0555E+01  1.2782E+01  1.3880E+01  1.9431E+01
       1.3573E+01  1.1647E+01  1.6409E+01  9.1653E+00  1.0845E+01  1.0304E+01  8.2231E+00  9.8429E+00  1.2145E+01  1.4225E+01
       1.5775E+01  1.2520E+01  1.2963E+01  1.0231E+01  8.8708E+00  8.3722E+00  1.0791E+01  1.2272E+01  9.4427E+00  1.3600E+01
       1.2975E+01  2.0541E+01  1.1952E+01  8.5496E+00  1.5587E+01  1.1503E+01  1.0524E+01  1.0831E+01  1.3736E+01  2.5948E+01
       1.4711E+01  1.3436E+01  1.1529E+01  1.0384E+01  8.6735E+00  1.1141E+01  1.0333E+01  1.7579E+01  1.5438E+01  2.2624E+01
       1.8658E+01  1.2472E+01  1.1796E+01  1.4738E+01  2.3428E+01  1.5444E+01  1.3532E+01  1.3581E+01  2.3611E+01  1.9416E+01
       2.0302E+01  9.9709E+00  8.7917E+00  1.2353E+01  1.2981E+01  1.3287E+01  1.0509E+01  1.3917E+01  1.7107E+01  1.2574E+01
       1.6026E+01  1.8550E+01  1.2429E+01  1.4373E+01  8.9218E+00  1.2374E+01  1.1379E+01  1.1048E+01  1.3962E+01  1.2869E+01
       1.4794E+01  1.1068E+01  1.2375E+01  1.4944E+01  1.0798E+01  9.7189E+00  1.1511E+01  1.1559E+01  1.0756E+01  2.1264E+01
       1.5498E+01  9.9715E+00  1.1934E+01  1.3153E+01  1.1078E+01  9.7276E+00  1.4034E+01  1.4168E+01  1.2364E+01  1.9591E+01
       1.3766E+01  1.2264E+01  1.6474E+01  1.0828E+01  1.2062E+01  1.3609E+01  1.3679E+01  1.6813E+01  1.1969E+01  1.6946E+01
       1.4834E+01  1.9091E+01  1.8599E+01  1.0767E+01  1.1520E+01  9.4038E+00  1.1145E+01  1.0687E+01  1.6215E+01  1.7308E+01
       1.4854E+01  1.6307E+01  1.6217E+01  1.1266E+01  1.2244E+01  6.8360E+00  1.1244E+01  1.3274E+01  1.4470E+01  1.3719E+01
       2.0181E+01  1.9348E+01  1.1876E+01  1.2119E+01  1.4006E+01  1.2325E+01  1.3884E+01  1.2552E+01  1.3787E+01  1.5366E+01
       1.6075E+01  1.9404E+01  1.4437E+01  1.4713E+01  1.2283E+01  1.7250E+01  1.2760E+01  1.3015E+01  1.4614E+01  2.1604E+01
       2.0233E+01  1.9685E+01  1.5862E+01  1.2582E+01  1.6235E+01  1.9447E+01  1.5403E+01  1.3080E+01  2.0350E+01  2.4921E+01
       2.7018E+01  1.4130E+01  9.6339E+00  1.0356E+01  1.5691E+01  2.0046E+01  1.2383E+01  1.8331E+01  1.6182E+01  1.7635E+01
       1.9896E+01  1.5866E+01  1.1834E+01  1.5821E+01  1.2818E+01  1.3018E+01  1.1469E+01  1.3917E+01  1.3260E+01  2.2459E+01
       1.8419E+01  1.4653E+01  1.2805E+01  1.6006E+01  1.2403E+01  1.5582E+01  1.5454E+01  1.1041E+01  1.6286E+01  1.8806E+01
       1.7292E+01  1.9230E+01  1.3149E+01  1.3080E+01  1.2734E+01  1.0073E+01  1.4357E+01  1.3365E+01  1.9530E+01  2.3939E+01
       1.7460E+01  1.2977E+01  1.7239E+01  1.1173E+01  1.7192E+01  1.3424E+01  1.0744E+01  1.3100E+01  1.9732E+01  2.1499E+01
       1.8991E+01  1.6909E+01  1.2433E+01  1.1465E+01  1.4755E+01  1.2581E+01  9.8114E+00  2.0971E+01  1.9636E+01  2.0577E+01
       2.5516E+01  1.5628E+01  1.3090E+01  1.3013E+01  1.3921E+01  1.1560E+01  1.0722E+01  1.5723E+01  1.9477E+01  1.9562E+01
       2.2409E+01  1.4018E+01  1.1734E+01  1.5515E+01  1.1377E+01  1.8729E+01  1.4971E+01  1.1828E+01  1.5183E+01  1.5446E+01
       2.8275E+01  1.1812E+01  1.4255E+01  1.5697E+01  1.3659E+01  2.4551E+01  1.5872E+01  1.5898E+01  1.9185E+01  2.1572E+01
       1.8371E+01  2.3610E+01  2.0027E+01  1.5205E+01  1.8739E+01  1.9447E+01  1.5999E+01  2.0238E+01  2.0124E+01  2.0170E+01
       2.7967E+01  1.7197E+01  2.1991E+01  1.3397E+01  1.2280E+01  1.7158E+01  1.2906E+01  2.0712E+01  1.8794E+01  1.9525E+01
       2.2249E+01  1.6173E+01  1.0821E+01  1.8466E+01  1.3849E+01  1.6787E+01  1.6410E+01  1.7467E+01  2.1010E+01  2.3304E+01
       2.0605E+01  1.5765E+01  2.1111E+01  1.8120E+01  1.2914E+01  1.4083E+01  2.0872E+01  1.5474E+01  1.4982E+01  1.8590E+01
       1.8676E+01  2.0740E+01  1.5779E+01  1.8712E+01  1.6871E+01  1.6415E+01  1.8092E+01  1.4842E+01  2.0492E+01  1.7555E+01
       2.6405E+01  1.9212E+01  1.9145E+01  1.2166E+01  1.2709E+01  1.2077E+01  1.5330E+01  1.5565E+01  2.2279E+01  2.1737E+01
       2.0826E+01  2.1452E+01  1.0042E+01  1.2795E+01  1.3488E+01  1.4941E+01  1.4203E+01  1.8548E+01  2.2110E+01  1.8771E+01
       2.5599E+01  1.6942E+01  1.3451E+01  1.5925E+01  1.1790E+01  1.1686E+01  1.4492E+01  1.2791E+01  1.5108E+01  2.1678E+01
       2.8836E+01  2.6162E+01  1.7892E+01  1.8304E+01  1.5474E+01  1.9017E+01  1.6463E+01  1.0473E+01  1.3769E+01  2.2651E+01
       3.9401E+01  1.9119E+01  1.7363E+01  1.8885E+01  1.5897E+01  2.3300E+01  2.1888E+01  2.0943E+01  1.9843E+01  2.1649E+01
