1
   Cartesian binning n.   1  "DoseEq    " , generalized particle n.  240
      X coordinate: from -8.5000E+01 to  8.5000E+01 cm,    10 bins ( 1.7000E+01 cm wide)
      Y coordinate: from -2.5000E+01 to  2.5000E+01 cm,    10 bins ( 5.0000E+00 cm wide)
      Z coordinate: from  2.2500E+02 to  2.7500E+02 cm,    10 bins ( 5.0000E+00 cm wide)
      Data follow in a matrix A(ix,iy,iz), format (1(5x,1p,10(1x,e11.4)))

      accurate deposition along the tracks requested
      this is a track-length binning
       4.5201E-06  4.4616E-06  5.2405E-06  5.0202E-06  6.1773E-06  6.7123E-06  4.7437E-06  5.9441E-06  6.2856E-06  4.2594E-06
       6.1111E-06  4.6847E-06  7.9025E-06  6.0458E-06  8.6419E-06  7.9844E-06  7.3687E-06  6.1325E-06  6.5747E-06  4.4301E-06
       5.1917E-06  4.5028E-06  6.2985E-06  6.1924E-06  9.8293E-06  8.7198E-06  8.6898E-06  8.3392E-06  6.2658E-06  6.8211E-06
       5.7471E-06  3.4852E-06  8.0092E-06  8.6756E-06  1.1455E-05  7.3214E-06  9.1701E-06  4.1540E-06  5.9917E-06  2.8312E-06
       6.4443E-06  4.1601E-06  5.6241E-06  6.9675E-06  7.7832E-06  7.8606E-06  5.8732E-06  8.0788E-06  5.3961E-06  4.6117E-06
       4.9255E-06  5.7592E-06  8.7564E-06  1.0616E-05  9.2723E-06  7.8255E-06  7.6075E-06  8.6729E-06  4.5088E-06  5.5425E-06
       4.3140E-06  6.8228E-06  6.1855E-06  9.3349E-06  9.6583E-06  9.3666E-06  7.4044E-06  6.3309E-06  5.6772E-06  4.2282E-06
       3.3614E-06  4.3236E-06  5.6032E-06  1.0036E-05  1.0436E-05  8.4544E-06  7.0376E-06  6.5742E-06  6.7313E-06  2.7286E-06
       2.6996E-06  4.4871E-06  6.2948E-06  1.0277E-05  9.0993E-06  7.9204E-06  8.7873E-06  5.8225E-06  4.4329E-06  4.5674E-06
       4.1062E-06  4.3573E-06  5.3771E-06  5.7021E-06  8.0521E-06  5.0272E-06  7.7623E-06  4.6065E-06  3.1862E-06  4.8305E-06
       3.7308E-06  5.8515E-06  2.9802E-06  4.3757E-06  4.8306E-06  6.5261E-06  4.8988E-06  5.3118E-06  4.7738E-06  4.9158E-06
       5.8463E-06  3.8958E-06  5.8014E-06  6.4243E-06  6.1043E-06  5.2035E-06  7.4309E-06  4.9111E-06  4.3669E-06  6.5888E-06
       4.2839E-06  5.0333E-06  5.2516E-06  5.1645E-06  8.4374E-06  8.4715E-06  8.2677E-06  7.5132E-06  6.3985E-06  7.3216E-06
       5.2705E-06  3.2513E-06  6.3860E-06  1.0443E-05  9.9645E-06  7.8298E-06  7.7561E-06  6.0606E-06  6.2062E-06  3.9665E-06
       4.1199E-06  6.4301E-06  5.9957E-06  7.0235E-06  8.6609E-06  8.5902E-06  5.6977E-06  6.4310E-06  4.1516E-06  5.6463E-06
       3.9638E-06  4.6784E-06  6.5975E-06  7.8830E-06  1.1006E-05  9.7118E-06  8.0208E-06  6.2608E-06  3.8235E-06  3.7539E-06
       3.6242E-06  4.4948E-06  4.9228E-06  9.3645E-06  8.7865E-06  9.1288E-06  8.4927E-06  4.9560E-06  4.8117E-06  4.1851E-06
       4.3913E-06  3.6202E-06  6.4118E-06  8.3043E-06  1.0253E-05  1.0035E-05  6.5775E-06  6.6425E-06  4.3371E-06  4.7750E-06
       4.0629E-06  3.1369E-06  5.2922E-06  7.8463E-06  7.1979E-06  8.0879E-06  7.3232E-06  7.0041E-06  4.1856E-06  5.4409E-06
       5.1548E-06  5.9364E-06  6.6938E-06  5.9969E-06  6.1012E-06  4.8027E-06  6.2925E-06  5.4996E-06  3.9354E-06  4.3989E-06
       3.1064E-06  4.1068E-06  3.8656E-06  4.3898E-06  5.2138E-06  5.5682E-06  3.1548E-06  4.4193E-06  3.3304E-06  5.0779E-06
       4.1584E-06  3.8917E-06  5.8268E-06  4.8276E-06  5.7731E-06  5.3559E-06  6.0006E-06  5.4098E-06  4.8671E-06  3.7235E-06
       3.0168E-06  3.9408E-06  6.0327E-06  4.3653E-06  7.0472E-06  5.3893E-06  6.2230E-06  5.6124E-06  5.2780E-06  4.1313E-06
       4.0388E-06  3.7762E-06  6.2954E-06  5.7903E-06  1.1025E-05  7.8864E-06  6.7074E-06  6.4728E-06  4.1574E-06  2.9458E-06
       2.3757E-06  3.8981E-06  4.6138E-06  7.2724E-06  4.9701E-06  8.7602E-06  9.1744E-06  7.7175E-06  4.3675E-06  7.0414E-06
       2.9489E-06  3.6011E-06  4.3007E-06  8.7283E-06  9.5896E-06  8.4607E-06  7.6609E-06  8.2354E-06  2.8626E-06  5.0103E-06
       3.8445E-06  4.2807E-06  6.5764E-06  8.5169E-06  1.0822E-05  5.2948E-06  7.4398E-06  5.2379E-06  5.3066E-06  4.8059E-06
       3.5788E-06  3.5074E-06  6.1532E-06  5.9613E-06  9.4933E-06  7.1655E-06  7.3689E-06  5.0016E-06  6.0989E-06  4.6810E-06
       3.4531E-06  3.5021E-06  4.0167E-06  4.7625E-06  7.0216E-06  6.5203E-06  5.1931E-06  5.3813E-06  5.0364E-06  4.0648E-06
       3.5589E-06  2.9145E-06  2.8273E-06  4.7029E-06  5.2197E-06  4.0728E-06  5.8566E-06  4.1283E-06  3.4291E-06  3.1689E-06
       2.0104E-06  3.4642E-06  3.2674E-06  3.5106E-06  4.0102E-06  5.3581E-06  3.1511E-06  3.7720E-06  3.2564E-06  4.1337E-06
       2.8768E-06  2.5385E-06  4.9912E-06  4.1725E-06  5.6135E-06  4.5191E-06  6.0338E-06  3.6659E-06  3.6719E-06  3.7567E-06
       2.4689E-06  3.1136E-06  5.9076E-06  5.3062E-06  6.4063E-06  4.6403E-06  6.5931E-06  4.0745E-06  4.4577E-06  3.9446E-06
       2.0092E-06  3.4442E-06  4.6578E-06  8.2896E-06  5.8413E-06  5.4131E-06  8.2626E-06  5.5335E-06  5.0719E-06  1.8937E-06
       1.6293E-06  3.0123E-06  4.7128E-06  6.5775E-06  5.2332E-06  6.3009E-06  7.8407E-06  8.2799E-06  4.7494E-06  3.0310E-06
       2.2460E-06  3.0151E-06  4.0054E-06  1.0057E-05  8.8716E-06  6.3965E-06  6.2911E-06  5.4953E-06  3.5154E-06  3.5100E-06
       2.9559E-06  3.2275E-06  6.0890E-06  9.2165E-06  8.3931E-06  4.9369E-06  6.1547E-06  4.3423E-06  5.7434E-06  4.5832E-06
       2.8420E-06  2.5771E-06  6.5884E-06  7.5508E-06  7.2954E-06  6.4737E-06  6.2367E-06  6.1035E-06  4.1923E-06  4.1790E-06
       2.8720E-06  3.9255E-06  3.1727E-06  5.1505E-06  5.8561E-06  4.9029E-06  5.7280E-06  5.7708E-06  3.4679E-06  3.9715E-06
       2.7967E-06  1.7847E-06  2.4867E-06  3.1224E-06  3.8167E-06  3.2802E-06  4.4888E-06  3.2247E-06  2.4526E-06  2.0395E-06
       1.2797E-06  2.7597E-06  2.4744E-06  2.0024E-06  4.7217E-06  3.6696E-06  4.3476E-06  2.7707E-06  1.9082E-06  2.6163E-06
       3.3524E-06  9.8915E-07  5.1874E-06  4.2547E-06  3.9123E-06  4.5545E-06  4.3578E-06  4.1033E-06  2.3117E-06  2.4435E-06
       1.4651E-06  1.4239E-06  3.8001E-06  3.9004E-06  4.3420E-06  3.0149E-06  5.4908E-06  5.2589E-06  3.4727E-06  3.0417E-06
       1.8427E-06  3.9698E-06  2.8230E-06  4.4317E-06  5.7601E-06  5.1820E-06  5.7549E-06  5.0731E-06  3.9305E-06  1.7604E-06
       2.2583E-06  2.8656E-06  3.3966E-06  6.4662E-06  4.5182E-06  4.5647E-06  7.2659E-06  6.6208E-06  4.0103E-06  2.1661E-06
       2.1503E-06  2.6677E-06  3.7610E-06  7.2084E-06  6.4430E-06  7.5117E-06  6.7841E-06  3.0678E-06  4.3194E-06  4.0909E-06
       2.2569E-06  3.4884E-06  6.7206E-06  7.1276E-06  7.4092E-06  5.5845E-06  5.3393E-06  4.2817E-06  5.2184E-06  4.5794E-06
       1.5166E-06  3.0467E-06  5.8084E-06  5.9489E-06  8.2041E-06  4.0238E-06  6.0142E-06  5.8443E-06  3.4801E-06  2.4984E-06
       2.1927E-06  1.9926E-06  1.9209E-06  4.5092E-06  5.9328E-06  4.7019E-06  4.5168E-06  5.9540E-06  2.4884E-06  3.0897E-06
       2.3335E-06  2.5897E-06  2.2940E-06  4.0623E-06  2.6948E-06  3.1647E-06  3.4195E-06  4.5059E-06  2.9528E-06  2.4814E-06
       1.5631E-06  1.2940E-06  3.2882E-06  2.1029E-06  2.4455E-06  3.6200E-06  2.5950E-06  1.6660E-06  9.6623E-07  1.7593E-06
       1.7870E-06  1.0355E-06  3.1839E-06  2.6769E-06  2.1610E-06  3.5813E-06  3.5456E-06  1.7501E-06  2.3898E-06  1.7206E-06
       1.8782E-06  1.2242E-06  2.7333E-06  2.4872E-06  4.4677E-06  4.5769E-06  3.8418E-06  1.9684E-06  2.6128E-06  2.4754E-06
       2.5231E-06  3.4293E-06  2.0780E-06  3.9921E-06  5.0321E-06  4.1549E-06  5.0237E-06  5.6189E-06  4.5848E-06  3.0949E-06
       1.0155E-06  3.0588E-06  2.7486E-06  4.8504E-06  5.2434E-06  4.4575E-06  7.9999E-06  6.3266E-06  5.0781E-06  2.1220E-06
       1.2665E-06  2.2503E-06  3.4097E-06  4.8117E-06  6.0813E-06  5.5689E-06  6.0405E-06  1.9791E-06  3.9561E-06  2.2919E-06
       2.9594E-06  2.4814E-06  5.4224E-06  3.6095E-06  5.8839E-06  4.7041E-06  4.1068E-06  3.7421E-06  2.8173E-06  3.3359E-06
       1.1431E-06  2.7451E-06  3.0122E-06  5.6540E-06  4.7656E-06  3.7868E-06  5.9045E-06  4.5600E-06  4.2607E-06  2.4494E-06
       1.3984E-06  1.5608E-06  2.7582E-06  1.8624E-06  5.0578E-06  3.1448E-06  3.5611E-06  3.8803E-06  3.4350E-06  3.2063E-06
       7.1301E-07  1.3754E-06  1.1059E-06  2.9647E-06  4.3884E-06  2.2955E-06  2.2963E-06  2.1102E-06  3.6128E-06  1.5460E-06
       6.8528E-07  1.3928E-06  1.4438E-06  2.2504E-06  2.8902E-06  2.3010E-06  2.0388E-06  1.0547E-06  1.1281E-06  1.8672E-06
       1.0285E-06  6.0291E-07  2.1791E-06  2.7248E-06  3.5702E-06  2.9506E-06  3.1232E-06  2.2025E-06  2.7740E-06  1.5030E-06
       1.9856E-06  1.1092E-06  1.3865E-06  1.9634E-06  3.1248E-06  3.8250E-06  3.8098E-06  1.8880E-06  2.8089E-06  3.0914E-06
       1.9233E-06  3.7923E-06  2.5371E-06  3.2347E-06  3.0797E-06  3.9257E-06  5.1991E-06  3.8310E-06  4.6974E-06  2.4546E-06
       7.5837E-07  2.1678E-06  1.7935E-06  4.4664E-06  3.6849E-06  4.0192E-06  5.3545E-06  4.3640E-06  3.5596E-06  3.0172E-06
       1.0609E-06  2.6201E-06  1.3395E-06  4.8530E-06  3.2740E-06  3.4171E-06  6.1585E-06  3.3937E-06  4.1849E-06  6.9159E-07
       1.9378E-06  3.0421E-06  4.1789E-06  3.1398E-06  3.2541E-06  3.6346E-06  7.6387E-06  4.1681E-06  3.0235E-06  1.2490E-06
       1.8295E-06  3.0900E-06  3.2304E-06  4.1408E-06  5.0818E-06  2.6336E-06  5.1305E-06  3.8490E-06  2.7905E-06  1.5500E-06
       1.2752E-06  2.5850E-06  1.5331E-06  1.1669E-06  3.1574E-06  4.1066E-06  2.7844E-06  1.8898E-06  3.3100E-06  1.4383E-06
       5.7353E-07  2.1460E-06  1.0666E-06  2.3441E-06  1.8724E-06  2.6536E-06  3.2528E-06  1.9940E-06  1.9278E-06  1.1215E-06
       3.7246E-07  1.2743E-06  4.3519E-07  1.6192E-06  2.5461E-06  2.3867E-06  2.0637E-06  1.3027E-06  9.3978E-07  2.3208E-06
       5.3075E-07  7.7059E-07  1.8623E-06  2.4060E-06  2.3254E-06  3.1563E-06  1.8805E-06  2.1403E-06  1.3420E-06  8.7667E-07
       1.7424E-06  1.4104E-06  1.6880E-06  2.0592E-06  2.7164E-06  3.1028E-06  3.3743E-06  1.5644E-06  3.0568E-06  1.5061E-06
       9.0174E-07  1.4699E-06  3.2530E-06  3.4111E-06  2.7874E-06  3.2870E-06  3.4155E-06  1.9492E-06  3.5188E-06  1.8233E-06
       9.9187E-07  1.3653E-06  1.9303E-06  2.0948E-06  2.7896E-06  2.8489E-06  4.8656E-06  2.4796E-06  1.3442E-06  1.3290E-06
       1.1104E-06  1.7389E-06  1.6491E-06  3.7920E-06  3.0086E-06  3.8077E-06  4.6280E-06  1.9791E-06  3.4706E-06  1.4214E-06
       1.1013E-06  3.5089E-06  1.8020E-06  2.0392E-06  2.9844E-06  2.6296E-06  4.5488E-06  1.8501E-06  2.2733E-06  1.4666E-06
       2.2490E-06  2.0497E-06  9.3975E-07  2.8120E-06  2.7772E-06  1.8266E-06  4.8469E-06  3.8161E-06  1.4962E-06  1.1191E-06
       2.6322E-06  1.7107E-06  1.9122E-06  1.8588E-06  2.3332E-06  5.1656E-06  3.7039E-06  3.2610E-06  2.0246E-06  1.1397E-06
       1.4297E-06  1.2372E-06  1.3686E-06  1.7812E-06  2.7238E-06  2.5406E-06  1.7259E-06  2.0188E-06  5.8311E-07  1.2521E-06
       4.8623E-07  1.7378E-06  9.4580E-07  3.9526E-07  2.3838E-06  1.3334E-06  1.0523E-06  1.4266E-06  7.6476E-07  3.9657E-07
       3.5929E-07  2.8334E-06  1.2770E-06  1.4783E-06  2.3053E-06  1.9443E-06  1.6130E-06  1.3330E-06  3.3209E-07  1.7253E-06
       1.0473E-06  4.7991E-07  2.5552E-06  2.4499E-06  4.3832E-06  8.7085E-07  2.4367E-06  1.9297E-06  1.8873E-06  1.6680E-06
       9.9101E-07  1.3294E-06  1.3292E-06  2.5913E-06  1.8768E-06  3.0500E-06  1.8363E-06  2.3371E-06  1.7044E-06  4.1416E-07
       1.3096E-06  1.0131E-06  4.2273E-07  1.3647E-06  1.2077E-06  2.2686E-06  4.6859E-06  1.3465E-06  2.0186E-06  1.6571E-06
       8.7345E-07  1.9164E-06  2.2244E-06  2.0811E-06  2.6813E-06  1.5893E-06  4.2070E-06  1.7291E-06  2.3635E-06  2.4042E-06
       3.8061E-07  3.3013E-06  1.5363E-06  3.5769E-06  1.9911E-06  2.1248E-06  3.6479E-06  1.5516E-06  1.7427E-06  2.1860E-06
       9.7795E-07  1.4625E-06  1.0071E-06  2.6490E-06  2.8381E-06  1.9461E-06  1.8866E-06  2.2224E-06  2.4304E-06  6.2470E-07
       7.6067E-07  5.6613E-07  9.4653E-07  1.2621E-06  1.5079E-06  2.8947E-06  2.2854E-06  2.5932E-06  2.6007E-06  6.7508E-07
       4.5793E-07  4.8522E-07  1.2439E-06  1.0111E-06  1.3775E-06  2.8753E-06  1.3391E-06  8.4944E-07  1.6685E-06  1.8491E-06
       5.2294E-07  1.6578E-06  1.0179E-06  3.3207E-07  3.5889E-07  1.4663E-06  1.0927E-06  1.1339E-06  1.0815E-06  2.9706E-07
       4.3816E-07  6.4945E-07  5.0696E-07  1.3363E-06  2.2591E-07  1.0772E-06  1.2101E-06  9.0334E-07  7.7857E-07  1.1306E-06
       1.4149E-06  1.2355E-06  1.7144E-06  1.3251E-06  2.5015E-06  6.9704E-07  1.5766E-06  6.3971E-07  1.5229E-06  6.9925E-07
       3.1133E-07  3.4505E-07  5.6967E-07  1.2571E-06  1.1181E-06  2.2832E-06  1.0614E-06  2.2630E-06  1.5643E-06  4.1210E-07
       1.2529E-06  1.1895E-06  4.2314E-07  1.3669E-06  7.9376E-07  2.8842E-06  2.2430E-06  4.4505E-07  7.0869E-07  1.5645E-06
       2.0317E-06  1.1671E-06  8.1544E-07  7.3665E-07  2.0745E-06  1.2230E-06  3.3549E-06  6.5935E-07  1.1632E-06  4.7798E-07
       4.1767E-07  2.4495E-06  9.1791E-07  1.9879E-06  4.6539E-07  1.6673E-06  2.3061E-06  6.1181E-07  1.3749E-06  3.1295E-06
       1.2785E-06  6.0153E-07  1.2611E-06  9.5860E-07  2.2630E-06  1.8350E-06  1.3544E-06  1.5991E-06  7.5147E-07  1.6245E-06
       4.5211E-07  2.3579E-07  3.2548E-07  1.4677E-06  6.2602E-07  9.2906E-07  2.0769E-06  1.2635E-06  1.3425E-06  9.9953E-07
       8.4334E-07  5.3725E-07  6.3368E-07  9.4195E-07  1.9323E-06  9.1589E-07  1.6227E-06  9.9040E-07  4.5460E-07  3.7192E-07

      Percentage errors follow in a matrix A(ix,iy,iz), format (1(5x,1p,10(1x,e11.4)))

       2.3339E+01  2.1950E+01  2.5267E+01  2.4144E+01  2.1036E+01  1.7064E+01  1.8652E+01  2.4019E+01  2.3458E+01  3.0678E+01
       1.8136E+01  2.2459E+01  1.9086E+01  1.6473E+01  2.5622E+01  1.7660E+01  1.2516E+01  2.6070E+01  2.1439E+01  3.3091E+01
       2.7687E+01  2.4166E+01  2.0179E+01  1.9124E+01  1.8878E+01  1.8833E+01  2.2540E+01  2.3690E+01  1.9784E+01  1.9470E+01
       2.1353E+01  1.8094E+01  1.9868E+01  1.9020E+01  1.8392E+01  2.3801E+01  2.1840E+01  1.7961E+01  2.0885E+01  3.3069E+01
       2.7088E+01  2.0574E+01  2.4592E+01  2.9857E+01  2.1022E+01  1.5894E+01  2.1790E+01  1.4576E+01  2.4436E+01  2.5155E+01
       2.3413E+01  2.1278E+01  2.4316E+01  1.5608E+01  2.1943E+01  1.8761E+01  1.2050E+01  2.0312E+01  3.3491E+01  2.3372E+01
       2.3746E+01  2.5472E+01  2.5857E+01  2.1414E+01  1.8390E+01  1.4296E+01  2.3081E+01  2.2569E+01  2.4213E+01  2.0813E+01
       2.5869E+01  2.4406E+01  1.9646E+01  2.1766E+01  1.7908E+01  1.8424E+01  1.6949E+01  2.5862E+01  2.2902E+01  3.3117E+01
       2.8893E+01  2.3938E+01  2.4977E+01  2.3379E+01  2.3373E+01  1.6103E+01  1.8111E+01  2.7652E+01  2.4520E+01  2.6594E+01
       2.5047E+01  2.2939E+01  3.3765E+01  1.8738E+01  1.8688E+01  1.9685E+01  1.7279E+01  2.0988E+01  2.5572E+01  2.4670E+01
       2.5805E+01  3.0736E+01  3.0235E+01  2.6650E+01  2.0877E+01  2.0210E+01  2.2886E+01  2.0094E+01  1.9005E+01  2.4837E+01
       3.4607E+01  2.7761E+01  2.3852E+01  2.0412E+01  1.8561E+01  1.5718E+01  1.9493E+01  2.6075E+01  2.2195E+01  2.2613E+01
       2.7436E+01  3.2328E+01  1.6597E+01  2.2099E+01  1.7004E+01  2.4125E+01  2.1580E+01  3.7983E+01  2.0500E+01  1.3815E+01
       2.8281E+01  2.8224E+01  1.8542E+01  1.9298E+01  1.8651E+01  2.0870E+01  2.0687E+01  3.6432E+01  2.1272E+01  2.5492E+01
       2.6869E+01  2.3873E+01  2.0182E+01  2.2359E+01  1.9091E+01  1.6654E+01  1.9787E+01  1.4111E+01  2.5356E+01  2.4870E+01
       3.0652E+01  2.4760E+01  3.0096E+01  1.4665E+01  1.7625E+01  1.7071E+01  1.8620E+01  1.5278E+01  2.7465E+01  1.9074E+01
       2.7028E+01  2.3643E+01  2.7819E+01  1.8709E+01  2.1421E+01  2.4131E+01  1.8343E+01  1.7927E+01  2.1898E+01  2.6701E+01
       2.9582E+01  2.7658E+01  2.1944E+01  2.1425E+01  2.1225E+01  1.6102E+01  1.5889E+01  2.1965E+01  2.8781E+01  2.5041E+01
       2.5163E+01  1.9572E+01  2.4203E+01  2.5219E+01  1.8253E+01  1.5434E+01  1.8615E+01  2.5792E+01  1.8924E+01  2.7444E+01
       2.6916E+01  2.3030E+01  3.5954E+01  1.9648E+01  2.4284E+01  2.2872E+01  1.6952E+01  1.8444E+01  3.1479E+01  2.7058E+01
       3.2284E+01  3.1410E+01  2.1542E+01  2.2231E+01  2.6440E+01  2.1204E+01  1.7881E+01  2.2044E+01  2.5951E+01  2.1426E+01
       3.9751E+01  3.2626E+01  2.1816E+01  1.9613E+01  1.7693E+01  2.4343E+01  2.0985E+01  1.6648E+01  2.5329E+01  2.5772E+01
       3.6336E+01  2.3766E+01  3.0761E+01  3.1081E+01  2.1904E+01  2.8657E+01  2.8568E+01  2.8123E+01  2.0457E+01  1.9556E+01
       3.2161E+01  2.7664E+01  2.2511E+01  2.5713E+01  2.1401E+01  1.6820E+01  2.1311E+01  2.5505E+01  2.8185E+01  3.2089E+01
       3.8035E+01  2.1883E+01  2.7815E+01  2.0271E+01  1.9733E+01  1.6781E+01  2.2583E+01  1.7986E+01  1.9245E+01  3.0414E+01
       4.9654E+01  3.9160E+01  3.4119E+01  2.0439E+01  2.4187E+01  1.8468E+01  2.2382E+01  1.8159E+01  3.2203E+01  3.1968E+01
       2.6225E+01  3.0448E+01  2.7270E+01  1.7377E+01  1.8703E+01  2.1413E+01  1.6846E+01  2.0034E+01  2.2817E+01  2.6055E+01
       2.7938E+01  2.8852E+01  2.2976E+01  2.4864E+01  1.6982E+01  2.0360E+01  1.8537E+01  2.6227E+01  2.8043E+01  2.5372E+01
       3.5275E+01  2.8231E+01  3.2312E+01  3.5454E+01  1.7944E+01  1.9703E+01  1.8748E+01  1.9001E+01  2.3618E+01  2.1724E+01
       2.5576E+01  3.3459E+01  2.8187E+01  2.4710E+01  2.2727E+01  2.4749E+01  2.0157E+01  2.4871E+01  2.9864E+01  2.8953E+01
       3.5653E+01  3.3201E+01  2.1063E+01  2.0646E+01  2.7480E+01  2.3056E+01  2.2351E+01  2.2479E+01  3.2116E+01  2.8510E+01
       3.1187E+01  4.1459E+01  2.7064E+01  1.9634E+01  2.2397E+01  2.0457E+01  1.7066E+01  2.9337E+01  2.3150E+01  2.8568E+01
       3.5134E+01  3.1592E+01  3.3177E+01  2.5823E+01  2.2444E+01  2.8307E+01  2.2281E+01  2.7526E+01  2.3357E+01  2.9960E+01
       3.3445E+01  2.5117E+01  2.3678E+01  3.0519E+01  2.7722E+01  1.8502E+01  2.0322E+01  1.8014E+01  2.1801E+01  2.9301E+01
       3.2732E+01  2.5625E+01  3.0048E+01  2.3399E+01  2.6728E+01  1.8705E+01  1.7600E+01  1.7338E+01  2.0172E+01  3.6755E+01
       4.4190E+01  4.3178E+01  3.0760E+01  2.2251E+01  2.6325E+01  2.3889E+01  1.9326E+01  2.5798E+01  3.8574E+01  3.5054E+01
       2.9693E+01  2.8775E+01  2.2832E+01  2.6055E+01  2.7892E+01  2.4147E+01  2.0263E+01  2.7569E+01  1.9340E+01  2.9584E+01
       2.5118E+01  3.0230E+01  1.9968E+01  3.2588E+01  2.0770E+01  2.5111E+01  2.3786E+01  2.4642E+01  2.8741E+01  2.9973E+01
       3.6111E+01  3.3866E+01  2.6982E+01  2.5034E+01  1.9398E+01  2.4606E+01  2.7951E+01  2.0405E+01  2.8756E+01  2.0221E+01
       3.4216E+01  3.5292E+01  3.1621E+01  3.7362E+01  2.7818E+01  2.1356E+01  2.2835E+01  2.3839E+01  2.9013E+01  2.5856E+01
       4.6734E+01  2.9126E+01  3.2236E+01  2.8474E+01  2.2781E+01  1.9916E+01  2.6838E+01  3.3667E+01  4.0549E+01  3.2263E+01
       4.5306E+01  3.3828E+01  2.6415E+01  2.1318E+01  3.0359E+01  1.9765E+01  2.4767E+01  3.5647E+01  3.0634E+01  3.8727E+01
       4.2464E+01  3.2908E+01  2.4328E+01  2.0008E+01  2.8624E+01  2.5078E+01  2.2505E+01  2.6981E+01  2.1692E+01  2.5066E+01
       4.2851E+01  2.6891E+01  3.1580E+01  2.8156E+01  2.6829E+01  3.3686E+01  2.7093E+01  2.9831E+01  1.9867E+01  3.6873E+01
       4.0489E+01  2.8863E+01  3.0108E+01  2.3409E+01  2.9422E+01  1.8680E+01  1.5183E+01  1.7745E+01  2.7428E+01  3.3906E+01
       5.5753E+01  4.5926E+01  2.1112E+01  2.3056E+01  2.2304E+01  1.8100E+01  2.2770E+01  2.4763E+01  3.0015E+01  3.3772E+01
       3.3214E+01  3.5472E+01  2.5808E+01  2.5414E+01  2.1764E+01  1.9829E+01  2.2922E+01  3.1184E+01  3.2161E+01  2.9424E+01
       3.5633E+01  2.7913E+01  2.7272E+01  2.1963E+01  2.2433E+01  3.1722E+01  2.1164E+01  2.1190E+01  3.1251E+01  2.8743E+01
       4.1767E+01  3.8553E+01  3.6030E+01  2.2780E+01  3.0222E+01  3.0768E+01  2.6776E+01  2.3101E+01  3.7573E+01  3.2785E+01
       5.2333E+01  3.5392E+01  3.3276E+01  4.0488E+01  2.8663E+01  3.1708E+01  2.5535E+01  2.6346E+01  3.3785E+01  3.9612E+01
       5.4438E+01  3.3802E+01  4.4240E+01  3.5708E+01  3.0327E+01  3.0727E+01  3.0563E+01  4.2156E+01  4.7617E+01  4.0591E+01
       4.0094E+01  3.6611E+01  2.3910E+01  4.5546E+01  4.2427E+01  2.1641E+01  2.9728E+01  4.6127E+01  4.9186E+01  3.7525E+01
       2.8651E+01  3.9243E+01  3.7463E+01  3.5150E+01  3.7699E+01  2.5163E+01  3.2515E+01  4.9809E+01  2.6892E+01  3.3600E+01
       3.6335E+01  3.6351E+01  4.9442E+01  3.2703E+01  2.3102E+01  2.6371E+01  4.2216E+01  2.6405E+01  3.8745E+01  3.8602E+01
       4.7304E+01  3.8792E+01  3.4582E+01  2.5674E+01  2.7745E+01  2.6403E+01  2.2832E+01  1.8663E+01  2.5768E+01  3.3615E+01
       4.9675E+01  4.8225E+01  4.1853E+01  2.9345E+01  2.7488E+01  3.0098E+01  2.2309E+01  3.1064E+01  3.5120E+01  4.7673E+01
       4.5298E+01  2.9090E+01  2.6460E+01  3.5445E+01  2.4486E+01  2.8587E+01  2.7789E+01  3.3529E+01  4.6275E+01  3.0953E+01
       4.7022E+01  2.8598E+01  2.9196E+01  2.2935E+01  2.9004E+01  2.6684E+01  1.9070E+01  2.3230E+01  4.6141E+01  3.4130E+01
       5.5508E+01  3.5917E+01  3.4068E+01  3.5360E+01  3.3909E+01  2.8525E+01  2.6369E+01  2.6503E+01  2.9791E+01  2.6735E+01
       6.4342E+01  3.7053E+01  3.4344E+01  5.7923E+01  2.9403E+01  2.6524E+01  2.3640E+01  3.4145E+01  3.0242E+01  5.5113E+01
       4.8271E+01  3.7242E+01  3.6056E+01  3.1955E+01  3.9255E+01  4.2287E+01  3.0337E+01  4.1177E+01  5.4563E+01  5.2475E+01
       4.2754E+01  4.8817E+01  2.8448E+01  4.4557E+01  3.4660E+01  2.6413E+01  2.7944E+01  3.3140E+01  5.1156E+01  5.0515E+01
       3.9421E+01  6.0511E+01  4.3595E+01  3.2670E+01  3.4156E+01  2.7998E+01  3.7517E+01  3.2547E+01  2.2913E+01  4.6958E+01
       3.9484E+01  4.0742E+01  3.6567E+01  3.1826E+01  2.2407E+01  2.7994E+01  4.2190E+01  2.8113E+01  3.7562E+01  3.2866E+01
       5.9273E+01  3.1929E+01  4.1352E+01  3.0259E+01  2.2415E+01  3.4121E+01  2.5900E+01  2.5243E+01  3.5377E+01  4.2933E+01
       6.3332E+01  3.5815E+01  4.8038E+01  3.1264E+01  2.4968E+01  2.7317E+01  2.8400E+01  2.9187E+01  2.9413E+01  5.7330E+01
       3.6479E+01  3.1314E+01  3.6719E+01  3.6768E+01  2.3209E+01  3.0379E+01  2.8983E+01  2.7125E+01  3.1431E+01  4.1523E+01
       3.7006E+01  2.9040E+01  3.6978E+01  2.9813E+01  2.0044E+01  2.8779E+01  2.0076E+01  3.7255E+01  2.7104E+01  4.2017E+01
       4.8333E+01  3.7983E+01  3.8385E+01  4.5293E+01  3.3629E+01  3.0755E+01  3.1754E+01  3.1687E+01  2.7364E+01  3.6285E+01
       6.1794E+01  4.4617E+01  4.8854E+01  4.7842E+01  4.2548E+01  3.3886E+01  2.9961E+01  4.5003E+01  3.4094E+01  4.1092E+01
       6.9615E+01  4.1746E+01  5.1544E+01  4.6601E+01  3.4731E+01  3.6808E+01  3.0317E+01  4.9091E+01  5.4650E+01  3.1054E+01
       5.4773E+01  5.0311E+01  3.2841E+01  4.9296E+01  3.6706E+01  3.4628E+01  4.2771E+01  3.2753E+01  4.8274E+01  5.5682E+01
       4.0416E+01  7.0078E+01  4.1423E+01  3.6129E+01  3.6812E+01  2.9427E+01  5.5972E+01  3.3058E+01  3.4742E+01  5.2678E+01
       4.6928E+01  4.3761E+01  4.1767E+01  4.1413E+01  3.4128E+01  2.7422E+01  3.6789E+01  3.1807E+01  3.1594E+01  5.5502E+01
       8.4186E+01  3.8029E+01  4.8524E+01  3.1846E+01  4.4972E+01  3.1572E+01  2.8086E+01  4.3314E+01  5.1270E+01  3.8131E+01
       5.2580E+01  3.5049E+01  6.4735E+01  2.8197E+01  2.8813E+01  2.8950E+01  2.5233E+01  3.0704E+01  3.3136E+01  5.8727E+01
       6.2799E+01  3.8212E+01  3.4195E+01  3.2060E+01  2.9441E+01  3.2172E+01  3.3560E+01  3.3760E+01  3.4142E+01  3.3911E+01
       4.5234E+01  3.9278E+01  3.8494E+01  3.0702E+01  2.3116E+01  3.6792E+01  2.7785E+01  2.5903E+01  5.2098E+01  4.8577E+01
       4.7127E+01  3.2351E+01  3.3139E+01  3.3974E+01  3.6087E+01  4.0659E+01  3.5870E+01  2.5461E+01  3.2149E+01  4.3159E+01
       5.3717E+01  4.4902E+01  3.3849E+01  3.2294E+01  3.9254E+01  2.7504E+01  3.6958E+01  3.5060E+01  4.1155E+01  4.2168E+01
       5.7961E+01  4.9530E+01  4.4672E+01  6.4858E+01  4.6318E+01  3.8181E+01  4.2565E+01  4.3903E+01  5.0639E+01  6.3316E+01
       6.1147E+01  4.0982E+01  4.7067E+01  3.8296E+01  3.1804E+01  4.7749E+01  7.0017E+01  3.4329E+01  4.3123E+01  5.4042E+01
       4.4119E+01  6.5935E+01  2.5759E+01  5.5418E+01  3.0526E+01  4.2255E+01  8.0143E+01  4.2223E+01  3.3836E+01  4.2683E+01
       6.8207E+01  5.2225E+01  4.3528E+01  4.6471E+01  3.1737E+01  3.7404E+01  4.4978E+01  3.5537E+01  3.0336E+01  6.7352E+01
       5.5972E+01  4.2582E+01  5.0461E+01  6.9799E+01  4.0191E+01  3.0522E+01  3.5451E+01  5.8355E+01  4.1857E+01  4.7204E+01
       5.0077E+01  3.8719E+01  5.9361E+01  3.5421E+01  3.3035E+01  4.4574E+01  2.3230E+01  3.4671E+01  3.7849E+01  4.5380E+01
       8.8731E+01  3.1240E+01  4.2915E+01  3.3979E+01  3.0083E+01  4.1752E+01  3.1929E+01  4.4648E+01  4.0411E+01  3.3945E+01
       6.5869E+01  4.9147E+01  4.7627E+01  4.1821E+01  3.3656E+01  3.7627E+01  3.7356E+01  3.0437E+01  4.7673E+01  6.5305E+01
       5.9531E+01  6.8107E+01  7.0018E+01  3.9846E+01  3.4028E+01  2.5515E+01  5.1911E+01  3.4785E+01  4.8314E+01  6.4791E+01
       8.2102E+01  4.9134E+01  3.6757E+01  4.3222E+01  5.7625E+01  3.0106E+01  3.2883E+01  4.7943E+01  4.4868E+01  5.4799E+01
       5.8654E+01  3.8922E+01  4.5792E+01  8.7677E+01  6.1499E+01  4.7553E+01  4.4745E+01  5.1771E+01  7.3406E+01  6.3310E+01
       6.3076E+01  4.4028E+01  8.7278E+01  3.8270E+01  5.4162E+01  4.9349E+01  4.7078E+01  6.0784E+01  4.5653E+01  3.6993E+01
       5.6880E+01  4.4226E+01  3.6680E+01  3.6282E+01  2.8016E+01  4.9718E+01  6.3805E+01  4.0234E+01  3.4994E+01  5.2733E+01
       8.1746E+01  6.8405E+01  5.0850E+01  6.9040E+01  4.4596E+01  3.9759E+01  4.2530E+01  3.5145E+01  8.8100E+01  7.4295E+01
       3.9750E+01  5.4204E+01  7.6117E+01  5.8253E+01  4.9490E+01  4.4431E+01  3.9466E+01  7.1776E+01  4.5424E+01  4.3415E+01
       5.1370E+01  4.7129E+01  5.7936E+01  3.9796E+01  3.7980E+01  4.1121E+01  3.2675E+01  5.1755E+01  3.8778E+01  8.2182E+01
       6.2158E+01  4.0029E+01  5.6010E+01  4.0666E+01  5.2801E+01  3.4220E+01  3.6506E+01  5.0668E+01  4.6157E+01  3.3138E+01
       5.3531E+01  6.6500E+01  5.5863E+01  4.4621E+01  3.2327E+01  3.7529E+01  5.9650E+01  3.6226E+01  5.8782E+01  4.6232E+01
       6.7999E+01  8.7966E+01  4.4382E+01  4.4083E+01  6.3217E+01  5.2534E+01  3.9933E+01  4.2030E+01  4.1425E+01  5.2509E+01
       5.1038E+01  5.3524E+01  7.5589E+01  4.6355E+01  3.7522E+01  4.2242E+01  3.5779E+01  4.2274E+01  8.6171E+01  7.7325E+01
