1
   Cartesian binning n.   1  "DoseEq    " , generalized particle n.  240
      X coordinate: from -8.5000E+01 to  8.5000E+01 cm,    10 bins ( 1.7000E+01 cm wide)
      Y coordinate: from -2.5000E+01 to  2.5000E+01 cm,    10 bins ( 5.0000E+00 cm wide)
      Z coordinate: from  2.2500E+02 to  2.7500E+02 cm,    10 bins ( 5.0000E+00 cm wide)
      Data follow in a matrix A(ix,iy,iz), format (1(5x,1p,10(1x,e11.4)))

      accurate deposition along the tracks requested
      this is a track-length binning
       6.2920E-05  7.4372E-05  9.2210E-05  8.9344E-05  1.0396E-04  1.0289E-04  9.9192E-05  7.9084E-05  7.3485E-05  7.1050E-05
       7.0681E-05  7.9719E-05  9.6248E-05  1.0670E-04  1.0881E-04  1.1466E-04  1.0707E-04  1.0523E-04  7.9308E-05  6.8130E-05
       7.4678E-05  8.7744E-05  9.7583E-05  1.1717E-04  1.0577E-04  1.0607E-04  1.1500E-04  9.9967E-05  9.5262E-05  8.0246E-05
       6.4077E-05  9.2545E-05  1.0121E-04  1.2178E-04  1.2143E-04  1.1535E-04  1.1605E-04  1.0390E-04  1.0061E-04  7.7354E-05
       7.1076E-05  9.8573E-05  1.0723E-04  1.1816E-04  1.1522E-04  1.2844E-04  1.0323E-04  9.9093E-05  9.6446E-05  7.2339E-05
       8.5527E-05  9.7143E-05  1.1709E-04  1.1526E-04  1.2533E-04  1.2349E-04  1.1710E-04  1.0762E-04  8.8821E-05  7.3707E-05
       8.3531E-05  8.5974E-05  1.1172E-04  1.2258E-04  1.2554E-04  1.2089E-04  1.1497E-04  1.0476E-04  8.6414E-05  7.1929E-05
       8.0913E-05  8.6900E-05  9.6990E-05  1.1477E-04  1.1915E-04  1.1017E-04  1.1516E-04  1.0463E-04  9.1290E-05  7.8116E-05
       6.6935E-05  8.5632E-05  9.7517E-05  1.2127E-04  1.1214E-04  1.1145E-04  1.0934E-04  1.0462E-04  7.5300E-05  7.5886E-05
       6.1862E-05  8.2211E-05  7.8952E-05  9.4316E-05  9.8217E-05  9.1482E-05  9.5201E-05  8.8617E-05  8.1122E-05  6.6412E-05
       5.3155E-05  6.3882E-05  8.3367E-05  8.5978E-05  1.0311E-04  8.7379E-05  9.0011E-05  6.6555E-05  6.7395E-05  5.0523E-05
       6.3351E-05  7.9368E-05  8.9302E-05  9.8691E-05  1.1041E-04  1.0780E-04  1.0058E-04  9.0980E-05  7.6753E-05  5.9964E-05
       7.3202E-05  9.2397E-05  1.0078E-04  1.1238E-04  1.0479E-04  1.1658E-04  1.0674E-04  1.0038E-04  9.2260E-05  7.2708E-05
       6.1698E-05  8.8465E-05  1.0171E-04  1.2094E-04  1.1590E-04  1.1046E-04  1.2463E-04  1.0500E-04  9.6080E-05  7.2263E-05
       6.8799E-05  9.5475E-05  1.0777E-04  1.1376E-04  1.1056E-04  1.2744E-04  1.0515E-04  9.6504E-05  8.9683E-05  6.2704E-05
       7.3353E-05  9.8101E-05  1.1423E-04  1.1120E-04  1.2596E-04  1.2047E-04  1.2313E-04  1.0457E-04  8.5263E-05  7.3143E-05
       7.3615E-05  8.8078E-05  1.1280E-04  1.1465E-04  1.2074E-04  1.1396E-04  1.0859E-04  1.0023E-04  8.5225E-05  6.8079E-05
       7.2669E-05  8.3712E-05  8.8592E-05  1.1266E-04  1.1181E-04  1.1215E-04  1.1062E-04  1.0472E-04  9.2861E-05  6.6158E-05
       5.8354E-05  7.9244E-05  8.7982E-05  1.0868E-04  1.0766E-04  1.1551E-04  1.0307E-04  9.4555E-05  7.4326E-05  6.6100E-05
       4.7429E-05  7.2198E-05  7.0572E-05  8.5225E-05  8.8320E-05  8.0801E-05  7.8884E-05  7.6116E-05  8.1368E-05  6.1905E-05
       4.7883E-05  5.9351E-05  6.8093E-05  7.1654E-05  7.4739E-05  7.5362E-05  6.9513E-05  5.5060E-05  5.5636E-05  4.6230E-05
       5.0006E-05  6.4029E-05  7.9740E-05  8.4999E-05  8.8487E-05  1.0105E-04  8.1059E-05  7.8552E-05  6.4724E-05  5.4534E-05
       6.8202E-05  8.3883E-05  8.2030E-05  9.5305E-05  1.0098E-04  9.5473E-05  9.3934E-05  8.7360E-05  7.7262E-05  5.7943E-05
       6.0174E-05  8.0878E-05  9.7325E-05  1.0302E-04  1.0071E-04  1.0612E-04  1.0642E-04  9.7362E-05  8.4407E-05  6.7039E-05
       6.0210E-05  8.6090E-05  9.9817E-05  9.8989E-05  9.8490E-05  1.1627E-04  9.2316E-05  9.0653E-05  8.2800E-05  5.9071E-05
       6.1671E-05  8.6097E-05  9.6680E-05  1.0301E-04  1.0640E-04  1.1316E-04  1.0338E-04  8.8412E-05  6.6650E-05  6.0681E-05
       6.1749E-05  8.3087E-05  9.3996E-05  1.0585E-04  1.0967E-04  1.0852E-04  9.2296E-05  9.1746E-05  8.4979E-05  5.6378E-05
       6.4677E-05  7.6754E-05  8.4764E-05  1.0840E-04  1.1561E-04  9.9836E-05  8.8143E-05  8.9249E-05  7.8947E-05  5.5095E-05
       4.7540E-05  7.5081E-05  8.1830E-05  9.7788E-05  9.4288E-05  1.0246E-04  8.7175E-05  8.6549E-05  6.0359E-05  5.5345E-05
       3.8509E-05  5.8789E-05  6.4984E-05  6.5490E-05  6.8527E-05  7.5366E-05  7.6600E-05  6.6123E-05  6.1943E-05  5.0497E-05
       3.7190E-05  4.2869E-05  5.2437E-05  5.8997E-05  6.6556E-05  6.7790E-05  5.9981E-05  4.9870E-05  4.6332E-05  3.2055E-05
       4.0967E-05  5.5961E-05  7.3763E-05  7.4961E-05  7.4803E-05  7.8258E-05  7.0007E-05  6.5182E-05  5.4999E-05  4.2484E-05
       5.2172E-05  6.3347E-05  7.1904E-05  7.5222E-05  8.1493E-05  8.8338E-05  7.7271E-05  7.1519E-05  6.3198E-05  5.4165E-05
       5.4944E-05  6.7149E-05  8.6636E-05  8.7299E-05  8.6723E-05  9.2505E-05  9.0011E-05  7.6528E-05  6.9632E-05  5.8325E-05
       5.5169E-05  7.6024E-05  8.0063E-05  7.9999E-05  7.9662E-05  9.7208E-05  8.4455E-05  8.4352E-05  6.7836E-05  5.1281E-05
       4.6431E-05  6.8957E-05  9.0827E-05  8.7432E-05  9.0492E-05  1.0442E-04  9.2440E-05  8.0357E-05  6.3994E-05  4.5708E-05
       5.0819E-05  7.8201E-05  8.7659E-05  9.0509E-05  8.6065E-05  9.0703E-05  7.7246E-05  8.3024E-05  6.8047E-05  4.6948E-05
       5.3277E-05  7.1460E-05  7.4403E-05  8.7210E-05  9.0484E-05  7.8944E-05  8.0177E-05  7.1307E-05  6.9048E-05  4.2124E-05
       4.7267E-05  6.5561E-05  7.0544E-05  7.6246E-05  7.8490E-05  7.9218E-05  6.9099E-05  6.9393E-05  5.2518E-05  4.6833E-05
       3.1649E-05  5.5216E-05  5.1522E-05  5.6838E-05  5.0967E-05  6.5605E-05  6.4020E-05  5.3031E-05  4.5259E-05  3.5012E-05
       2.7503E-05  3.1184E-05  4.1478E-05  4.4704E-05  4.6885E-05  5.2234E-05  4.9452E-05  4.1796E-05  3.2973E-05  2.3678E-05
       3.3657E-05  4.0212E-05  5.2926E-05  5.4528E-05  5.0611E-05  6.2935E-05  5.8717E-05  5.0542E-05  4.1510E-05  3.9782E-05
       4.1170E-05  4.9651E-05  6.4978E-05  6.7717E-05  6.4804E-05  7.4396E-05  6.5540E-05  7.2041E-05  5.0186E-05  4.7004E-05
       4.8743E-05  5.6610E-05  6.8967E-05  7.3848E-05  6.6652E-05  7.7094E-05  6.9877E-05  6.3428E-05  5.7679E-05  4.4002E-05
       4.9333E-05  6.0819E-05  6.6045E-05  6.7665E-05  7.1990E-05  8.3770E-05  7.1412E-05  7.0723E-05  5.9890E-05  3.6352E-05
       4.2533E-05  6.0730E-05  6.9582E-05  7.3622E-05  7.4157E-05  8.3839E-05  8.0144E-05  6.8886E-05  5.4283E-05  3.9623E-05
       3.7879E-05  6.5329E-05  6.8828E-05  7.9596E-05  6.7622E-05  7.0035E-05  7.4790E-05  7.0622E-05  5.8278E-05  4.3440E-05
       4.4307E-05  5.6963E-05  7.1049E-05  6.7236E-05  6.8230E-05  7.6624E-05  6.6768E-05  6.1505E-05  5.9576E-05  4.4776E-05
       4.0540E-05  5.3097E-05  5.5402E-05  6.4984E-05  6.3207E-05  6.1817E-05  6.5580E-05  5.6636E-05  4.2888E-05  3.4367E-05
       2.5224E-05  4.3232E-05  4.6860E-05  4.6899E-05  5.1419E-05  4.8697E-05  4.7965E-05  4.2905E-05  3.4597E-05  2.9060E-05
       2.3023E-05  2.3135E-05  3.5300E-05  3.6993E-05  3.8099E-05  3.9286E-05  3.4327E-05  3.3324E-05  2.7264E-05  1.9940E-05
       2.5316E-05  3.5226E-05  4.1238E-05  4.7959E-05  4.6208E-05  4.8834E-05  4.7651E-05  4.5224E-05  3.7601E-05  2.8458E-05
       3.3816E-05  4.6704E-05  5.0013E-05  4.9923E-05  5.7692E-05  5.6348E-05  5.8518E-05  5.6712E-05  4.5528E-05  3.3174E-05
       3.5790E-05  5.2006E-05  5.6435E-05  5.6919E-05  5.5651E-05  6.4295E-05  5.9473E-05  5.3279E-05  4.1474E-05  3.8192E-05
       3.7829E-05  5.0471E-05  5.7756E-05  5.8414E-05  6.3967E-05  6.0945E-05  5.4399E-05  4.9549E-05  4.7615E-05  3.3160E-05
       3.8704E-05  4.7723E-05  5.1820E-05  5.9801E-05  6.0647E-05  5.9444E-05  6.0378E-05  5.4141E-05  5.0706E-05  3.8903E-05
       3.7548E-05  5.0121E-05  4.8670E-05  5.9155E-05  6.1120E-05  6.1727E-05  6.2390E-05  5.3884E-05  4.6866E-05  3.2569E-05
       3.6247E-05  4.2085E-05  4.7853E-05  5.9460E-05  6.6266E-05  6.7409E-05  5.6046E-05  4.8404E-05  4.6553E-05  2.9766E-05
       3.1431E-05  3.9106E-05  4.1584E-05  5.3831E-05  5.0414E-05  5.3450E-05  4.6240E-05  4.2456E-05  3.2055E-05  2.7820E-05
       2.2190E-05  3.4197E-05  3.5080E-05  3.5447E-05  3.3490E-05  3.8526E-05  4.0471E-05  3.7707E-05  2.8683E-05  2.8708E-05
       1.4308E-05  2.0364E-05  2.2536E-05  2.8460E-05  3.0462E-05  3.1547E-05  2.5525E-05  2.8729E-05  2.2203E-05  1.7448E-05
       2.1961E-05  3.0847E-05  3.3769E-05  3.9024E-05  3.8815E-05  4.0321E-05  4.1425E-05  3.7549E-05  2.5143E-05  2.6740E-05
       2.2398E-05  3.6354E-05  4.1687E-05  3.8271E-05  5.2756E-05  4.4802E-05  4.0617E-05  4.3748E-05  3.4340E-05  2.8099E-05
       2.8971E-05  4.5657E-05  4.6750E-05  4.8694E-05  5.1967E-05  4.9131E-05  4.3355E-05  4.2414E-05  3.5432E-05  3.0473E-05
       2.5427E-05  4.1459E-05  5.1031E-05  4.5257E-05  4.5879E-05  5.0481E-05  3.9721E-05  4.0210E-05  3.9834E-05  2.8148E-05
       2.7872E-05  4.7359E-05  4.5044E-05  4.4720E-05  4.5674E-05  5.7948E-05  4.8653E-05  4.3156E-05  3.8238E-05  3.4606E-05
       2.9040E-05  4.6810E-05  4.0923E-05  5.3360E-05  4.6525E-05  4.8632E-05  4.8829E-05  3.9828E-05  3.9320E-05  2.6504E-05
       2.0920E-05  3.5288E-05  3.6687E-05  4.7600E-05  4.6431E-05  5.2151E-05  4.4213E-05  4.4507E-05  4.0027E-05  2.5704E-05
       2.0105E-05  3.3144E-05  3.2216E-05  3.7471E-05  4.0683E-05  4.2150E-05  3.7811E-05  3.4996E-05  2.8267E-05  2.1573E-05
       1.2638E-05  3.0556E-05  3.0184E-05  2.7928E-05  2.8590E-05  3.2693E-05  2.5775E-05  2.3631E-05  2.0871E-05  2.4819E-05
       1.1411E-05  1.7320E-05  1.9823E-05  2.3793E-05  2.0238E-05  2.4719E-05  2.2891E-05  2.2558E-05  1.5180E-05  1.2652E-05
       1.7482E-05  2.4079E-05  2.7713E-05  2.8150E-05  3.2334E-05  3.3576E-05  2.7194E-05  3.0253E-05  2.2824E-05  1.7515E-05
       1.7021E-05  2.5971E-05  3.2403E-05  3.3060E-05  3.5899E-05  3.2583E-05  3.6410E-05  3.7470E-05  2.7632E-05  2.3197E-05
       2.1335E-05  3.1680E-05  3.6042E-05  3.9788E-05  3.8460E-05  3.9050E-05  3.8897E-05  3.7806E-05  2.8498E-05  2.1920E-05
       2.2268E-05  3.1276E-05  3.7964E-05  3.4387E-05  3.6205E-05  4.5120E-05  3.3376E-05  3.1079E-05  3.2483E-05  2.0965E-05
       1.9429E-05  3.1377E-05  3.3616E-05  3.8074E-05  3.4427E-05  4.3266E-05  4.0221E-05  3.4144E-05  2.6886E-05  2.7158E-05
       1.7605E-05  3.8380E-05  2.7416E-05  3.3699E-05  3.9762E-05  4.0723E-05  4.4070E-05  3.2138E-05  2.6561E-05  2.5707E-05
       1.8238E-05  3.1862E-05  3.2315E-05  3.1860E-05  3.5896E-05  3.7641E-05  4.2281E-05  3.0103E-05  2.8330E-05  2.5837E-05
       1.6214E-05  2.7197E-05  2.4756E-05  2.9699E-05  3.1213E-05  3.4666E-05  2.8500E-05  2.5846E-05  2.4331E-05  1.9240E-05
       1.0224E-05  2.2988E-05  1.9527E-05  2.1083E-05  2.4514E-05  2.3620E-05  1.9957E-05  1.9054E-05  2.0822E-05  1.4632E-05
       1.0610E-05  1.4840E-05  1.8684E-05  1.8801E-05  1.7803E-05  1.9662E-05  1.9717E-05  1.4892E-05  1.1520E-05  9.0064E-06
       1.5137E-05  2.2934E-05  1.9255E-05  1.9919E-05  2.4075E-05  2.3954E-05  2.4117E-05  2.3763E-05  1.4793E-05  1.2689E-05
       1.5999E-05  1.9830E-05  2.1834E-05  2.3808E-05  3.0017E-05  2.4798E-05  2.7541E-05  2.6969E-05  1.9478E-05  1.9835E-05
       1.7139E-05  2.2001E-05  2.6740E-05  2.7297E-05  2.9372E-05  2.9333E-05  2.8211E-05  2.5658E-05  2.2630E-05  2.1001E-05
       1.5223E-05  2.0464E-05  2.5330E-05  2.9180E-05  2.7049E-05  3.2745E-05  2.3708E-05  2.7152E-05  2.6392E-05  1.8139E-05
       1.3492E-05  2.2530E-05  2.7258E-05  3.2028E-05  2.3988E-05  3.1973E-05  2.5982E-05  2.3164E-05  2.6422E-05  1.6306E-05
       1.5283E-05  2.0367E-05  2.6918E-05  2.7747E-05  2.9093E-05  3.6683E-05  3.1439E-05  2.5159E-05  2.2070E-05  1.9637E-05
       1.7639E-05  2.4674E-05  2.4895E-05  2.5255E-05  2.6084E-05  3.1720E-05  2.9903E-05  2.6968E-05  1.9673E-05  1.5400E-05
       1.4452E-05  2.2725E-05  1.8551E-05  2.3850E-05  2.5884E-05  2.5502E-05  2.3716E-05  1.9579E-05  1.4984E-05  1.6105E-05
       5.8371E-06  1.6330E-05  1.4341E-05  2.0428E-05  1.7911E-05  1.9416E-05  1.8399E-05  1.3062E-05  1.3294E-05  1.1613E-05
       7.7414E-06  8.5356E-06  1.3876E-05  1.5106E-05  1.1890E-05  1.3596E-05  1.5710E-05  1.2737E-05  1.0914E-05  6.2989E-06
       7.5835E-06  1.3745E-05  1.2294E-05  1.5025E-05  1.7045E-05  1.6197E-05  1.8331E-05  1.4656E-05  9.9417E-06  1.0200E-05
       1.1165E-05  1.7168E-05  1.8437E-05  1.8003E-05  2.0333E-05  1.7905E-05  2.0845E-05  1.9232E-05  1.3500E-05  1.3087E-05
       9.6679E-06  1.8631E-05  1.7848E-05  1.8809E-05  2.0557E-05  1.7572E-05  1.8817E-05  1.8595E-05  1.6018E-05  1.4901E-05
       1.1486E-05  1.6975E-05  1.4232E-05  2.2464E-05  2.0199E-05  2.0760E-05  1.8624E-05  1.7456E-05  1.6367E-05  1.4878E-05
       1.1585E-05  1.7808E-05  2.0816E-05  2.4520E-05  2.0779E-05  2.2569E-05  1.8305E-05  1.6699E-05  2.0079E-05  1.1384E-05
       1.0356E-05  2.0008E-05  2.1188E-05  2.1160E-05  2.2783E-05  2.7517E-05  2.1007E-05  1.4789E-05  1.6211E-05  1.2258E-05
       1.1494E-05  1.8718E-05  2.2531E-05  1.9717E-05  1.6300E-05  2.2928E-05  2.1090E-05  1.7051E-05  1.5463E-05  1.1234E-05
       8.3016E-06  1.4496E-05  1.7793E-05  1.6904E-05  1.8224E-05  1.7070E-05  1.6197E-05  1.5338E-05  1.5706E-05  1.2466E-05
       8.1557E-06  1.2513E-05  1.0563E-05  1.3842E-05  1.0597E-05  1.4735E-05  1.3410E-05  1.2675E-05  1.1117E-05  9.3579E-06

      Percentage errors follow in a matrix A(ix,iy,iz), format (1(5x,1p,10(1x,e11.4)))

       7.1826E+00  6.0180E+00  5.1976E+00  5.7737E+00  6.0798E+00  5.1685E+00  6.0667E+00  6.5621E+00  9.0920E+00  5.4857E+00
       6.4894E+00  5.6850E+00  7.5367E+00  4.5892E+00  4.5039E+00  5.1082E+00  6.8250E+00  4.6537E+00  5.3804E+00  6.9244E+00
       5.1030E+00  6.1170E+00  6.1996E+00  4.2920E+00  4.9730E+00  6.3656E+00  3.8016E+00  6.0409E+00  4.6699E+00  5.8377E+00
       4.8462E+00  5.3669E+00  5.4580E+00  4.4015E+00  5.9766E+00  5.4383E+00  5.0820E+00  4.5160E+00  4.6491E+00  7.4439E+00
       5.9120E+00  5.0900E+00  6.9409E+00  4.3702E+00  4.5642E+00  4.0062E+00  5.8219E+00  5.2953E+00  5.7762E+00  6.2722E+00
       6.1927E+00  6.9721E+00  5.1756E+00  4.1778E+00  4.1507E+00  7.3649E+00  5.5589E+00  5.4973E+00  6.0717E+00  6.3651E+00
       5.0539E+00  5.5543E+00  4.7857E+00  5.6543E+00  6.3275E+00  3.6995E+00  5.0548E+00  3.7025E+00  5.6648E+00  8.3212E+00
       6.4710E+00  5.8385E+00  3.6778E+00  5.8424E+00  5.1528E+00  7.0442E+00  5.7648E+00  6.2835E+00  4.3461E+00  7.4872E+00
       9.8106E+00  6.8232E+00  5.5450E+00  4.4901E+00  4.8091E+00  5.2969E+00  5.6021E+00  6.0358E+00  5.4636E+00  6.8294E+00
       8.5075E+00  6.3688E+00  5.3031E+00  5.4802E+00  5.0462E+00  4.4223E+00  5.7605E+00  5.9862E+00  6.4951E+00  9.1254E+00
       7.9037E+00  8.1304E+00  5.1265E+00  6.3129E+00  5.5350E+00  5.5256E+00  7.6629E+00  8.3814E+00  9.1139E+00  9.1133E+00
       6.4582E+00  6.7501E+00  6.7438E+00  5.7140E+00  4.4103E+00  7.1931E+00  5.8061E+00  7.2268E+00  6.5093E+00  7.2702E+00
       7.2934E+00  6.6812E+00  4.5130E+00  5.0283E+00  5.9651E+00  6.1261E+00  3.6824E+00  6.1876E+00  7.8251E+00  8.0311E+00
       7.0351E+00  5.9378E+00  4.9513E+00  5.8532E+00  6.9869E+00  4.2192E+00  4.5275E+00  5.2039E+00  4.3986E+00  6.5526E+00
       7.5997E+00  5.4405E+00  4.6564E+00  5.2346E+00  5.0271E+00  5.8644E+00  6.4481E+00  5.4377E+00  6.4457E+00  6.3326E+00
       5.3156E+00  5.7861E+00  3.9468E+00  6.2173E+00  5.1520E+00  6.2222E+00  5.5040E+00  5.4061E+00  5.8602E+00  7.5840E+00
       6.3759E+00  6.4197E+00  5.7689E+00  5.8186E+00  5.2058E+00  4.4159E+00  4.5415E+00  5.4475E+00  7.7568E+00  7.5149E+00
       5.9722E+00  5.6487E+00  6.1284E+00  5.9306E+00  5.9532E+00  5.6718E+00  5.9527E+00  4.7637E+00  5.9573E+00  8.2482E+00
       1.0070E+01  6.2651E+00  5.1425E+00  5.7795E+00  6.9388E+00  5.5178E+00  6.0895E+00  6.3694E+00  6.4103E+00  8.8406E+00
       8.7233E+00  6.5122E+00  5.4795E+00  6.1296E+00  6.7186E+00  5.6585E+00  6.1760E+00  5.8382E+00  5.8496E+00  8.2506E+00
       9.6121E+00  7.8219E+00  6.3560E+00  6.0113E+00  5.9893E+00  6.1435E+00  7.2966E+00  6.7722E+00  7.4848E+00  8.3253E+00
       7.5252E+00  7.4563E+00  7.0325E+00  4.9785E+00  5.3320E+00  8.2785E+00  6.8141E+00  6.8968E+00  7.5389E+00  8.3592E+00
       6.0086E+00  6.6553E+00  6.6490E+00  4.9671E+00  6.2140E+00  6.8857E+00  7.1205E+00  6.2711E+00  8.0338E+00  6.6629E+00
       8.0971E+00  6.1648E+00  5.7487E+00  5.3502E+00  6.7358E+00  5.4171E+00  5.5371E+00  4.9246E+00  5.8121E+00  8.6311E+00
       6.8898E+00  5.9044E+00  5.1119E+00  7.0745E+00  6.7515E+00  5.5590E+00  6.2833E+00  7.0648E+00  7.1778E+00  8.4872E+00
       7.3459E+00  7.3815E+00  6.4776E+00  6.9176E+00  5.0258E+00  6.1632E+00  5.7306E+00  5.1950E+00  7.0751E+00  8.2741E+00
       8.0881E+00  8.3339E+00  5.3523E+00  6.3757E+00  5.8078E+00  3.8899E+00  6.0886E+00  4.7028E+00  7.4585E+00  8.2451E+00
       8.0286E+00  8.3425E+00  5.9446E+00  5.2069E+00  4.3369E+00  5.9358E+00  5.2381E+00  7.3553E+00  6.2577E+00  6.6565E+00
       6.7294E+00  6.2446E+00  5.7874E+00  6.0221E+00  6.7293E+00  6.3921E+00  6.6305E+00  6.5721E+00  6.8434E+00  1.0957E+01
       7.2758E+00  7.8564E+00  6.8975E+00  6.3243E+00  6.8778E+00  4.0545E+00  6.8483E+00  6.9384E+00  8.3331E+00  9.9692E+00
       1.0575E+01  8.1790E+00  9.3065E+00  8.4738E+00  6.4276E+00  6.7575E+00  7.4583E+00  7.2533E+00  7.9748E+00  1.1746E+01
       1.2310E+01  7.3940E+00  6.4187E+00  7.8848E+00  5.5853E+00  7.5985E+00  6.3882E+00  7.3407E+00  8.6127E+00  9.0187E+00
       7.6926E+00  5.8648E+00  6.0639E+00  6.6509E+00  6.3059E+00  7.1669E+00  6.8311E+00  6.2189E+00  9.1734E+00  7.4714E+00
       8.3732E+00  7.1725E+00  7.6206E+00  4.5807E+00  7.1701E+00  6.9314E+00  7.6725E+00  6.5961E+00  7.6988E+00  6.9027E+00
       8.5659E+00  6.5340E+00  6.8393E+00  6.9704E+00  6.9810E+00  8.2884E+00  5.9834E+00  6.4334E+00  8.7380E+00  7.7279E+00
       1.0123E+01  8.5092E+00  7.1080E+00  7.4456E+00  8.0055E+00  5.9317E+00  5.2345E+00  6.5680E+00  9.0627E+00  8.2551E+00
       7.8430E+00  7.3531E+00  6.6876E+00  6.6400E+00  7.7361E+00  4.7409E+00  5.9385E+00  6.5687E+00  7.7525E+00  8.4971E+00
       9.5119E+00  5.4626E+00  8.7285E+00  5.1479E+00  5.8378E+00  6.2103E+00  7.0060E+00  7.0659E+00  7.4128E+00  9.1938E+00
       5.3816E+00  5.2962E+00  5.1696E+00  7.2109E+00  6.3337E+00  8.2197E+00  6.4309E+00  4.6758E+00  6.8815E+00  9.6224E+00
       9.6037E+00  7.8565E+00  6.8843E+00  7.8825E+00  7.3085E+00  6.5239E+00  7.7284E+00  6.0533E+00  9.0612E+00  1.1065E+01
       8.4925E+00  1.0038E+01  1.0964E+01  1.1330E+01  1.0701E+01  8.0834E+00  1.1271E+01  8.9180E+00  1.0666E+01  1.5331E+01
       1.1816E+01  9.0267E+00  7.0826E+00  7.9974E+00  1.0867E+01  9.3409E+00  6.3793E+00  6.4936E+00  8.3788E+00  8.4722E+00
       1.0427E+01  7.4108E+00  8.4460E+00  5.6729E+00  8.0069E+00  6.8715E+00  8.4133E+00  8.3099E+00  7.8451E+00  9.9140E+00
       6.8149E+00  6.8990E+00  7.8769E+00  5.4122E+00  6.0476E+00  4.9486E+00  7.4934E+00  6.6887E+00  8.4786E+00  1.1678E+01
       7.6439E+00  8.5586E+00  6.1545E+00  7.4928E+00  7.8296E+00  6.6635E+00  6.2919E+00  7.6932E+00  9.0452E+00  1.1772E+01
       7.6827E+00  7.5395E+00  6.0108E+00  5.7029E+00  6.8523E+00  7.8917E+00  5.5133E+00  7.8170E+00  1.0067E+01  9.0473E+00
       8.7003E+00  8.1623E+00  6.8402E+00  7.6265E+00  8.0067E+00  5.1333E+00  7.4275E+00  4.7356E+00  9.7756E+00  9.8111E+00
       1.0306E+01  4.5757E+00  8.5874E+00  6.9304E+00  7.4877E+00  7.1253E+00  7.8380E+00  7.2768E+00  7.0532E+00  1.0036E+01
       8.6140E+00  6.5463E+00  7.5488E+00  7.8721E+00  7.1405E+00  6.0504E+00  8.5663E+00  6.5510E+00  7.8806E+00  1.0939E+01
       9.2316E+00  8.6744E+00  9.3630E+00  8.3222E+00  9.4060E+00  7.1685E+00  7.5358E+00  7.5773E+00  9.1258E+00  1.0930E+01
       9.7524E+00  1.3312E+01  9.1075E+00  1.0137E+01  9.2294E+00  1.1571E+01  9.8202E+00  8.4638E+00  8.3685E+00  8.1552E+00
       1.3195E+01  1.0382E+01  9.4213E+00  7.4582E+00  9.9611E+00  1.1314E+01  7.9607E+00  9.0468E+00  8.2291E+00  1.1979E+01
       1.1997E+01  5.9199E+00  9.2977E+00  9.2480E+00  7.6659E+00  8.5858E+00  7.8218E+00  7.4309E+00  7.4916E+00  8.9253E+00
       7.5685E+00  7.6200E+00  1.1291E+01  5.8275E+00  8.9590E+00  9.6711E+00  7.3176E+00  8.8282E+00  8.9896E+00  1.1573E+01
       7.9387E+00  8.5216E+00  8.1791E+00  9.0503E+00  7.5160E+00  6.7509E+00  5.4925E+00  1.1715E+01  8.3253E+00  1.2966E+01
       1.3922E+01  8.8935E+00  8.3548E+00  6.9271E+00  6.8686E+00  8.1072E+00  6.7313E+00  7.0529E+00  1.0587E+01  1.0314E+01
       1.0848E+01  7.3813E+00  7.4221E+00  7.4661E+00  8.3484E+00  7.5251E+00  9.1919E+00  7.3048E+00  8.6231E+00  7.3531E+00
       8.9194E+00  5.9745E+00  7.7062E+00  8.3414E+00  7.6480E+00  7.6250E+00  8.4296E+00  6.6189E+00  8.0760E+00  8.6120E+00
       6.9824E+00  6.6040E+00  1.2130E+01  9.1534E+00  6.5468E+00  7.0056E+00  1.0256E+01  9.8830E+00  8.5855E+00  8.9906E+00
       7.1575E+00  9.2069E+00  1.0260E+01  8.7447E+00  9.7250E+00  7.9707E+00  6.0056E+00  9.1270E+00  8.0932E+00  1.1867E+01
       1.4987E+01  1.3597E+01  1.2927E+01  1.6623E+01  8.4372E+00  9.2050E+00  1.0738E+01  1.3005E+01  1.2187E+01  1.0762E+01
       1.3765E+01  9.5553E+00  1.3335E+01  7.7422E+00  7.8361E+00  1.0001E+01  9.5109E+00  7.7129E+00  1.0697E+01  1.2661E+01
       1.5441E+01  8.2486E+00  1.0255E+01  9.6382E+00  1.0075E+01  8.7423E+00  9.4931E+00  7.2731E+00  9.0872E+00  9.4837E+00
       1.0284E+01  9.6723E+00  1.0174E+01  5.4870E+00  1.0282E+01  6.7443E+00  8.2830E+00  7.2387E+00  1.2929E+01  1.0975E+01
       1.3288E+01  7.2534E+00  7.3474E+00  9.5485E+00  8.9793E+00  9.0895E+00  9.4248E+00  1.0073E+01  9.8055E+00  1.2114E+01
       1.3079E+01  9.0296E+00  8.7776E+00  9.1283E+00  9.4006E+00  8.7141E+00  7.8013E+00  8.7929E+00  9.4443E+00  1.0800E+01
       1.2558E+01  8.7635E+00  8.5229E+00  7.6663E+00  9.1024E+00  7.5636E+00  1.0839E+01  8.8140E+00  7.9605E+00  9.8682E+00
       1.1435E+01  1.0528E+01  7.9155E+00  8.7533E+00  9.9883E+00  1.0444E+01  1.2402E+01  7.0505E+00  1.0277E+01  1.1921E+01
       1.5902E+01  9.0778E+00  9.6908E+00  1.1783E+01  8.0623E+00  8.8440E+00  8.7135E+00  7.9645E+00  1.1400E+01  9.3068E+00
       1.3616E+01  6.1098E+00  1.0204E+01  1.3164E+01  9.1522E+00  1.1847E+01  1.0356E+01  7.1906E+00  9.6805E+00  1.0932E+01
       1.0936E+01  1.2026E+01  1.4929E+01  1.1180E+01  9.2443E+00  1.4509E+01  1.1486E+01  1.3713E+01  1.3439E+01  1.4250E+01
       1.8488E+01  1.3911E+01  1.2994E+01  1.1401E+01  1.1060E+01  1.6063E+01  1.3673E+01  1.1739E+01  1.3503E+01  1.4303E+01
       1.3281E+01  1.2791E+01  1.2188E+01  1.0006E+01  1.1523E+01  1.1325E+01  9.8866E+00  1.1440E+01  1.4344E+01  9.5600E+00
       1.3554E+01  9.1579E+00  1.3908E+01  9.2672E+00  8.1412E+00  7.9538E+00  7.6820E+00  8.2263E+00  1.0330E+01  9.3650E+00
       1.4752E+01  1.0423E+01  8.9952E+00  1.0705E+01  6.4989E+00  9.4365E+00  1.4507E+01  9.4537E+00  1.0816E+01  1.3256E+01
       1.4075E+01  9.5509E+00  1.3576E+01  8.6240E+00  1.1218E+01  1.0486E+01  1.0533E+01  9.4889E+00  6.5725E+00  1.0866E+01
       1.5260E+01  9.5279E+00  1.0241E+01  1.0009E+01  1.1329E+01  7.8504E+00  1.2664E+01  8.2789E+00  7.0525E+00  1.1517E+01
       1.4540E+01  1.3620E+01  9.7278E+00  1.2238E+01  8.8535E+00  9.9867E+00  1.0647E+01  7.2484E+00  8.8423E+00  1.4333E+01
       1.3752E+01  7.7563E+00  1.1732E+01  1.0288E+01  9.8900E+00  1.1443E+01  9.4021E+00  9.9687E+00  1.1502E+01  1.0311E+01
       1.6660E+01  9.9790E+00  1.2856E+01  1.4774E+01  1.5503E+01  1.3514E+01  1.1937E+01  1.0676E+01  1.1561E+01  1.7051E+01
       1.3202E+01  1.1775E+01  1.3717E+01  1.2909E+01  1.7754E+01  1.5173E+01  1.4935E+01  1.4901E+01  1.2600E+01  2.2259E+01
       1.1611E+01  1.3934E+01  1.5670E+01  1.3204E+01  9.7354E+00  1.6733E+01  1.2773E+01  9.7494E+00  1.1820E+01  1.5826E+01
       1.6862E+01  1.5233E+01  1.1495E+01  1.0499E+01  8.3450E+00  1.1793E+01  1.1989E+01  1.2152E+01  1.7349E+01  1.5886E+01
       1.4244E+01  1.1605E+01  1.1318E+01  9.8470E+00  9.5741E+00  1.0650E+01  8.5836E+00  9.4497E+00  1.5859E+01  1.0403E+01
       1.4970E+01  1.2976E+01  1.3086E+01  1.3126E+01  8.7491E+00  8.8024E+00  1.2323E+01  8.5615E+00  1.4087E+01  1.0698E+01
       1.2732E+01  1.3418E+01  1.1594E+01  9.6079E+00  1.2490E+01  8.9552E+00  1.3376E+01  1.6168E+01  1.3250E+01  1.1499E+01
       1.6853E+01  1.2670E+01  1.1227E+01  1.4720E+01  1.0863E+01  1.0127E+01  1.0625E+01  1.0964E+01  1.2794E+01  1.1431E+01
       1.2475E+01  1.3222E+01  9.2715E+00  1.4847E+01  1.0701E+01  9.0730E+00  1.0362E+01  6.2728E+00  9.6402E+00  9.5600E+00
       1.5747E+01  1.3393E+01  1.1369E+01  1.1188E+01  1.0960E+01  1.0410E+01  8.6633E+00  1.0341E+01  1.1893E+01  1.3503E+01
       1.7822E+01  1.3954E+01  1.4291E+01  1.2911E+01  1.0947E+01  1.3960E+01  1.4779E+01  1.6934E+01  1.1731E+01  2.0013E+01
       1.2940E+01  1.9358E+01  1.6032E+01  9.7057E+00  1.4645E+01  1.5548E+01  1.5081E+01  1.7624E+01  1.4563E+01  1.8579E+01
       2.1469E+01  1.2136E+01  1.5500E+01  1.6962E+01  1.0093E+01  1.4672E+01  1.5435E+01  1.2843E+01  2.0132E+01  1.5657E+01
       1.4357E+01  1.5928E+01  1.4664E+01  1.1888E+01  1.1717E+01  1.5688E+01  9.7473E+00  1.2919E+01  1.4089E+01  1.1108E+01
       1.4597E+01  1.3877E+01  1.3521E+01  1.2546E+01  1.1499E+01  1.2919E+01  1.2526E+01  1.2034E+01  1.5345E+01  1.2275E+01
       1.7846E+01  1.2050E+01  1.2078E+01  1.4932E+01  1.1815E+01  1.3504E+01  1.2594E+01  1.3766E+01  1.2705E+01  1.2873E+01
       1.6546E+01  1.7283E+01  1.0910E+01  1.0604E+01  1.5635E+01  1.3141E+01  1.3159E+01  1.1793E+01  1.8078E+01  1.4412E+01
       1.3698E+01  1.6721E+01  1.0540E+01  9.3651E+00  9.5660E+00  9.5271E+00  1.2655E+01  1.3075E+01  1.4839E+01  1.4382E+01
       1.2670E+01  1.5198E+01  1.1816E+01  1.7814E+01  1.3609E+01  1.1203E+01  1.1421E+01  1.0695E+01  1.5109E+01  1.5191E+01
       2.0695E+01  1.8242E+01  1.9362E+01  1.7776E+01  1.3926E+01  1.0269E+01  1.2709E+01  1.2309E+01  1.4341E+01  1.6316E+01
       1.7490E+01  1.5058E+01  1.4426E+01  1.3926E+01  1.5011E+01  9.8900E+00  1.4985E+01  1.4909E+01  1.6581E+01  1.3269E+01
