1
   Cartesian binning n.   1  "DoseEq    " , generalized particle n.  240
      X coordinate: from -8.5000E+01 to  8.5000E+01 cm,    10 bins ( 1.7000E+01 cm wide)
      Y coordinate: from -2.5000E+01 to  2.5000E+01 cm,    10 bins ( 5.0000E+00 cm wide)
      Z coordinate: from  2.2500E+02 to  2.7500E+02 cm,    10 bins ( 5.0000E+00 cm wide)
      Data follow in a matrix A(ix,iy,iz), format (1(5x,1p,10(1x,e11.4)))

      accurate deposition along the tracks requested
      this is a track-length binning
       1.3839E-05  1.5252E-05  1.9952E-05  2.2495E-05  2.5480E-05  2.0055E-05  2.1524E-05  2.3315E-05  1.3131E-05  1.6887E-05
       1.7353E-05  2.2303E-05  2.2441E-05  3.0692E-05  2.6993E-05  2.6452E-05  2.3523E-05  1.9468E-05  1.3380E-05  1.8009E-05
       1.4882E-05  2.5016E-05  2.6077E-05  2.5126E-05  2.6263E-05  2.4293E-05  2.6803E-05  2.7121E-05  2.4017E-05  1.7365E-05
       2.1016E-05  2.1696E-05  2.5587E-05  3.1343E-05  2.9223E-05  2.6440E-05  2.7821E-05  2.3966E-05  2.1088E-05  1.5383E-05
       1.4969E-05  2.1081E-05  2.7898E-05  2.6259E-05  2.8157E-05  2.8762E-05  2.1930E-05  2.1980E-05  2.0193E-05  1.8209E-05
       1.6227E-05  2.1278E-05  2.5592E-05  2.9171E-05  2.6513E-05  3.3960E-05  2.6694E-05  2.5132E-05  1.9682E-05  1.7002E-05
       1.8141E-05  1.8997E-05  2.5547E-05  2.6461E-05  2.6862E-05  2.5710E-05  2.1527E-05  2.8829E-05  2.2260E-05  1.7043E-05
       1.5450E-05  2.2978E-05  2.3337E-05  2.1986E-05  2.7867E-05  2.3167E-05  2.2200E-05  2.3608E-05  1.9436E-05  1.8990E-05
       2.0558E-05  1.9220E-05  1.9108E-05  2.1887E-05  2.1451E-05  2.5426E-05  2.5223E-05  2.3400E-05  2.1854E-05  2.0320E-05
       1.5578E-05  1.4717E-05  1.7559E-05  2.1213E-05  2.1605E-05  1.9305E-05  1.9987E-05  2.0798E-05  1.4464E-05  9.9357E-06
       1.1253E-05  1.4120E-05  1.7060E-05  2.0332E-05  2.1011E-05  2.0265E-05  1.5252E-05  1.9396E-05  1.2184E-05  9.1771E-06
       1.4239E-05  1.9437E-05  2.0402E-05  2.9617E-05  2.8073E-05  2.1468E-05  2.3788E-05  1.8478E-05  1.2474E-05  1.3601E-05
       1.7544E-05  2.0392E-05  2.4956E-05  2.5512E-05  2.9594E-05  2.5992E-05  2.5802E-05  2.4924E-05  2.0701E-05  1.5431E-05
       1.8537E-05  1.9204E-05  2.0378E-05  2.7358E-05  2.6872E-05  3.0489E-05  2.4760E-05  2.3975E-05  1.8504E-05  1.3557E-05
       1.7177E-05  2.1648E-05  2.8297E-05  2.2339E-05  2.2556E-05  3.2779E-05  2.4413E-05  1.8233E-05  2.1492E-05  1.6037E-05
       1.6154E-05  2.2283E-05  2.4732E-05  2.3111E-05  2.3639E-05  3.1493E-05  2.6100E-05  2.3658E-05  2.2788E-05  1.4580E-05
       1.5966E-05  2.6099E-05  2.4298E-05  1.9728E-05  2.4108E-05  2.4848E-05  2.6864E-05  2.7384E-05  2.0759E-05  1.6351E-05
       1.3169E-05  2.3826E-05  2.1774E-05  2.1954E-05  2.9506E-05  2.4699E-05  1.9927E-05  2.6310E-05  2.0184E-05  1.6124E-05
       1.8486E-05  1.9629E-05  1.8342E-05  2.3025E-05  2.4498E-05  2.5702E-05  2.6207E-05  1.9964E-05  2.3852E-05  1.7599E-05
       1.5029E-05  1.6421E-05  1.8959E-05  1.8079E-05  2.2583E-05  1.8457E-05  1.6998E-05  1.8383E-05  1.2216E-05  1.1533E-05
       9.3137E-06  1.4175E-05  1.6953E-05  1.9580E-05  1.7315E-05  1.6239E-05  1.4355E-05  1.7547E-05  1.1842E-05  6.9056E-06
       1.4323E-05  1.9933E-05  2.0088E-05  2.4592E-05  2.4438E-05  2.0482E-05  1.9609E-05  1.5766E-05  1.5565E-05  1.2503E-05
       1.4674E-05  2.0866E-05  2.2366E-05  2.4207E-05  2.7050E-05  2.5227E-05  1.9039E-05  1.8551E-05  1.9113E-05  1.1626E-05
       1.7819E-05  2.1070E-05  1.6452E-05  2.4609E-05  2.4863E-05  2.0445E-05  2.1642E-05  2.1848E-05  1.5460E-05  1.2604E-05
       1.3307E-05  1.6781E-05  2.0556E-05  2.4399E-05  2.4040E-05  2.5792E-05  1.8894E-05  1.7588E-05  1.9246E-05  1.4019E-05
       1.3873E-05  2.0386E-05  2.3975E-05  2.0186E-05  1.9897E-05  2.7897E-05  2.5750E-05  2.1538E-05  1.9659E-05  1.3758E-05
       1.2489E-05  2.1498E-05  2.1744E-05  2.0884E-05  2.5645E-05  2.3212E-05  2.1303E-05  2.5409E-05  1.9564E-05  1.2827E-05
       8.6619E-06  2.0913E-05  2.4996E-05  2.0336E-05  2.5194E-05  2.2121E-05  2.1301E-05  2.4281E-05  1.8464E-05  1.3661E-05
       1.7218E-05  1.9435E-05  1.8267E-05  2.0513E-05  2.0287E-05  2.1291E-05  1.9889E-05  2.1611E-05  2.0204E-05  1.3032E-05
       1.0722E-05  1.2966E-05  1.5654E-05  1.3625E-05  1.8866E-05  1.5704E-05  1.5802E-05  1.1990E-05  1.3632E-05  1.1284E-05
       8.6882E-06  1.2429E-05  9.5279E-06  1.8745E-05  1.7168E-05  1.5047E-05  1.0001E-05  1.1511E-05  1.1334E-05  5.0453E-06
       1.2635E-05  1.5744E-05  1.2601E-05  2.1294E-05  2.2133E-05  1.8752E-05  1.8729E-05  1.2076E-05  1.3197E-05  9.0927E-06
       1.6433E-05  1.5058E-05  1.9538E-05  2.0500E-05  2.5027E-05  2.0515E-05  1.5654E-05  1.5991E-05  1.6173E-05  8.6852E-06
       1.1876E-05  2.0388E-05  1.8841E-05  2.1496E-05  2.4661E-05  1.9061E-05  1.4836E-05  1.9654E-05  1.4991E-05  1.0177E-05
       1.4423E-05  1.4413E-05  1.6626E-05  2.1229E-05  2.3723E-05  2.0014E-05  1.8030E-05  1.5080E-05  1.3849E-05  1.4730E-05
       1.4451E-05  1.5908E-05  1.7504E-05  1.8446E-05  2.0832E-05  2.1726E-05  2.0957E-05  1.8512E-05  1.7455E-05  1.7065E-05
       1.2926E-05  1.7264E-05  1.9433E-05  1.6862E-05  2.1898E-05  1.8470E-05  1.7994E-05  2.0648E-05  1.4681E-05  1.4763E-05
       9.8780E-06  1.8095E-05  1.7995E-05  2.0650E-05  1.9125E-05  1.7321E-05  1.9400E-05  1.9483E-05  1.7838E-05  1.0619E-05
       1.0052E-05  1.5643E-05  1.6874E-05  1.6812E-05  1.8699E-05  1.8841E-05  1.5613E-05  1.6576E-05  1.8477E-05  1.0399E-05
       9.1970E-06  1.0081E-05  1.2934E-05  1.4850E-05  1.6313E-05  1.1897E-05  1.2553E-05  8.2620E-06  1.1015E-05  1.0522E-05
       5.6250E-06  9.1312E-06  7.6218E-06  1.7236E-05  1.6573E-05  1.5174E-05  7.8180E-06  8.7938E-06  9.8384E-06  6.8026E-06
       8.5835E-06  1.4150E-05  9.5975E-06  1.7866E-05  2.4904E-05  1.5960E-05  1.7094E-05  9.8869E-06  1.1916E-05  7.1411E-06
       1.0336E-05  1.3835E-05  1.4047E-05  1.6048E-05  2.0776E-05  1.4059E-05  1.3436E-05  1.1774E-05  1.2670E-05  8.7144E-06
       9.8161E-06  1.4327E-05  1.5746E-05  1.4698E-05  1.5311E-05  1.5167E-05  1.5300E-05  1.4714E-05  1.0329E-05  9.9573E-06
       1.0221E-05  1.2221E-05  1.3441E-05  2.0409E-05  1.5090E-05  1.6312E-05  2.0012E-05  1.5859E-05  1.1251E-05  1.1591E-05
       8.9849E-06  1.3720E-05  1.1978E-05  1.5676E-05  1.2214E-05  1.6280E-05  1.6832E-05  1.9294E-05  1.2330E-05  1.2612E-05
       1.0653E-05  1.5760E-05  1.4522E-05  1.9111E-05  1.8146E-05  1.7574E-05  1.6655E-05  1.6004E-05  1.4716E-05  1.1366E-05
       9.5765E-06  1.5533E-05  1.3612E-05  1.8115E-05  1.5225E-05  1.6331E-05  1.4827E-05  1.3675E-05  1.5660E-05  9.6694E-06
       9.4761E-06  1.0561E-05  1.3195E-05  1.4920E-05  1.6948E-05  1.4381E-05  1.7814E-05  1.5407E-05  1.1935E-05  7.8146E-06
       4.6713E-06  7.6229E-06  1.0169E-05  1.1827E-05  1.1051E-05  9.5496E-06  1.3451E-05  8.8623E-06  9.5343E-06  8.0703E-06
       5.3531E-06  7.8312E-06  5.9145E-06  1.2574E-05  1.0988E-05  1.0073E-05  8.4462E-06  8.9631E-06  6.0676E-06  4.4208E-06
       7.8764E-06  9.3083E-06  1.2089E-05  1.3323E-05  1.1647E-05  1.4278E-05  1.2303E-05  7.1628E-06  8.8974E-06  5.4999E-06
       8.9380E-06  1.2494E-05  1.3520E-05  1.2862E-05  1.5156E-05  1.5416E-05  1.3452E-05  6.6545E-06  8.8033E-06  8.0820E-06
       8.1284E-06  1.2911E-05  1.2453E-05  1.2832E-05  1.6518E-05  1.5085E-05  1.2866E-05  9.7372E-06  1.1002E-05  8.1544E-06
       7.1098E-06  1.0016E-05  1.4490E-05  1.5893E-05  1.2493E-05  1.4687E-05  1.6433E-05  1.2969E-05  1.3053E-05  7.9774E-06
       8.5313E-06  1.2500E-05  1.0102E-05  1.2715E-05  1.2474E-05  1.9831E-05  1.4785E-05  1.7722E-05  1.0913E-05  1.0645E-05
       1.0859E-05  1.4620E-05  1.3026E-05  1.0620E-05  1.5854E-05  1.2030E-05  1.3508E-05  1.5284E-05  1.1520E-05  6.7570E-06
       8.1781E-06  1.1737E-05  1.0110E-05  1.4758E-05  1.6056E-05  1.3073E-05  1.2336E-05  1.4127E-05  1.1909E-05  7.4499E-06
       8.1248E-06  8.8514E-06  1.2728E-05  1.1935E-05  1.5021E-05  1.8699E-05  1.2074E-05  1.4212E-05  7.5656E-06  5.7255E-06
       4.1969E-06  5.5551E-06  6.8792E-06  8.8563E-06  9.8230E-06  7.8846E-06  7.0965E-06  6.7043E-06  5.9716E-06  6.8560E-06
       4.2235E-06  4.6223E-06  3.9604E-06  7.9506E-06  8.7421E-06  7.1655E-06  7.5200E-06  6.0820E-06  7.1005E-06  3.8116E-06
       5.1687E-06  8.1509E-06  1.1855E-05  1.0144E-05  1.1273E-05  8.3867E-06  1.0196E-05  8.2564E-06  8.1512E-06  4.4142E-06
       7.0745E-06  1.0826E-05  1.3009E-05  9.6182E-06  1.1490E-05  1.0663E-05  1.0889E-05  6.2714E-06  6.0067E-06  7.5964E-06
       6.0036E-06  1.0132E-05  1.2168E-05  1.0776E-05  1.4284E-05  1.5814E-05  1.0522E-05  9.1049E-06  5.8965E-06  6.4932E-06
       7.6906E-06  8.3963E-06  1.1307E-05  1.1472E-05  8.2472E-06  1.5591E-05  1.5207E-05  8.7013E-06  9.6457E-06  6.2805E-06
       6.6909E-06  7.5951E-06  9.3711E-06  1.1276E-05  1.2138E-05  1.3951E-05  1.0357E-05  1.2790E-05  8.4345E-06  6.4005E-06
       7.6295E-06  9.4715E-06  1.0774E-05  9.6238E-06  1.4978E-05  1.1060E-05  1.1281E-05  1.2122E-05  1.0037E-05  6.0093E-06
       5.8567E-06  8.7532E-06  6.6291E-06  1.1817E-05  1.4209E-05  1.2412E-05  9.4084E-06  1.1140E-05  1.2427E-05  6.1915E-06
       4.7781E-06  7.0631E-06  7.9422E-06  9.4765E-06  1.4796E-05  1.1670E-05  9.6186E-06  1.0924E-05  5.2181E-06  3.9137E-06
       3.7845E-06  5.8985E-06  6.3805E-06  7.3746E-06  8.4948E-06  6.1267E-06  5.7006E-06  5.0705E-06  3.9809E-06  3.2658E-06
       3.8541E-06  4.7453E-06  5.2273E-06  4.7968E-06  8.8403E-06  6.7240E-06  5.3489E-06  6.0876E-06  4.1456E-06  1.4724E-06
       3.1999E-06  5.4957E-06  6.9978E-06  8.4150E-06  5.6575E-06  7.6742E-06  7.5233E-06  4.2663E-06  7.1575E-06  2.9692E-06
       3.9729E-06  6.2914E-06  8.6889E-06  8.3917E-06  9.7845E-06  7.7215E-06  8.0902E-06  4.8942E-06  5.4843E-06  4.5730E-06
       4.6404E-06  5.4512E-06  1.0429E-05  9.0698E-06  9.9972E-06  1.0533E-05  1.2415E-05  6.2488E-06  8.0081E-06  4.5098E-06
       6.0280E-06  6.1305E-06  8.0047E-06  7.3595E-06  9.2386E-06  1.3447E-05  1.4160E-05  5.9039E-06  7.4339E-06  8.7191E-06
       4.9749E-06  9.2478E-06  5.9877E-06  9.8771E-06  7.1849E-06  1.2783E-05  1.0925E-05  8.7455E-06  8.1798E-06  4.2702E-06
       5.7354E-06  6.7479E-06  6.9779E-06  8.8602E-06  9.8679E-06  9.4568E-06  1.1091E-05  9.5602E-06  1.0015E-05  4.0422E-06
       4.5726E-06  8.2902E-06  4.9678E-06  9.6282E-06  7.9267E-06  8.7956E-06  6.9376E-06  7.7865E-06  8.0893E-06  4.0960E-06
       4.4547E-06  9.4149E-06  5.6208E-06  7.8853E-06  9.9706E-06  1.1095E-05  6.8705E-06  8.6329E-06  5.6364E-06  3.5854E-06
       1.9223E-06  5.0332E-06  5.5535E-06  5.9049E-06  7.6084E-06  5.3933E-06  5.0731E-06  6.0339E-06  2.9481E-06  3.1389E-06
       2.9797E-06  3.9126E-06  6.6232E-06  3.8099E-06  5.2783E-06  3.1731E-06  3.8767E-06  4.9791E-06  4.0172E-06  1.7622E-06
       2.1130E-06  4.7619E-06  6.7117E-06  4.2429E-06  4.3986E-06  5.5043E-06  3.7091E-06  2.5740E-06  3.9453E-06  1.5109E-06
       5.4075E-06  3.4023E-06  6.7086E-06  6.7885E-06  7.9429E-06  6.5154E-06  4.9706E-06  4.1615E-06  4.3862E-06  4.6294E-06
       2.1534E-06  5.8564E-06  8.1136E-06  5.9511E-06  6.6630E-06  7.4153E-06  5.9312E-06  5.4976E-06  3.1186E-06  5.8559E-06
       3.3691E-06  4.5345E-06  6.2923E-06  6.6882E-06  8.0191E-06  8.2687E-06  7.8510E-06  5.7640E-06  4.0369E-06  3.2648E-06
       3.8532E-06  4.8111E-06  5.2721E-06  8.7379E-06  5.8964E-06  9.1214E-06  4.7703E-06  8.5883E-06  7.9924E-06  2.5811E-06
       3.6737E-06  6.7631E-06  7.0110E-06  6.0992E-06  8.1061E-06  9.6070E-06  7.2800E-06  9.0611E-06  6.1694E-06  5.2593E-06
       5.3636E-06  7.7147E-06  7.0328E-06  9.3576E-06  8.8375E-06  5.6824E-06  5.1931E-06  6.6159E-06  7.5736E-06  3.1074E-06
       4.0467E-06  7.8770E-06  3.7124E-06  6.1572E-06  7.6498E-06  7.8321E-06  5.4936E-06  5.3561E-06  4.2244E-06  2.8746E-06
       2.9277E-06  3.7364E-06  4.3380E-06  4.4260E-06  3.8106E-06  6.2806E-06  4.7852E-06  4.6767E-06  2.3542E-06  3.1806E-06
       3.3431E-06  1.6487E-06  3.4829E-06  1.5348E-06  5.2332E-06  3.5311E-06  1.3891E-06  2.5344E-06  2.9195E-06  9.8581E-07
       2.1613E-06  4.9500E-06  5.3169E-06  2.3487E-06  4.5028E-06  3.8200E-06  1.9140E-06  2.6381E-06  3.1071E-06  2.2427E-06
       4.5370E-06  3.3718E-06  3.4357E-06  6.7359E-06  3.9737E-06  3.8770E-06  4.3285E-06  3.0926E-06  2.8781E-06  2.7241E-06
       2.7941E-06  3.7896E-06  5.5768E-06  5.4745E-06  5.2066E-06  4.0809E-06  5.6758E-06  4.1141E-06  3.2212E-06  2.3091E-06
       2.2096E-06  4.5577E-06  4.5474E-06  4.9465E-06  5.3491E-06  5.0820E-06  4.0442E-06  3.9089E-06  2.9033E-06  3.4025E-06
       2.7253E-06  3.1518E-06  5.1291E-06  5.4778E-06  4.3471E-06  5.7534E-06  3.7297E-06  5.8093E-06  3.8922E-06  2.9583E-06
       1.9405E-06  4.8663E-06  6.4250E-06  5.7295E-06  6.6438E-06  7.9304E-06  3.0526E-06  4.9253E-06  6.0434E-06  3.1699E-06
       2.2032E-06  5.4148E-06  6.7671E-06  4.5148E-06  6.2256E-06  4.7094E-06  3.4732E-06  4.0525E-06  4.8288E-06  2.0758E-06
       4.4305E-06  4.5715E-06  4.3597E-06  3.9689E-06  5.2320E-06  5.1562E-06  4.0718E-06  2.7631E-06  3.7194E-06  1.9668E-06
       1.9764E-06  4.3620E-06  2.7156E-06  3.1294E-06  4.1133E-06  3.9776E-06  3.8562E-06  4.0094E-06  1.0390E-06  1.6456E-06

      Percentage errors follow in a matrix A(ix,iy,iz), format (1(5x,1p,10(1x,e11.4)))

       1.6428E+01  1.2584E+01  1.2578E+01  1.1647E+01  7.0860E+00  8.3523E+00  1.1492E+01  1.1052E+01  1.4648E+01  1.2143E+01
       1.3679E+01  9.7015E+00  1.0595E+01  9.0057E+00  1.1531E+01  1.2101E+01  1.0178E+01  9.7324E+00  1.3535E+01  1.2289E+01
       1.4404E+01  1.3110E+01  8.6642E+00  9.5292E+00  1.1384E+01  1.0390E+01  1.4253E+01  1.1714E+01  1.4174E+01  1.5364E+01
       1.0856E+01  1.0007E+01  8.0131E+00  9.3747E+00  8.8224E+00  1.3384E+01  1.0140E+01  1.1617E+01  1.4062E+01  1.4908E+01
       1.3226E+01  1.1253E+01  1.1239E+01  7.8805E+00  8.9786E+00  1.0451E+01  1.0514E+01  1.0549E+01  1.0716E+01  1.4962E+01
       1.1458E+01  1.2421E+01  1.2995E+01  1.0054E+01  1.3056E+01  7.5629E+00  1.4266E+01  1.0609E+01  1.3205E+01  1.5127E+01
       1.1645E+01  1.1402E+01  7.0963E+00  1.7117E+01  1.0001E+01  6.9149E+00  1.1403E+01  8.0298E+00  1.5850E+01  1.3109E+01
       1.6236E+01  1.1111E+01  1.0664E+01  1.2270E+01  9.3925E+00  1.3601E+01  9.1559E+00  1.0589E+01  1.7720E+01  1.4673E+01
       1.0300E+01  1.0670E+01  1.0749E+01  9.5322E+00  1.0299E+01  1.0882E+01  1.0320E+01  1.3471E+01  1.2643E+01  1.3317E+01
       1.5004E+01  1.1490E+01  1.3674E+01  1.0475E+01  1.5702E+01  1.2259E+01  1.3942E+01  8.6045E+00  1.3718E+01  1.7351E+01
       1.5238E+01  1.7756E+01  1.5087E+01  1.0312E+01  9.9085E+00  7.3195E+00  8.0711E+00  7.9247E+00  1.6984E+01  2.0556E+01
       2.0329E+01  1.0704E+01  1.7879E+01  8.6789E+00  1.1491E+01  1.0964E+01  9.7935E+00  1.0986E+01  1.5941E+01  1.7043E+01
       1.5545E+01  1.4118E+01  7.2109E+00  1.1487E+01  1.2022E+01  1.1995E+01  1.3952E+01  1.2542E+01  1.1079E+01  1.4058E+01
       1.4609E+01  1.0927E+01  1.0620E+01  1.2205E+01  1.0390E+01  1.0607E+01  1.2275E+01  1.5072E+01  1.0772E+01  1.8570E+01
       1.3596E+01  1.1065E+01  1.1228E+01  1.0151E+01  8.3317E+00  7.9162E+00  1.2712E+01  1.3477E+01  1.2116E+01  1.2278E+01
       1.4255E+01  1.1622E+01  1.1945E+01  9.6268E+00  9.9958E+00  9.3065E+00  1.5415E+01  1.1634E+01  1.0425E+01  1.4816E+01
       1.2761E+01  1.2605E+01  1.0354E+01  1.5531E+01  1.2536E+01  1.2090E+01  1.5295E+01  1.1211E+01  1.3678E+01  1.9665E+01
       1.5066E+01  1.4201E+01  1.2787E+01  1.3280E+01  1.1282E+01  1.3785E+01  1.2534E+01  1.2452E+01  1.8772E+01  2.0587E+01
       1.4208E+01  1.2405E+01  1.2318E+01  1.3492E+01  9.7847E+00  1.2788E+01  1.0705E+01  1.2378E+01  1.4215E+01  1.1547E+01
       1.5534E+01  1.4441E+01  1.6294E+01  1.2446E+01  1.1763E+01  1.6914E+01  1.1499E+01  9.1193E+00  1.3478E+01  1.7172E+01
       2.1469E+01  1.9135E+01  1.2539E+01  1.3137E+01  1.2539E+01  1.2350E+01  1.0607E+01  1.1054E+01  1.8219E+01  2.0896E+01
       1.4139E+01  1.6859E+01  2.0706E+01  1.0921E+01  1.0466E+01  1.2119E+01  1.0716E+01  1.4710E+01  1.8807E+01  1.9509E+01
       1.3530E+01  1.4473E+01  9.9701E+00  1.2219E+01  1.1890E+01  1.6308E+01  1.2990E+01  1.2657E+01  1.2678E+01  1.2368E+01
       1.5709E+01  1.4242E+01  1.2846E+01  1.2218E+01  1.0088E+01  1.2272E+01  1.1831E+01  1.1681E+01  1.6592E+01  1.6465E+01
       1.8460E+01  1.1674E+01  1.4615E+01  1.2758E+01  1.1861E+01  7.6631E+00  1.6259E+01  1.8069E+01  1.4790E+01  1.6241E+01
       1.3201E+01  1.7706E+01  1.5038E+01  9.8237E+00  1.1108E+01  9.9026E+00  9.8233E+00  1.2416E+01  9.9714E+00  1.2816E+01
       1.5487E+01  1.3416E+01  1.2333E+01  1.2510E+01  1.2135E+01  9.1646E+00  1.6480E+01  1.3561E+01  1.2310E+01  1.3928E+01
       1.7099E+01  1.4471E+01  1.3706E+01  1.3490E+01  1.2830E+01  1.4282E+01  1.2811E+01  1.5012E+01  1.6324E+01  1.6068E+01
       1.1358E+01  1.5504E+01  1.5003E+01  1.2918E+01  1.1991E+01  1.4432E+01  8.5086E+00  1.2651E+01  1.3684E+01  1.4867E+01
       1.9179E+01  1.6050E+01  1.7610E+01  1.4529E+01  1.2368E+01  1.4091E+01  1.4830E+01  1.3504E+01  1.5908E+01  1.6890E+01
       1.2981E+01  2.0709E+01  2.0825E+01  1.5242E+01  9.9640E+00  8.1985E+00  1.5291E+01  1.6142E+01  1.8007E+01  2.0872E+01
       1.6814E+01  1.6708E+01  2.1437E+01  1.4453E+01  1.3007E+01  1.0645E+01  1.2691E+01  1.0889E+01  1.9473E+01  2.0689E+01
       1.2909E+01  1.4783E+01  1.3400E+01  1.2094E+01  1.0168E+01  1.4652E+01  1.4079E+01  1.5926E+01  1.5144E+01  1.4587E+01
       1.5876E+01  1.1813E+01  1.4410E+01  1.4130E+01  1.0059E+01  1.7010E+01  1.2340E+01  1.4437E+01  1.1769E+01  1.8928E+01
       1.8263E+01  1.1471E+01  1.2910E+01  1.3814E+01  1.2057E+01  9.3523E+00  1.4428E+01  1.7081E+01  1.5540E+01  1.3915E+01
       1.4762E+01  1.6589E+01  1.7595E+01  1.8801E+01  1.4203E+01  1.1332E+01  1.3025E+01  1.1741E+01  1.1455E+01  1.5385E+01
       1.5007E+01  1.2730E+01  1.1730E+01  1.4923E+01  1.0652E+01  1.2143E+01  1.8958E+01  9.0963E+00  1.3379E+01  1.4297E+01
       2.0398E+01  1.6827E+01  2.0545E+01  1.3973E+01  1.4844E+01  1.0209E+01  1.3635E+01  1.3765E+01  1.4044E+01  1.7400E+01
       1.4160E+01  1.4671E+01  1.3079E+01  1.3754E+01  1.6757E+01  1.0694E+01  1.3602E+01  1.5042E+01  1.4070E+01  1.7186E+01
       2.4717E+01  2.0316E+01  1.3675E+01  1.6601E+01  1.3701E+01  1.3447E+01  1.2862E+01  1.6657E+01  1.4585E+01  1.7022E+01
       2.7965E+01  2.3872E+01  1.8637E+01  1.6472E+01  1.1980E+01  1.6029E+01  1.6935E+01  1.4407E+01  1.7486E+01  2.2407E+01
       2.4048E+01  1.8747E+01  1.9970E+01  1.0385E+01  1.2446E+01  1.4959E+01  1.4066E+01  1.6337E+01  2.1711E+01  1.8949E+01
       1.6977E+01  1.2051E+01  1.5822E+01  1.4515E+01  1.4920E+01  1.6662E+01  1.6491E+01  2.0272E+01  1.5018E+01  2.2314E+01
       2.3337E+01  1.2067E+01  1.8335E+01  1.4920E+01  1.7311E+01  1.2936E+01  1.2320E+01  1.5915E+01  2.0490E+01  1.3943E+01
       2.1800E+01  1.6123E+01  1.5987E+01  1.2922E+01  1.1400E+01  1.2095E+01  1.4972E+01  1.6191E+01  1.3081E+01  1.7994E+01
       2.0700E+01  1.2558E+01  1.2562E+01  1.8323E+01  1.4525E+01  1.0772E+01  1.4409E+01  1.2315E+01  1.7367E+01  1.4246E+01
       2.0772E+01  1.4163E+01  1.2597E+01  1.6360E+01  1.5141E+01  1.1133E+01  2.2676E+01  8.1478E+00  1.9498E+01  9.7648E+00
       1.7635E+01  1.8854E+01  1.6954E+01  1.6498E+01  1.7393E+01  1.3984E+01  1.4766E+01  1.2933E+01  1.4805E+01  1.9596E+01
       1.8519E+01  2.1057E+01  1.6199E+01  1.5294E+01  1.9738E+01  1.3602E+01  1.4917E+01  1.1784E+01  1.7382E+01  2.1424E+01
       2.9807E+01  2.2202E+01  1.5381E+01  1.4853E+01  1.7321E+01  1.7546E+01  1.5850E+01  1.6964E+01  1.6295E+01  1.8316E+01
       3.0138E+01  1.9010E+01  2.3882E+01  1.9377E+01  1.5391E+01  1.6428E+01  2.3787E+01  1.9830E+01  2.3806E+01  1.8543E+01
       2.4860E+01  2.2427E+01  2.5076E+01  1.4598E+01  1.1891E+01  1.3576E+01  1.5907E+01  1.8665E+01  1.6950E+01  1.7285E+01
       1.6075E+01  1.5287E+01  1.5825E+01  1.3964E+01  1.5400E+01  1.7212E+01  1.5469E+01  3.1119E+01  1.3006E+01  1.8460E+01
       2.3901E+01  1.1734E+01  1.0692E+01  1.5619E+01  1.4907E+01  1.5496E+01  2.0066E+01  2.0199E+01  1.2546E+01  1.9717E+01
       2.1109E+01  1.8734E+01  1.5125E+01  1.4183E+01  9.9633E+00  1.1641E+01  1.8509E+01  1.6785E+01  1.3332E+01  1.5164E+01
       2.6192E+01  1.5568E+01  1.9269E+01  1.3119E+01  1.4991E+01  1.8339E+01  1.8394E+01  1.2015E+01  1.6853E+01  1.4162E+01
       2.1094E+01  1.4463E+01  1.4030E+01  1.6394E+01  1.6935E+01  1.7741E+01  2.5609E+01  1.4874E+01  1.5500E+01  1.7821E+01
       1.8316E+01  1.7573E+01  2.5369E+01  1.6681E+01  1.3294E+01  1.7486E+01  2.0067E+01  1.6242E+01  1.5552E+01  1.5455E+01
       2.2974E+01  1.9259E+01  2.9429E+01  1.1031E+01  1.5552E+01  1.3406E+01  1.3261E+01  1.4964E+01  2.3964E+01  2.1343E+01
       2.7709E+01  2.1221E+01  2.0376E+01  1.9676E+01  1.9701E+01  2.0904E+01  1.8248E+01  2.6021E+01  2.5581E+01  3.0512E+01
       3.8214E+01  1.9671E+01  3.3900E+01  2.1432E+01  2.0776E+01  2.1464E+01  1.7751E+01  2.1791E+01  2.4740E+01  2.3025E+01
       2.4400E+01  2.1134E+01  2.2418E+01  1.5417E+01  2.3477E+01  2.4164E+01  2.3299E+01  2.4454E+01  2.2553E+01  2.9461E+01
       2.4754E+01  1.4467E+01  1.9104E+01  1.6370E+01  1.5424E+01  2.0011E+01  1.5633E+01  2.5912E+01  1.9169E+01  1.6021E+01
       2.3584E+01  1.8942E+01  1.2625E+01  1.9985E+01  1.7126E+01  1.5901E+01  1.8164E+01  1.8241E+01  2.3206E+01  2.2902E+01
       2.1480E+01  1.3844E+01  2.1768E+01  2.3020E+01  1.9863E+01  1.5430E+01  1.4963E+01  1.7223E+01  1.8065E+01  2.0488E+01
       2.3933E+01  2.0792E+01  2.2559E+01  1.4199E+01  1.3041E+01  1.8978E+01  1.5125E+01  1.7444E+01  1.9443E+01  2.1723E+01
       2.0549E+01  1.2454E+01  1.7281E+01  1.6174E+01  1.4822E+01  2.1161E+01  1.3765E+01  1.5275E+01  1.6754E+01  2.0025E+01
       2.9818E+01  2.0476E+01  2.7457E+01  1.7124E+01  1.9854E+01  1.8374E+01  3.1189E+01  1.8069E+01  1.9627E+01  1.9833E+01
       2.2060E+01  1.7185E+01  3.0468E+01  1.2527E+01  1.1686E+01  1.8852E+01  1.9237E+01  2.0390E+01  2.0827E+01  2.5189E+01
       3.5205E+01  1.9298E+01  1.8127E+01  2.4738E+01  2.0041E+01  2.5129E+01  2.3513E+01  2.7056E+01  2.5090E+01  2.8142E+01
       3.8765E+01  1.9210E+01  3.2777E+01  2.2457E+01  1.7052E+01  2.5195E+01  2.2906E+01  2.3055E+01  2.1727E+01  2.5287E+01
       3.0502E+01  2.1941E+01  2.1701E+01  2.0433E+01  2.1770E+01  3.0369E+01  2.0671E+01  3.0431E+01  2.4790E+01  2.9973E+01
       2.2220E+01  2.7775E+01  1.8805E+01  1.7744E+01  1.8208E+01  1.7223E+01  1.4582E+01  1.9607E+01  2.3048E+01  2.1466E+01
       2.5110E+01  2.6331E+01  1.6735E+01  2.1256E+01  1.3569E+01  1.9566E+01  1.7508E+01  2.0550E+01  2.0871E+01  2.9460E+01
       2.7383E+01  1.6447E+01  1.6705E+01  2.2517E+01  1.9768E+01  1.4244E+01  1.5456E+01  2.3028E+01  1.7213E+01  2.6646E+01
       2.4044E+01  1.8691E+01  2.0727E+01  1.5255E+01  2.0947E+01  1.5728E+01  1.2801E+01  1.3961E+01  2.3799E+01  3.1971E+01
       2.8350E+01  2.0492E+01  2.3147E+01  2.2556E+01  1.5248E+01  1.7202E+01  1.6344E+01  1.8120E+01  1.9130E+01  2.7006E+01
       2.7342E+01  2.0558E+01  2.5806E+01  1.4935E+01  2.7197E+01  1.6621E+01  2.1774E+01  1.9225E+01  1.4880E+01  2.7483E+01
       1.8020E+01  1.6095E+01  2.4604E+01  1.6347E+01  2.6016E+01  1.6801E+01  1.7806E+01  2.0777E+01  2.1684E+01  2.6201E+01
       2.8394E+01  2.6650E+01  2.7869E+01  2.6379E+01  2.6093E+01  2.6202E+01  2.8733E+01  2.3985E+01  2.8022E+01  2.9119E+01
       3.5478E+01  2.1565E+01  3.0333E+01  3.8328E+01  2.1625E+01  2.6720E+01  2.2621E+01  2.8935E+01  2.9669E+01  5.8683E+01
       3.6680E+01  2.2285E+01  3.1808E+01  2.4691E+01  2.1986E+01  2.5189E+01  2.6177E+01  2.8481E+01  2.7320E+01  2.8069E+01
       2.3190E+01  2.2360E+01  1.7090E+01  1.9984E+01  2.2096E+01  2.3511E+01  1.9246E+01  3.0797E+01  2.8771E+01  3.0956E+01
       3.9097E+01  1.8536E+01  2.3045E+01  3.3056E+01  2.2523E+01  1.4359E+01  1.6576E+01  2.4484E+01  2.0745E+01  2.8900E+01
       2.9876E+01  2.0843E+01  1.9728E+01  2.4324E+01  2.0952E+01  2.1111E+01  2.2119E+01  2.1832E+01  2.3040E+01  2.2241E+01
       2.5881E+01  2.8947E+01  2.2759E+01  1.8142E+01  2.7079E+01  1.9498E+01  2.4115E+01  2.0276E+01  1.9430E+01  4.8285E+01
       2.7114E+01  2.3898E+01  1.8379E+01  2.1210E+01  2.2416E+01  1.8654E+01  2.3180E+01  1.7511E+01  2.2943E+01  2.4634E+01
       3.0151E+01  2.9309E+01  2.0584E+01  1.7055E+01  2.8341E+01  2.4158E+01  2.4607E+01  1.9271E+01  2.2308E+01  2.9992E+01
       2.8020E+01  2.4214E+01  2.5385E+01  2.2990E+01  2.8226E+01  1.9311E+01  1.5430E+01  2.1986E+01  2.5727E+01  4.1629E+01
       3.8294E+01  2.0135E+01  2.7953E+01  2.7643E+01  2.8751E+01  2.6585E+01  3.2421E+01  2.4844E+01  4.7849E+01  2.4226E+01
       3.4487E+01  2.9808E+01  2.9425E+01  3.7042E+01  2.4958E+01  3.2332E+01  4.2842E+01  3.0384E+01  3.2839E+01  4.4810E+01
       3.0397E+01  2.4585E+01  2.5157E+01  2.6910E+01  3.2228E+01  2.3042E+01  4.1117E+01  2.9929E+01  3.2641E+01  4.8434E+01
       1.9525E+01  2.6975E+01  2.7101E+01  1.9550E+01  3.1633E+01  2.6848E+01  2.5004E+01  3.0268E+01  3.0217E+01  3.2500E+01
       2.9839E+01  2.5742E+01  2.7324E+01  2.4905E+01  1.8011E+01  2.9834E+01  2.4762E+01  2.5058E+01  2.4809E+01  2.6040E+01
       3.6814E+01  3.3348E+01  2.7505E+01  2.9026E+01  2.5246E+01  2.5094E+01  2.4508E+01  2.6613E+01  2.6356E+01  2.5230E+01
       2.2631E+01  2.5672E+01  2.6745E+01  1.9424E+01  2.4431E+01  1.9904E+01  2.3513E+01  2.6379E+01  2.8301E+01  4.0521E+01
       3.1899E+01  3.2504E+01  2.3185E+01  2.0688E+01  1.7292E+01  2.2517E+01  2.3285E+01  1.8432E+01  2.1460E+01  3.2756E+01
       2.8440E+01  3.3685E+01  2.3650E+01  2.1006E+01  2.8017E+01  2.6290E+01  2.5877E+01  1.9707E+01  2.7938E+01  2.6750E+01
       3.5302E+01  2.9038E+01  2.8429E+01  3.0143E+01  2.4442E+01  2.5770E+01  2.7646E+01  2.3648E+01  2.7936E+01  3.1910E+01
       3.9479E+01  2.6451E+01  3.0880E+01  3.0034E+01  3.4105E+01  2.1988E+01  2.0115E+01  3.3085E+01  4.7399E+01  3.7640E+01
