1
   Cartesian binning n.   1  "DoseEq    " , generalized particle n.  240
      X coordinate: from -8.5000E+01 to  8.5000E+01 cm,    10 bins ( 1.7000E+01 cm wide)
      Y coordinate: from -2.5000E+01 to  2.5000E+01 cm,    10 bins ( 5.0000E+00 cm wide)
      Z coordinate: from  2.2500E+02 to  2.7500E+02 cm,    10 bins ( 5.0000E+00 cm wide)
      Data follow in a matrix A(ix,iy,iz), format (1(5x,1p,10(1x,e11.4)))

      accurate deposition along the tracks requested
      this is a track-length binning
       1.9767E-04  2.3986E-04  2.8292E-04  3.1737E-04  3.2378E-04  3.2690E-04  3.2390E-04  2.8467E-04  2.6999E-04  2.1249E-04
       2.4256E-04  2.9772E-04  3.3016E-04  3.6886E-04  3.6040E-04  3.8381E-04  3.5669E-04  3.2130E-04  2.8336E-04  2.3289E-04
       2.3723E-04  3.1447E-04  3.6496E-04  3.8600E-04  3.8260E-04  3.9834E-04  3.7501E-04  3.5296E-04  2.9925E-04  2.3223E-04
       2.5477E-04  3.1523E-04  3.6232E-04  4.0070E-04  4.2376E-04  4.2662E-04  3.8836E-04  3.6394E-04  3.2118E-04  2.4723E-04
       2.6177E-04  3.1926E-04  3.8033E-04  3.8785E-04  4.3751E-04  4.1138E-04  3.8850E-04  3.7146E-04  3.1719E-04  2.4345E-04
       2.5363E-04  3.2196E-04  3.7335E-04  4.0600E-04  4.3289E-04  4.1571E-04  3.9135E-04  3.7074E-04  3.2595E-04  2.4744E-04
       2.3075E-04  3.2317E-04  3.5453E-04  3.9704E-04  4.2798E-04  4.0301E-04  4.0245E-04  3.6413E-04  3.2079E-04  2.4885E-04
       2.3806E-04  3.0987E-04  3.4544E-04  3.8153E-04  4.2113E-04  4.0079E-04  3.8234E-04  3.5670E-04  3.0056E-04  2.3664E-04
       2.5546E-04  3.0579E-04  3.2523E-04  3.5874E-04  3.9544E-04  3.8434E-04  3.7515E-04  3.2844E-04  2.8164E-04  2.2593E-04
       2.2007E-04  2.5106E-04  2.9941E-04  3.1365E-04  3.2669E-04  3.4136E-04  3.3021E-04  2.7738E-04  2.3005E-04  2.0413E-04
       1.5518E-04  2.0771E-04  2.4640E-04  2.6276E-04  2.7483E-04  2.7108E-04  2.5597E-04  2.3749E-04  2.0493E-04  1.5796E-04
       1.9546E-04  2.6886E-04  3.0553E-04  3.4291E-04  3.2515E-04  3.3976E-04  3.3119E-04  3.0087E-04  2.5949E-04  1.9813E-04
       2.0073E-04  2.9152E-04  3.3754E-04  3.6900E-04  3.7941E-04  3.7398E-04  3.6596E-04  3.3957E-04  2.9259E-04  2.0402E-04
       2.3719E-04  2.9993E-04  3.4315E-04  3.8311E-04  4.1275E-04  3.9870E-04  3.6989E-04  3.4419E-04  2.9234E-04  2.2019E-04
       2.2989E-04  2.9438E-04  3.4784E-04  3.7788E-04  4.1503E-04  4.0425E-04  3.6200E-04  3.4114E-04  3.0018E-04  2.2544E-04
       2.2528E-04  2.8590E-04  3.6877E-04  3.7427E-04  3.9318E-04  3.8538E-04  3.7704E-04  3.5679E-04  3.0055E-04  2.3354E-04
       2.1489E-04  3.0550E-04  3.3210E-04  3.6067E-04  4.0245E-04  3.8052E-04  3.6965E-04  3.4577E-04  2.9140E-04  2.2764E-04
       2.0430E-04  2.9240E-04  3.2003E-04  3.4248E-04  3.9282E-04  3.7435E-04  3.6202E-04  3.2107E-04  2.8209E-04  2.1280E-04
       2.1665E-04  2.7003E-04  3.0660E-04  3.1625E-04  3.7014E-04  3.5002E-04  3.4245E-04  3.0007E-04  2.6651E-04  2.0471E-04
       1.6616E-04  2.2310E-04  2.4811E-04  2.7446E-04  2.9719E-04  2.8541E-04  2.7939E-04  2.2768E-04  2.0771E-04  1.6359E-04
       1.2794E-04  1.6639E-04  1.8566E-04  2.2331E-04  2.1743E-04  2.1793E-04  2.1192E-04  1.8462E-04  1.5823E-04  1.1980E-04
       1.5973E-04  2.2414E-04  2.5844E-04  2.7578E-04  2.7880E-04  2.7224E-04  2.7639E-04  2.4189E-04  2.1423E-04  1.5859E-04
       1.6884E-04  2.3775E-04  2.7458E-04  3.0210E-04  3.1544E-04  3.1111E-04  3.1504E-04  2.7847E-04  2.3593E-04  1.6924E-04
       1.8970E-04  2.6323E-04  2.8792E-04  3.0996E-04  3.3009E-04  3.4500E-04  3.2388E-04  2.8436E-04  2.4494E-04  1.7922E-04
       1.7759E-04  2.5515E-04  3.0799E-04  3.1490E-04  3.5566E-04  3.2696E-04  3.1044E-04  2.8268E-04  2.6152E-04  1.9313E-04
       1.7942E-04  2.4510E-04  3.0374E-04  3.2653E-04  3.3264E-04  3.3008E-04  3.2848E-04  2.9488E-04  2.4285E-04  1.9388E-04
       1.8552E-04  2.4357E-04  2.8915E-04  3.1438E-04  3.2612E-04  3.2712E-04  3.2781E-04  2.8265E-04  2.4198E-04  1.8301E-04
       1.6808E-04  2.3132E-04  2.6396E-04  2.8109E-04  3.0803E-04  3.2047E-04  3.1016E-04  2.6202E-04  2.3747E-04  1.6218E-04
       1.7054E-04  2.3599E-04  2.3405E-04  2.6070E-04  3.0589E-04  3.0987E-04  2.7290E-04  2.2649E-04  2.1357E-04  1.5219E-04
       1.2987E-04  1.8534E-04  1.8853E-04  2.1163E-04  2.2723E-04  2.2597E-04  2.1416E-04  1.8000E-04  1.6735E-04  1.0845E-04
       9.6061E-05  1.2123E-04  1.4566E-04  1.7313E-04  1.7687E-04  1.7166E-04  1.6397E-04  1.4860E-04  1.2988E-04  9.2342E-05
       1.3378E-04  1.8460E-04  2.0270E-04  2.3142E-04  2.2884E-04  2.2952E-04  2.1588E-04  2.0456E-04  1.7656E-04  1.2510E-04
       1.4184E-04  1.9386E-04  2.2615E-04  2.4434E-04  2.7040E-04  2.4632E-04  2.4254E-04  2.1555E-04  1.9079E-04  1.4557E-04
       1.5409E-04  2.0861E-04  2.4605E-04  2.4776E-04  2.7991E-04  2.7894E-04  2.5331E-04  2.3729E-04  2.0743E-04  1.4466E-04
       1.5153E-04  2.1460E-04  2.4767E-04  2.5433E-04  2.8743E-04  2.8273E-04  2.5313E-04  2.4181E-04  2.1481E-04  1.5176E-04
       1.4146E-04  1.9790E-04  2.4355E-04  2.5852E-04  2.7276E-04  2.7410E-04  2.7599E-04  2.4538E-04  2.0469E-04  1.5172E-04
       1.5031E-04  1.9664E-04  2.2926E-04  2.6849E-04  2.7666E-04  2.7031E-04  2.7489E-04  2.3006E-04  2.0630E-04  1.5063E-04
       1.5351E-04  1.8984E-04  2.1323E-04  2.3595E-04  2.5808E-04  2.6344E-04  2.5983E-04  2.1575E-04  1.9983E-04  1.4952E-04
       1.4371E-04  1.8287E-04  1.8982E-04  2.1299E-04  2.3895E-04  2.3882E-04  2.1051E-04  1.9211E-04  1.7304E-04  1.1580E-04
       1.0127E-04  1.2918E-04  1.4524E-04  1.6185E-04  1.7256E-04  1.7093E-04  1.6107E-04  1.4862E-04  1.3206E-04  9.0503E-05
       7.6538E-05  9.3400E-05  1.1651E-04  1.2259E-04  1.3427E-04  1.3749E-04  1.3261E-04  1.1724E-04  1.0104E-04  7.0601E-05
       1.0269E-04  1.3707E-04  1.5216E-04  1.7730E-04  1.9679E-04  1.8279E-04  1.7076E-04  1.5633E-04  1.4023E-04  9.2045E-05
       1.0345E-04  1.4949E-04  1.7695E-04  1.9860E-04  2.2323E-04  2.0305E-04  1.9254E-04  1.7928E-04  1.5123E-04  1.0614E-04
       1.1442E-04  1.7159E-04  1.9232E-04  2.0450E-04  2.2969E-04  2.0459E-04  2.0764E-04  1.8917E-04  1.5789E-04  1.1193E-04
       1.1619E-04  1.7946E-04  1.9330E-04  2.1071E-04  2.4117E-04  2.2543E-04  2.0087E-04  1.9664E-04  1.7187E-04  1.1790E-04
       1.1762E-04  1.6436E-04  1.9515E-04  2.1250E-04  2.2104E-04  2.3110E-04  2.0689E-04  2.0636E-04  1.8209E-04  1.2167E-04
       1.1391E-04  1.5893E-04  1.8216E-04  2.0850E-04  2.2700E-04  2.3086E-04  2.0639E-04  1.8999E-04  1.7174E-04  1.1000E-04
       1.1165E-04  1.4359E-04  1.8589E-04  1.9255E-04  2.0125E-04  2.2355E-04  1.9689E-04  1.6783E-04  1.6272E-04  1.1192E-04
       1.0796E-04  1.4056E-04  1.4272E-04  1.7178E-04  1.9701E-04  1.8795E-04  1.6386E-04  1.5923E-04  1.4277E-04  1.0146E-04
       8.4427E-05  9.6595E-05  1.0432E-04  1.1847E-04  1.3903E-04  1.4483E-04  1.2731E-04  1.1093E-04  1.0354E-04  6.5062E-05
       5.3375E-05  7.0193E-05  8.7383E-05  1.0103E-04  1.1361E-04  1.1366E-04  1.0561E-04  1.0132E-04  7.7667E-05  6.1321E-05
       7.8891E-05  1.0713E-04  1.1392E-04  1.3473E-04  1.5163E-04  1.4481E-04  1.3001E-04  1.2533E-04  1.0369E-04  7.6891E-05
       7.5918E-05  1.2453E-04  1.3096E-04  1.5510E-04  1.8099E-04  1.5717E-04  1.4668E-04  1.5091E-04  1.2061E-04  8.3089E-05
       8.2241E-05  1.3306E-04  1.4778E-04  1.6974E-04  1.9561E-04  1.7428E-04  1.7726E-04  1.6182E-04  1.2912E-04  8.9162E-05
       8.5038E-05  1.3185E-04  1.5731E-04  1.6554E-04  1.9091E-04  1.7598E-04  1.5924E-04  1.6317E-04  1.3753E-04  9.8442E-05
       9.5487E-05  1.2332E-04  1.4856E-04  1.7506E-04  1.8621E-04  1.7927E-04  1.7537E-04  1.6204E-04  1.2542E-04  9.7765E-05
       8.9882E-05  1.2316E-04  1.5057E-04  1.5881E-04  1.7421E-04  1.7460E-04  1.6963E-04  1.5703E-04  1.3808E-04  9.1537E-05
       7.8075E-05  1.2686E-04  1.4034E-04  1.4820E-04  1.6044E-04  1.6334E-04  1.5930E-04  1.4170E-04  1.2627E-04  8.1860E-05
       7.4154E-05  1.1186E-04  1.2587E-04  1.5210E-04  1.5241E-04  1.4635E-04  1.3882E-04  1.2484E-04  1.0522E-04  6.9473E-05
       5.8696E-05  7.7581E-05  7.7012E-05  9.3007E-05  1.1366E-04  1.0944E-04  9.9479E-05  8.6717E-05  7.5760E-05  5.7801E-05
       4.1523E-05  5.5303E-05  6.5123E-05  8.0538E-05  8.3687E-05  8.1333E-05  7.8262E-05  6.9913E-05  5.1634E-05  4.3293E-05
       5.5256E-05  8.2933E-05  8.5617E-05  1.0926E-04  1.0264E-04  1.1177E-04  1.0492E-04  8.6950E-05  8.2599E-05  6.2729E-05
       5.8380E-05  9.2617E-05  1.1518E-04  1.2824E-04  1.4827E-04  1.2578E-04  1.1523E-04  1.1876E-04  9.4960E-05  7.3301E-05
       6.4647E-05  9.9738E-05  1.1367E-04  1.2809E-04  1.5134E-04  1.3836E-04  1.2655E-04  1.2696E-04  9.7456E-05  7.1531E-05
       6.8602E-05  1.0208E-04  1.2076E-04  1.4491E-04  1.4190E-04  1.4061E-04  1.3417E-04  1.2506E-04  1.0867E-04  6.2674E-05
       7.4561E-05  9.4270E-05  1.2418E-04  1.3643E-04  1.4327E-04  1.4277E-04  1.4376E-04  1.2830E-04  1.1600E-04  7.5880E-05
       6.6156E-05  1.0259E-04  1.1852E-04  1.3362E-04  1.4135E-04  1.2475E-04  1.3499E-04  1.2560E-04  9.6360E-05  7.9360E-05
       6.1807E-05  9.7675E-05  1.0384E-04  1.2245E-04  1.2282E-04  1.2002E-04  1.2282E-04  1.0943E-04  1.0214E-04  5.9355E-05
       5.4556E-05  9.3591E-05  1.0035E-04  1.1464E-04  1.0605E-04  1.1572E-04  1.0045E-04  9.6383E-05  7.8097E-05  5.8889E-05
       4.7615E-05  6.0112E-05  6.1098E-05  7.4739E-05  8.4271E-05  7.8979E-05  7.2313E-05  7.3654E-05  5.4961E-05  4.9229E-05
       3.3548E-05  4.8568E-05  5.4477E-05  6.2320E-05  6.1519E-05  6.5053E-05  6.3738E-05  5.1434E-05  4.3078E-05  3.4803E-05
       3.7806E-05  6.0023E-05  6.8065E-05  8.2535E-05  7.9093E-05  8.7617E-05  8.2723E-05  6.9311E-05  5.9009E-05  4.5390E-05
       5.1696E-05  7.6206E-05  8.5515E-05  9.5771E-05  1.0314E-04  9.5351E-05  9.6213E-05  8.4951E-05  7.1931E-05  4.9137E-05
       5.7962E-05  8.0413E-05  8.3061E-05  9.6260E-05  1.1525E-04  1.0059E-04  1.0372E-04  1.0056E-04  7.9125E-05  5.9313E-05
       5.7263E-05  8.3015E-05  9.3841E-05  9.8669E-05  1.0524E-04  1.0801E-04  1.1036E-04  9.7455E-05  7.9192E-05  4.8066E-05
       5.5464E-05  7.9135E-05  9.6572E-05  1.0828E-04  1.1166E-04  1.1961E-04  1.0704E-04  9.2253E-05  8.7869E-05  5.5565E-05
       4.7065E-05  7.4111E-05  9.0822E-05  9.9331E-05  1.0542E-04  1.0356E-04  9.8111E-05  9.2381E-05  7.4768E-05  4.9744E-05
       3.9309E-05  7.4377E-05  8.2794E-05  9.5783E-05  9.2747E-05  9.1998E-05  9.8638E-05  8.6217E-05  7.5940E-05  4.7499E-05
       4.3500E-05  6.9332E-05  7.8549E-05  8.9417E-05  9.4894E-05  9.0202E-05  8.3316E-05  7.7672E-05  6.7682E-05  4.7378E-05
       3.2636E-05  4.4878E-05  5.0335E-05  5.8192E-05  7.2307E-05  5.9437E-05  6.4733E-05  6.0217E-05  4.1569E-05  3.8901E-05
       2.4046E-05  4.0998E-05  4.7510E-05  5.1475E-05  4.8974E-05  4.9797E-05  5.3297E-05  4.6727E-05  3.7879E-05  2.5843E-05
       2.8098E-05  4.8365E-05  4.9315E-05  6.5901E-05  6.4316E-05  6.5491E-05  6.1900E-05  5.0948E-05  5.4608E-05  3.2897E-05
       4.0591E-05  5.3418E-05  6.4403E-05  7.0549E-05  7.2450E-05  7.4234E-05  7.6597E-05  6.5902E-05  5.4672E-05  3.7024E-05
       4.3897E-05  5.2597E-05  6.0914E-05  7.0074E-05  7.9762E-05  7.7922E-05  8.5194E-05  6.9884E-05  6.2601E-05  3.7198E-05
       4.2294E-05  6.2685E-05  7.6751E-05  7.2716E-05  8.4968E-05  7.5453E-05  8.4153E-05  6.9852E-05  5.2762E-05  4.4590E-05
       3.7641E-05  6.3433E-05  6.7178E-05  7.9060E-05  7.6550E-05  8.4417E-05  8.3721E-05  7.0489E-05  6.0238E-05  4.0907E-05
       3.8577E-05  4.8643E-05  6.8870E-05  8.1672E-05  7.6323E-05  7.8454E-05  7.7328E-05  6.2997E-05  5.7094E-05  3.3492E-05
       3.8619E-05  5.7962E-05  7.0703E-05  7.3663E-05  6.8456E-05  7.0362E-05  6.9210E-05  6.5728E-05  4.9944E-05  3.9327E-05
       3.9432E-05  4.6609E-05  6.2905E-05  6.7453E-05  7.0035E-05  7.1235E-05  5.6492E-05  6.1489E-05  5.4518E-05  3.8267E-05
       2.0891E-05  2.9318E-05  3.9433E-05  5.6428E-05  5.3297E-05  4.8511E-05  4.5209E-05  4.4228E-05  3.6859E-05  3.1587E-05
       2.4619E-05  3.1482E-05  2.8299E-05  3.9822E-05  4.2246E-05  3.4528E-05  3.6154E-05  3.2522E-05  2.9763E-05  2.0121E-05
       2.2021E-05  2.9354E-05  4.0579E-05  5.4653E-05  5.5252E-05  4.7733E-05  4.3456E-05  3.7224E-05  3.6241E-05  2.5856E-05
       2.8546E-05  3.4810E-05  4.5536E-05  4.7085E-05  5.1629E-05  5.0347E-05  4.7601E-05  4.4135E-05  4.0686E-05  3.2282E-05
       3.5069E-05  3.7968E-05  4.5559E-05  4.7187E-05  4.9561E-05  5.3277E-05  5.4259E-05  4.6451E-05  3.7978E-05  2.7835E-05
       3.7428E-05  5.0105E-05  5.5595E-05  5.0053E-05  5.1028E-05  4.6829E-05  5.8782E-05  4.6492E-05  4.1769E-05  3.7121E-05
       3.1561E-05  4.7448E-05  4.4491E-05  5.9454E-05  5.1272E-05  4.8049E-05  5.3878E-05  5.0484E-05  3.5100E-05  3.1442E-05
       2.9391E-05  3.7979E-05  4.8935E-05  5.8271E-05  5.2139E-05  5.8281E-05  5.4531E-05  4.3589E-05  3.2983E-05  3.0035E-05
       3.3049E-05  4.2279E-05  5.3047E-05  5.2857E-05  5.4856E-05  5.0539E-05  5.0338E-05  5.0113E-05  3.6056E-05  2.1533E-05
       3.7233E-05  3.5147E-05  4.5920E-05  5.1851E-05  5.0327E-05  4.9766E-05  3.7899E-05  4.7013E-05  3.4568E-05  2.8549E-05
       1.8418E-05  2.1856E-05  3.0402E-05  3.9403E-05  4.3488E-05  3.6994E-05  2.8588E-05  2.8988E-05  2.5798E-05  2.4250E-05

      Percentage errors follow in a matrix A(ix,iy,iz), format (1(5x,1p,10(1x,e11.4)))

       3.8129E+00  3.2103E+00  3.1923E+00  2.8665E+00  2.9188E+00  1.8426E+00  2.3239E+00  2.3119E+00  3.0351E+00  4.3575E+00
       3.9352E+00  3.3340E+00  4.1041E+00  3.8134E+00  2.8932E+00  2.9656E+00  2.1565E+00  3.2521E+00  3.7751E+00  4.5590E+00
       3.9610E+00  3.8114E+00  3.4472E+00  2.8239E+00  3.7116E+00  3.3631E+00  3.5400E+00  2.7632E+00  3.1334E+00  3.4612E+00
       3.1239E+00  3.7003E+00  3.0313E+00  2.7611E+00  2.1092E+00  2.3575E+00  2.8544E+00  2.7998E+00  3.3385E+00  3.8662E+00
       3.1023E+00  2.6631E+00  2.5479E+00  2.6016E+00  2.1533E+00  2.8959E+00  3.2750E+00  2.7650E+00  4.4631E+00  4.1673E+00
       4.6502E+00  3.7937E+00  2.7393E+00  2.2647E+00  3.0876E+00  3.2396E+00  2.6820E+00  3.0363E+00  3.0665E+00  3.0855E+00
       4.2556E+00  3.0669E+00  3.1675E+00  2.9675E+00  2.3710E+00  2.5273E+00  3.1349E+00  3.0720E+00  3.3907E+00  3.6953E+00
       3.6429E+00  2.9522E+00  3.5888E+00  3.1393E+00  2.6863E+00  3.2599E+00  3.2027E+00  2.6561E+00  2.8069E+00  3.8852E+00
       3.2387E+00  2.5905E+00  3.4071E+00  2.7662E+00  2.4361E+00  3.4786E+00  3.8331E+00  4.0034E+00  4.9052E+00  3.6032E+00
       4.1700E+00  4.2792E+00  4.3774E+00  2.1462E+00  2.6967E+00  2.1549E+00  3.4366E+00  3.3381E+00  3.1823E+00  4.7438E+00
       5.2216E+00  3.2845E+00  4.1078E+00  3.0822E+00  3.2029E+00  3.8023E+00  2.8761E+00  3.7648E+00  2.5270E+00  4.5670E+00
       4.1057E+00  3.8076E+00  4.2250E+00  3.3819E+00  2.4659E+00  2.9008E+00  2.4728E+00  2.7179E+00  3.0124E+00  4.2146E+00
       4.9304E+00  3.8956E+00  3.8081E+00  3.1563E+00  3.1529E+00  3.8627E+00  3.4087E+00  3.8087E+00  3.0806E+00  4.3914E+00
       3.0219E+00  3.5419E+00  2.5121E+00  2.2460E+00  1.7537E+00  2.4635E+00  3.4089E+00  3.3398E+00  4.2115E+00  4.7926E+00
       3.0791E+00  4.0385E+00  2.7001E+00  2.6180E+00  2.5088E+00  3.7973E+00  2.7910E+00  3.3548E+00  3.2924E+00  4.4546E+00
       4.8175E+00  3.4571E+00  3.4829E+00  3.2942E+00  2.7075E+00  3.0448E+00  2.5915E+00  3.4848E+00  3.2331E+00  3.2948E+00
       4.6919E+00  3.7442E+00  3.3111E+00  3.3317E+00  3.5977E+00  2.7377E+00  2.9933E+00  3.2934E+00  3.0520E+00  3.6099E+00
       3.8775E+00  3.0492E+00  3.6938E+00  4.2125E+00  2.5063E+00  3.2284E+00  3.7602E+00  3.5271E+00  3.2296E+00  3.8139E+00
       3.6110E+00  3.6383E+00  2.9927E+00  3.8263E+00  3.4917E+00  3.3286E+00  4.5030E+00  3.4611E+00  4.9367E+00  3.8113E+00
       5.8751E+00  3.9304E+00  3.1949E+00  3.1454E+00  3.5740E+00  2.9642E+00  3.0914E+00  3.2779E+00  4.2535E+00  4.0793E+00
       6.1404E+00  4.5875E+00  4.4622E+00  4.7212E+00  2.8810E+00  4.1683E+00  2.9684E+00  3.9158E+00  4.1223E+00  4.1097E+00
       2.7825E+00  4.4233E+00  4.3083E+00  3.6241E+00  2.4559E+00  3.1443E+00  3.7529E+00  4.4747E+00  4.2057E+00  3.1221E+00
       5.6395E+00  3.5918E+00  3.7927E+00  3.7952E+00  3.3363E+00  3.4134E+00  3.7825E+00  4.4636E+00  5.1546E+00  4.7768E+00
       3.3756E+00  4.2924E+00  3.1934E+00  1.7524E+00  3.3552E+00  3.2072E+00  3.1642E+00  4.2794E+00  3.7690E+00  4.6720E+00
       3.2082E+00  3.7961E+00  3.4133E+00  2.8472E+00  3.1710E+00  3.6802E+00  3.2218E+00  4.7214E+00  3.3336E+00  4.2361E+00
       4.4156E+00  4.4120E+00  4.0993E+00  3.6394E+00  3.1403E+00  3.7588E+00  3.7838E+00  3.4496E+00  3.3010E+00  4.2819E+00
       4.0245E+00  4.0074E+00  3.7274E+00  3.5450E+00  2.8108E+00  3.7987E+00  2.9632E+00  3.9800E+00  3.6359E+00  4.0665E+00
       4.2011E+00  2.4202E+00  2.4555E+00  2.7736E+00  3.4660E+00  2.2662E+00  3.7803E+00  2.9447E+00  4.2038E+00  3.8572E+00
       3.6933E+00  3.0695E+00  4.2818E+00  3.5715E+00  3.8187E+00  3.3252E+00  3.6261E+00  3.2037E+00  2.4334E+00  5.0058E+00
       5.6680E+00  4.3078E+00  5.3701E+00  4.3408E+00  3.9130E+00  3.3889E+00  3.8480E+00  3.7467E+00  2.9644E+00  5.2636E+00
       4.3368E+00  3.8142E+00  5.4451E+00  5.1286E+00  4.5336E+00  3.3473E+00  4.6131E+00  3.7308E+00  4.0482E+00  6.0982E+00
       5.0107E+00  4.9812E+00  3.7280E+00  3.2965E+00  4.9194E+00  3.9892E+00  3.6059E+00  2.8509E+00  4.2941E+00  4.2801E+00
       4.8575E+00  5.4569E+00  3.6337E+00  3.5927E+00  3.8740E+00  3.0374E+00  3.7722E+00  5.6793E+00  3.5513E+00  4.7097E+00
       5.2902E+00  4.0955E+00  5.1593E+00  2.9999E+00  3.3960E+00  3.7506E+00  2.7089E+00  3.9136E+00  4.1347E+00  4.6282E+00
       3.9080E+00  3.9105E+00  4.3995E+00  3.5271E+00  4.6360E+00  3.4488E+00  4.1613E+00  3.0896E+00  5.1168E+00  6.6192E+00
       4.3300E+00  4.7133E+00  3.2349E+00  3.4992E+00  4.4000E+00  4.1327E+00  3.2670E+00  4.3294E+00  3.1438E+00  3.9385E+00
       5.2544E+00  4.2116E+00  3.7492E+00  3.3912E+00  2.7477E+00  4.1646E+00  3.1882E+00  4.8736E+00  4.3746E+00  6.4495E+00
       5.0441E+00  4.4309E+00  4.0181E+00  3.2955E+00  3.7765E+00  3.1705E+00  5.5580E+00  4.2532E+00  4.5431E+00  4.1990E+00
       5.5850E+00  4.1690E+00  3.3530E+00  3.0239E+00  4.5608E+00  3.6558E+00  3.9976E+00  4.1440E+00  3.7077E+00  5.3253E+00
       7.1642E+00  4.6333E+00  5.2067E+00  4.9397E+00  4.4604E+00  4.4944E+00  4.3515E+00  4.9072E+00  3.8620E+00  6.7903E+00
       6.2498E+00  5.6017E+00  4.9352E+00  4.6519E+00  3.9369E+00  4.0991E+00  5.4230E+00  4.1309E+00  4.2999E+00  6.4956E+00
       4.5487E+00  4.3174E+00  3.8258E+00  5.2045E+00  6.1027E+00  4.3603E+00  3.5785E+00  4.6131E+00  3.3421E+00  5.1448E+00
       4.6095E+00  6.7658E+00  3.8445E+00  3.9555E+00  4.4315E+00  3.2116E+00  3.8527E+00  4.8219E+00  5.0600E+00  5.7927E+00
       6.6047E+00  4.2568E+00  5.2305E+00  3.4735E+00  3.6300E+00  3.8458E+00  4.6584E+00  4.0175E+00  4.2899E+00  4.4945E+00
       4.3198E+00  4.6863E+00  5.3521E+00  4.5700E+00  3.3991E+00  4.0413E+00  3.9207E+00  4.0790E+00  3.9945E+00  5.1090E+00
       5.4919E+00  5.8440E+00  4.0635E+00  4.4406E+00  3.8971E+00  4.8554E+00  3.7497E+00  4.0261E+00  4.7380E+00  6.4616E+00
       6.5655E+00  3.9960E+00  4.6783E+00  3.8577E+00  3.3087E+00  4.2365E+00  3.8670E+00  5.4835E+00  5.3982E+00  6.0326E+00
       5.5499E+00  5.1419E+00  4.2410E+00  4.3440E+00  5.2907E+00  4.0368E+00  4.0041E+00  4.3406E+00  5.9803E+00  7.4280E+00
       4.3941E+00  6.5615E+00  5.0922E+00  4.7242E+00  3.7122E+00  3.0776E+00  4.3662E+00  3.7008E+00  4.4623E+00  5.6594E+00
       7.9636E+00  5.9984E+00  4.1921E+00  4.0916E+00  5.0213E+00  4.3956E+00  5.8352E+00  5.7137E+00  5.7792E+00  6.5026E+00
       6.7284E+00  5.6402E+00  4.7449E+00  3.9294E+00  4.8446E+00  6.0772E+00  5.0729E+00  6.3758E+00  5.6506E+00  6.8400E+00
       5.7350E+00  4.8731E+00  5.0578E+00  5.8913E+00  4.7967E+00  5.8452E+00  5.0954E+00  5.3307E+00  6.2251E+00  7.1371E+00
       7.1909E+00  3.5918E+00  5.3815E+00  5.3416E+00  5.3740E+00  5.0328E+00  4.6461E+00  4.1970E+00  5.1985E+00  5.7010E+00
       5.7400E+00  4.0425E+00  6.0912E+00  5.2424E+00  3.7078E+00  4.0641E+00  3.9474E+00  4.8934E+00  6.4966E+00  6.9419E+00
       7.4479E+00  5.6635E+00  5.4950E+00  3.8204E+00  3.3114E+00  4.3791E+00  4.5113E+00  4.9061E+00  4.5255E+00  7.2491E+00
       5.8156E+00  5.9367E+00  4.3036E+00  4.8317E+00  3.5001E+00  5.4024E+00  3.9329E+00  3.7530E+00  5.0069E+00  7.3903E+00
       5.5600E+00  6.1419E+00  4.6627E+00  3.9653E+00  3.7967E+00  5.0224E+00  3.3327E+00  5.7025E+00  4.9613E+00  5.8104E+00
       6.2320E+00  6.0131E+00  3.2662E+00  3.9813E+00  5.4386E+00  4.5162E+00  4.0899E+00  4.8896E+00  8.1464E+00  8.3919E+00
       6.1214E+00  6.1299E+00  5.2130E+00  5.9234E+00  6.2007E+00  4.0782E+00  5.4580E+00  4.5821E+00  6.1783E+00  8.8055E+00
       8.2017E+00  7.3093E+00  5.0167E+00  6.9090E+00  4.6469E+00  3.5767E+00  6.9018E+00  6.8152E+00  4.5374E+00  7.3356E+00
       8.1161E+00  4.7784E+00  7.6155E+00  6.0291E+00  4.9486E+00  7.0611E+00  7.4069E+00  6.1471E+00  6.3327E+00  7.9876E+00
       8.0802E+00  6.0627E+00  6.8645E+00  6.4339E+00  5.5239E+00  5.7589E+00  5.5157E+00  6.9150E+00  9.3442E+00  7.6549E+00
       6.5125E+00  4.2149E+00  5.7286E+00  5.4848E+00  4.5589E+00  8.2125E+00  5.5272E+00  4.0518E+00  6.4445E+00  6.5503E+00
       7.5690E+00  5.7146E+00  5.1552E+00  4.0048E+00  5.1795E+00  6.8066E+00  3.2675E+00  4.4913E+00  5.2692E+00  6.5963E+00
       8.3133E+00  5.9428E+00  6.3407E+00  4.7504E+00  3.5433E+00  5.0903E+00  3.4957E+00  3.1756E+00  5.4915E+00  7.1021E+00
       7.6155E+00  7.8812E+00  4.5095E+00  6.4662E+00  4.8741E+00  6.5940E+00  5.6622E+00  5.0041E+00  5.4700E+00  6.8073E+00
       6.2864E+00  4.9943E+00  5.1965E+00  4.0453E+00  3.5768E+00  4.8881E+00  4.9289E+00  5.0990E+00  7.6209E+00  7.5758E+00
       7.4705E+00  7.3752E+00  6.6097E+00  5.2476E+00  4.9799E+00  5.3977E+00  5.3706E+00  6.7811E+00  8.5229E+00  8.3399E+00
       7.7140E+00  7.8593E+00  6.0579E+00  4.1506E+00  6.2378E+00  5.5042E+00  4.1158E+00  4.4682E+00  7.9491E+00  6.3877E+00
       1.1310E+01  8.0808E+00  6.6700E+00  7.4672E+00  5.7944E+00  5.0054E+00  5.0761E+00  5.4424E+00  7.0251E+00  6.4337E+00
       1.0346E+01  7.4449E+00  7.1104E+00  7.4367E+00  6.3971E+00  8.7588E+00  6.7821E+00  9.5374E+00  7.6032E+00  5.9270E+00
       7.3989E+00  5.7824E+00  5.8503E+00  7.3448E+00  7.9809E+00  6.7591E+00  6.6600E+00  8.4413E+00  8.5308E+00  8.0608E+00
       6.3674E+00  5.5659E+00  6.3586E+00  7.0117E+00  5.6123E+00  6.4685E+00  5.8387E+00  5.3681E+00  7.6555E+00  8.0304E+00
       4.5731E+00  6.2461E+00  5.2456E+00  6.8447E+00  4.8940E+00  6.9154E+00  5.7722E+00  6.6001E+00  5.3142E+00  7.6838E+00
       9.4206E+00  7.0655E+00  7.1121E+00  5.6463E+00  6.8166E+00  4.9291E+00  5.5000E+00  5.9534E+00  7.5252E+00  1.0342E+01
       7.0017E+00  5.8079E+00  5.4919E+00  6.3695E+00  4.8572E+00  5.7570E+00  6.3797E+00  6.3110E+00  7.4125E+00  4.8375E+00
       9.1787E+00  6.9713E+00  7.3677E+00  6.5613E+00  6.1717E+00  5.5644E+00  8.9947E+00  7.2699E+00  9.0389E+00  7.5408E+00
       9.0918E+00  7.2080E+00  6.7415E+00  7.1190E+00  5.9188E+00  6.1659E+00  6.3197E+00  4.9174E+00  6.1212E+00  9.2024E+00
       6.6026E+00  7.5509E+00  5.4652E+00  6.9516E+00  6.9540E+00  5.9192E+00  5.3414E+00  7.2968E+00  9.2442E+00  8.2387E+00
       1.1462E+01  7.3740E+00  7.7996E+00  6.8830E+00  8.6352E+00  8.3697E+00  8.4421E+00  6.4060E+00  8.4407E+00  9.6482E+00
       1.2477E+01  8.9866E+00  7.6396E+00  7.6698E+00  8.2352E+00  7.8800E+00  8.3744E+00  1.0636E+01  1.0110E+01  1.1516E+01
       1.0196E+01  1.0794E+01  6.2917E+00  5.7181E+00  7.0601E+00  9.6163E+00  8.4345E+00  8.7759E+00  1.0106E+01  6.8503E+00
       7.3517E+00  5.9517E+00  7.5851E+00  9.5838E+00  7.0663E+00  6.3744E+00  5.8124E+00  7.9320E+00  9.8166E+00  8.3903E+00
       9.0159E+00  8.5953E+00  7.1132E+00  7.1459E+00  5.9614E+00  6.4679E+00  4.4452E+00  6.8158E+00  8.5880E+00  1.0855E+01
       1.0062E+01  8.7627E+00  7.2222E+00  7.3045E+00  5.7160E+00  5.8181E+00  5.7221E+00  6.7888E+00  6.8558E+00  1.0107E+01
       1.0181E+01  7.8216E+00  6.6119E+00  5.7165E+00  8.0879E+00  6.1145E+00  7.1531E+00  7.9179E+00  7.3097E+00  8.5824E+00
       8.7498E+00  6.6489E+00  7.8658E+00  5.7777E+00  5.2636E+00  6.8747E+00  8.8614E+00  8.1737E+00  7.3972E+00  8.6572E+00
       1.0343E+01  8.3582E+00  7.2637E+00  7.5878E+00  7.1192E+00  9.0892E+00  5.9125E+00  7.2344E+00  7.1896E+00  1.0458E+01
       7.0241E+00  4.2661E+00  6.1087E+00  6.8423E+00  8.3616E+00  9.3406E+00  7.1183E+00  8.4932E+00  8.6270E+00  1.1477E+01
       8.6334E+00  1.0483E+01  9.1118E+00  7.1929E+00  7.5564E+00  1.0092E+01  9.5660E+00  9.3005E+00  7.0961E+00  1.0591E+01
       1.0743E+01  1.5121E+01  1.0397E+01  9.0354E+00  8.9236E+00  9.6567E+00  9.7073E+00  1.0812E+01  8.9935E+00  1.0305E+01
       9.9486E+00  9.6273E+00  1.1564E+01  7.2008E+00  5.5980E+00  7.0591E+00  7.8349E+00  1.1381E+01  8.9251E+00  8.3828E+00
       9.8775E+00  6.2832E+00  8.2825E+00  9.6068E+00  1.1094E+01  7.0763E+00  5.5624E+00  9.0292E+00  9.7248E+00  1.0186E+01
       1.3322E+01  8.7403E+00  5.5611E+00  1.0257E+01  6.8329E+00  6.8930E+00  6.9786E+00  7.9660E+00  7.5245E+00  7.6891E+00
       1.1118E+01  7.0270E+00  8.2735E+00  6.7748E+00  6.6611E+00  7.4794E+00  6.2539E+00  7.9139E+00  6.6009E+00  7.2307E+00
       1.0740E+01  1.0099E+01  8.5252E+00  7.1033E+00  9.4320E+00  8.6359E+00  7.7541E+00  9.4629E+00  9.5445E+00  1.0503E+01
       1.0556E+01  9.8694E+00  7.3851E+00  8.0533E+00  9.5908E+00  7.4158E+00  8.3369E+00  7.7945E+00  7.0372E+00  1.2046E+01
       8.7721E+00  1.1850E+01  7.8628E+00  6.4705E+00  7.3843E+00  1.1915E+01  5.6751E+00  8.1029E+00  7.4536E+00  1.0213E+01
       1.0930E+01  9.5999E+00  6.3869E+00  7.4816E+00  7.8696E+00  8.1200E+00  8.5577E+00  1.1641E+01  9.7862E+00  9.0752E+00
       1.1662E+01  9.7272E+00  8.0995E+00  5.9788E+00  7.9414E+00  8.5427E+00  1.2135E+01  1.1815E+01  1.1326E+01  1.1928E+01
