1
   Cartesian binning n.   1  "DoseEq    " , generalized particle n.  240
      X coordinate: from -8.5000E+01 to  8.5000E+01 cm,    10 bins ( 1.7000E+01 cm wide)
      Y coordinate: from -2.5000E+01 to  2.5000E+01 cm,    10 bins ( 5.0000E+00 cm wide)
      Z coordinate: from  2.2500E+02 to  2.7500E+02 cm,    10 bins ( 5.0000E+00 cm wide)
      Data follow in a matrix A(ix,iy,iz), format (1(5x,1p,10(1x,e11.4)))

      accurate deposition along the tracks requested
      this is a track-length binning
       2.5036E-04  3.2162E-04  3.4361E-04  4.1200E-04  3.9689E-04  3.9849E-04  3.5970E-04  3.5096E-04  3.0174E-04  2.5210E-04
       3.0404E-04  3.5890E-04  4.0106E-04  4.3591E-04  4.7286E-04  4.5237E-04  4.3822E-04  4.1662E-04  3.5982E-04  2.9605E-04
       2.9816E-04  3.8629E-04  4.4849E-04  4.7218E-04  4.9266E-04  4.9062E-04  4.8757E-04  4.2510E-04  3.7738E-04  3.0595E-04
       2.8930E-04  3.8445E-04  4.5423E-04  4.6563E-04  5.0042E-04  5.2929E-04  4.7192E-04  4.5609E-04  3.8271E-04  3.0009E-04
       3.1673E-04  4.0586E-04  4.4106E-04  4.9589E-04  5.2397E-04  5.0878E-04  5.0020E-04  4.7624E-04  4.0682E-04  3.2817E-04
       3.2692E-04  4.0318E-04  4.5427E-04  4.9178E-04  5.3063E-04  5.2328E-04  4.8466E-04  4.4735E-04  3.9764E-04  3.0263E-04
       3.1075E-04  4.0103E-04  4.3753E-04  4.9930E-04  4.9900E-04  5.2440E-04  4.8584E-04  4.5965E-04  3.8592E-04  3.1804E-04
       3.2130E-04  3.8377E-04  4.4002E-04  4.6956E-04  4.8613E-04  5.3197E-04  4.8425E-04  4.1848E-04  3.6549E-04  2.9542E-04
       2.8141E-04  3.6855E-04  3.9990E-04  4.3549E-04  4.7537E-04  5.0087E-04  4.5171E-04  4.0721E-04  3.5492E-04  2.9534E-04
       2.6034E-04  3.0847E-04  3.4098E-04  3.8352E-04  3.8576E-04  4.1212E-04  3.8300E-04  3.4387E-04  3.3442E-04  2.5235E-04
       1.9538E-04  2.5031E-04  2.8738E-04  3.3403E-04  3.1828E-04  3.4515E-04  2.9869E-04  2.9669E-04  2.5512E-04  1.9751E-04
       2.3782E-04  3.2014E-04  3.5107E-04  3.9896E-04  4.3083E-04  4.2222E-04  3.9403E-04  3.7559E-04  3.1670E-04  2.4383E-04
       2.6192E-04  3.3748E-04  4.0438E-04  4.4178E-04  4.4370E-04  4.4702E-04  4.4800E-04  3.9642E-04  3.4472E-04  2.5479E-04
       2.6339E-04  3.6334E-04  4.3484E-04  4.4729E-04  4.8285E-04  5.1417E-04  4.6295E-04  4.1272E-04  3.7634E-04  2.5183E-04
       2.7722E-04  3.8393E-04  4.2848E-04  4.6982E-04  5.1252E-04  5.0055E-04  4.8495E-04  4.3113E-04  3.7877E-04  2.8436E-04
       2.7893E-04  3.8490E-04  4.3613E-04  4.5882E-04  4.8841E-04  4.6945E-04  4.4253E-04  4.3245E-04  3.5094E-04  2.9091E-04
       2.6096E-04  3.8564E-04  4.0431E-04  4.5959E-04  4.5789E-04  4.8627E-04  4.3682E-04  4.2579E-04  3.6483E-04  2.7340E-04
       2.7012E-04  3.6092E-04  3.9679E-04  4.4599E-04  4.5721E-04  4.6543E-04  4.4411E-04  3.7944E-04  3.3374E-04  2.6267E-04
       2.5052E-04  3.2417E-04  3.6051E-04  3.8787E-04  4.2733E-04  4.3895E-04  3.9592E-04  3.3953E-04  3.1828E-04  2.4785E-04
       2.0396E-04  2.5312E-04  2.8302E-04  3.1281E-04  3.3348E-04  3.5512E-04  3.1469E-04  2.7357E-04  2.7437E-04  2.0845E-04
       1.5333E-04  1.9744E-04  2.3508E-04  2.5681E-04  2.5529E-04  2.6660E-04  2.3129E-04  2.3568E-04  1.8413E-04  1.5718E-04
       1.9859E-04  2.4867E-04  2.9376E-04  3.2765E-04  3.5283E-04  3.3648E-04  3.3114E-04  3.1081E-04  2.7412E-04  1.8834E-04
       2.1479E-04  2.7941E-04  3.4723E-04  3.8664E-04  3.8705E-04  3.7327E-04  3.8510E-04  3.3264E-04  2.7492E-04  2.0544E-04
       2.2762E-04  2.8401E-04  3.5045E-04  3.8524E-04  3.9957E-04  4.0912E-04  3.8943E-04  3.5663E-04  3.1195E-04  2.1600E-04
       2.2388E-04  3.1157E-04  3.6876E-04  3.8897E-04  4.0428E-04  4.2359E-04  3.9242E-04  3.7325E-04  3.2327E-04  2.1666E-04
       2.2531E-04  3.1211E-04  3.5889E-04  3.9254E-04  3.9108E-04  4.1022E-04  3.7514E-04  3.6616E-04  2.9821E-04  2.2422E-04
       2.1486E-04  3.0350E-04  3.5232E-04  3.7979E-04  3.9575E-04  4.2039E-04  3.6952E-04  3.5711E-04  2.8537E-04  2.0385E-04
       2.1719E-04  2.9190E-04  3.3590E-04  3.7205E-04  3.7583E-04  3.7756E-04  3.4968E-04  3.3030E-04  2.7845E-04  2.0115E-04
       1.8403E-04  2.7270E-04  3.1380E-04  3.3442E-04  3.5014E-04  3.5267E-04  3.3263E-04  2.6583E-04  2.6151E-04  1.9116E-04
       1.5106E-04  2.1834E-04  2.1321E-04  2.5520E-04  2.5904E-04  2.7136E-04  2.5954E-04  2.1344E-04  1.9001E-04  1.5187E-04
       1.1087E-04  1.6029E-04  1.7283E-04  1.9451E-04  2.0677E-04  2.0282E-04  1.7880E-04  1.8862E-04  1.4655E-04  1.1400E-04
       1.5603E-04  1.9025E-04  2.2920E-04  2.5693E-04  2.7131E-04  2.6484E-04  2.4960E-04  2.3935E-04  2.0916E-04  1.5784E-04
       1.6491E-04  2.2601E-04  2.7449E-04  2.9580E-04  3.2401E-04  3.0953E-04  3.1184E-04  2.4971E-04  2.3457E-04  1.5952E-04
       1.6610E-04  2.2523E-04  2.8708E-04  3.1127E-04  3.1648E-04  3.3662E-04  3.1363E-04  2.7728E-04  2.4722E-04  1.6406E-04
       1.8251E-04  2.5885E-04  2.9158E-04  3.2096E-04  3.4040E-04  3.5051E-04  3.0928E-04  3.0080E-04  2.4955E-04  1.7007E-04
       1.7827E-04  2.4235E-04  2.9334E-04  3.1896E-04  3.4391E-04  3.3785E-04  3.0669E-04  2.9323E-04  2.4280E-04  1.7327E-04
       1.7983E-04  2.4497E-04  2.8824E-04  3.1616E-04  3.1961E-04  3.4401E-04  3.1223E-04  2.8612E-04  2.2679E-04  1.6789E-04
       1.6795E-04  2.4108E-04  2.6149E-04  3.0473E-04  2.8896E-04  3.1734E-04  2.8686E-04  2.6966E-04  2.2706E-04  1.5978E-04
       1.4574E-04  2.0087E-04  2.4282E-04  2.6295E-04  2.7164E-04  2.8148E-04  2.4178E-04  2.3542E-04  2.0507E-04  1.4997E-04
       1.1220E-04  1.4873E-04  1.6563E-04  1.9366E-04  2.0971E-04  1.9536E-04  2.0003E-04  1.8132E-04  1.4706E-04  1.0372E-04
       7.9838E-05  1.1654E-04  1.3719E-04  1.4807E-04  1.6460E-04  1.4871E-04  1.4257E-04  1.3950E-04  1.2292E-04  8.0921E-05
       1.2233E-04  1.5332E-04  1.7937E-04  2.0209E-04  2.1206E-04  2.0491E-04  2.0013E-04  1.8818E-04  1.6266E-04  1.2310E-04
       1.3106E-04  1.7593E-04  2.3218E-04  2.4032E-04  2.4810E-04  2.4393E-04  2.5764E-04  1.9030E-04  1.7688E-04  1.2680E-04
       1.3463E-04  1.9329E-04  2.4335E-04  2.4525E-04  2.5176E-04  2.6795E-04  2.4492E-04  2.1731E-04  1.8817E-04  1.4414E-04
       1.3664E-04  1.9423E-04  2.3709E-04  2.4196E-04  2.6747E-04  2.8361E-04  2.5135E-04  2.3043E-04  1.8527E-04  1.4897E-04
       1.4123E-04  2.0064E-04  2.2723E-04  2.4597E-04  2.5307E-04  2.7116E-04  2.6108E-04  2.3489E-04  1.8326E-04  1.3657E-04
       1.3624E-04  2.0193E-04  2.2333E-04  2.5761E-04  2.5974E-04  2.9296E-04  2.5099E-04  2.4183E-04  1.8833E-04  1.2414E-04
       1.2529E-04  1.8662E-04  2.0925E-04  2.3855E-04  2.2974E-04  2.5293E-04  2.3525E-04  2.2331E-04  1.8730E-04  1.2943E-04
       1.2120E-04  1.6575E-04  1.7945E-04  1.9224E-04  2.1331E-04  2.2016E-04  1.9446E-04  1.9220E-04  1.6244E-04  1.0946E-04
       9.0296E-05  1.2137E-04  1.3008E-04  1.4023E-04  1.5839E-04  1.5991E-04  1.5184E-04  1.3232E-04  1.1850E-04  7.1141E-05
       6.5327E-05  8.3985E-05  1.0660E-04  1.2136E-04  1.2400E-04  1.2050E-04  1.1309E-04  1.0979E-04  9.9297E-05  6.3153E-05
       8.5317E-05  1.2047E-04  1.4195E-04  1.6134E-04  1.7150E-04  1.5105E-04  1.5881E-04  1.5263E-04  1.3120E-04  9.3645E-05
       9.8677E-05  1.4294E-04  1.8856E-04  1.8000E-04  1.9812E-04  1.8890E-04  2.0324E-04  1.5234E-04  1.3485E-04  1.1214E-04
       1.0363E-04  1.5005E-04  1.9913E-04  2.1229E-04  1.9215E-04  1.9979E-04  1.9065E-04  1.6490E-04  1.5364E-04  1.0846E-04
       1.1364E-04  1.4917E-04  1.8700E-04  1.9181E-04  2.1199E-04  2.2951E-04  1.8932E-04  1.8514E-04  1.4689E-04  1.1553E-04
       1.1259E-04  1.5419E-04  1.7584E-04  2.0557E-04  2.0938E-04  2.2851E-04  2.0495E-04  1.8802E-04  1.4253E-04  1.0623E-04
       1.0190E-04  1.5820E-04  1.8685E-04  2.0569E-04  2.0936E-04  2.1653E-04  2.1388E-04  1.8800E-04  1.5065E-04  1.0040E-04
       1.0007E-04  1.4541E-04  1.6856E-04  1.9307E-04  1.8813E-04  2.0185E-04  1.8934E-04  1.7048E-04  1.3657E-04  8.9903E-05
       9.5369E-05  1.2444E-04  1.4723E-04  1.5399E-04  1.7310E-04  1.7827E-04  1.7294E-04  1.5570E-04  1.3136E-04  8.7122E-05
       6.5579E-05  9.2467E-05  1.0367E-04  1.1680E-04  1.2643E-04  1.2892E-04  1.2337E-04  9.8911E-05  8.9758E-05  6.6962E-05
       5.3392E-05  6.9956E-05  7.5211E-05  8.4402E-05  9.0319E-05  8.5955E-05  9.0679E-05  8.4663E-05  7.5172E-05  5.2199E-05
       6.1080E-05  9.2157E-05  1.1014E-04  1.2826E-04  1.3327E-04  1.2332E-04  1.2079E-04  1.1036E-04  1.0500E-04  6.8444E-05
       8.0520E-05  1.0900E-04  1.3537E-04  1.4270E-04  1.4493E-04  1.4294E-04  1.5609E-04  1.1621E-04  1.0692E-04  8.5891E-05
       8.5240E-05  1.2452E-04  1.5631E-04  1.5071E-04  1.5613E-04  1.6372E-04  1.5013E-04  1.4291E-04  1.2063E-04  9.3262E-05
       8.6243E-05  1.1891E-04  1.4990E-04  1.6439E-04  1.5652E-04  1.5755E-04  1.5142E-04  1.4116E-04  1.2382E-04  8.4343E-05
       9.3350E-05  1.1419E-04  1.5542E-04  1.6796E-04  1.4922E-04  1.8173E-04  1.6502E-04  1.4937E-04  1.1283E-04  8.2846E-05
       8.5058E-05  1.2326E-04  1.5544E-04  1.6691E-04  1.6063E-04  1.6556E-04  1.6677E-04  1.4672E-04  1.1807E-04  7.7020E-05
       8.1046E-05  1.0639E-04  1.4139E-04  1.4916E-04  1.4930E-04  1.5182E-04  1.4298E-04  1.2467E-04  1.0715E-04  7.2915E-05
       6.6330E-05  9.4768E-05  1.1046E-04  1.2368E-04  1.3492E-04  1.4518E-04  1.2097E-04  1.2754E-04  1.0035E-04  6.8513E-05
       4.9970E-05  6.5656E-05  7.8770E-05  8.9710E-05  1.0311E-04  9.1502E-05  9.8115E-05  8.1156E-05  7.5445E-05  5.5190E-05
       4.0991E-05  5.9112E-05  6.5637E-05  7.2458E-05  6.9270E-05  6.7110E-05  7.5183E-05  6.1317E-05  6.0545E-05  4.1496E-05
       5.3784E-05  6.7887E-05  8.6543E-05  9.3049E-05  1.0563E-04  9.3570E-05  9.8211E-05  7.0978E-05  7.8973E-05  5.5314E-05
       5.8193E-05  8.0204E-05  1.0980E-04  1.0115E-04  1.0526E-04  1.1795E-04  1.1182E-04  9.0436E-05  9.0527E-05  6.7086E-05
       6.2215E-05  9.2575E-05  1.0806E-04  1.0985E-04  1.2448E-04  1.2014E-04  1.1692E-04  9.7298E-05  9.9868E-05  7.1943E-05
       6.9117E-05  9.4018E-05  1.1997E-04  1.1383E-04  1.2575E-04  1.2182E-04  1.2422E-04  1.0432E-04  1.0607E-04  7.0176E-05
       7.0846E-05  1.0013E-04  1.2042E-04  1.1618E-04  1.2654E-04  1.2273E-04  1.2808E-04  1.1586E-04  1.0097E-04  6.8554E-05
       6.8894E-05  9.4392E-05  1.1853E-04  1.2297E-04  1.1870E-04  1.2437E-04  1.2437E-04  1.0768E-04  9.1386E-05  6.1896E-05
       6.3400E-05  7.9018E-05  1.0720E-04  1.1427E-04  1.2242E-04  1.1853E-04  1.1980E-04  1.0198E-04  7.6434E-05  7.0364E-05
       5.4894E-05  7.0590E-05  9.1798E-05  1.0403E-04  1.0781E-04  1.0938E-04  8.8962E-05  9.5121E-05  7.5044E-05  6.1446E-05
       4.3453E-05  5.5900E-05  6.7072E-05  6.6200E-05  8.2487E-05  8.3017E-05  7.6369E-05  6.6374E-05  5.9655E-05  3.7163E-05
       3.2613E-05  4.2973E-05  4.8750E-05  5.4715E-05  5.4138E-05  5.7423E-05  6.4862E-05  4.8833E-05  4.2491E-05  2.9283E-05
       4.1239E-05  4.8763E-05  6.0568E-05  6.8885E-05  7.7982E-05  7.4809E-05  7.8270E-05  5.6583E-05  5.8643E-05  4.2524E-05
       4.8186E-05  5.6386E-05  7.3595E-05  7.1082E-05  8.0809E-05  8.9342E-05  8.2212E-05  7.3656E-05  6.3369E-05  4.6979E-05
       5.5736E-05  6.7034E-05  8.3295E-05  8.7627E-05  9.1406E-05  9.1139E-05  8.5131E-05  7.0448E-05  6.8519E-05  5.6768E-05
       6.1010E-05  6.9059E-05  8.7974E-05  7.8516E-05  9.2616E-05  9.0365E-05  9.3436E-05  8.0319E-05  7.7724E-05  5.2882E-05
       4.4859E-05  7.5691E-05  7.9464E-05  8.3025E-05  9.2925E-05  9.1840E-05  9.9317E-05  8.7987E-05  7.3054E-05  4.8171E-05
       4.5958E-05  7.1882E-05  8.8355E-05  9.3682E-05  8.7772E-05  8.5967E-05  8.7247E-05  8.5831E-05  7.1348E-05  4.7026E-05
       4.6174E-05  6.0695E-05  8.0010E-05  8.2470E-05  8.9631E-05  9.1176E-05  8.2718E-05  9.0829E-05  6.9380E-05  4.3149E-05
       4.2704E-05  5.5420E-05  6.9779E-05  7.8892E-05  7.5194E-05  7.9417E-05  7.1098E-05  7.0868E-05  5.5857E-05  4.9248E-05
       3.8114E-05  4.8577E-05  5.3815E-05  5.2277E-05  5.8965E-05  6.1867E-05  5.2383E-05  4.9145E-05  4.3168E-05  3.5770E-05
       2.9026E-05  3.6089E-05  3.3395E-05  3.7709E-05  4.1215E-05  4.4601E-05  4.8889E-05  3.9427E-05  3.2357E-05  2.8893E-05
       3.2673E-05  3.6983E-05  4.4151E-05  5.2881E-05  5.4795E-05  5.8467E-05  5.1656E-05  4.9603E-05  3.9249E-05  3.4502E-05
       3.8694E-05  3.9697E-05  4.8027E-05  5.6081E-05  6.0076E-05  6.4785E-05  5.2869E-05  5.1402E-05  4.5916E-05  3.3145E-05
       3.6210E-05  4.1629E-05  5.1903E-05  5.6000E-05  6.1474E-05  7.1503E-05  6.2799E-05  4.8852E-05  4.9894E-05  3.6186E-05
       3.7318E-05  4.5831E-05  5.6090E-05  5.8201E-05  6.6469E-05  7.3318E-05  6.5096E-05  5.2159E-05  4.9775E-05  3.8706E-05
       3.0281E-05  5.1647E-05  5.1427E-05  5.7347E-05  6.4672E-05  6.6215E-05  6.0680E-05  5.7692E-05  4.9425E-05  3.7253E-05
       3.4780E-05  4.8369E-05  5.5621E-05  6.4283E-05  7.0172E-05  6.0017E-05  5.3648E-05  5.3903E-05  5.4821E-05  3.0419E-05
       3.8082E-05  3.8098E-05  5.0601E-05  5.6829E-05  5.9344E-05  6.1579E-05  5.1203E-05  5.5370E-05  4.2872E-05  3.1215E-05
       3.7457E-05  4.1064E-05  4.7502E-05  5.5056E-05  5.5989E-05  5.5038E-05  5.1222E-05  4.9552E-05  4.2234E-05  3.2212E-05
       2.7210E-05  3.2113E-05  3.7241E-05  4.7213E-05  3.7594E-05  4.2977E-05  4.4309E-05  3.9960E-05  3.2012E-05  2.9011E-05

      Percentage errors follow in a matrix A(ix,iy,iz), format (1(5x,1p,10(1x,e11.4)))

       3.5181E+00  2.8461E+00  2.6535E+00  2.7442E+00  2.4639E+00  2.7784E+00  3.0649E+00  3.4507E+00  3.0314E+00  3.6897E+00
       3.0878E+00  3.6907E+00  3.1149E+00  2.9840E+00  2.9418E+00  2.1977E+00  2.4395E+00  2.5843E+00  3.5587E+00  3.8825E+00
       2.7636E+00  3.0621E+00  2.8222E+00  2.9909E+00  2.3866E+00  2.5667E+00  3.3803E+00  3.2413E+00  3.4394E+00  3.1553E+00
       3.2912E+00  3.2220E+00  3.4645E+00  2.2232E+00  2.5275E+00  1.9953E+00  2.5787E+00  2.2550E+00  2.7603E+00  2.9386E+00
       3.0521E+00  3.1893E+00  2.8825E+00  2.5009E+00  2.6724E+00  2.5613E+00  2.3005E+00  2.1969E+00  2.6705E+00  2.5982E+00
       3.7759E+00  2.5664E+00  2.7585E+00  2.4726E+00  2.4523E+00  2.6506E+00  2.8805E+00  2.3333E+00  2.8528E+00  3.4663E+00
       3.1476E+00  3.4482E+00  2.5742E+00  1.6259E+00  2.5692E+00  2.4537E+00  1.9547E+00  2.8202E+00  2.9173E+00  2.7807E+00
       3.8266E+00  3.2212E+00  3.1693E+00  2.4478E+00  2.5415E+00  2.4894E+00  2.4677E+00  2.8598E+00  2.9341E+00  3.2884E+00
       3.8645E+00  3.0471E+00  3.6733E+00  2.6985E+00  2.9366E+00  2.4405E+00  2.8870E+00  3.1197E+00  3.0517E+00  3.9277E+00
       2.8982E+00  2.6506E+00  2.6707E+00  2.2930E+00  3.4463E+00  3.2423E+00  1.9391E+00  2.5657E+00  4.0216E+00  3.9843E+00
       3.3857E+00  2.9694E+00  3.5654E+00  2.8689E+00  2.3786E+00  3.7214E+00  3.2735E+00  3.3040E+00  4.2007E+00  3.3971E+00
       3.8889E+00  3.2401E+00  2.3958E+00  2.8290E+00  2.9583E+00  3.0521E+00  3.2406E+00  3.0205E+00  3.2011E+00  4.3455E+00
       3.0145E+00  3.2749E+00  2.4468E+00  3.0334E+00  3.2794E+00  2.9614E+00  2.6114E+00  3.4572E+00  3.1999E+00  4.3057E+00
       4.6631E+00  3.1236E+00  2.9462E+00  2.7919E+00  3.0519E+00  2.9964E+00  2.9829E+00  2.3076E+00  3.1482E+00  4.0710E+00
       3.1873E+00  3.2002E+00  3.0121E+00  2.6114E+00  2.6572E+00  2.8859E+00  3.0224E+00  2.2459E+00  3.9293E+00  2.9780E+00
       3.6626E+00  2.7382E+00  2.8307E+00  2.7107E+00  2.3335E+00  3.0770E+00  2.7069E+00  3.3010E+00  4.0506E+00  3.0864E+00
       4.4192E+00  2.9804E+00  2.9593E+00  2.8217E+00  3.4069E+00  2.1576E+00  1.8566E+00  2.6170E+00  2.8593E+00  2.7468E+00
       3.4279E+00  2.9244E+00  3.4771E+00  2.8769E+00  3.0100E+00  2.7400E+00  2.7298E+00  3.0613E+00  3.2604E+00  3.5889E+00
       3.1408E+00  4.3477E+00  3.0918E+00  2.3820E+00  2.6953E+00  3.1386E+00  2.5256E+00  2.7052E+00  3.4763E+00  4.1866E+00
       4.5176E+00  3.4123E+00  3.2467E+00  2.7611E+00  3.7887E+00  2.9698E+00  2.9665E+00  3.4913E+00  3.3898E+00  4.4035E+00
       3.4578E+00  4.2740E+00  4.6038E+00  2.9399E+00  3.1360E+00  4.4929E+00  3.0639E+00  2.8662E+00  3.1444E+00  4.7155E+00
       4.7565E+00  4.4295E+00  2.8695E+00  2.7768E+00  2.2954E+00  3.0633E+00  3.3950E+00  3.8634E+00  2.7649E+00  5.8917E+00
       4.1294E+00  3.3431E+00  3.5290E+00  2.7797E+00  2.8341E+00  3.0598E+00  2.4875E+00  3.9693E+00  2.7175E+00  3.6011E+00
       4.1534E+00  3.7172E+00  3.0289E+00  2.8184E+00  2.6908E+00  2.3137E+00  3.2531E+00  2.7232E+00  4.8678E+00  4.3284E+00
       4.9379E+00  4.4787E+00  3.2815E+00  2.9372E+00  3.0448E+00  2.8381E+00  1.9087E+00  2.6068E+00  3.4498E+00  3.7291E+00
       3.6784E+00  2.8886E+00  2.8722E+00  2.8198E+00  3.0300E+00  3.3059E+00  2.4586E+00  3.4487E+00  3.7086E+00  2.1155E+00
       5.3495E+00  3.7506E+00  3.1103E+00  2.5908E+00  3.4076E+00  3.0910E+00  1.9186E+00  3.6005E+00  4.2879E+00  4.0380E+00
       4.0271E+00  3.6607E+00  3.6219E+00  3.5244E+00  3.2819E+00  3.3775E+00  2.6526E+00  3.9097E+00  3.6873E+00  3.5867E+00
       3.7799E+00  3.1549E+00  3.6335E+00  2.6411E+00  3.6851E+00  2.9827E+00  3.2590E+00  2.9022E+00  3.8742E+00  4.2799E+00
       6.0382E+00  2.7427E+00  3.3479E+00  2.8101E+00  3.8262E+00  3.1510E+00  3.3716E+00  2.8810E+00  4.5312E+00  4.5764E+00
       5.6041E+00  4.9326E+00  5.3965E+00  3.0912E+00  3.8663E+00  4.4727E+00  5.3362E+00  3.8909E+00  4.2602E+00  5.0726E+00
       4.9311E+00  4.2797E+00  3.2001E+00  2.8796E+00  4.7771E+00  3.9404E+00  3.6246E+00  4.4192E+00  4.1346E+00  4.0662E+00
       4.5466E+00  4.1989E+00  3.8373E+00  3.6094E+00  3.3172E+00  2.9587E+00  2.8710E+00  3.3392E+00  3.0639E+00  4.5170E+00
       5.7596E+00  3.5747E+00  3.9701E+00  3.6284E+00  2.3793E+00  2.7368E+00  3.4455E+00  3.2647E+00  4.5661E+00  4.3360E+00
       4.5752E+00  4.1305E+00  3.0596E+00  2.2140E+00  2.1609E+00  2.4853E+00  3.6072E+00  2.6544E+00  3.9494E+00  4.5076E+00
       4.3889E+00  4.2005E+00  3.1836E+00  3.5226E+00  2.8235E+00  3.2810E+00  2.3481E+00  3.8766E+00  4.3269E+00  4.3261E+00
       3.9965E+00  3.3212E+00  4.7283E+00  3.1654E+00  3.2082E+00  3.7182E+00  2.4911E+00  3.4385E+00  4.4207E+00  3.0051E+00
       4.0547E+00  4.1341E+00  5.0297E+00  3.7262E+00  3.3171E+00  3.7498E+00  2.5841E+00  4.5494E+00  4.0486E+00  3.9660E+00
       4.3891E+00  4.0414E+00  4.0250E+00  3.8414E+00  3.2605E+00  3.8426E+00  4.4467E+00  3.5782E+00  3.8013E+00  4.8552E+00
       4.9323E+00  3.3992E+00  4.4788E+00  3.4936E+00  3.0879E+00  2.7622E+00  3.2572E+00  4.0802E+00  4.5558E+00  5.9881E+00
       7.1971E+00  6.0280E+00  5.4110E+00  5.4935E+00  3.9409E+00  3.5944E+00  5.1828E+00  4.9399E+00  5.8712E+00  5.8457E+00
       6.7339E+00  5.6581E+00  4.9595E+00  4.4258E+00  3.7291E+00  4.5517E+00  5.4419E+00  5.1866E+00  5.3874E+00  4.8750E+00
       4.6395E+00  6.1913E+00  3.9926E+00  3.8632E+00  4.1791E+00  2.6735E+00  3.1666E+00  4.4742E+00  4.7624E+00  4.9196E+00
       4.9944E+00  4.1932E+00  3.4998E+00  4.2919E+00  3.8399E+00  3.1810E+00  4.3796E+00  4.9541E+00  4.4359E+00  2.8818E+00
       5.8541E+00  4.6615E+00  2.7208E+00  3.4184E+00  3.8435E+00  3.6200E+00  5.0133E+00  3.7660E+00  4.1323E+00  4.5450E+00
       4.4617E+00  4.8207E+00  3.5931E+00  3.7475E+00  3.2779E+00  3.9014E+00  3.5881E+00  3.8914E+00  4.6707E+00  5.0003E+00
       6.7235E+00  4.1062E+00  4.4183E+00  3.7101E+00  3.4499E+00  4.7377E+00  3.1446E+00  3.5646E+00  5.2390E+00  4.7226E+00
       5.7665E+00  5.2501E+00  4.2559E+00  4.5593E+00  4.5078E+00  4.3306E+00  3.3285E+00  4.1898E+00  3.8512E+00  4.4680E+00
       5.5517E+00  4.4127E+00  3.9505E+00  5.3737E+00  4.2310E+00  3.7785E+00  4.3254E+00  3.4404E+00  4.7239E+00  4.9402E+00
       7.0058E+00  5.3336E+00  5.4623E+00  5.1419E+00  3.8892E+00  4.1071E+00  4.5143E+00  5.2779E+00  6.6122E+00  6.3992E+00
       9.1616E+00  5.2990E+00  3.3670E+00  6.3441E+00  5.1803E+00  3.6221E+00  5.1219E+00  4.5258E+00  5.0763E+00  5.3183E+00
       7.4225E+00  5.2674E+00  4.6286E+00  4.7151E+00  3.9437E+00  4.8418E+00  5.3827E+00  6.2374E+00  4.6310E+00  7.5533E+00
       3.8774E+00  4.9065E+00  5.8732E+00  4.4160E+00  5.0923E+00  3.9970E+00  3.8271E+00  4.7839E+00  6.1551E+00  6.7850E+00
       5.1060E+00  3.9199E+00  4.8994E+00  5.3155E+00  3.2133E+00  5.1390E+00  5.4585E+00  4.4767E+00  6.2029E+00  5.6723E+00
       5.0680E+00  5.4360E+00  3.2776E+00  5.6696E+00  3.4551E+00  4.3090E+00  3.8698E+00  3.8964E+00  5.4033E+00  7.3951E+00
       3.1062E+00  3.9201E+00  4.1417E+00  4.3497E+00  4.8453E+00  3.8066E+00  4.3127E+00  3.8913E+00  4.8003E+00  6.1309E+00
       6.6032E+00  5.2904E+00  4.9069E+00  5.5513E+00  3.6141E+00  4.2506E+00  3.8964E+00  4.3955E+00  5.4633E+00  5.2203E+00
       5.0708E+00  6.4153E+00  5.0184E+00  5.8794E+00  6.2869E+00  4.5828E+00  3.5679E+00  4.4294E+00  4.8900E+00  5.4124E+00
       6.8968E+00  4.8328E+00  4.0920E+00  5.0525E+00  5.8208E+00  4.7344E+00  5.1472E+00  4.2522E+00  4.6280E+00  7.4691E+00
       6.9391E+00  6.9027E+00  5.9138E+00  5.4466E+00  5.1415E+00  5.0278E+00  4.0109E+00  6.1959E+00  5.8485E+00  6.4691E+00
       8.9546E+00  6.4284E+00  4.9465E+00  6.4449E+00  7.6675E+00  4.3610E+00  5.6904E+00  5.7088E+00  5.6205E+00  6.3442E+00
       1.0953E+01  6.5214E+00  5.3727E+00  5.8331E+00  5.4524E+00  4.2598E+00  5.8185E+00  5.8347E+00  6.3280E+00  7.8793E+00
       7.3926E+00  5.4702E+00  5.8498E+00  4.9749E+00  5.6911E+00  3.8187E+00  3.0532E+00  5.8227E+00  6.5105E+00  7.2138E+00
       6.6432E+00  4.0179E+00  4.8959E+00  4.3345E+00  7.0112E+00  4.9611E+00  6.3423E+00  4.1382E+00  6.5932E+00  6.4612E+00
       5.4338E+00  4.7692E+00  4.4284E+00  5.8776E+00  3.2049E+00  4.6699E+00  5.3862E+00  5.0000E+00  4.3047E+00  7.5238E+00
       5.8831E+00  5.3121E+00  4.5447E+00  5.8576E+00  4.2108E+00  4.6284E+00  5.0611E+00  3.9272E+00  6.8793E+00  7.6568E+00
       5.4865E+00  6.0491E+00  4.3742E+00  5.2910E+00  5.4030E+00  4.3798E+00  4.7155E+00  4.4952E+00  4.6320E+00  8.6801E+00
       7.3551E+00  5.1636E+00  3.7727E+00  4.9927E+00  4.7491E+00  5.9811E+00  3.2921E+00  5.9109E+00  5.1189E+00  6.7369E+00
       8.0682E+00  6.4940E+00  5.6352E+00  5.6966E+00  5.9304E+00  4.9871E+00  4.9376E+00  3.3518E+00  5.7892E+00  9.1566E+00
       6.2444E+00  6.8549E+00  6.8908E+00  5.9384E+00  5.5145E+00  5.6550E+00  4.3262E+00  7.0497E+00  5.3609E+00  7.7172E+00
       1.1399E+01  7.2314E+00  6.4063E+00  9.2687E+00  6.7099E+00  4.5032E+00  5.9888E+00  4.8279E+00  5.8266E+00  9.4360E+00
       1.0544E+01  8.5343E+00  7.1694E+00  6.2838E+00  5.8106E+00  4.6546E+00  5.7286E+00  5.9128E+00  6.9185E+00  7.6961E+00
       7.8989E+00  7.5499E+00  5.9535E+00  6.8278E+00  6.4465E+00  4.3526E+00  6.3437E+00  6.0973E+00  7.0020E+00  6.8774E+00
       8.1568E+00  6.6384E+00  5.8298E+00  4.2922E+00  5.6158E+00  4.9173E+00  5.0086E+00  5.5241E+00  6.7681E+00  7.5986E+00
       5.4789E+00  5.9561E+00  6.2264E+00  5.2791E+00  4.5736E+00  4.2184E+00  5.1016E+00  6.2426E+00  6.0509E+00  5.7959E+00
       5.7677E+00  6.4651E+00  6.8720E+00  4.2727E+00  6.6453E+00  6.1943E+00  5.8966E+00  5.5395E+00  5.7569E+00  7.1386E+00
       5.7389E+00  5.8387E+00  7.0393E+00  5.6139E+00  5.4152E+00  4.9954E+00  5.7807E+00  6.8710E+00  5.5355E+00  7.5087E+00
       5.5093E+00  3.8006E+00  6.7442E+00  6.3074E+00  6.1889E+00  5.5560E+00  3.8451E+00  3.9774E+00  5.2700E+00  9.0939E+00
       7.5493E+00  5.8600E+00  9.1183E+00  4.8982E+00  7.6607E+00  5.5565E+00  5.3100E+00  4.4734E+00  8.0373E+00  7.6380E+00
       6.1083E+00  8.1718E+00  7.2363E+00  7.5789E+00  5.1774E+00  6.1664E+00  6.5641E+00  5.6118E+00  7.0562E+00  1.1211E+01
       1.1629E+01  9.8488E+00  8.8630E+00  1.0156E+01  7.6808E+00  7.3275E+00  6.7569E+00  8.6246E+00  8.4343E+00  8.0501E+00
       9.0085E+00  8.1511E+00  8.2764E+00  6.3121E+00  8.9324E+00  4.4955E+00  9.5404E+00  6.0728E+00  7.5250E+00  8.8375E+00
       8.3309E+00  8.4881E+00  5.9812E+00  7.2142E+00  4.9677E+00  5.2363E+00  5.1673E+00  6.5559E+00  5.7332E+00  8.4904E+00
       8.0508E+00  8.5356E+00  5.3646E+00  6.7109E+00  6.9653E+00  4.8664E+00  8.4984E+00  7.6264E+00  5.9163E+00  7.7209E+00
       7.3426E+00  8.6119E+00  5.4898E+00  6.8463E+00  5.4105E+00  6.0104E+00  5.5308E+00  6.7832E+00  5.3547E+00  6.7188E+00
       7.0610E+00  8.1935E+00  6.6539E+00  7.7350E+00  7.3175E+00  6.7179E+00  6.7332E+00  6.2031E+00  7.1414E+00  8.9657E+00
       1.0322E+01  6.8777E+00  6.3986E+00  6.0373E+00  5.2091E+00  5.1034E+00  5.1280E+00  7.3207E+00  5.8246E+00  6.1567E+00
       7.3164E+00  7.0547E+00  5.5387E+00  5.3631E+00  5.9706E+00  5.3923E+00  6.1016E+00  7.6457E+00  9.1860E+00  1.0625E+01
       8.3257E+00  8.5403E+00  5.8170E+00  7.2387E+00  5.1980E+00  6.7264E+00  6.9150E+00  7.2838E+00  1.0012E+01  9.1625E+00
       9.3986E+00  6.8077E+00  1.1916E+01  7.8398E+00  6.1073E+00  6.0056E+00  6.9078E+00  6.1994E+00  9.8111E+00  1.0731E+01
       9.1030E+00  7.5002E+00  8.0895E+00  9.3576E+00  7.9869E+00  9.1894E+00  8.2609E+00  1.0439E+01  8.2763E+00  1.2126E+01
       9.1255E+00  8.6601E+00  6.9589E+00  8.8910E+00  7.4871E+00  5.9804E+00  6.1867E+00  9.1978E+00  8.5274E+00  1.0423E+01
       8.3512E+00  7.8127E+00  7.7582E+00  6.9484E+00  8.5618E+00  7.7095E+00  6.6205E+00  7.7304E+00  8.6743E+00  9.4880E+00
       8.1077E+00  6.6299E+00  7.4668E+00  7.4965E+00  7.6550E+00  8.1289E+00  6.5145E+00  9.0053E+00  7.9399E+00  9.3725E+00
       9.2869E+00  7.3369E+00  8.1823E+00  8.3813E+00  6.1662E+00  5.5894E+00  8.2085E+00  6.1274E+00  8.3706E+00  7.6935E+00
       1.0166E+01  8.1168E+00  8.1793E+00  6.2420E+00  4.6793E+00  7.6741E+00  6.6875E+00  8.1584E+00  5.5829E+00  1.1672E+01
       8.1577E+00  9.4021E+00  6.7055E+00  7.7181E+00  4.6210E+00  8.0586E+00  5.6340E+00  6.4649E+00  7.0809E+00  8.8276E+00
       8.9848E+00  7.8625E+00  1.0897E+01  5.8163E+00  7.4833E+00  5.1752E+00  4.8542E+00  7.1922E+00  1.1861E+01  1.1151E+01
       1.1219E+01  6.0001E+00  7.7975E+00  8.1454E+00  8.4831E+00  5.7009E+00  8.3895E+00  8.7096E+00  1.2949E+01  7.9632E+00
       1.0095E+01  9.2591E+00  9.9590E+00  7.8871E+00  8.4169E+00  8.4986E+00  9.2441E+00  8.5006E+00  1.0883E+01  8.3970E+00
