1
   Cartesian binning n.   1  "DoseEq    " , generalized particle n.  240
      X coordinate: from -8.5000E+01 to  8.5000E+01 cm,    10 bins ( 1.7000E+01 cm wide)
      Y coordinate: from -2.5000E+01 to  2.5000E+01 cm,    10 bins ( 5.0000E+00 cm wide)
      Z coordinate: from  2.2500E+02 to  2.7500E+02 cm,    10 bins ( 5.0000E+00 cm wide)
      Data follow in a matrix A(ix,iy,iz), format (1(5x,1p,10(1x,e11.4)))

      accurate deposition along the tracks requested
      this is a track-length binning
       1.5421E-04  2.0027E-04  2.1932E-04  2.4559E-04  2.4500E-04  2.3837E-04  2.4537E-04  2.3245E-04  2.0006E-04  1.4868E-04
       1.9553E-04  2.2058E-04  2.4052E-04  2.8515E-04  2.9399E-04  2.9377E-04  2.7189E-04  2.5106E-04  2.1888E-04  1.6523E-04
       1.8394E-04  2.3798E-04  2.6385E-04  3.0097E-04  3.1015E-04  3.1436E-04  2.7597E-04  2.5522E-04  2.3378E-04  1.8776E-04
       1.8914E-04  2.3559E-04  2.6749E-04  3.0635E-04  3.1407E-04  3.2479E-04  2.8119E-04  2.6463E-04  2.3774E-04  1.8301E-04
       1.8645E-04  2.4520E-04  2.8312E-04  2.9654E-04  3.1826E-04  3.3580E-04  2.8509E-04  2.6500E-04  2.4144E-04  1.8688E-04
       1.8403E-04  2.4719E-04  2.8170E-04  2.9526E-04  3.0973E-04  3.4005E-04  2.9906E-04  2.7719E-04  2.5625E-04  2.0144E-04
       1.8899E-04  2.4476E-04  2.6118E-04  3.0999E-04  3.1596E-04  3.1351E-04  3.0308E-04  2.7546E-04  2.3799E-04  2.0059E-04
       1.9050E-04  2.3792E-04  2.7009E-04  2.9579E-04  3.0130E-04  3.0507E-04  2.8991E-04  2.6421E-04  2.1757E-04  1.7828E-04
       1.9696E-04  2.2558E-04  2.3355E-04  2.6523E-04  2.9583E-04  2.7338E-04  2.7527E-04  2.4852E-04  2.0429E-04  1.6744E-04
       1.5938E-04  2.0211E-04  2.0817E-04  2.5114E-04  2.5092E-04  2.4458E-04  2.3730E-04  2.1577E-04  1.9247E-04  1.5217E-04
       1.2821E-04  1.6751E-04  1.8484E-04  2.1092E-04  2.2789E-04  2.2098E-04  2.0044E-04  1.9777E-04  1.5791E-04  1.2433E-04
       1.5335E-04  1.9546E-04  2.3171E-04  2.5955E-04  2.6184E-04  2.8646E-04  2.4620E-04  2.4628E-04  2.0160E-04  1.5297E-04
       1.6578E-04  2.3132E-04  2.5903E-04  2.7686E-04  2.9573E-04  2.9141E-04  2.6533E-04  2.3697E-04  2.1847E-04  1.6309E-04
       1.7201E-04  2.3618E-04  2.6141E-04  3.0132E-04  3.1251E-04  3.0596E-04  2.8757E-04  2.6234E-04  2.4488E-04  1.6791E-04
       1.7460E-04  2.2880E-04  2.7000E-04  2.8659E-04  3.0908E-04  3.3720E-04  2.9159E-04  2.6252E-04  2.4340E-04  1.6538E-04
       1.7760E-04  2.3441E-04  2.7006E-04  2.7576E-04  3.1371E-04  3.2231E-04  2.8420E-04  2.8212E-04  2.3779E-04  1.7256E-04
       1.8187E-04  2.3695E-04  2.7344E-04  2.8918E-04  3.0243E-04  2.9464E-04  2.9136E-04  2.7020E-04  2.2029E-04  1.7964E-04
       1.7353E-04  2.3709E-04  2.5774E-04  2.8618E-04  3.0089E-04  2.8341E-04  2.6015E-04  2.4731E-04  2.0286E-04  1.6233E-04
       1.7289E-04  2.0999E-04  2.2005E-04  2.5334E-04  2.6480E-04  2.5349E-04  2.4535E-04  2.2882E-04  1.8555E-04  1.5037E-04
       1.3354E-04  1.6731E-04  1.7252E-04  2.1414E-04  2.2311E-04  2.2492E-04  2.1699E-04  1.7736E-04  1.5739E-04  1.3083E-04
       9.9964E-05  1.3775E-04  1.4581E-04  1.6826E-04  1.8134E-04  1.8161E-04  1.6664E-04  1.5670E-04  1.3421E-04  9.6906E-05
       1.2707E-04  1.5101E-04  2.0071E-04  2.0409E-04  2.3688E-04  2.3842E-04  2.0702E-04  2.0503E-04  1.8987E-04  1.2045E-04
       1.3826E-04  1.9607E-04  2.2302E-04  2.3442E-04  2.5746E-04  2.4518E-04  2.2455E-04  2.0572E-04  1.8182E-04  1.3041E-04
       1.4052E-04  1.9502E-04  2.3013E-04  2.5609E-04  2.6188E-04  2.5867E-04  2.4692E-04  2.2717E-04  2.0381E-04  1.3322E-04
       1.5398E-04  2.0864E-04  2.4012E-04  2.5992E-04  2.8196E-04  2.7375E-04  2.5511E-04  2.3747E-04  2.2043E-04  1.3552E-04
       1.5934E-04  2.1022E-04  2.3695E-04  2.6063E-04  2.7524E-04  2.6652E-04  2.4879E-04  2.4412E-04  2.0339E-04  1.3824E-04
       1.4128E-04  2.0416E-04  2.1217E-04  2.4525E-04  2.6389E-04  2.5841E-04  2.5022E-04  2.3000E-04  1.8326E-04  1.4011E-04
       1.4813E-04  1.9887E-04  2.0275E-04  2.3382E-04  2.4275E-04  2.4037E-04  2.4323E-04  2.1315E-04  1.7854E-04  1.3311E-04
       1.2973E-04  1.7374E-04  1.8911E-04  2.0987E-04  2.3549E-04  2.0659E-04  2.1102E-04  1.8202E-04  1.4731E-04  1.2659E-04
       1.0731E-04  1.3468E-04  1.3600E-04  1.6029E-04  1.7232E-04  1.8092E-04  1.6520E-04  1.4858E-04  1.2259E-04  1.0597E-04
       7.8823E-05  1.1378E-04  1.1730E-04  1.2186E-04  1.3448E-04  1.4526E-04  1.3325E-04  1.2865E-04  1.1207E-04  6.8020E-05
       9.4573E-05  1.2704E-04  1.4745E-04  1.5850E-04  1.8130E-04  1.8808E-04  1.6293E-04  1.5485E-04  1.5435E-04  1.0013E-04
       1.0542E-04  1.5098E-04  1.7946E-04  1.9397E-04  1.9947E-04  1.9592E-04  1.8742E-04  1.7649E-04  1.5337E-04  9.7398E-05
       1.1927E-04  1.5675E-04  1.9324E-04  2.0894E-04  2.0447E-04  2.1532E-04  1.9530E-04  1.7808E-04  1.7121E-04  1.0682E-04
       1.2431E-04  1.7480E-04  2.0219E-04  2.1269E-04  2.3126E-04  2.1591E-04  1.9671E-04  1.9415E-04  1.6857E-04  1.1049E-04
       1.1793E-04  1.7903E-04  2.0044E-04  2.1239E-04  2.0924E-04  2.2008E-04  2.0167E-04  2.0027E-04  1.6057E-04  1.1211E-04
       1.1091E-04  1.7957E-04  1.8867E-04  2.0702E-04  2.0961E-04  2.1271E-04  1.9649E-04  1.9639E-04  1.5691E-04  1.2045E-04
       1.1308E-04  1.5945E-04  1.7583E-04  1.9931E-04  2.1277E-04  2.0079E-04  1.9403E-04  1.7067E-04  1.4385E-04  1.1137E-04
       1.0168E-04  1.4570E-04  1.5865E-04  1.7549E-04  1.8581E-04  1.8052E-04  1.8416E-04  1.5367E-04  1.1486E-04  9.4530E-05
       7.5582E-05  9.9970E-05  1.1506E-04  1.3015E-04  1.3653E-04  1.4894E-04  1.3148E-04  1.1106E-04  9.7041E-05  8.6095E-05
       5.8085E-05  7.8477E-05  9.6124E-05  9.5250E-05  1.1005E-04  1.1904E-04  9.9269E-05  1.0562E-04  7.1228E-05  5.7266E-05
       7.0947E-05  9.9927E-05  1.2160E-04  1.3607E-04  1.5638E-04  1.5460E-04  1.3406E-04  1.2532E-04  1.1041E-04  7.9768E-05
       8.9354E-05  1.2411E-04  1.5073E-04  1.6254E-04  1.6935E-04  1.7204E-04  1.5771E-04  1.5251E-04  1.2451E-04  7.4941E-05
       9.6932E-05  1.2312E-04  1.5915E-04  1.7331E-04  1.7645E-04  1.7632E-04  1.6001E-04  1.5440E-04  1.3618E-04  7.6623E-05
       9.3865E-05  1.4920E-04  1.7605E-04  1.6655E-04  1.8381E-04  1.6182E-04  1.6877E-04  1.6132E-04  1.3714E-04  9.4310E-05
       9.3543E-05  1.5628E-04  1.7183E-04  1.8107E-04  1.7194E-04  1.7851E-04  1.6104E-04  1.5299E-04  1.4005E-04  8.7858E-05
       8.5347E-05  1.4808E-04  1.6100E-04  1.6472E-04  1.6711E-04  1.6890E-04  1.6666E-04  1.4836E-04  1.3256E-04  9.4332E-05
       9.0147E-05  1.2640E-04  1.4543E-04  1.6246E-04  1.6455E-04  1.5985E-04  1.4275E-04  1.4043E-04  1.2631E-04  8.8032E-05
       8.2823E-05  1.1124E-04  1.2307E-04  1.2785E-04  1.6050E-04  1.4615E-04  1.4466E-04  1.2229E-04  1.0192E-04  7.8294E-05
       6.2871E-05  8.8629E-05  9.8347E-05  9.6156E-05  1.1162E-04  1.1866E-04  1.0773E-04  8.7199E-05  7.7394E-05  5.9419E-05
       4.3848E-05  6.1988E-05  6.9075E-05  7.3298E-05  8.8634E-05  8.9566E-05  8.1513E-05  8.0962E-05  5.3709E-05  5.0760E-05
       6.1398E-05  8.1593E-05  1.0267E-04  1.0656E-04  1.1426E-04  1.2120E-04  1.1332E-04  9.3473E-05  8.0521E-05  6.6258E-05
       6.1320E-05  1.0332E-04  1.0470E-04  1.2836E-04  1.3790E-04  1.2627E-04  1.2834E-04  1.1356E-04  1.0334E-04  5.8061E-05
       6.6042E-05  9.8302E-05  1.2608E-04  1.3984E-04  1.3253E-04  1.3558E-04  1.3774E-04  1.2182E-04  1.1277E-04  6.2156E-05
       6.6939E-05  1.0842E-04  1.3241E-04  1.5530E-04  1.3368E-04  1.5099E-04  1.3942E-04  1.3197E-04  1.1888E-04  6.6433E-05
       6.8833E-05  1.2408E-04  1.2854E-04  1.4903E-04  1.3257E-04  1.4890E-04  1.3437E-04  1.2291E-04  1.1055E-04  7.4259E-05
       6.6295E-05  1.1026E-04  1.3485E-04  1.4193E-04  1.3365E-04  1.4243E-04  1.3880E-04  1.2314E-04  1.0690E-04  6.7314E-05
       6.1424E-05  1.0308E-04  1.1998E-04  1.2735E-04  1.2844E-04  1.3009E-04  1.2034E-04  1.1660E-04  1.0162E-04  6.9851E-05
       5.6708E-05  8.8970E-05  1.0163E-04  1.1166E-04  1.2277E-04  1.0228E-04  1.1688E-04  9.6118E-05  7.9770E-05  6.2040E-05
       4.5676E-05  7.7562E-05  7.3739E-05  7.1707E-05  8.4101E-05  7.8776E-05  9.3205E-05  7.0223E-05  5.8493E-05  4.7308E-05
       3.4176E-05  4.9905E-05  6.0915E-05  5.7824E-05  6.2565E-05  7.0786E-05  6.4587E-05  6.0274E-05  4.4262E-05  4.2132E-05
       4.5846E-05  6.7623E-05  7.6447E-05  7.8602E-05  9.2038E-05  9.3726E-05  8.4298E-05  7.8141E-05  6.2820E-05  5.3523E-05
       5.4246E-05  8.2952E-05  9.5436E-05  1.0842E-04  1.1031E-04  1.0561E-04  9.2780E-05  9.0391E-05  8.2773E-05  5.1899E-05
       5.5312E-05  8.1378E-05  9.9797E-05  1.1664E-04  1.2272E-04  1.0564E-04  1.0265E-04  9.3429E-05  9.1419E-05  5.6674E-05
       5.6114E-05  8.7790E-05  1.0533E-04  1.1945E-04  1.0645E-04  1.1614E-04  1.0355E-04  9.9573E-05  9.1040E-05  5.6013E-05
       6.2726E-05  9.0995E-05  1.1606E-04  1.0749E-04  1.1915E-04  1.1041E-04  1.0888E-04  9.9362E-05  9.5210E-05  6.2153E-05
       5.5428E-05  8.5376E-05  1.0316E-04  1.1208E-04  1.1686E-04  1.0418E-04  1.0510E-04  9.4627E-05  8.3993E-05  5.1047E-05
       5.2042E-05  8.4719E-05  9.8516E-05  1.0287E-04  1.0443E-04  9.6561E-05  1.0447E-04  9.6094E-05  8.5585E-05  5.8901E-05
       4.1193E-05  6.9355E-05  8.1056E-05  9.5906E-05  8.8282E-05  8.6255E-05  9.2338E-05  8.1724E-05  6.8027E-05  5.0911E-05
       3.5756E-05  5.3770E-05  5.7029E-05  5.7650E-05  6.4998E-05  7.0871E-05  7.7949E-05  6.3543E-05  4.6277E-05  3.7276E-05
       2.9896E-05  4.3222E-05  4.5316E-05  4.2448E-05  5.2695E-05  5.3161E-05  5.0674E-05  4.7514E-05  3.7799E-05  2.8438E-05
       3.6646E-05  5.3727E-05  5.7910E-05  5.8825E-05  7.2971E-05  7.9278E-05  7.0887E-05  6.6448E-05  5.0922E-05  3.8030E-05
       4.1911E-05  7.0503E-05  7.8113E-05  7.8788E-05  8.1441E-05  8.8286E-05  7.9602E-05  7.4862E-05  6.4860E-05  4.3296E-05
       4.2201E-05  7.3436E-05  8.8041E-05  9.4241E-05  8.4980E-05  7.7477E-05  8.3514E-05  7.1800E-05  7.7331E-05  4.8179E-05
       3.8113E-05  6.6782E-05  7.4639E-05  8.6257E-05  8.1968E-05  8.3918E-05  8.7087E-05  8.1298E-05  7.0721E-05  4.6142E-05
       4.2506E-05  6.6270E-05  8.2931E-05  8.7012E-05  8.2215E-05  8.6083E-05  8.5889E-05  7.7764E-05  8.2115E-05  4.7494E-05
       4.4301E-05  6.4587E-05  7.9336E-05  7.4950E-05  8.9339E-05  8.0655E-05  7.9746E-05  7.7088E-05  7.3881E-05  4.4700E-05
       4.0358E-05  6.5650E-05  7.1992E-05  8.0781E-05  7.7209E-05  8.7745E-05  7.5157E-05  7.2513E-05  7.0010E-05  4.3196E-05
       3.9094E-05  5.7960E-05  5.9533E-05  7.7619E-05  7.5092E-05  6.6461E-05  6.9850E-05  6.5873E-05  5.5325E-05  3.7274E-05
       2.8580E-05  4.5807E-05  4.4610E-05  4.6600E-05  4.8233E-05  5.1221E-05  6.1977E-05  4.8399E-05  4.1618E-05  3.2615E-05
       2.7010E-05  3.2915E-05  3.4315E-05  3.7376E-05  3.9114E-05  4.2651E-05  3.7932E-05  3.2303E-05  3.0311E-05  2.5694E-05
       3.3512E-05  4.0720E-05  4.7629E-05  4.9269E-05  4.8319E-05  5.9005E-05  5.1161E-05  4.2102E-05  3.7672E-05  2.6336E-05
       2.9727E-05  5.1327E-05  5.8294E-05  6.5850E-05  5.6026E-05  6.4365E-05  6.1048E-05  5.8612E-05  5.2553E-05  3.5929E-05
       3.1049E-05  5.8065E-05  6.0119E-05  6.6796E-05  5.6215E-05  6.8853E-05  7.1650E-05  6.0163E-05  5.1705E-05  3.1962E-05
       2.8355E-05  4.9162E-05  5.2551E-05  6.2225E-05  5.8277E-05  6.0260E-05  6.4774E-05  6.0563E-05  5.3821E-05  3.5554E-05
       3.7612E-05  4.6977E-05  5.6933E-05  6.5912E-05  6.5228E-05  6.1486E-05  6.3874E-05  6.5484E-05  5.5890E-05  3.6859E-05
       3.5970E-05  4.6549E-05  5.9887E-05  6.1242E-05  7.0425E-05  6.5625E-05  6.0197E-05  5.5320E-05  5.1509E-05  4.1313E-05
       2.9821E-05  4.8915E-05  5.1133E-05  5.6829E-05  5.9746E-05  6.2335E-05  5.6382E-05  6.1789E-05  4.9457E-05  3.1669E-05
       2.6795E-05  4.0931E-05  5.1521E-05  5.4829E-05  5.2568E-05  4.9001E-05  5.0904E-05  4.8525E-05  4.2343E-05  2.8006E-05
       2.2962E-05  3.3170E-05  3.6930E-05  3.5020E-05  3.8157E-05  3.5173E-05  4.0691E-05  3.3831E-05  2.6741E-05  2.1431E-05
       2.0555E-05  2.2790E-05  2.9486E-05  3.0717E-05  3.1311E-05  3.0375E-05  3.3613E-05  2.5420E-05  2.5657E-05  2.1670E-05
       2.8830E-05  3.1305E-05  3.5263E-05  3.4891E-05  3.5720E-05  3.8899E-05  3.7902E-05  3.1238E-05  2.6546E-05  2.2395E-05
       2.2699E-05  3.5909E-05  3.4779E-05  4.3140E-05  4.2750E-05  4.0213E-05  4.0556E-05  3.6564E-05  3.5186E-05  2.5327E-05
       2.4406E-05  4.0227E-05  4.2291E-05  4.8234E-05  4.3526E-05  4.3333E-05  4.6600E-05  3.8377E-05  3.5194E-05  2.4336E-05
       2.1001E-05  3.3566E-05  4.1662E-05  4.0908E-05  4.8238E-05  4.8189E-05  4.4103E-05  3.9886E-05  3.6466E-05  2.8171E-05
       2.4746E-05  3.2515E-05  4.1091E-05  4.9117E-05  4.2060E-05  4.5240E-05  4.2087E-05  4.2234E-05  4.2108E-05  2.8501E-05
       2.4704E-05  3.2735E-05  4.4115E-05  4.5791E-05  4.1286E-05  4.3664E-05  4.3269E-05  3.4933E-05  4.0614E-05  3.0742E-05
       2.5253E-05  3.8722E-05  3.6251E-05  3.8687E-05  3.6371E-05  3.9824E-05  4.1182E-05  3.6170E-05  3.6535E-05  2.3021E-05
       2.0719E-05  2.9962E-05  3.8473E-05  3.4905E-05  3.2039E-05  4.1553E-05  3.1311E-05  3.3450E-05  2.8487E-05  2.1136E-05
       1.8664E-05  1.7382E-05  2.2220E-05  2.1513E-05  3.2376E-05  3.2721E-05  2.8020E-05  2.7555E-05  2.3432E-05  1.8648E-05

      Percentage errors follow in a matrix A(ix,iy,iz), format (1(5x,1p,10(1x,e11.4)))

       3.4738E+00  3.8120E+00  3.5469E+00  3.9834E+00  3.9926E+00  4.3297E+00  3.3604E+00  3.5393E+00  3.7918E+00  4.0737E+00
       3.9849E+00  3.2416E+00  2.8562E+00  3.1761E+00  3.9366E+00  3.0618E+00  3.2213E+00  3.3241E+00  2.8297E+00  5.0462E+00
       4.7759E+00  3.0630E+00  3.2995E+00  4.0817E+00  3.4664E+00  3.5666E+00  3.5640E+00  4.3940E+00  2.8392E+00  4.4281E+00
       3.6846E+00  3.8210E+00  3.5278E+00  3.7088E+00  3.1711E+00  2.7472E+00  4.0696E+00  4.6868E+00  2.9005E+00  3.0552E+00
       5.2831E+00  3.9068E+00  2.6592E+00  2.8780E+00  3.4417E+00  3.7219E+00  3.1870E+00  4.4987E+00  2.6802E+00  4.5260E+00
       4.8451E+00  2.9568E+00  3.3270E+00  3.5240E+00  3.1809E+00  2.5697E+00  3.4140E+00  3.7104E+00  4.1796E+00  4.0347E+00
       4.2833E+00  3.8303E+00  3.5925E+00  4.4458E+00  3.7947E+00  3.3293E+00  3.9975E+00  2.6364E+00  4.9813E+00  4.6954E+00
       3.6635E+00  3.2784E+00  2.9981E+00  3.5744E+00  2.9762E+00  3.4119E+00  3.7817E+00  3.0555E+00  3.3866E+00  4.5436E+00
       3.7309E+00  2.9725E+00  3.1777E+00  2.9986E+00  2.6076E+00  2.8223E+00  3.2941E+00  3.2670E+00  6.3170E+00  4.8675E+00
       3.4827E+00  3.2316E+00  4.0406E+00  2.5613E+00  3.0168E+00  2.7185E+00  3.1550E+00  3.4160E+00  4.1850E+00  3.7693E+00
       4.6704E+00  3.1222E+00  3.3121E+00  3.5949E+00  4.0289E+00  4.5587E+00  3.5611E+00  4.4388E+00  5.0250E+00  6.2128E+00
       4.7607E+00  4.6882E+00  3.3412E+00  3.2265E+00  4.1172E+00  3.6168E+00  2.8011E+00  3.4394E+00  2.5179E+00  4.9257E+00
       5.4860E+00  4.2887E+00  3.2700E+00  3.6038E+00  4.2153E+00  2.7402E+00  3.4277E+00  4.1250E+00  4.5084E+00  5.4527E+00
       4.9016E+00  3.9609E+00  3.7089E+00  3.3170E+00  3.2503E+00  2.6957E+00  3.3028E+00  5.4173E+00  3.8617E+00  4.5065E+00
       3.9250E+00  3.5257E+00  3.3592E+00  2.9127E+00  3.2400E+00  2.6325E+00  2.9080E+00  4.4865E+00  4.0281E+00  5.5420E+00
       4.1714E+00  3.9670E+00  3.1643E+00  3.5230E+00  3.6625E+00  3.8710E+00  3.6686E+00  2.9884E+00  3.3512E+00  5.4325E+00
       3.5510E+00  4.9144E+00  4.0170E+00  3.4061E+00  4.8988E+00  3.5309E+00  4.2037E+00  2.2673E+00  4.6397E+00  4.2573E+00
       4.4785E+00  3.7313E+00  4.2028E+00  4.0791E+00  4.7134E+00  2.9844E+00  3.5918E+00  3.1531E+00  4.2151E+00  4.4823E+00
       4.4510E+00  4.1006E+00  4.2897E+00  3.8832E+00  3.6673E+00  2.8372E+00  3.0960E+00  4.8680E+00  3.7919E+00  4.9280E+00
       5.3164E+00  4.8770E+00  4.3292E+00  3.9755E+00  3.9272E+00  4.0244E+00  3.1724E+00  4.0826E+00  3.0328E+00  4.4095E+00
       5.8367E+00  4.9193E+00  4.3656E+00  4.6270E+00  4.2428E+00  3.9281E+00  5.1865E+00  4.8117E+00  4.9073E+00  5.4977E+00
       4.8389E+00  4.7339E+00  4.1377E+00  3.2287E+00  4.6452E+00  3.6837E+00  4.7925E+00  4.1841E+00  3.6967E+00  4.5208E+00
       4.6591E+00  4.6002E+00  3.6077E+00  4.0604E+00  4.4953E+00  3.2127E+00  4.7079E+00  5.2239E+00  3.7346E+00  4.8346E+00
       3.5809E+00  4.3061E+00  3.5839E+00  4.1522E+00  3.3378E+00  3.9844E+00  4.3311E+00  4.9190E+00  4.9955E+00  4.6718E+00
       4.3427E+00  4.6297E+00  4.0890E+00  3.7487E+00  5.5802E+00  3.3962E+00  3.7184E+00  3.9325E+00  4.7884E+00  3.4082E+00
       3.8210E+00  3.4219E+00  3.7028E+00  2.9289E+00  4.4705E+00  3.0730E+00  3.5381E+00  3.3063E+00  3.4683E+00  5.2529E+00
       5.1721E+00  4.7158E+00  4.5614E+00  4.0719E+00  4.2510E+00  3.5671E+00  3.9497E+00  3.9926E+00  5.0048E+00  4.4537E+00
       4.0673E+00  3.5231E+00  4.4653E+00  3.9612E+00  4.8021E+00  3.4424E+00  4.3244E+00  4.0825E+00  4.4798E+00  6.7287E+00
       5.3321E+00  3.7895E+00  4.4973E+00  3.4703E+00  3.7221E+00  3.5664E+00  4.3675E+00  3.7173E+00  4.4946E+00  6.0477E+00
       4.8138E+00  4.4532E+00  5.6391E+00  3.6876E+00  4.3526E+00  4.2770E+00  3.5357E+00  5.4148E+00  4.3855E+00  3.3566E+00
       6.3423E+00  4.1486E+00  6.0913E+00  4.4474E+00  4.5680E+00  4.7820E+00  4.9456E+00  6.3799E+00  6.0002E+00  5.6575E+00
       5.9138E+00  4.1874E+00  4.8194E+00  3.7234E+00  5.6205E+00  4.1989E+00  3.9575E+00  4.4908E+00  4.2879E+00  5.5645E+00
       6.3627E+00  5.0658E+00  3.9741E+00  4.2691E+00  4.3056E+00  4.2993E+00  5.1774E+00  4.1900E+00  4.3926E+00  6.1756E+00
       4.1903E+00  5.1308E+00  3.7748E+00  3.5454E+00  3.6164E+00  3.5284E+00  3.3564E+00  4.7904E+00  4.0625E+00  4.7888E+00
       5.1014E+00  3.8214E+00  4.1021E+00  4.3733E+00  5.5526E+00  4.7853E+00  4.1250E+00  4.9127E+00  4.9329E+00  5.7507E+00
       6.1997E+00  4.8397E+00  4.3064E+00  3.7713E+00  4.0426E+00  3.4950E+00  3.5588E+00  4.7444E+00  4.7262E+00  7.0249E+00
       3.2770E+00  3.7396E+00  3.5286E+00  5.0831E+00  5.4223E+00  3.5440E+00  2.9557E+00  4.6419E+00  4.0891E+00  5.6221E+00
       4.3150E+00  4.4542E+00  4.2955E+00  5.1611E+00  5.0752E+00  3.1235E+00  3.8564E+00  4.6948E+00  5.5562E+00  5.9446E+00
       5.9371E+00  4.4625E+00  5.0081E+00  5.2769E+00  3.5560E+00  4.2515E+00  4.4397E+00  4.3576E+00  5.7929E+00  6.3269E+00
       5.9871E+00  4.8261E+00  5.1721E+00  5.4137E+00  5.2608E+00  6.5845E+00  5.4172E+00  5.9651E+00  5.9932E+00  5.0862E+00
       9.9407E+00  6.7606E+00  5.7189E+00  4.5459E+00  6.0673E+00  5.4750E+00  6.0707E+00  5.4758E+00  7.5736E+00  8.4897E+00
       7.2462E+00  6.5022E+00  6.2273E+00  4.7507E+00  5.3054E+00  4.0209E+00  4.3549E+00  4.9098E+00  5.0437E+00  6.3912E+00
       6.5579E+00  5.6818E+00  4.0808E+00  5.2353E+00  5.4582E+00  4.7120E+00  4.5567E+00  4.1818E+00  6.1618E+00  5.3642E+00
       5.9698E+00  5.9370E+00  4.4472E+00  4.0662E+00  3.8202E+00  5.5911E+00  5.8686E+00  4.2483E+00  4.7124E+00  5.7453E+00
       6.2944E+00  5.7059E+00  4.3077E+00  5.1422E+00  3.9505E+00  5.4786E+00  4.2935E+00  5.2340E+00  4.3198E+00  5.8447E+00
       6.2597E+00  5.2523E+00  4.1675E+00  4.2700E+00  4.3530E+00  4.8976E+00  2.8444E+00  5.5017E+00  5.8019E+00  7.5023E+00
       6.7162E+00  4.3740E+00  4.9472E+00  3.7701E+00  4.0574E+00  4.3113E+00  4.3170E+00  5.1649E+00  4.9883E+00  6.2553E+00
       4.4260E+00  5.1874E+00  5.4964E+00  3.9258E+00  3.7281E+00  5.5831E+00  4.2046E+00  5.6935E+00  4.5876E+00  5.5193E+00
       5.7222E+00  5.8135E+00  6.4968E+00  4.2752E+00  4.0769E+00  4.8210E+00  4.2083E+00  5.6517E+00  5.8384E+00  8.6030E+00
       6.9695E+00  4.4339E+00  5.4642E+00  6.9832E+00  4.9644E+00  6.2786E+00  5.3825E+00  6.0018E+00  6.9867E+00  8.9862E+00
       1.0204E+01  6.8933E+00  6.7982E+00  6.7510E+00  6.9101E+00  5.4759E+00  8.6879E+00  6.4929E+00  7.0892E+00  9.0677E+00
       8.8862E+00  6.8529E+00  7.8492E+00  5.9636E+00  5.3192E+00  5.9991E+00  5.7065E+00  5.9241E+00  6.2556E+00  6.2640E+00
       6.5797E+00  4.9738E+00  6.0551E+00  7.9902E+00  6.3824E+00  5.1090E+00  4.4964E+00  4.7350E+00  4.9295E+00  8.9034E+00
       8.4979E+00  6.2421E+00  4.7531E+00  5.3502E+00  4.9824E+00  5.4473E+00  6.7771E+00  6.5112E+00  5.6548E+00  7.6090E+00
       7.1700E+00  6.3341E+00  6.3727E+00  4.5828E+00  4.8491E+00  5.9593E+00  4.4022E+00  3.3510E+00  4.2811E+00  7.5280E+00
       7.5553E+00  5.3733E+00  5.0132E+00  4.1304E+00  4.2372E+00  5.4981E+00  5.2010E+00  4.8821E+00  5.6071E+00  4.8088E+00
       7.1852E+00  6.5817E+00  6.8417E+00  4.7902E+00  5.7036E+00  4.0555E+00  3.9496E+00  5.6503E+00  5.3947E+00  5.8080E+00
       6.5561E+00  7.1090E+00  5.6501E+00  4.1815E+00  4.0957E+00  6.7150E+00  5.0548E+00  4.6957E+00  8.1477E+00  5.8398E+00
       7.6896E+00  6.2233E+00  6.0222E+00  4.0813E+00  6.3518E+00  6.1292E+00  5.6960E+00  6.2514E+00  4.9035E+00  8.3333E+00
       1.0323E+01  6.4364E+00  6.0521E+00  8.1031E+00  3.9137E+00  5.2540E+00  6.8235E+00  5.2908E+00  5.9603E+00  8.0061E+00
       7.7610E+00  8.9655E+00  6.8804E+00  1.0820E+01  7.9400E+00  7.9477E+00  7.0276E+00  7.1369E+00  7.9691E+00  7.1124E+00
       9.7445E+00  7.0178E+00  6.9289E+00  7.2688E+00  8.0510E+00  5.7325E+00  7.7215E+00  5.3686E+00  6.6186E+00  9.5315E+00
       8.5730E+00  5.9631E+00  6.1575E+00  7.8224E+00  7.1306E+00  6.2768E+00  6.6516E+00  5.4600E+00  6.5773E+00  7.5926E+00
       7.9831E+00  6.1642E+00  5.5281E+00  5.2116E+00  5.7366E+00  3.9717E+00  6.6018E+00  5.9161E+00  7.1555E+00  9.1201E+00
       8.3845E+00  6.0986E+00  5.9486E+00  6.7031E+00  4.7234E+00  5.2879E+00  6.6827E+00  6.1847E+00  5.1826E+00  6.8409E+00
       6.5017E+00  4.7483E+00  5.6022E+00  6.4564E+00  6.2606E+00  4.6544E+00  5.6370E+00  5.1357E+00  6.0184E+00  6.5238E+00
       8.9303E+00  5.7702E+00  7.0046E+00  6.0514E+00  4.7565E+00  6.5932E+00  7.7348E+00  5.1659E+00  6.3953E+00  9.0753E+00
       8.7528E+00  8.2214E+00  6.7606E+00  4.7321E+00  5.7748E+00  7.2667E+00  5.8846E+00  6.6987E+00  6.2595E+00  7.8619E+00
       6.9734E+00  7.0964E+00  6.3788E+00  4.8111E+00  8.5245E+00  6.1529E+00  5.7728E+00  5.2643E+00  5.9780E+00  9.6030E+00
       9.7998E+00  7.1654E+00  6.4965E+00  8.3703E+00  5.6751E+00  7.5519E+00  8.2296E+00  5.3776E+00  6.5613E+00  1.0360E+01
       1.1292E+01  8.7659E+00  5.7853E+00  9.1180E+00  8.7124E+00  8.4680E+00  7.6282E+00  6.5053E+00  7.3873E+00  9.7025E+00
       8.3666E+00  8.5675E+00  8.2684E+00  7.4623E+00  7.2262E+00  5.8717E+00  7.8366E+00  5.6471E+00  6.7734E+00  1.0635E+01
       7.6690E+00  5.3736E+00  5.8331E+00  7.5895E+00  7.3859E+00  8.3997E+00  8.0019E+00  6.7314E+00  4.4239E+00  7.4011E+00
       1.0532E+01  8.5166E+00  6.0870E+00  5.4442E+00  5.9323E+00  6.6046E+00  6.5073E+00  6.5871E+00  6.7391E+00  1.0352E+01
       1.0597E+01  8.1209E+00  6.6048E+00  5.6232E+00  3.8795E+00  6.2247E+00  4.9840E+00  5.5269E+00  8.1333E+00  1.0294E+01
       8.0699E+00  5.8339E+00  6.9258E+00  7.0417E+00  4.3105E+00  4.6589E+00  5.6372E+00  5.6964E+00  6.3774E+00  5.6259E+00
       9.3089E+00  5.3092E+00  6.7270E+00  6.1741E+00  5.1677E+00  6.0620E+00  7.4820E+00  6.8309E+00  8.1255E+00  7.3231E+00
       1.0122E+01  6.0906E+00  5.8582E+00  5.8603E+00  7.9470E+00  7.3959E+00  7.9624E+00  7.7743E+00  6.2505E+00  7.8533E+00
       8.3955E+00  6.3132E+00  8.9462E+00  6.8231E+00  7.6490E+00  9.5003E+00  7.5306E+00  6.0803E+00  7.2333E+00  1.0862E+01
       1.0022E+01  1.0339E+01  6.8273E+00  9.0869E+00  7.6072E+00  7.5830E+00  8.3852E+00  7.2349E+00  9.0372E+00  1.1574E+01
       9.2940E+00  7.1668E+00  8.5088E+00  8.4786E+00  1.0838E+01  9.7067E+00  8.4170E+00  8.6064E+00  8.0948E+00  9.5549E+00
       1.1018E+01  5.7355E+00  6.8554E+00  9.9680E+00  7.5907E+00  8.0780E+00  5.9821E+00  7.9709E+00  9.4779E+00  8.3081E+00
       1.1510E+01  8.0115E+00  1.0955E+01  8.0180E+00  8.9010E+00  7.5490E+00  8.0138E+00  6.1030E+00  8.4766E+00  1.1251E+01
       9.0896E+00  8.1308E+00  6.6010E+00  6.5925E+00  7.9735E+00  7.2769E+00  5.4470E+00  6.9086E+00  6.9706E+00  1.1951E+01
       1.0963E+01  9.5557E+00  8.4292E+00  8.3433E+00  8.5303E+00  6.8289E+00  8.5047E+00  8.0083E+00  1.0182E+01  8.5325E+00
       9.4889E+00  6.4366E+00  9.0591E+00  7.3052E+00  6.2470E+00  6.9359E+00  6.9595E+00  7.1278E+00  7.7551E+00  9.1784E+00
       1.0541E+01  7.7629E+00  8.3394E+00  9.1630E+00  6.2272E+00  9.7057E+00  8.1453E+00  9.4757E+00  7.5496E+00  6.7602E+00
       8.7999E+00  9.0513E+00  8.2144E+00  9.3187E+00  8.3393E+00  7.1405E+00  6.1577E+00  9.3117E+00  6.7955E+00  8.9494E+00
       1.0355E+01  8.6417E+00  8.6593E+00  8.7274E+00  5.7884E+00  9.4150E+00  8.7164E+00  7.4499E+00  7.4631E+00  8.8512E+00
       1.3960E+01  9.8655E+00  9.6151E+00  1.2188E+01  7.5439E+00  9.3354E+00  9.8208E+00  8.1996E+00  1.1670E+01  1.2298E+01
       8.5585E+00  1.1344E+01  1.0262E+01  8.8773E+00  9.3038E+00  8.3924E+00  8.2673E+00  1.6534E+01  1.2171E+01  9.0955E+00
       9.9084E+00  9.3495E+00  1.0803E+01  8.5375E+00  8.3838E+00  8.8329E+00  6.7062E+00  1.0999E+01  1.0911E+01  9.2038E+00
       1.1000E+01  8.4138E+00  9.3853E+00  1.0640E+01  1.1207E+01  7.7573E+00  8.8535E+00  8.3903E+00  7.7905E+00  7.9109E+00
       9.7663E+00  9.6262E+00  5.7654E+00  8.0042E+00  8.1396E+00  8.4711E+00  8.3045E+00  8.2225E+00  1.1098E+01  1.5449E+01
       8.9464E+00  9.3492E+00  8.3074E+00  9.3462E+00  9.2412E+00  8.4042E+00  1.1708E+01  1.0464E+01  1.0614E+01  1.3020E+01
       9.8141E+00  1.0899E+01  7.3474E+00  8.2290E+00  8.0421E+00  7.2525E+00  8.9843E+00  9.6882E+00  8.4790E+00  9.6718E+00
       1.2213E+01  1.0742E+01  1.0225E+01  8.8933E+00  8.8285E+00  9.8621E+00  1.0290E+01  1.0871E+01  9.3702E+00  1.1893E+01
       9.2458E+00  1.1204E+01  7.0453E+00  1.1446E+01  9.4830E+00  8.3722E+00  1.0550E+01  7.7921E+00  7.6515E+00  1.1246E+01
       1.1621E+01  8.4087E+00  1.0293E+01  7.9096E+00  7.7024E+00  7.3068E+00  1.0674E+01  8.3246E+00  9.7455E+00  1.0356E+01
       1.3423E+01  1.0310E+01  1.1381E+01  1.1075E+01  7.5805E+00  5.8018E+00  8.0363E+00  9.2390E+00  1.4090E+01  1.3290E+01
