1
   Cartesian binning n.   1  "DoseEq    " , generalized particle n.  240
      X coordinate: from -8.5000E+01 to  8.5000E+01 cm,    10 bins ( 1.7000E+01 cm wide)
      Y coordinate: from -2.5000E+01 to  2.5000E+01 cm,    10 bins ( 5.0000E+00 cm wide)
      Z coordinate: from  2.2500E+02 to  2.7500E+02 cm,    10 bins ( 5.0000E+00 cm wide)
      Data follow in a matrix A(ix,iy,iz), format (1(5x,1p,10(1x,e11.4)))

      accurate deposition along the tracks requested
      this is a track-length binning
       2.4840E-04  3.2020E-04  3.7533E-04  4.1267E-04  4.1624E-04  4.4024E-04  4.1478E-04  3.8078E-04  3.4622E-04  2.8273E-04
       2.9326E-04  3.7534E-04  4.3864E-04  4.8556E-04  4.9744E-04  5.0291E-04  4.6848E-04  4.4098E-04  3.7608E-04  2.9876E-04
       3.2112E-04  3.9260E-04  4.6480E-04  5.0625E-04  5.2077E-04  5.4827E-04  5.0311E-04  4.6290E-04  4.1038E-04  3.1520E-04
       3.2156E-04  4.0941E-04  4.8271E-04  5.2776E-04  5.3287E-04  5.2894E-04  5.0789E-04  4.7660E-04  4.1592E-04  3.2818E-04
       3.2375E-04  4.2740E-04  4.9247E-04  5.1655E-04  5.7675E-04  5.3542E-04  5.2418E-04  4.8109E-04  4.3403E-04  3.3742E-04
       3.3964E-04  4.1405E-04  4.7053E-04  5.3437E-04  5.5644E-04  5.4684E-04  4.9236E-04  4.6095E-04  4.1787E-04  3.2479E-04
       3.3459E-04  4.1028E-04  4.9467E-04  5.3127E-04  5.3301E-04  5.6017E-04  4.9170E-04  4.6891E-04  4.1821E-04  3.3438E-04
       3.2730E-04  4.1841E-04  4.8501E-04  5.1017E-04  5.1984E-04  5.3720E-04  4.7212E-04  4.5437E-04  4.3454E-04  3.2882E-04
       3.0600E-04  4.0380E-04  4.2620E-04  4.5741E-04  4.8419E-04  4.9146E-04  4.5217E-04  4.2272E-04  3.9059E-04  3.2611E-04
       2.8712E-04  3.4399E-04  3.8921E-04  4.0820E-04  4.4692E-04  4.2258E-04  4.0686E-04  3.6279E-04  3.4945E-04  2.8144E-04
       2.0222E-04  2.6179E-04  3.1298E-04  3.4596E-04  3.5248E-04  3.5178E-04  3.4010E-04  3.1801E-04  2.8943E-04  2.1934E-04
       2.4010E-04  3.2715E-04  3.9905E-04  4.2635E-04  4.5557E-04  4.3071E-04  4.0259E-04  3.8520E-04  3.4457E-04  2.5166E-04
       2.5993E-04  3.8156E-04  4.2084E-04  4.8127E-04  4.8063E-04  4.8372E-04  4.5806E-04  4.1821E-04  3.6795E-04  2.7110E-04
       2.8732E-04  3.8172E-04  4.6956E-04  4.9420E-04  4.9672E-04  5.0764E-04  4.8216E-04  4.3215E-04  3.6738E-04  2.9412E-04
       2.8512E-04  3.9376E-04  4.7194E-04  4.9496E-04  5.2037E-04  4.9909E-04  4.9582E-04  4.6393E-04  4.0585E-04  3.0113E-04
       2.9262E-04  3.7640E-04  4.5381E-04  4.9955E-04  5.2327E-04  5.2635E-04  4.9941E-04  4.4527E-04  3.7321E-04  2.8081E-04
       2.8295E-04  3.7122E-04  4.3200E-04  4.9265E-04  5.0104E-04  5.1716E-04  4.7319E-04  4.5999E-04  3.8335E-04  2.9057E-04
       2.6557E-04  3.6695E-04  4.3438E-04  4.5457E-04  4.6934E-04  5.0719E-04  4.3853E-04  4.2661E-04  3.7032E-04  2.8144E-04
       2.6195E-04  3.3277E-04  3.8670E-04  4.0964E-04  4.4139E-04  4.4717E-04  4.2612E-04  3.8634E-04  3.1886E-04  2.7403E-04
       2.1500E-04  2.8742E-04  3.1227E-04  3.4197E-04  3.6869E-04  3.5912E-04  3.3212E-04  2.9612E-04  2.6308E-04  2.1430E-04
       1.4671E-04  1.9678E-04  2.4214E-04  2.6538E-04  2.7505E-04  2.7725E-04  2.5492E-04  2.4536E-04  2.1586E-04  1.4638E-04
       1.8894E-04  2.6843E-04  3.2914E-04  3.5808E-04  3.5754E-04  3.5361E-04  3.4442E-04  3.1627E-04  2.8150E-04  1.9859E-04
       2.1488E-04  3.1215E-04  3.5044E-04  3.9724E-04  4.0926E-04  4.2536E-04  3.7873E-04  3.3866E-04  3.0024E-04  2.2193E-04
       2.2486E-04  3.1651E-04  3.9173E-04  4.0425E-04  4.3887E-04  4.3480E-04  3.9530E-04  3.6637E-04  3.1798E-04  2.3438E-04
       2.2344E-04  3.2595E-04  3.8944E-04  4.0811E-04  4.3642E-04  4.2216E-04  4.0303E-04  3.7696E-04  3.3117E-04  2.4412E-04
       2.2153E-04  3.1441E-04  3.8603E-04  4.2013E-04  4.4099E-04  4.5045E-04  3.9978E-04  3.8411E-04  3.0177E-04  2.4170E-04
       2.3207E-04  2.9537E-04  3.5926E-04  4.2052E-04  4.3343E-04  4.4231E-04  4.2267E-04  3.7649E-04  3.1623E-04  2.3488E-04
       2.1063E-04  2.9324E-04  3.5381E-04  3.7851E-04  4.0070E-04  4.2511E-04  3.6025E-04  3.4167E-04  2.9542E-04  2.2023E-04
       2.0005E-04  2.5751E-04  3.2641E-04  3.4060E-04  3.6165E-04  3.6303E-04  3.3439E-04  3.1200E-04  2.6791E-04  2.1545E-04
       1.5813E-04  2.1483E-04  2.3848E-04  2.6577E-04  2.9269E-04  2.7044E-04  2.7227E-04  2.3557E-04  1.9254E-04  1.5495E-04
       1.1999E-04  1.6405E-04  1.9502E-04  2.1915E-04  2.2201E-04  2.1685E-04  2.0199E-04  1.7527E-04  1.7544E-04  1.1106E-04
       1.5601E-04  2.0933E-04  2.4173E-04  2.7475E-04  2.8067E-04  3.0444E-04  2.6742E-04  2.3213E-04  2.1547E-04  1.5453E-04
       1.6628E-04  2.4891E-04  2.8551E-04  3.1091E-04  3.3597E-04  3.4012E-04  2.9419E-04  2.6664E-04  2.4497E-04  1.8425E-04
       1.9282E-04  2.4948E-04  3.0291E-04  3.3436E-04  3.4670E-04  3.5948E-04  3.1625E-04  2.8853E-04  2.5480E-04  1.8054E-04
       1.7594E-04  2.5561E-04  3.0994E-04  3.3659E-04  3.5911E-04  3.6735E-04  3.3055E-04  2.9885E-04  2.6144E-04  1.9399E-04
       1.8682E-04  2.5037E-04  3.2296E-04  3.4746E-04  3.4921E-04  3.6118E-04  3.3129E-04  3.1749E-04  2.4784E-04  1.7133E-04
       1.8604E-04  2.5378E-04  3.0306E-04  3.3294E-04  3.5689E-04  3.5983E-04  3.2468E-04  2.9757E-04  2.4070E-04  1.8414E-04
       1.6193E-04  2.3279E-04  2.7754E-04  2.9329E-04  3.2240E-04  3.5559E-04  2.9096E-04  2.7102E-04  2.3896E-04  1.8653E-04
       1.6156E-04  2.0054E-04  2.5039E-04  2.7812E-04  2.8440E-04  3.0119E-04  2.5612E-04  2.2530E-04  2.1024E-04  1.6240E-04
       1.1857E-04  1.5536E-04  1.9226E-04  2.0366E-04  2.2873E-04  2.1351E-04  2.0186E-04  1.7914E-04  1.5093E-04  1.0997E-04
       7.8356E-05  1.1592E-04  1.3840E-04  1.6728E-04  1.5580E-04  1.7600E-04  1.5644E-04  1.3367E-04  1.3453E-04  8.2103E-05
       1.1782E-04  1.5923E-04  1.8033E-04  2.1318E-04  2.2414E-04  2.3245E-04  2.0803E-04  1.8349E-04  1.6143E-04  1.1355E-04
       1.2774E-04  1.9210E-04  2.2483E-04  2.4810E-04  2.5313E-04  2.6417E-04  2.4343E-04  1.9999E-04  1.8688E-04  1.2912E-04
       1.4612E-04  1.9804E-04  2.3698E-04  2.5938E-04  2.7998E-04  2.7198E-04  2.6320E-04  2.2540E-04  2.0786E-04  1.3742E-04
       1.3671E-04  2.0623E-04  2.4776E-04  2.7771E-04  2.8724E-04  2.9584E-04  2.6544E-04  2.4413E-04  2.0469E-04  1.5014E-04
       1.3986E-04  2.0054E-04  2.3137E-04  2.7803E-04  2.7886E-04  2.9047E-04  2.5918E-04  2.4847E-04  1.9142E-04  1.4127E-04
       1.4569E-04  1.9483E-04  2.3649E-04  2.7141E-04  2.8078E-04  2.8360E-04  2.6566E-04  2.3463E-04  1.9041E-04  1.3964E-04
       1.3439E-04  1.7868E-04  2.1584E-04  2.5446E-04  2.5617E-04  2.8092E-04  2.2880E-04  2.0822E-04  1.8682E-04  1.4186E-04
       1.2032E-04  1.6133E-04  1.9629E-04  2.0566E-04  2.2247E-04  2.3696E-04  2.1024E-04  1.8911E-04  1.5646E-04  1.1466E-04
       8.1269E-05  1.1103E-04  1.4103E-04  1.4677E-04  1.6748E-04  1.7016E-04  1.5533E-04  1.3075E-04  1.1253E-04  9.2511E-05
       6.4029E-05  8.5521E-05  1.0704E-04  1.1728E-04  1.2692E-04  1.3981E-04  1.2061E-04  1.1432E-04  9.9362E-05  6.3968E-05
       9.1576E-05  1.1741E-04  1.4874E-04  1.7049E-04  1.8286E-04  1.8406E-04  1.7896E-04  1.5307E-04  1.2751E-04  9.4642E-05
       9.6457E-05  1.5309E-04  1.7862E-04  1.9304E-04  2.0121E-04  2.0665E-04  1.9912E-04  1.7141E-04  1.4307E-04  1.0580E-04
       1.0534E-04  1.5644E-04  1.8958E-04  2.1840E-04  2.1767E-04  2.1947E-04  2.2064E-04  1.8575E-04  1.6078E-04  1.0646E-04
       1.1722E-04  1.6787E-04  1.8544E-04  2.1036E-04  2.2319E-04  2.2130E-04  2.1858E-04  1.9805E-04  1.6125E-04  1.2076E-04
       1.1782E-04  1.6533E-04  1.7551E-04  1.9862E-04  2.2087E-04  2.2844E-04  2.1045E-04  1.9145E-04  1.5343E-04  1.1930E-04
       1.1427E-04  1.5662E-04  1.8364E-04  2.0899E-04  2.3407E-04  2.2866E-04  2.1469E-04  1.8259E-04  1.4893E-04  1.0946E-04
       1.0296E-04  1.4479E-04  1.7346E-04  2.0874E-04  1.9906E-04  2.0543E-04  1.9168E-04  1.7276E-04  1.3918E-04  1.0106E-04
       9.0308E-05  1.3084E-04  1.4849E-04  1.5882E-04  1.7733E-04  1.8983E-04  1.6921E-04  1.4751E-04  1.2194E-04  8.8499E-05
       6.6582E-05  8.9510E-05  1.0396E-04  1.1316E-04  1.2900E-04  1.2236E-04  1.2487E-04  1.1102E-04  8.8267E-05  6.5068E-05
       5.1666E-05  6.8996E-05  8.8682E-05  9.5716E-05  1.0037E-04  9.9730E-05  1.0496E-04  8.8389E-05  7.3112E-05  4.4798E-05
       7.0019E-05  9.1308E-05  1.0606E-04  1.4142E-04  1.3327E-04  1.3743E-04  1.3412E-04  1.1563E-04  1.0032E-04  6.4983E-05
       8.6001E-05  1.2433E-04  1.3583E-04  1.5390E-04  1.4738E-04  1.6248E-04  1.6796E-04  1.3544E-04  1.1922E-04  7.9394E-05
       8.5163E-05  1.1488E-04  1.4897E-04  1.6821E-04  1.7745E-04  1.7535E-04  1.7254E-04  1.4911E-04  1.4214E-04  9.1535E-05
       8.2759E-05  1.2984E-04  1.4098E-04  1.6375E-04  1.6713E-04  1.9117E-04  1.6492E-04  1.5529E-04  1.2647E-04  8.9796E-05
       8.4751E-05  1.3504E-04  1.4267E-04  1.6257E-04  1.6606E-04  1.6636E-04  1.5885E-04  1.4510E-04  1.2581E-04  9.5201E-05
       7.9892E-05  1.2318E-04  1.4159E-04  1.5142E-04  1.7228E-04  1.6835E-04  1.5408E-04  1.4390E-04  1.2347E-04  8.9870E-05
       7.4565E-05  1.0795E-04  1.3676E-04  1.5502E-04  1.5036E-04  1.6172E-04  1.3816E-04  1.2225E-04  1.0783E-04  6.9418E-05
       6.9523E-05  9.0957E-05  1.1491E-04  1.3240E-04  1.3045E-04  1.4381E-04  1.3139E-04  1.1436E-04  8.9303E-05  6.8047E-05
       5.9925E-05  7.1967E-05  8.2862E-05  8.1140E-05  1.0191E-04  9.0846E-05  9.3120E-05  7.7517E-05  6.6140E-05  4.9178E-05
       4.3224E-05  5.7827E-05  7.4558E-05  6.8537E-05  7.6822E-05  7.8982E-05  8.8436E-05  6.2400E-05  5.2882E-05  3.9448E-05
       6.4077E-05  6.9851E-05  8.5769E-05  9.4236E-05  9.5749E-05  1.0400E-04  1.0645E-04  8.6957E-05  7.4726E-05  5.1997E-05
       6.4862E-05  9.1690E-05  9.9327E-05  1.2181E-04  1.2277E-04  1.2303E-04  1.2209E-04  1.0839E-04  9.6890E-05  5.7271E-05
       6.3167E-05  9.2913E-05  1.0367E-04  1.2464E-04  1.4658E-04  1.2769E-04  1.2983E-04  1.1021E-04  9.6865E-05  7.5380E-05
       6.7263E-05  1.0052E-04  1.1822E-04  1.3040E-04  1.3048E-04  1.4790E-04  1.3962E-04  1.2005E-04  9.3120E-05  6.7096E-05
       5.8988E-05  9.7334E-05  9.9137E-05  1.2649E-04  1.2711E-04  1.2947E-04  1.4497E-04  1.0705E-04  1.0764E-04  7.6010E-05
       6.3872E-05  1.0316E-04  1.1340E-04  1.2463E-04  1.3346E-04  1.3257E-04  1.2454E-04  1.1027E-04  9.9667E-05  6.6557E-05
       5.7254E-05  8.7319E-05  1.0273E-04  1.1829E-04  1.1620E-04  1.2976E-04  1.1159E-04  9.1372E-05  9.1021E-05  6.3423E-05
       5.1245E-05  7.0114E-05  8.5621E-05  1.0248E-04  9.9606E-05  1.1149E-04  9.9730E-05  8.7745E-05  7.0061E-05  5.2052E-05
       4.0697E-05  5.2742E-05  6.6362E-05  6.9816E-05  7.5168E-05  8.0156E-05  7.2703E-05  6.1005E-05  5.8923E-05  4.0368E-05
       3.4011E-05  3.9188E-05  5.0087E-05  6.3269E-05  5.9453E-05  5.6409E-05  6.2326E-05  5.1867E-05  4.5326E-05  3.2338E-05
       5.3910E-05  5.3341E-05  6.7645E-05  7.3659E-05  7.2364E-05  7.4054E-05  7.8930E-05  6.8354E-05  6.1416E-05  4.5956E-05
       5.1655E-05  6.9517E-05  7.3756E-05  8.4469E-05  9.2064E-05  9.6049E-05  9.1261E-05  7.9444E-05  6.9168E-05  4.3429E-05
       4.9533E-05  7.0101E-05  7.7747E-05  9.6222E-05  1.0246E-04  1.0041E-04  8.9844E-05  7.8952E-05  7.7874E-05  4.9979E-05
       5.2928E-05  6.6748E-05  8.4439E-05  8.7157E-05  1.0073E-04  1.0395E-04  1.0659E-04  8.8029E-05  6.9696E-05  5.4837E-05
       5.3252E-05  7.5262E-05  7.3821E-05  9.3385E-05  9.5616E-05  9.7953E-05  1.0316E-04  8.5127E-05  6.8901E-05  5.2667E-05
       5.7087E-05  6.9922E-05  8.0073E-05  9.0367E-05  1.0089E-04  1.0041E-04  9.5571E-05  7.6072E-05  7.2446E-05  4.4891E-05
       4.8312E-05  6.4922E-05  8.0491E-05  9.0927E-05  9.0272E-05  9.9833E-05  9.2269E-05  7.6458E-05  6.8202E-05  4.7493E-05
       4.5773E-05  5.1389E-05  6.3084E-05  7.2447E-05  7.2805E-05  8.2604E-05  7.4656E-05  7.0618E-05  5.6813E-05  4.4552E-05
       3.3008E-05  3.9550E-05  5.2544E-05  5.4244E-05  5.3898E-05  6.1753E-05  4.9151E-05  4.8276E-05  4.7501E-05  3.6967E-05
       2.4490E-05  3.1548E-05  4.0670E-05  4.9587E-05  4.7815E-05  4.5307E-05  4.3663E-05  3.9074E-05  3.6210E-05  2.4004E-05
       3.6733E-05  4.3274E-05  5.0581E-05  5.3142E-05  5.6954E-05  5.9260E-05  5.3607E-05  4.8068E-05  3.6630E-05  3.1663E-05
       3.8171E-05  4.2618E-05  5.3334E-05  6.4474E-05  6.2354E-05  6.6850E-05  7.1249E-05  5.4020E-05  4.7375E-05  3.6611E-05
       4.2152E-05  4.8180E-05  6.2105E-05  6.8975E-05  7.4022E-05  6.9715E-05  5.5418E-05  5.8275E-05  5.4701E-05  3.9176E-05
       4.2811E-05  5.0033E-05  6.3747E-05  6.4034E-05  6.7769E-05  7.6662E-05  7.1681E-05  6.2383E-05  4.8360E-05  4.3236E-05
       3.5288E-05  5.5049E-05  5.5336E-05  6.7609E-05  6.1712E-05  7.1328E-05  7.3641E-05  5.6191E-05  5.2545E-05  4.2615E-05
       3.6649E-05  5.1891E-05  6.3632E-05  7.1425E-05  6.6499E-05  6.2865E-05  6.8056E-05  4.9656E-05  5.1194E-05  3.4998E-05
       4.0858E-05  4.8644E-05  5.1129E-05  5.2106E-05  6.4165E-05  6.7986E-05  7.0822E-05  4.6299E-05  4.4781E-05  3.1460E-05
       3.4419E-05  4.1626E-05  4.4786E-05  5.1097E-05  5.2862E-05  5.4363E-05  4.7251E-05  4.9786E-05  4.3772E-05  3.4090E-05
       2.7444E-05  3.1528E-05  3.7913E-05  3.5372E-05  3.8610E-05  4.5860E-05  3.5088E-05  3.0420E-05  3.6274E-05  2.7835E-05

      Percentage errors follow in a matrix A(ix,iy,iz), format (1(5x,1p,10(1x,e11.4)))

       3.1016E+00  2.8605E+00  3.4410E+00  1.4949E+00  2.8048E+00  3.1684E+00  2.5582E+00  3.2736E+00  3.2467E+00  3.7309E+00
       3.2985E+00  2.9657E+00  2.1074E+00  1.8467E+00  2.2506E+00  2.6169E+00  2.1633E+00  2.6154E+00  2.9744E+00  2.6412E+00
       2.7614E+00  3.6448E+00  2.5086E+00  2.3476E+00  2.8422E+00  2.4106E+00  2.1927E+00  2.6396E+00  2.6505E+00  4.6817E+00
       2.0197E+00  2.3720E+00  2.3145E+00  2.5772E+00  2.1966E+00  2.4587E+00  2.3941E+00  2.6409E+00  2.4480E+00  3.3491E+00
       2.9112E+00  3.1780E+00  2.3188E+00  3.8387E+00  1.7871E+00  2.3840E+00  2.6069E+00  2.4119E+00  2.9485E+00  2.9516E+00
       3.8163E+00  2.0711E+00  2.6217E+00  2.5914E+00  2.5838E+00  2.5379E+00  2.6491E+00  2.4575E+00  2.3023E+00  3.1942E+00
       3.7082E+00  2.3940E+00  2.5813E+00  1.7041E+00  2.0329E+00  3.1128E+00  2.2965E+00  2.6229E+00  2.1546E+00  3.7638E+00
       3.3486E+00  2.1339E+00  3.0769E+00  2.6242E+00  3.0501E+00  2.5749E+00  2.5931E+00  2.8256E+00  2.0932E+00  2.4134E+00
       3.3760E+00  2.3506E+00  2.0544E+00  2.2838E+00  2.6679E+00  2.7384E+00  2.9842E+00  2.0022E+00  3.3567E+00  4.3209E+00
       3.2573E+00  2.8638E+00  3.5132E+00  2.1881E+00  1.9959E+00  3.1950E+00  3.1284E+00  2.7887E+00  4.7051E+00  3.1356E+00
       4.3135E+00  3.9885E+00  3.0747E+00  2.2988E+00  4.2210E+00  3.6663E+00  2.9836E+00  3.3900E+00  2.3701E+00  4.8476E+00
       3.4596E+00  3.0630E+00  2.6047E+00  2.4855E+00  2.8446E+00  3.3425E+00  2.6393E+00  2.1675E+00  3.5271E+00  3.1290E+00
       2.9709E+00  2.3692E+00  2.3470E+00  2.3711E+00  2.4071E+00  1.9775E+00  2.5687E+00  2.3014E+00  2.5946E+00  4.5798E+00
       2.7849E+00  2.3251E+00  2.9084E+00  1.9325E+00  2.7597E+00  2.6182E+00  2.9007E+00  2.7301E+00  2.4804E+00  3.0921E+00
       3.2621E+00  2.8895E+00  2.9581E+00  2.7832E+00  1.7571E+00  2.6135E+00  2.6596E+00  3.4041E+00  3.8818E+00  3.1200E+00
       3.7600E+00  2.7863E+00  3.3622E+00  2.6544E+00  2.9037E+00  2.4103E+00  2.6917E+00  3.2304E+00  3.5177E+00  3.7351E+00
       4.3320E+00  3.1159E+00  3.4097E+00  2.2040E+00  3.0746E+00  2.5104E+00  2.8721E+00  2.7728E+00  2.8536E+00  3.5177E+00
       3.0324E+00  2.5132E+00  2.8778E+00  2.7921E+00  2.5496E+00  2.9878E+00  1.8355E+00  3.0235E+00  2.5826E+00  3.5900E+00
       3.7101E+00  2.9968E+00  1.9472E+00  3.5198E+00  3.4155E+00  2.5049E+00  3.1120E+00  2.4252E+00  3.1522E+00  4.3297E+00
       4.5734E+00  3.4335E+00  3.2732E+00  3.0772E+00  2.9349E+00  3.0761E+00  3.3117E+00  2.3458E+00  3.9041E+00  3.3865E+00
       5.2214E+00  3.3761E+00  3.7119E+00  3.1156E+00  4.3802E+00  3.2340E+00  3.4713E+00  3.7505E+00  3.6121E+00  5.4502E+00
       3.2055E+00  3.7929E+00  3.1248E+00  2.8742E+00  2.9768E+00  3.4422E+00  2.5048E+00  3.4182E+00  4.1046E+00  4.2879E+00
       3.8667E+00  3.5716E+00  2.5889E+00  2.4646E+00  2.9016E+00  2.2779E+00  2.1895E+00  2.8093E+00  3.4531E+00  4.7829E+00
       3.4490E+00  3.2328E+00  2.1347E+00  2.4139E+00  3.1381E+00  2.6342E+00  3.7844E+00  2.3591E+00  3.1135E+00  3.7998E+00
       3.3427E+00  4.5331E+00  4.4662E+00  2.7941E+00  2.1117E+00  2.7898E+00  2.8414E+00  3.7349E+00  3.5701E+00  4.5605E+00
       4.0425E+00  2.8717E+00  3.8076E+00  2.2232E+00  2.7060E+00  3.2249E+00  3.2110E+00  3.1083E+00  4.0289E+00  4.6302E+00
       4.5477E+00  2.4218E+00  3.4013E+00  2.3621E+00  2.8191E+00  2.6730E+00  3.1368E+00  3.4209E+00  3.1428E+00  3.3434E+00
       2.6650E+00  3.4683E+00  2.3731E+00  3.7115E+00  2.3316E+00  2.9233E+00  3.3499E+00  3.5790E+00  3.3216E+00  4.2754E+00
       3.8593E+00  4.2322E+00  3.0485E+00  3.8702E+00  2.8934E+00  3.0224E+00  2.2418E+00  3.2096E+00  3.6840E+00  3.4562E+00
       4.3571E+00  5.0491E+00  3.5026E+00  2.9664E+00  2.6695E+00  2.5588E+00  3.9276E+00  3.0939E+00  3.6214E+00  4.4869E+00
       4.0468E+00  4.8436E+00  2.3441E+00  3.0522E+00  4.2516E+00  3.9851E+00  5.6760E+00  3.0620E+00  3.8796E+00  5.7286E+00
       4.6562E+00  4.8848E+00  4.2005E+00  3.6037E+00  3.9747E+00  3.1272E+00  3.4768E+00  4.0065E+00  3.2821E+00  4.8138E+00
       3.7827E+00  4.7333E+00  3.0266E+00  2.4733E+00  4.2498E+00  3.4207E+00  3.5167E+00  4.3556E+00  4.2032E+00  4.4132E+00
       3.4265E+00  4.0419E+00  2.6164E+00  3.0600E+00  2.9196E+00  3.1213E+00  3.9381E+00  3.3714E+00  2.9635E+00  4.6533E+00
       4.3352E+00  4.3532E+00  3.8471E+00  2.6183E+00  2.8714E+00  3.1962E+00  2.6079E+00  3.3043E+00  2.8333E+00  4.3464E+00
       4.0309E+00  3.8179E+00  3.1636E+00  2.6439E+00  3.1254E+00  3.0162E+00  3.1950E+00  2.6108E+00  4.1403E+00  4.6848E+00
       5.8130E+00  3.3236E+00  2.6912E+00  3.1463E+00  3.3314E+00  2.8836E+00  3.5920E+00  3.5950E+00  3.6786E+00  5.3160E+00
       4.4091E+00  3.7827E+00  3.1464E+00  3.7290E+00  3.7119E+00  2.5414E+00  3.4981E+00  3.4566E+00  2.8755E+00  4.3540E+00
       5.5286E+00  4.4097E+00  2.8231E+00  4.0207E+00  2.9770E+00  2.9708E+00  3.7683E+00  4.4654E+00  4.0490E+00  4.6238E+00
       5.3211E+00  4.8533E+00  4.2043E+00  2.6899E+00  3.9201E+00  3.4552E+00  5.0940E+00  3.6182E+00  4.9896E+00  4.8692E+00
       6.2719E+00  5.5513E+00  4.8233E+00  2.9121E+00  4.0089E+00  4.0959E+00  5.5485E+00  5.9368E+00  3.9489E+00  5.6237E+00
       3.1449E+00  4.5426E+00  4.0029E+00  3.8533E+00  4.8689E+00  5.0393E+00  3.8762E+00  4.5464E+00  4.3025E+00  4.5299E+00
       4.8033E+00  4.2182E+00  3.8018E+00  3.9202E+00  3.9038E+00  3.2360E+00  3.3637E+00  4.4004E+00  3.0814E+00  5.5814E+00
       5.4905E+00  4.1095E+00  3.3783E+00  4.4982E+00  2.9384E+00  3.2434E+00  3.4100E+00  3.1530E+00  3.7694E+00  5.1648E+00
       5.6206E+00  3.1193E+00  3.6095E+00  3.3917E+00  3.4148E+00  2.9613E+00  3.1756E+00  3.7694E+00  2.7970E+00  4.6097E+00
       4.6382E+00  3.2692E+00  3.9134E+00  3.3039E+00  2.8115E+00  2.8935E+00  3.2311E+00  4.4803E+00  4.8623E+00  5.1495E+00
       6.0067E+00  3.9385E+00  3.3199E+00  2.9244E+00  3.4339E+00  3.9937E+00  3.3967E+00  4.1403E+00  5.8465E+00  4.8688E+00
       5.2618E+00  5.5888E+00  4.7120E+00  4.0731E+00  3.4663E+00  4.0260E+00  4.8161E+00  4.6584E+00  4.0836E+00  5.0516E+00
       8.4104E+00  4.9423E+00  5.6241E+00  3.9176E+00  4.2166E+00  3.6513E+00  3.9728E+00  5.6155E+00  3.6292E+00  4.7069E+00
       6.1045E+00  6.7531E+00  4.4179E+00  3.1660E+00  3.8443E+00  5.1526E+00  4.1382E+00  5.5573E+00  5.7577E+00  5.8844E+00
       7.3768E+00  5.8516E+00  5.6929E+00  5.1178E+00  3.9622E+00  4.7574E+00  4.4134E+00  5.3230E+00  4.7679E+00  6.7468E+00
       4.8624E+00  4.9827E+00  6.6587E+00  4.9271E+00  4.8912E+00  5.8957E+00  5.3071E+00  5.0071E+00  5.3595E+00  6.5868E+00
       5.9786E+00  5.8097E+00  4.3930E+00  3.6292E+00  3.0127E+00  4.8897E+00  4.4231E+00  6.1103E+00  3.7366E+00  5.7854E+00
       5.9714E+00  6.5621E+00  4.1481E+00  5.5954E+00  4.8706E+00  4.0974E+00  5.0571E+00  4.9168E+00  4.5425E+00  5.9040E+00
       6.7646E+00  5.1864E+00  3.8746E+00  5.8829E+00  3.8710E+00  3.8170E+00  3.5184E+00  4.3337E+00  4.3188E+00  5.1767E+00
       5.3015E+00  4.2266E+00  4.3350E+00  4.9585E+00  4.0850E+00  4.3265E+00  3.2911E+00  3.7765E+00  5.4681E+00  6.4383E+00
       5.2447E+00  4.6646E+00  4.3581E+00  5.0212E+00  3.2830E+00  4.0189E+00  4.1466E+00  3.6956E+00  4.2425E+00  5.2863E+00
       7.3817E+00  4.9192E+00  5.9854E+00  4.4807E+00  4.2338E+00  3.1836E+00  5.2517E+00  5.2999E+00  5.1915E+00  5.0811E+00
       8.0330E+00  5.4044E+00  6.5496E+00  4.8532E+00  3.7096E+00  3.2816E+00  5.3215E+00  6.3277E+00  5.2119E+00  5.5267E+00
       7.9539E+00  6.2606E+00  6.3088E+00  5.3813E+00  6.5740E+00  5.5631E+00  5.5289E+00  5.0483E+00  6.4974E+00  5.4334E+00
       8.6649E+00  5.5465E+00  5.3868E+00  6.2548E+00  4.8683E+00  5.8996E+00  6.2396E+00  7.2188E+00  5.6845E+00  8.2143E+00
       6.9782E+00  5.6365E+00  6.0739E+00  6.3367E+00  6.8203E+00  5.0105E+00  5.8816E+00  5.0228E+00  4.7630E+00  6.4892E+00
       7.5798E+00  6.0407E+00  6.2155E+00  5.0549E+00  3.1988E+00  4.5113E+00  3.7906E+00  7.1751E+00  6.2684E+00  7.4837E+00
       4.7117E+00  5.9043E+00  5.3130E+00  5.6933E+00  3.8387E+00  5.2373E+00  5.3797E+00  6.2205E+00  7.0359E+00  5.7623E+00
       8.7553E+00  5.8353E+00  5.4210E+00  6.1224E+00  4.6135E+00  4.7771E+00  5.2236E+00  4.6143E+00  4.8039E+00  5.8973E+00
       4.9694E+00  4.9799E+00  3.8454E+00  4.8589E+00  4.5915E+00  4.5205E+00  4.9323E+00  4.3875E+00  3.4014E+00  6.4898E+00
       5.7400E+00  4.3633E+00  6.2596E+00  6.0912E+00  4.1957E+00  4.4384E+00  4.8999E+00  3.9455E+00  4.9672E+00  5.3280E+00
       9.7663E+00  5.7715E+00  4.6812E+00  4.9253E+00  5.1070E+00  5.2088E+00  4.5104E+00  5.0047E+00  5.4549E+00  8.5650E+00
       1.2437E+01  8.9914E+00  5.6840E+00  4.4476E+00  5.5498E+00  4.2109E+00  5.4439E+00  6.8670E+00  5.4976E+00  7.1221E+00
       7.1527E+00  6.0311E+00  7.3989E+00  6.9482E+00  6.4948E+00  6.0488E+00  5.8347E+00  6.6194E+00  7.4000E+00  7.8333E+00
       9.7250E+00  8.1097E+00  7.5560E+00  5.4510E+00  8.6994E+00  7.1533E+00  6.6568E+00  6.7521E+00  7.5701E+00  8.0953E+00
       8.5312E+00  6.5280E+00  8.8510E+00  6.5256E+00  5.9812E+00  5.0696E+00  6.0326E+00  5.8692E+00  6.1131E+00  7.8144E+00
       1.0046E+01  6.0573E+00  6.9559E+00  6.2812E+00  6.8294E+00  4.8817E+00  5.4928E+00  6.2201E+00  7.1237E+00  7.2814E+00
       9.1822E+00  7.0038E+00  5.3191E+00  5.1682E+00  4.1022E+00  4.4390E+00  3.7879E+00  6.8167E+00  7.3263E+00  6.3262E+00
       8.1082E+00  6.7074E+00  4.8691E+00  4.9207E+00  5.0787E+00  4.4092E+00  4.9933E+00  5.1579E+00  4.8553E+00  4.7207E+00
       7.7333E+00  5.9345E+00  5.5126E+00  5.1992E+00  4.5355E+00  4.4321E+00  4.2566E+00  5.1123E+00  6.2984E+00  8.6959E+00
       6.2453E+00  5.9477E+00  6.5317E+00  4.9441E+00  4.8195E+00  4.3528E+00  4.8897E+00  4.6412E+00  8.3844E+00  7.2330E+00
       8.1437E+00  6.8272E+00  6.7138E+00  4.7922E+00  3.5380E+00  7.2743E+00  6.1223E+00  6.5528E+00  4.0293E+00  7.4679E+00
       9.2432E+00  6.2635E+00  5.9655E+00  5.3955E+00  5.7783E+00  5.8207E+00  7.1013E+00  6.8347E+00  7.3550E+00  6.4107E+00
       1.1038E+01  7.7812E+00  4.5023E+00  4.7393E+00  4.5488E+00  6.6359E+00  7.4641E+00  7.8677E+00  7.7420E+00  9.3665E+00
       9.4615E+00  9.1570E+00  8.8429E+00  6.4968E+00  9.2641E+00  7.9156E+00  8.5810E+00  7.4461E+00  9.1066E+00  9.6514E+00
       9.0058E+00  8.8441E+00  8.2200E+00  7.3459E+00  6.6506E+00  4.7917E+00  8.3058E+00  6.6124E+00  9.4147E+00  7.6928E+00
       9.2346E+00  6.7247E+00  9.5540E+00  6.1060E+00  5.7090E+00  7.8726E+00  7.9931E+00  6.3682E+00  6.5975E+00  5.0237E+00
       1.0639E+01  9.8662E+00  6.7583E+00  5.1859E+00  8.0043E+00  3.9592E+00  4.9828E+00  8.4397E+00  5.8502E+00  7.9542E+00
       9.7563E+00  7.5488E+00  6.4318E+00  4.6636E+00  5.3970E+00  5.9707E+00  4.8863E+00  7.1079E+00  6.0064E+00  7.7179E+00
       7.1236E+00  8.7224E+00  6.3025E+00  5.8894E+00  6.1128E+00  7.1171E+00  5.9937E+00  5.0218E+00  8.4297E+00  6.0965E+00
       7.6841E+00  5.5188E+00  7.2196E+00  6.3455E+00  6.7009E+00  7.4099E+00  5.7089E+00  8.4569E+00  7.8662E+00  9.3276E+00
       1.0011E+01  7.4643E+00  8.2556E+00  5.5492E+00  5.9331E+00  8.1378E+00  5.4034E+00  6.7141E+00  8.0050E+00  9.6913E+00
       8.1069E+00  7.9959E+00  7.4929E+00  6.0939E+00  8.6548E+00  5.8623E+00  4.6151E+00  7.2369E+00  5.9767E+00  7.5754E+00
       9.5894E+00  8.7543E+00  7.8029E+00  7.4690E+00  7.5779E+00  7.5346E+00  6.5988E+00  8.5219E+00  8.2021E+00  8.1443E+00
       1.1615E+01  1.0323E+01  1.3517E+01  7.5785E+00  9.1318E+00  6.3475E+00  8.3524E+00  8.1975E+00  1.0522E+01  9.2720E+00
       1.0081E+01  7.3811E+00  7.8278E+00  7.9307E+00  5.9328E+00  6.0911E+00  8.7807E+00  8.4889E+00  8.4880E+00  7.8451E+00
       1.0887E+01  6.0931E+00  7.4473E+00  7.7860E+00  6.4147E+00  7.6428E+00  6.3630E+00  8.5694E+00  7.5740E+00  8.3135E+00
       7.9671E+00  7.0146E+00  7.8767E+00  6.2614E+00  9.3290E+00  5.0197E+00  7.4123E+00  9.7495E+00  7.7722E+00  1.1172E+01
       8.2715E+00  8.8112E+00  7.3765E+00  6.6486E+00  5.4067E+00  5.7462E+00  6.6452E+00  8.0534E+00  8.6738E+00  8.4877E+00
       8.2393E+00  8.7097E+00  7.5643E+00  7.0422E+00  7.5399E+00  6.1662E+00  7.8278E+00  9.3590E+00  9.1447E+00  8.3176E+00
       8.9915E+00  7.9680E+00  7.6652E+00  7.9126E+00  6.4131E+00  4.8774E+00  6.2104E+00  9.9358E+00  8.6725E+00  1.1679E+01
       1.1809E+01  9.1495E+00  8.6911E+00  5.9920E+00  6.0277E+00  5.5876E+00  7.3544E+00  9.1544E+00  1.0666E+01  8.1623E+00
       9.2198E+00  8.4873E+00  8.8344E+00  8.5721E+00  7.7007E+00  1.0343E+01  8.2593E+00  9.4706E+00  8.8616E+00  1.0037E+01
       9.6741E+00  1.0392E+01  9.9315E+00  8.7620E+00  7.4946E+00  7.9913E+00  1.3207E+01  8.6606E+00  7.5695E+00  8.7843E+00
