1
   Cartesian binning n.   1  "DoseEq    " , generalized particle n.  240
      X coordinate: from -8.5000E+01 to  8.5000E+01 cm,    10 bins ( 1.7000E+01 cm wide)
      Y coordinate: from -2.5000E+01 to  2.5000E+01 cm,    10 bins ( 5.0000E+00 cm wide)
      Z coordinate: from  2.2500E+02 to  2.7500E+02 cm,    10 bins ( 5.0000E+00 cm wide)
      Data follow in a matrix A(ix,iy,iz), format (1(5x,1p,10(1x,e11.4)))

      accurate deposition along the tracks requested
      this is a track-length binning
       9.2000E-05  1.0511E-04  1.1657E-04  1.2634E-04  1.3650E-04  1.3940E-04  1.2365E-04  1.2215E-04  1.0902E-04  9.2271E-05
       1.0339E-04  1.2046E-04  1.4611E-04  1.3974E-04  1.7392E-04  1.6295E-04  1.4660E-04  1.3645E-04  1.1122E-04  1.0140E-04
       1.0840E-04  1.2398E-04  1.4576E-04  1.6375E-04  1.5242E-04  1.5528E-04  1.3906E-04  1.3982E-04  1.3792E-04  9.1891E-05
       1.0314E-04  1.2733E-04  1.5156E-04  1.5699E-04  1.6098E-04  1.5435E-04  1.4887E-04  1.4490E-04  1.3305E-04  1.0512E-04
       9.3919E-05  1.2681E-04  1.5185E-04  1.5726E-04  1.6173E-04  1.5781E-04  1.5541E-04  1.4281E-04  1.2792E-04  1.0764E-04
       9.0596E-05  1.2605E-04  1.5943E-04  1.5330E-04  1.6151E-04  1.5699E-04  1.6867E-04  1.4491E-04  1.2172E-04  9.6873E-05
       9.9826E-05  1.3382E-04  1.4569E-04  1.6705E-04  1.7104E-04  1.6426E-04  1.7009E-04  1.4446E-04  1.2480E-04  1.0225E-04
       1.0010E-04  1.3975E-04  1.4615E-04  1.7182E-04  1.5358E-04  1.6506E-04  1.5725E-04  1.4901E-04  1.2891E-04  1.0597E-04
       1.0715E-04  1.3112E-04  1.4082E-04  1.4476E-04  1.4979E-04  1.6110E-04  1.5261E-04  1.3522E-04  1.2980E-04  9.5269E-05
       8.4294E-05  1.1963E-04  1.2270E-04  1.4483E-04  1.3292E-04  1.3459E-04  1.3271E-04  1.1120E-04  1.0661E-04  8.9493E-05
       7.0537E-05  9.1127E-05  1.0459E-04  1.1356E-04  1.2426E-04  1.1997E-04  1.0827E-04  1.1377E-04  9.2369E-05  7.8200E-05
       8.8143E-05  1.0275E-04  1.3870E-04  1.3890E-04  1.5556E-04  1.5759E-04  1.4288E-04  1.2629E-04  1.1256E-04  8.2404E-05
       1.0150E-04  1.1280E-04  1.4536E-04  1.6097E-04  1.6912E-04  1.6494E-04  1.4627E-04  1.4414E-04  1.2678E-04  1.0033E-04
       9.5281E-05  1.2621E-04  1.4614E-04  1.5636E-04  1.7271E-04  1.6143E-04  1.5081E-04  1.4601E-04  1.3291E-04  1.0366E-04
       9.1504E-05  1.2655E-04  1.4505E-04  1.5869E-04  1.7089E-04  1.6713E-04  1.6216E-04  1.5210E-04  1.3391E-04  1.0278E-04
       8.6336E-05  1.2160E-04  1.5514E-04  1.5364E-04  1.6901E-04  1.5753E-04  1.6775E-04  1.5039E-04  1.2522E-04  1.0689E-04
       9.4941E-05  1.4388E-04  1.4811E-04  1.6870E-04  1.5964E-04  1.5958E-04  1.6924E-04  1.4845E-04  1.2977E-04  8.8519E-05
       9.5825E-05  1.3186E-04  1.4402E-04  1.7097E-04  1.5384E-04  1.6071E-04  1.5518E-04  1.4580E-04  1.2094E-04  9.1111E-05
       9.6858E-05  1.2795E-04  1.3710E-04  1.4087E-04  1.4077E-04  1.4782E-04  1.4374E-04  1.2791E-04  1.2082E-04  8.9837E-05
       8.0954E-05  1.0623E-04  1.0287E-04  1.1991E-04  1.1289E-04  1.1854E-04  1.1630E-04  1.0799E-04  8.5607E-05  7.7415E-05
       5.7855E-05  7.2892E-05  8.7251E-05  9.5552E-05  1.0102E-04  9.1689E-05  9.0189E-05  9.2532E-05  8.0227E-05  6.0743E-05
       7.6862E-05  8.8069E-05  1.1874E-04  1.1957E-04  1.4392E-04  1.3680E-04  1.3164E-04  1.0224E-04  1.0246E-04  6.6836E-05
       8.6374E-05  1.0185E-04  1.3266E-04  1.3256E-04  1.5493E-04  1.4638E-04  1.4000E-04  1.2766E-04  1.1148E-04  7.8552E-05
       7.6570E-05  1.1664E-04  1.3226E-04  1.3034E-04  1.5819E-04  1.4081E-04  1.4560E-04  1.2889E-04  1.1923E-04  8.4743E-05
       7.4640E-05  1.2142E-04  1.2079E-04  1.4014E-04  1.5843E-04  1.5123E-04  1.3733E-04  1.3450E-04  1.3024E-04  8.2110E-05
       7.7358E-05  1.1376E-04  1.3737E-04  1.4488E-04  1.5197E-04  1.5106E-04  1.3399E-04  1.2825E-04  1.1674E-04  8.6273E-05
       7.8174E-05  1.2315E-04  1.3230E-04  1.5148E-04  1.4081E-04  1.4828E-04  1.4679E-04  1.3455E-04  1.2648E-04  8.4458E-05
       7.8615E-05  1.1756E-04  1.2546E-04  1.4051E-04  1.3965E-04  1.3438E-04  1.3702E-04  1.2090E-04  1.0868E-04  8.0210E-05
       7.0713E-05  1.0495E-04  1.1048E-04  1.0909E-04  1.2961E-04  1.2663E-04  1.2523E-04  1.1365E-04  9.8395E-05  7.4907E-05
       6.5176E-05  8.3215E-05  8.5943E-05  9.4091E-05  9.6634E-05  9.4789E-05  1.0003E-04  9.1904E-05  7.4372E-05  6.1982E-05
       4.9634E-05  5.4391E-05  6.5832E-05  7.1006E-05  8.4916E-05  7.0276E-05  7.5113E-05  7.3741E-05  6.1962E-05  4.6678E-05
       5.9659E-05  6.7573E-05  1.0123E-04  9.7733E-05  1.1953E-04  1.0470E-04  1.0499E-04  8.9615E-05  7.9983E-05  5.7930E-05
       6.4273E-05  8.9490E-05  1.1253E-04  1.1832E-04  1.2724E-04  1.2014E-04  1.1557E-04  9.9770E-05  1.0021E-04  6.6125E-05
       6.3790E-05  1.0126E-04  1.2111E-04  1.1729E-04  1.3531E-04  1.2038E-04  1.1931E-04  1.1833E-04  9.9103E-05  7.3678E-05
       7.0354E-05  9.9785E-05  1.1219E-04  1.3122E-04  1.3420E-04  1.2974E-04  1.2488E-04  1.1195E-04  1.0403E-04  7.2705E-05
       7.4559E-05  9.8661E-05  1.1666E-04  1.2555E-04  1.3647E-04  1.3225E-04  1.1636E-04  1.1160E-04  1.0560E-04  6.3208E-05
       6.4303E-05  1.0528E-04  1.0868E-04  1.3017E-04  1.2949E-04  1.2700E-04  1.1509E-04  1.1715E-04  1.0510E-04  6.2601E-05
       6.3057E-05  9.6061E-05  1.0368E-04  1.2095E-04  1.2814E-04  1.1432E-04  1.1320E-04  1.0993E-04  8.9425E-05  6.1548E-05
       5.6871E-05  9.1049E-05  9.0226E-05  9.5264E-05  1.0765E-04  1.0946E-04  9.6824E-05  9.6155E-05  9.1078E-05  5.7497E-05
       4.9121E-05  6.1506E-05  6.7955E-05  7.9074E-05  8.2950E-05  8.2623E-05  7.0325E-05  6.9779E-05  6.1071E-05  4.7978E-05
       4.2615E-05  5.0573E-05  5.1029E-05  6.2278E-05  7.0009E-05  5.9347E-05  5.6423E-05  5.4245E-05  5.0862E-05  4.0534E-05
       4.7913E-05  6.2719E-05  8.4616E-05  8.5982E-05  9.3037E-05  8.3796E-05  8.4055E-05  7.6925E-05  5.8345E-05  4.7660E-05
       4.9612E-05  7.6437E-05  1.0113E-04  9.9055E-05  1.0042E-04  9.4918E-05  9.4897E-05  8.0141E-05  7.6115E-05  5.4006E-05
       4.9531E-05  8.0146E-05  9.4160E-05  1.0778E-04  1.0581E-04  9.8161E-05  1.0433E-04  9.4296E-05  8.0180E-05  5.3850E-05
       5.3805E-05  7.7984E-05  1.0313E-04  1.0069E-04  1.1177E-04  1.1014E-04  1.0585E-04  9.4369E-05  8.1642E-05  5.6625E-05
       5.3690E-05  8.0615E-05  9.0013E-05  1.0123E-04  1.1246E-04  1.1065E-04  1.0055E-04  1.0206E-04  9.4516E-05  6.5594E-05
       5.1913E-05  8.2843E-05  9.3180E-05  1.1591E-04  1.1970E-04  1.0486E-04  9.5996E-05  9.5511E-05  7.6097E-05  5.9630E-05
       5.3389E-05  8.5602E-05  8.8237E-05  1.0598E-04  1.0695E-04  9.8586E-05  8.6206E-05  9.0891E-05  6.8507E-05  5.2726E-05
       4.2784E-05  8.0263E-05  7.5565E-05  8.1114E-05  8.0922E-05  8.6974E-05  8.2710E-05  7.5719E-05  6.5643E-05  4.8966E-05
       3.4589E-05  5.3736E-05  5.3803E-05  6.2111E-05  6.7045E-05  6.1799E-05  5.7636E-05  5.9361E-05  4.5386E-05  3.4171E-05
       3.4471E-05  3.5003E-05  4.4706E-05  4.7850E-05  5.4127E-05  4.7267E-05  4.8611E-05  5.1789E-05  3.8725E-05  3.5152E-05
       3.5578E-05  5.9182E-05  6.4630E-05  6.9073E-05  6.4849E-05  6.8542E-05  6.6681E-05  6.6848E-05  4.9705E-05  3.5312E-05
       3.5805E-05  6.4516E-05  8.1151E-05  8.6178E-05  8.0958E-05  7.5185E-05  7.1959E-05  6.8704E-05  6.4291E-05  3.9835E-05
       4.3802E-05  7.0073E-05  8.6111E-05  9.5194E-05  8.7739E-05  7.6470E-05  8.2981E-05  6.5601E-05  6.3354E-05  4.9725E-05
       3.8742E-05  6.6978E-05  8.6280E-05  8.3647E-05  9.5799E-05  9.2194E-05  9.4214E-05  7.6527E-05  6.4532E-05  4.5181E-05
       4.4674E-05  6.9375E-05  7.7005E-05  8.2110E-05  9.4126E-05  9.5018E-05  8.4519E-05  7.1035E-05  7.3453E-05  4.8508E-05
       3.9926E-05  6.5368E-05  7.1992E-05  8.5840E-05  8.6175E-05  9.1513E-05  7.9267E-05  8.1172E-05  6.5065E-05  4.3477E-05
       3.7437E-05  6.6645E-05  8.3825E-05  8.6865E-05  7.8746E-05  8.1793E-05  7.0301E-05  7.4209E-05  5.8887E-05  3.9647E-05
       3.8646E-05  5.2973E-05  6.5058E-05  6.9939E-05  6.7244E-05  8.3405E-05  6.6425E-05  6.1752E-05  5.3374E-05  4.5827E-05
       2.8086E-05  4.5355E-05  4.6312E-05  4.6993E-05  4.7277E-05  5.4223E-05  4.6772E-05  4.6445E-05  3.8284E-05  2.9284E-05
       2.7498E-05  3.1578E-05  3.1873E-05  4.0575E-05  3.9065E-05  3.5409E-05  4.2206E-05  3.1051E-05  3.3126E-05  2.1287E-05
       2.7602E-05  5.0987E-05  5.5022E-05  5.6784E-05  6.2928E-05  5.5979E-05  5.3142E-05  5.0423E-05  4.0057E-05  2.6283E-05
       2.9608E-05  5.0011E-05  6.3880E-05  5.8750E-05  7.2389E-05  5.8591E-05  6.6728E-05  5.6727E-05  4.5775E-05  3.1176E-05
       3.0526E-05  6.0981E-05  6.5347E-05  6.4155E-05  7.8146E-05  6.6528E-05  7.3951E-05  5.6322E-05  4.9501E-05  4.4620E-05
       3.7691E-05  5.8283E-05  6.8821E-05  7.1929E-05  7.0389E-05  6.9945E-05  7.8743E-05  5.6688E-05  5.1376E-05  3.5138E-05
       3.6282E-05  5.3494E-05  6.5602E-05  6.4440E-05  7.2674E-05  7.0675E-05  7.2201E-05  5.7296E-05  5.3547E-05  3.9827E-05
       3.2221E-05  4.8230E-05  6.0233E-05  6.8692E-05  6.9562E-05  6.7319E-05  7.3945E-05  6.6329E-05  5.2453E-05  3.3288E-05
       2.6957E-05  5.4813E-05  6.6122E-05  6.7234E-05  7.0145E-05  7.2975E-05  5.7944E-05  5.2799E-05  4.3840E-05  3.5438E-05
       2.7969E-05  4.2552E-05  5.1468E-05  5.2286E-05  5.5106E-05  6.0182E-05  4.8569E-05  4.8975E-05  3.4429E-05  3.6235E-05
       2.4765E-05  2.8128E-05  3.0299E-05  3.6696E-05  3.9078E-05  4.2109E-05  3.2906E-05  3.3690E-05  2.7974E-05  2.5061E-05
       1.7138E-05  2.6945E-05  2.6692E-05  2.7870E-05  3.0791E-05  3.2781E-05  3.2872E-05  2.6271E-05  2.0748E-05  1.4283E-05
       2.1996E-05  3.8391E-05  3.6611E-05  4.0137E-05  4.9679E-05  5.1189E-05  4.1080E-05  4.1885E-05  3.2793E-05  2.0284E-05
       2.3240E-05  4.1321E-05  4.7976E-05  5.0092E-05  5.5160E-05  4.5866E-05  4.5378E-05  4.7552E-05  2.9376E-05  2.2998E-05
       2.8020E-05  4.1549E-05  5.3714E-05  5.3261E-05  6.8341E-05  4.7344E-05  5.4156E-05  4.6614E-05  4.4653E-05  3.1504E-05
       3.0839E-05  3.9269E-05  5.6452E-05  5.6168E-05  5.4807E-05  5.4769E-05  5.9054E-05  4.7849E-05  3.8455E-05  3.3110E-05
       3.0011E-05  4.2382E-05  4.4877E-05  5.6219E-05  5.7789E-05  5.0746E-05  5.2966E-05  5.2350E-05  3.8655E-05  3.3713E-05
       2.4270E-05  4.0391E-05  4.5338E-05  5.5966E-05  5.4426E-05  5.2005E-05  5.4401E-05  5.2471E-05  4.4582E-05  2.6025E-05
       2.2490E-05  3.8182E-05  4.7889E-05  4.7921E-05  5.1007E-05  5.6642E-05  4.5234E-05  3.6108E-05  4.0949E-05  2.4528E-05
       1.6710E-05  3.4762E-05  4.1470E-05  3.8073E-05  4.3910E-05  3.9228E-05  4.0514E-05  3.6744E-05  2.8679E-05  2.4824E-05
       1.8812E-05  2.2640E-05  2.3883E-05  3.1955E-05  3.1420E-05  2.9053E-05  2.8875E-05  2.9079E-05  1.9912E-05  2.1005E-05
       1.2644E-05  2.3693E-05  2.1107E-05  2.3193E-05  2.5338E-05  2.3998E-05  2.1723E-05  2.1876E-05  1.7153E-05  1.1351E-05
       2.3224E-05  2.6303E-05  3.2496E-05  3.0677E-05  3.8298E-05  4.0482E-05  3.7357E-05  2.8917E-05  2.2842E-05  1.4824E-05
       2.0579E-05  2.6699E-05  3.9874E-05  3.5840E-05  4.0400E-05  3.8910E-05  4.0697E-05  3.3959E-05  2.5581E-05  1.7604E-05
       2.4186E-05  2.9846E-05  3.7389E-05  4.1924E-05  4.6759E-05  4.0382E-05  4.6192E-05  3.8413E-05  3.3578E-05  2.3865E-05
       2.4735E-05  2.9171E-05  4.0777E-05  3.8703E-05  4.4422E-05  4.0212E-05  4.7677E-05  4.0144E-05  3.1916E-05  2.1534E-05
       2.1476E-05  3.0280E-05  3.5481E-05  4.0746E-05  5.0138E-05  3.6083E-05  4.3814E-05  3.8396E-05  3.0421E-05  2.5424E-05
       1.9815E-05  2.7777E-05  3.3305E-05  4.2733E-05  4.3315E-05  3.5698E-05  3.8123E-05  3.7059E-05  3.3206E-05  2.2601E-05
       2.2299E-05  2.7817E-05  4.0067E-05  3.2525E-05  4.5713E-05  3.9855E-05  3.4463E-05  3.0995E-05  2.8868E-05  1.7815E-05
       1.6977E-05  2.4111E-05  3.6395E-05  2.8181E-05  3.6870E-05  3.0711E-05  3.1123E-05  3.0386E-05  2.4833E-05  1.9335E-05
       1.2912E-05  2.0780E-05  2.3714E-05  2.2725E-05  2.1717E-05  2.1970E-05  2.0582E-05  2.2450E-05  1.4636E-05  1.6663E-05
       1.1913E-05  1.4866E-05  1.6379E-05  1.8025E-05  1.8379E-05  1.8183E-05  1.5966E-05  1.1528E-05  1.3468E-05  1.0276E-05
       1.2140E-05  1.9343E-05  2.1329E-05  2.2820E-05  2.4416E-05  3.0433E-05  2.4924E-05  1.6955E-05  1.5000E-05  1.2227E-05
       1.0239E-05  1.9110E-05  2.6695E-05  2.3953E-05  2.9929E-05  2.3518E-05  2.6357E-05  2.4591E-05  2.2364E-05  1.4228E-05
       1.5720E-05  1.7845E-05  2.6937E-05  2.9898E-05  3.5063E-05  2.8738E-05  3.0951E-05  2.3606E-05  2.5404E-05  1.6593E-05
       1.4226E-05  1.9793E-05  2.9539E-05  2.9715E-05  3.1925E-05  3.2331E-05  3.2033E-05  2.6874E-05  2.0360E-05  1.6389E-05
       1.3884E-05  2.2685E-05  2.5277E-05  2.6966E-05  3.1410E-05  2.5421E-05  3.4562E-05  2.2414E-05  2.4048E-05  1.7890E-05
       1.4076E-05  1.7824E-05  2.2525E-05  2.9285E-05  2.6273E-05  2.6122E-05  2.9306E-05  2.1013E-05  2.2653E-05  2.1439E-05
       1.2611E-05  2.2199E-05  2.8538E-05  2.5099E-05  2.8068E-05  2.4871E-05  2.6512E-05  2.1871E-05  2.2908E-05  1.5965E-05
       1.4409E-05  1.8165E-05  2.0953E-05  2.1703E-05  2.3137E-05  2.6220E-05  1.8995E-05  2.0801E-05  2.0258E-05  1.4661E-05
       9.8098E-06  1.1360E-05  1.7621E-05  1.2958E-05  1.8712E-05  1.6701E-05  1.4077E-05  1.2513E-05  1.1627E-05  9.6888E-06

      Percentage errors follow in a matrix A(ix,iy,iz), format (1(5x,1p,10(1x,e11.4)))

       4.8334E+00  4.4105E+00  6.5982E+00  6.7020E+00  5.2793E+00  4.7909E+00  4.2591E+00  5.1368E+00  6.5444E+00  5.3907E+00
       4.9155E+00  4.9057E+00  5.1653E+00  4.5969E+00  4.4134E+00  4.5131E+00  4.7664E+00  3.4161E+00  5.2557E+00  6.0937E+00
       6.0906E+00  5.6608E+00  4.3724E+00  5.1764E+00  3.6841E+00  4.6904E+00  4.6290E+00  4.8791E+00  4.5669E+00  6.2555E+00
       7.0516E+00  5.7559E+00  4.1957E+00  5.8705E+00  4.4003E+00  5.0647E+00  3.8312E+00  5.5446E+00  4.3030E+00  6.0796E+00
       5.7130E+00  6.3869E+00  4.7280E+00  4.5691E+00  4.2141E+00  5.8376E+00  4.7633E+00  6.0692E+00  6.1572E+00  6.3364E+00
       6.7168E+00  6.3029E+00  3.6080E+00  5.1649E+00  4.8779E+00  4.5861E+00  4.6028E+00  4.3146E+00  5.7893E+00  5.7205E+00
       5.4656E+00  4.4744E+00  5.2965E+00  4.5810E+00  5.0773E+00  5.0609E+00  4.8867E+00  5.7209E+00  4.8108E+00  5.9707E+00
       5.2096E+00  4.9733E+00  5.0738E+00  3.7438E+00  4.2695E+00  4.2073E+00  3.9874E+00  5.0296E+00  5.5829E+00  5.9086E+00
       4.1489E+00  5.4934E+00  5.1673E+00  4.8921E+00  3.3706E+00  4.4036E+00  4.6486E+00  4.4296E+00  4.9433E+00  4.8783E+00
       6.2254E+00  5.5826E+00  4.7633E+00  5.0451E+00  5.4730E+00  4.7578E+00  4.1594E+00  4.9475E+00  4.9424E+00  4.4577E+00
       5.8588E+00  5.8412E+00  6.9978E+00  7.0662E+00  5.5503E+00  5.9367E+00  4.5811E+00  5.0953E+00  6.1499E+00  7.1100E+00
       5.5534E+00  6.0657E+00  4.8549E+00  4.7446E+00  5.3437E+00  5.3590E+00  4.6722E+00  5.8628E+00  4.5734E+00  7.3809E+00
       6.8137E+00  5.5324E+00  5.1044E+00  5.6368E+00  5.0973E+00  4.8211E+00  4.9122E+00  6.2620E+00  5.5209E+00  5.8500E+00
       7.4771E+00  6.6650E+00  4.9733E+00  5.1285E+00  4.5277E+00  3.9120E+00  5.1700E+00  5.8369E+00  5.4221E+00  5.4674E+00
       5.8649E+00  6.4044E+00  5.2409E+00  4.6590E+00  4.8992E+00  4.4077E+00  5.2559E+00  4.9791E+00  5.1485E+00  6.9957E+00
       5.2651E+00  6.6557E+00  4.5060E+00  4.4839E+00  5.4009E+00  3.3744E+00  5.1112E+00  4.7754E+00  5.3458E+00  7.0603E+00
       5.4951E+00  4.5674E+00  5.9466E+00  5.3647E+00  4.3406E+00  4.6465E+00  4.9538E+00  4.8029E+00  4.8673E+00  7.3672E+00
       4.7276E+00  5.3155E+00  5.7305E+00  4.5863E+00  5.4297E+00  4.7252E+00  4.1024E+00  5.2108E+00  5.9659E+00  6.1213E+00
       6.8124E+00  4.8434E+00  4.1591E+00  4.7996E+00  4.3761E+00  3.7964E+00  4.5372E+00  6.0982E+00  6.6807E+00  6.5520E+00
       5.3115E+00  5.2874E+00  4.9333E+00  5.0874E+00  6.5832E+00  5.0417E+00  5.2299E+00  4.6055E+00  7.1416E+00  5.0959E+00
       4.8695E+00  7.1149E+00  7.9298E+00  7.2627E+00  7.0661E+00  5.7214E+00  4.3314E+00  5.2058E+00  6.5823E+00  7.1959E+00
       7.1462E+00  4.3426E+00  5.6749E+00  5.1218E+00  5.7869E+00  4.9876E+00  5.0571E+00  6.0198E+00  4.5275E+00  6.9703E+00
       6.6538E+00  5.8743E+00  4.1431E+00  6.2793E+00  4.9380E+00  5.9938E+00  4.0470E+00  6.3454E+00  6.8182E+00  7.5435E+00
       7.3518E+00  7.3746E+00  5.6603E+00  6.4177E+00  4.8138E+00  4.6234E+00  8.3804E+00  6.2385E+00  4.2458E+00  6.6237E+00
       7.1401E+00  5.6640E+00  4.5290E+00  5.7578E+00  6.2888E+00  5.3957E+00  6.7660E+00  3.9917E+00  5.9330E+00  6.4721E+00
       6.1757E+00  5.5726E+00  4.7257E+00  4.8789E+00  5.8362E+00  3.9836E+00  5.9849E+00  4.0527E+00  6.0303E+00  4.7798E+00
       5.9311E+00  5.6381E+00  4.3495E+00  4.7636E+00  4.4195E+00  3.9050E+00  6.6990E+00  5.1775E+00  3.9278E+00  6.5978E+00
       6.3840E+00  5.8879E+00  6.2539E+00  6.3952E+00  6.3601E+00  4.3310E+00  4.7955E+00  5.5222E+00  5.6822E+00  6.5612E+00
       7.6176E+00  5.3041E+00  5.5208E+00  5.3326E+00  4.7132E+00  3.7846E+00  6.3521E+00  8.4340E+00  7.1302E+00  6.4778E+00
       7.5748E+00  5.5390E+00  5.4080E+00  5.5494E+00  5.0393E+00  5.1943E+00  6.2269E+00  7.7724E+00  7.4734E+00  8.6941E+00
       8.6166E+00  7.8285E+00  8.4823E+00  6.1083E+00  5.6505E+00  6.8691E+00  6.5931E+00  5.4891E+00  6.2217E+00  6.3197E+00
       8.1378E+00  6.7560E+00  4.9478E+00  6.4765E+00  6.6427E+00  5.5981E+00  6.4266E+00  5.3820E+00  6.1699E+00  9.7271E+00
       5.9221E+00  7.2969E+00  5.8103E+00  5.0440E+00  5.0579E+00  6.3980E+00  6.2704E+00  5.4711E+00  5.9397E+00  8.3176E+00
       7.3730E+00  7.5646E+00  5.0276E+00  5.2026E+00  5.6881E+00  6.2278E+00  6.6078E+00  5.5771E+00  6.4541E+00  9.0256E+00
       6.4343E+00  5.8674E+00  5.5759E+00  5.7248E+00  5.9272E+00  7.0459E+00  6.3136E+00  6.3677E+00  5.3605E+00  8.8569E+00
       6.3522E+00  7.2113E+00  3.9058E+00  6.5411E+00  6.1493E+00  3.6040E+00  6.8482E+00  7.0324E+00  5.7478E+00  7.8082E+00
       5.8233E+00  7.2099E+00  5.4920E+00  6.6467E+00  4.5891E+00  5.6761E+00  6.6525E+00  7.0114E+00  5.4498E+00  7.4671E+00
       7.3525E+00  4.6640E+00  6.0130E+00  4.4515E+00  4.8715E+00  4.4644E+00  5.5214E+00  5.8255E+00  6.7132E+00  8.5087E+00
       7.4744E+00  7.3032E+00  5.4230E+00  6.2320E+00  5.5028E+00  5.2910E+00  5.3611E+00  5.0302E+00  5.6937E+00  7.7945E+00
       9.4288E+00  7.8578E+00  6.7657E+00  6.5576E+00  6.1020E+00  6.8090E+00  7.2494E+00  8.2151E+00  7.8345E+00  8.1581E+00
       8.4462E+00  8.5008E+00  8.8352E+00  7.6691E+00  5.7537E+00  8.9569E+00  7.8043E+00  7.7510E+00  7.1796E+00  1.0167E+01
       5.1766E+00  4.9433E+00  7.7142E+00  6.5643E+00  6.4665E+00  6.3077E+00  6.7110E+00  5.2449E+00  5.1290E+00  8.5634E+00
       7.2059E+00  9.2856E+00  6.2159E+00  6.8430E+00  5.7920E+00  5.7767E+00  7.5423E+00  6.6175E+00  5.5078E+00  8.6688E+00
       9.5006E+00  6.8458E+00  7.2132E+00  5.0222E+00  5.2094E+00  6.5658E+00  6.8233E+00  4.6552E+00  5.2786E+00  6.9369E+00
       6.3527E+00  6.7818E+00  5.1653E+00  5.6374E+00  5.6194E+00  8.4356E+00  4.9761E+00  7.4222E+00  5.8500E+00  7.4104E+00
       6.3002E+00  6.7266E+00  6.2195E+00  3.9463E+00  4.9423E+00  4.1888E+00  7.0614E+00  6.2263E+00  6.6691E+00  8.2508E+00
       9.2040E+00  7.5387E+00  5.4246E+00  6.0769E+00  4.8274E+00  4.2092E+00  6.8659E+00  7.6262E+00  5.8847E+00  6.7562E+00
       6.9986E+00  6.4950E+00  7.2740E+00  4.9151E+00  3.4855E+00  5.6166E+00  5.8088E+00  7.5202E+00  7.4916E+00  8.5003E+00
       7.5008E+00  7.5297E+00  4.7926E+00  5.9937E+00  5.1239E+00  6.1651E+00  6.0760E+00  4.3564E+00  7.8787E+00  7.0317E+00
       1.0130E+01  8.1307E+00  6.7689E+00  6.9945E+00  5.0971E+00  1.0019E+01  7.2455E+00  6.8191E+00  7.3857E+00  8.1904E+00
       8.4862E+00  9.0012E+00  8.0529E+00  6.1021E+00  9.5622E+00  8.2279E+00  7.2099E+00  7.0952E+00  6.7533E+00  1.2315E+01
       7.8925E+00  5.7400E+00  7.9066E+00  8.7144E+00  5.9317E+00  6.9671E+00  8.0688E+00  5.4926E+00  8.7468E+00  1.0349E+01
       1.2781E+01  6.8251E+00  6.7473E+00  8.7999E+00  6.5464E+00  5.6761E+00  5.5103E+00  5.7179E+00  9.1223E+00  7.6550E+00
       1.1636E+01  7.8226E+00  6.1377E+00  6.8044E+00  6.2518E+00  7.4205E+00  6.1999E+00  5.5404E+00  8.1109E+00  8.3211E+00
       8.1002E+00  6.7802E+00  5.4613E+00  6.5770E+00  4.1906E+00  7.2229E+00  5.2219E+00  4.9526E+00  5.9883E+00  8.2897E+00
       9.4683E+00  5.9948E+00  7.2798E+00  7.9506E+00  7.9133E+00  5.4728E+00  4.6701E+00  7.3371E+00  8.2565E+00  7.8454E+00
       1.1047E+01  5.6555E+00  6.9910E+00  7.4663E+00  7.4156E+00  5.2908E+00  7.3133E+00  5.9751E+00  8.8162E+00  8.9358E+00
       8.2788E+00  7.4896E+00  6.8877E+00  7.1132E+00  8.3340E+00  6.5815E+00  7.5367E+00  6.9874E+00  7.8275E+00  6.9429E+00
       1.1561E+01  8.4408E+00  6.8745E+00  9.0598E+00  6.8088E+00  8.7039E+00  7.0126E+00  5.0312E+00  8.5968E+00  8.9924E+00
       1.0036E+01  6.2958E+00  8.9516E+00  6.4787E+00  5.1993E+00  7.9999E+00  7.7866E+00  5.6530E+00  8.8840E+00  9.8869E+00
       1.3424E+01  9.8414E+00  9.7626E+00  8.1856E+00  9.1239E+00  1.0206E+01  6.8848E+00  9.0570E+00  8.3038E+00  1.4323E+01
       9.2594E+00  9.5228E+00  8.7369E+00  7.0185E+00  7.2070E+00  8.8371E+00  7.4561E+00  5.5707E+00  7.8761E+00  9.6138E+00
       8.4073E+00  8.5339E+00  5.8803E+00  1.0257E+01  8.1257E+00  6.2469E+00  7.2170E+00  6.4858E+00  1.1110E+01  8.7551E+00
       1.0608E+01  9.7609E+00  7.6020E+00  6.7298E+00  6.5325E+00  8.5650E+00  6.7310E+00  7.9027E+00  9.3503E+00  9.7469E+00
       9.4262E+00  7.1053E+00  8.1445E+00  5.2308E+00  5.5356E+00  4.5057E+00  7.0653E+00  6.9120E+00  6.6311E+00  7.8901E+00
       7.9354E+00  9.4817E+00  1.1321E+01  7.8678E+00  7.2409E+00  8.7660E+00  7.1216E+00  5.9036E+00  6.5951E+00  9.0021E+00
       1.2606E+01  6.1128E+00  9.9808E+00  4.8487E+00  8.4070E+00  8.7350E+00  7.0073E+00  7.3603E+00  9.7090E+00  1.1868E+01
       8.1668E+00  8.4178E+00  7.9659E+00  6.9191E+00  8.2136E+00  5.2001E+00  6.3969E+00  7.0339E+00  1.1717E+01  7.0064E+00
       1.5807E+01  1.0065E+01  8.3562E+00  7.3803E+00  7.2553E+00  8.7389E+00  6.7983E+00  8.0397E+00  9.8543E+00  1.0087E+01
       9.0166E+00  9.9346E+00  6.1049E+00  1.0220E+01  9.0341E+00  8.6078E+00  1.0411E+01  1.0586E+01  1.1621E+01  9.3237E+00
       1.4835E+01  1.2442E+01  1.0947E+01  1.0808E+01  8.9470E+00  1.1327E+01  7.9962E+00  1.2358E+01  8.5144E+00  1.0322E+01
       1.0653E+01  9.6170E+00  9.8175E+00  7.0846E+00  8.6936E+00  9.1354E+00  1.0318E+01  8.4356E+00  1.0055E+01  1.1281E+01
       1.2419E+01  8.0796E+00  8.2484E+00  1.0738E+01  7.3012E+00  7.2973E+00  5.8534E+00  1.0739E+01  1.0563E+01  1.4183E+01
       8.5348E+00  8.3718E+00  9.2612E+00  7.2850E+00  8.6278E+00  6.3377E+00  8.9069E+00  1.1663E+01  9.8813E+00  1.0275E+01
       7.5440E+00  1.0397E+01  8.4111E+00  7.5399E+00  9.7239E+00  6.2995E+00  9.5793E+00  1.0787E+01  1.1045E+01  1.1998E+01
       1.0002E+01  8.6561E+00  9.3450E+00  7.0930E+00  7.0212E+00  9.6205E+00  9.9852E+00  8.3608E+00  7.1867E+00  9.2504E+00
       1.2416E+01  6.6291E+00  9.9196E+00  6.2748E+00  9.4420E+00  8.7642E+00  6.6136E+00  7.2956E+00  9.6668E+00  1.1391E+01
       1.0658E+01  1.0902E+01  1.0320E+01  7.7430E+00  9.1006E+00  5.6360E+00  7.4981E+00  8.1782E+00  8.8444E+00  9.0380E+00
       1.3717E+01  1.1240E+01  8.1369E+00  1.0018E+01  9.9232E+00  8.5331E+00  9.8300E+00  9.7959E+00  1.3477E+01  9.1794E+00
       1.6927E+01  8.5424E+00  8.5662E+00  1.2405E+01  1.1062E+01  8.9423E+00  1.4489E+01  9.6256E+00  1.1528E+01  9.0568E+00
       1.7565E+01  1.0427E+01  1.1192E+01  1.4576E+01  1.0661E+01  1.0930E+01  1.0542E+01  1.7162E+01  1.4237E+01  1.6268E+01
       1.2883E+01  1.0870E+01  1.1677E+01  1.0142E+01  9.7706E+00  8.4008E+00  9.6542E+00  1.0860E+01  8.4863E+00  1.7032E+01
       1.2923E+01  1.0931E+01  1.0820E+01  8.9898E+00  7.2591E+00  8.8572E+00  7.0171E+00  7.3474E+00  8.4835E+00  1.4151E+01
       1.3244E+01  9.1755E+00  1.0666E+01  9.2432E+00  8.4042E+00  9.6774E+00  1.0485E+01  7.1524E+00  7.3465E+00  1.2815E+01
       1.0004E+01  1.4120E+01  1.0288E+01  1.2647E+01  9.6416E+00  9.2961E+00  9.0654E+00  1.0822E+01  1.0656E+01  1.5564E+01
       1.3931E+01  1.0577E+01  9.8768E+00  7.9207E+00  7.8991E+00  7.1929E+00  1.0681E+01  1.0295E+01  9.2548E+00  1.3372E+01
       1.2095E+01  8.9515E+00  1.0589E+01  8.8543E+00  6.7335E+00  6.8242E+00  9.8855E+00  7.7184E+00  1.0248E+01  1.1686E+01
       1.4491E+01  8.4150E+00  1.0679E+01  8.2640E+00  9.0788E+00  9.0947E+00  1.0533E+01  1.0298E+01  1.2416E+01  1.4327E+01
       1.6123E+01  9.8654E+00  9.8710E+00  1.0456E+01  1.1113E+01  9.9489E+00  1.0275E+01  8.4808E+00  1.1995E+01  1.1871E+01
       2.0795E+01  1.3370E+01  1.0813E+01  1.2250E+01  9.7987E+00  1.1325E+01  1.4123E+01  1.1208E+01  1.1424E+01  1.1597E+01
       2.0365E+01  1.3057E+01  1.2865E+01  1.0085E+01  1.1959E+01  1.1565E+01  1.3678E+01  1.4186E+01  1.5767E+01  1.7574E+01
       1.0616E+01  1.4270E+01  1.0929E+01  1.1276E+01  1.0965E+01  1.2677E+01  1.2316E+01  1.0579E+01  1.2570E+01  1.5815E+01
       1.4206E+01  1.1600E+01  1.2816E+01  1.2297E+01  9.4767E+00  9.7381E+00  9.2289E+00  9.5085E+00  9.1130E+00  1.5386E+01
       1.3515E+01  1.0691E+01  1.2699E+01  1.0011E+01  9.8552E+00  1.0047E+01  8.8017E+00  9.7287E+00  1.0666E+01  9.7528E+00
       1.4892E+01  1.3125E+01  8.8611E+00  9.7157E+00  1.0229E+01  1.0791E+01  1.1476E+01  1.5781E+01  1.2784E+01  1.3243E+01
       1.0049E+01  9.3111E+00  1.1128E+01  1.2097E+01  8.9922E+00  1.0429E+01  1.2292E+01  1.1489E+01  1.2156E+01  1.1522E+01
       1.2835E+01  1.1578E+01  1.1805E+01  1.0423E+01  8.4442E+00  1.0027E+01  1.1186E+01  9.6732E+00  1.2032E+01  1.5380E+01
       1.1400E+01  1.1248E+01  1.1735E+01  1.2570E+01  1.0553E+01  8.3838E+00  7.7245E+00  1.0838E+01  1.2133E+01  1.4532E+01
       1.7466E+01  1.3507E+01  1.3976E+01  1.1942E+01  1.0521E+01  1.2749E+01  1.1587E+01  1.1522E+01  1.4437E+01  1.7152E+01
       2.0136E+01  1.3945E+01  1.3633E+01  1.4792E+01  1.2727E+01  1.3329E+01  1.4121E+01  1.3944E+01  1.8536E+01  1.5208E+01
