1
   Cartesian binning n.   1  "DoseEq    " , generalized particle n.  240
      X coordinate: from -8.5000E+01 to  8.5000E+01 cm,    10 bins ( 1.7000E+01 cm wide)
      Y coordinate: from -2.5000E+01 to  2.5000E+01 cm,    10 bins ( 5.0000E+00 cm wide)
      Z coordinate: from  2.2500E+02 to  2.7500E+02 cm,    10 bins ( 5.0000E+00 cm wide)
      Data follow in a matrix A(ix,iy,iz), format (1(5x,1p,10(1x,e11.4)))

      accurate deposition along the tracks requested
      this is a track-length binning
       1.4079E-04  1.6524E-04  1.8774E-04  2.0321E-04  2.0928E-04  2.0187E-04  2.1132E-04  1.8735E-04  1.6138E-04  1.4384E-04
       1.6032E-04  1.9034E-04  2.1134E-04  2.4780E-04  2.3984E-04  2.6202E-04  2.2702E-04  2.1759E-04  1.8827E-04  1.5832E-04
       1.6275E-04  1.8764E-04  2.1597E-04  2.5791E-04  2.7801E-04  2.7622E-04  2.5844E-04  2.2713E-04  1.8978E-04  1.5789E-04
       1.6283E-04  2.0973E-04  2.2545E-04  2.7334E-04  2.8413E-04  2.7287E-04  2.5975E-04  2.2247E-04  2.1137E-04  1.7268E-04
       1.7315E-04  2.0756E-04  2.3184E-04  2.8246E-04  2.8842E-04  2.7844E-04  2.7125E-04  2.3851E-04  2.0270E-04  1.7824E-04
       1.5376E-04  1.9384E-04  2.2579E-04  2.5797E-04  2.7889E-04  2.7459E-04  2.6169E-04  2.3831E-04  2.1201E-04  1.7095E-04
       1.6821E-04  2.0628E-04  2.3999E-04  2.6892E-04  2.7407E-04  2.7030E-04  2.5757E-04  2.3740E-04  2.0662E-04  1.7551E-04
       1.7733E-04  2.0487E-04  2.3854E-04  2.4511E-04  2.6671E-04  2.7284E-04  2.5266E-04  2.2258E-04  1.9146E-04  1.6406E-04
       1.6217E-04  1.8707E-04  2.1685E-04  2.4679E-04  2.4794E-04  2.6099E-04  2.3775E-04  2.2065E-04  1.8867E-04  1.6720E-04
       1.3038E-04  1.6907E-04  1.8681E-04  2.2917E-04  2.2217E-04  2.2026E-04  2.1102E-04  1.8597E-04  1.8953E-04  1.5205E-04
       1.1075E-04  1.3739E-04  1.5263E-04  1.7691E-04  1.8800E-04  1.8550E-04  1.8037E-04  1.6518E-04  1.4575E-04  1.1407E-04
       1.3621E-04  1.8010E-04  1.8932E-04  2.3107E-04  2.2161E-04  2.3092E-04  2.2618E-04  1.9473E-04  1.6816E-04  1.3751E-04
       1.4461E-04  1.8426E-04  2.0859E-04  2.5338E-04  2.6805E-04  2.4246E-04  2.5536E-04  2.1514E-04  1.8555E-04  1.5329E-04
       1.5369E-04  1.8744E-04  2.3073E-04  2.6434E-04  2.6833E-04  2.5911E-04  2.6552E-04  2.2093E-04  2.0356E-04  1.6182E-04
       1.5845E-04  2.1118E-04  2.3127E-04  2.6006E-04  2.8083E-04  2.6895E-04  2.5357E-04  2.4167E-04  2.0763E-04  1.7069E-04
       1.5755E-04  2.0508E-04  2.2640E-04  2.5324E-04  2.5763E-04  2.7203E-04  2.4004E-04  2.3981E-04  2.0268E-04  1.5612E-04
       1.5802E-04  1.9698E-04  2.2673E-04  2.5169E-04  2.6151E-04  2.5859E-04  2.5260E-04  2.2456E-04  1.8524E-04  1.5678E-04
       1.7014E-04  2.0045E-04  2.1600E-04  2.3200E-04  2.6793E-04  2.5695E-04  2.4136E-04  2.1991E-04  1.7348E-04  1.4478E-04
       1.4990E-04  1.9133E-04  2.0335E-04  2.1579E-04  2.2455E-04  2.3902E-04  2.2073E-04  1.9245E-04  1.6972E-04  1.4742E-04
       1.1727E-04  1.3781E-04  1.6632E-04  1.8975E-04  1.9506E-04  1.9836E-04  1.8159E-04  1.5441E-04  1.4918E-04  1.2369E-04
       8.4611E-05  1.0788E-04  1.3638E-04  1.4373E-04  1.4824E-04  1.5398E-04  1.4074E-04  1.3365E-04  1.1249E-04  8.3519E-05
       1.1504E-04  1.4239E-04  1.5538E-04  1.9990E-04  2.0191E-04  2.0378E-04  1.8891E-04  1.5725E-04  1.4492E-04  1.1545E-04
       1.1867E-04  1.7237E-04  1.8621E-04  2.1336E-04  2.1594E-04  2.2051E-04  1.9983E-04  1.8120E-04  1.5954E-04  1.2459E-04
       1.3151E-04  1.6820E-04  1.9710E-04  2.3906E-04  2.3162E-04  2.2273E-04  2.1702E-04  1.9265E-04  1.8051E-04  1.2180E-04
       1.3071E-04  1.8070E-04  2.1135E-04  2.3228E-04  2.3027E-04  2.3728E-04  2.3299E-04  2.1738E-04  1.9007E-04  1.3504E-04
       1.3000E-04  1.8298E-04  1.9972E-04  2.2040E-04  2.2716E-04  2.2257E-04  2.3271E-04  2.0633E-04  1.8273E-04  1.2669E-04
       1.3539E-04  1.6691E-04  1.9653E-04  2.1807E-04  2.3178E-04  2.2446E-04  2.2678E-04  2.0142E-04  1.6303E-04  1.3044E-04
       1.3223E-04  1.6805E-04  1.9137E-04  2.0772E-04  2.2736E-04  2.2280E-04  2.1581E-04  1.8640E-04  1.5528E-04  1.2666E-04
       1.2846E-04  1.5836E-04  1.6514E-04  1.7970E-04  2.0919E-04  2.1552E-04  1.7823E-04  1.7533E-04  1.3997E-04  1.0581E-04
       1.0442E-04  1.1890E-04  1.2431E-04  1.4893E-04  1.5550E-04  1.5451E-04  1.4438E-04  1.1805E-04  1.2077E-04  9.6003E-05
       6.5779E-05  9.3698E-05  9.5358E-05  1.0866E-04  1.1477E-04  1.2378E-04  1.1449E-04  1.0957E-04  8.8833E-05  6.6368E-05
       8.6613E-05  1.1310E-04  1.3506E-04  1.6436E-04  1.6605E-04  1.6033E-04  1.5017E-04  1.2490E-04  1.1734E-04  9.0544E-05
       9.8146E-05  1.3181E-04  1.5370E-04  1.7347E-04  1.8077E-04  1.8752E-04  1.7120E-04  1.6419E-04  1.4100E-04  9.9338E-05
       1.1408E-04  1.4566E-04  1.6559E-04  2.0033E-04  1.9395E-04  1.7701E-04  1.8555E-04  1.8214E-04  1.5397E-04  1.0904E-04
       1.1145E-04  1.5357E-04  1.8401E-04  2.0045E-04  1.9230E-04  1.8684E-04  1.9340E-04  1.7879E-04  1.5549E-04  1.0885E-04
       1.0315E-04  1.5355E-04  1.7882E-04  1.8366E-04  1.7827E-04  1.8932E-04  1.7938E-04  1.6852E-04  1.5604E-04  9.9383E-05
       1.0553E-04  1.4040E-04  1.5444E-04  1.8845E-04  1.8170E-04  1.8319E-04  1.8964E-04  1.6242E-04  1.4255E-04  1.0368E-04
       1.0432E-04  1.3278E-04  1.5826E-04  1.6731E-04  1.8296E-04  1.7704E-04  1.7218E-04  1.5226E-04  1.3238E-04  1.0349E-04
       1.0465E-04  1.2209E-04  1.4065E-04  1.4800E-04  1.6996E-04  1.6560E-04  1.4645E-04  1.4600E-04  1.3162E-04  8.1051E-05
       7.5163E-05  9.5496E-05  1.0144E-04  1.1425E-04  1.2646E-04  1.3273E-04  1.2386E-04  9.3426E-05  9.9159E-05  6.7731E-05
       5.3511E-05  7.6691E-05  7.7572E-05  7.9122E-05  8.8180E-05  9.7109E-05  9.6439E-05  9.1010E-05  7.9789E-05  5.6308E-05
       6.5090E-05  9.5145E-05  1.0793E-04  1.3081E-04  1.1795E-04  1.2755E-04  1.2014E-04  1.1044E-04  9.4175E-05  6.5673E-05
       7.2046E-05  1.0739E-04  1.2586E-04  1.4998E-04  1.3581E-04  1.3998E-04  1.3775E-04  1.3159E-04  1.0681E-04  8.1461E-05
       9.3849E-05  1.1080E-04  1.3791E-04  1.5899E-04  1.5184E-04  1.4344E-04  1.5443E-04  1.4640E-04  1.2349E-04  8.7593E-05
       9.0903E-05  1.1964E-04  1.4084E-04  1.5098E-04  1.6686E-04  1.6983E-04  1.5509E-04  1.6246E-04  1.3301E-04  8.8834E-05
       8.4394E-05  1.2287E-04  1.4225E-04  1.6013E-04  1.4786E-04  1.7129E-04  1.5709E-04  1.2862E-04  1.2866E-04  9.1466E-05
       8.8281E-05  1.1718E-04  1.2874E-04  1.5066E-04  1.5344E-04  1.5679E-04  1.4360E-04  1.3082E-04  1.1698E-04  8.4940E-05
       7.8049E-05  1.1942E-04  1.2872E-04  1.3296E-04  1.4566E-04  1.5809E-04  1.4473E-04  1.1785E-04  1.1024E-04  7.1931E-05
       7.6453E-05  9.4759E-05  1.1318E-04  1.1547E-04  1.3660E-04  1.3600E-04  1.2565E-04  1.1316E-04  1.0191E-04  6.4553E-05
       6.2392E-05  6.9671E-05  8.1976E-05  9.2170E-05  1.0328E-04  1.1109E-04  9.9939E-05  7.3240E-05  7.9097E-05  5.2179E-05
       3.7626E-05  6.1781E-05  6.5428E-05  7.2621E-05  7.3234E-05  7.3671E-05  6.9094E-05  7.2904E-05  5.9834E-05  3.7413E-05
       5.8909E-05  7.1576E-05  9.0369E-05  1.0680E-04  8.9121E-05  9.9464E-05  9.2652E-05  9.1145E-05  6.4879E-05  5.2366E-05
       6.6715E-05  8.6503E-05  1.0259E-04  1.1915E-04  1.1445E-04  1.1059E-04  1.1960E-04  1.0618E-04  8.0182E-05  5.5134E-05
       7.2240E-05  8.7600E-05  1.0974E-04  1.2704E-04  1.1660E-04  1.1716E-04  1.2542E-04  1.1268E-04  1.0132E-04  7.0997E-05
       6.6695E-05  1.0857E-04  1.1009E-04  1.2479E-04  1.3572E-04  1.4637E-04  1.3540E-04  1.2144E-04  1.0630E-04  7.0858E-05
       6.3620E-05  1.0418E-04  1.0624E-04  1.1982E-04  1.2095E-04  1.5289E-04  1.2886E-04  1.1639E-04  8.8687E-05  7.0591E-05
       6.6917E-05  9.2859E-05  1.1983E-04  1.1515E-04  1.2597E-04  1.4096E-04  1.3022E-04  1.0813E-04  9.7135E-05  5.8510E-05
       5.7268E-05  9.8703E-05  9.4706E-05  1.0647E-04  1.1864E-04  1.3883E-04  1.2623E-04  9.4805E-05  8.3968E-05  5.5533E-05
       5.1642E-05  8.5644E-05  9.0196E-05  9.6229E-05  1.1082E-04  1.0847E-04  9.3436E-05  9.1920E-05  7.8926E-05  5.6518E-05
       4.9307E-05  5.1086E-05  6.5533E-05  6.8861E-05  8.6749E-05  8.2603E-05  7.5325E-05  5.6526E-05  5.4460E-05  4.4488E-05
       3.1279E-05  4.9294E-05  5.2150E-05  5.8603E-05  5.7069E-05  5.4018E-05  6.2236E-05  5.8039E-05  3.8648E-05  3.2545E-05
       4.4382E-05  5.6036E-05  6.4665E-05  8.5206E-05  8.7408E-05  7.8169E-05  8.2599E-05  7.6596E-05  5.3573E-05  4.6512E-05
       4.5546E-05  7.3080E-05  9.3517E-05  9.6752E-05  1.0836E-04  8.7841E-05  9.4179E-05  8.5582E-05  7.1662E-05  4.6699E-05
       5.1204E-05  7.2327E-05  8.9153E-05  9.3523E-05  1.0007E-04  9.8488E-05  9.2571E-05  8.8578E-05  7.4245E-05  5.3464E-05
       5.3293E-05  7.4098E-05  8.9443E-05  1.0380E-04  1.0232E-04  1.0861E-04  9.4239E-05  8.5384E-05  7.6547E-05  5.7898E-05
       5.2707E-05  8.0247E-05  9.2173E-05  1.0328E-04  1.0409E-04  1.0868E-04  9.8344E-05  9.0763E-05  7.0020E-05  5.4671E-05
       5.0101E-05  6.9889E-05  9.2712E-05  8.9453E-05  1.0141E-04  1.1895E-04  9.2479E-05  8.8840E-05  7.9797E-05  5.8522E-05
       4.7572E-05  7.0740E-05  7.3479E-05  9.3126E-05  1.0459E-04  1.0323E-04  9.7742E-05  7.3960E-05  6.6643E-05  4.6076E-05
       3.7178E-05  6.1825E-05  6.8870E-05  8.2660E-05  9.0247E-05  8.7407E-05  7.4980E-05  6.4694E-05  5.5841E-05  4.1976E-05
       3.2754E-05  4.9043E-05  4.9503E-05  5.9918E-05  6.0949E-05  5.8750E-05  5.7578E-05  4.5178E-05  4.4370E-05  3.5882E-05
       2.9792E-05  3.4983E-05  3.6937E-05  4.6995E-05  4.6180E-05  4.4988E-05  4.5844E-05  4.0872E-05  3.2338E-05  3.1431E-05
       3.2916E-05  4.8108E-05  5.2528E-05  5.9855E-05  7.0844E-05  5.8493E-05  6.8336E-05  5.5311E-05  4.9774E-05  3.4627E-05
       3.7469E-05  5.8863E-05  7.8341E-05  7.3417E-05  6.8385E-05  6.8378E-05  6.9920E-05  6.3619E-05  5.5494E-05  4.1994E-05
       3.6934E-05  5.6345E-05  7.3411E-05  7.6053E-05  8.8148E-05  7.3246E-05  7.3610E-05  7.4340E-05  6.0338E-05  4.0111E-05
       4.0656E-05  5.8481E-05  6.6394E-05  8.7745E-05  8.4606E-05  7.9769E-05  7.4812E-05  7.2176E-05  5.4222E-05  4.3246E-05
       4.1949E-05  5.9312E-05  7.2185E-05  7.9397E-05  8.1363E-05  8.0019E-05  7.4268E-05  6.5511E-05  5.9264E-05  4.1573E-05
       4.2230E-05  5.6862E-05  6.6311E-05  7.0609E-05  8.7570E-05  8.0801E-05  7.6015E-05  7.0493E-05  5.8416E-05  3.7639E-05
       4.1230E-05  5.0131E-05  6.0775E-05  6.8642E-05  7.4116E-05  8.0528E-05  7.2140E-05  6.5027E-05  5.3773E-05  4.0530E-05
       3.3781E-05  4.8391E-05  5.8464E-05  6.0737E-05  6.6947E-05  6.4664E-05  6.1534E-05  5.5032E-05  4.4778E-05  3.4681E-05
       2.5112E-05  3.4766E-05  4.1772E-05  4.4040E-05  5.0399E-05  4.5585E-05  5.2002E-05  3.7285E-05  2.9946E-05  2.4071E-05
       2.3146E-05  2.6985E-05  3.2133E-05  3.7143E-05  3.5272E-05  3.0662E-05  4.1571E-05  3.1450E-05  2.6739E-05  1.9627E-05
       2.8530E-05  3.9559E-05  4.4523E-05  4.5145E-05  4.9535E-05  4.3109E-05  4.8651E-05  3.8764E-05  3.7493E-05  2.5962E-05
       2.7556E-05  4.5412E-05  6.1374E-05  5.5484E-05  5.4005E-05  4.7372E-05  5.1006E-05  4.6077E-05  4.9666E-05  3.4062E-05
       3.6140E-05  4.6645E-05  5.5435E-05  5.3007E-05  6.3513E-05  5.9442E-05  5.7492E-05  5.5906E-05  4.5717E-05  3.0931E-05
       3.4424E-05  3.9806E-05  5.5690E-05  5.8111E-05  5.9047E-05  5.5246E-05  5.2518E-05  5.3949E-05  4.5176E-05  3.4388E-05
       3.1541E-05  4.8193E-05  5.2062E-05  5.8118E-05  6.4662E-05  5.8211E-05  5.8057E-05  4.4340E-05  4.6672E-05  3.0704E-05
       3.4918E-05  4.4194E-05  4.8547E-05  5.9716E-05  6.3094E-05  6.4876E-05  5.9321E-05  5.2191E-05  4.7619E-05  3.2942E-05
       3.2614E-05  3.8899E-05  5.2459E-05  5.5230E-05  5.8432E-05  6.2298E-05  5.6626E-05  4.7060E-05  4.3063E-05  3.0175E-05
       2.4957E-05  3.4245E-05  3.7730E-05  5.0544E-05  4.7514E-05  4.9814E-05  4.6061E-05  4.2697E-05  3.7020E-05  2.5257E-05
       2.0863E-05  2.5588E-05  3.2374E-05  3.5193E-05  3.6636E-05  4.0763E-05  3.5851E-05  3.2922E-05  2.9589E-05  1.7790E-05
       1.6509E-05  2.0822E-05  2.5193E-05  3.0634E-05  2.8235E-05  2.4692E-05  2.7640E-05  2.2560E-05  2.1384E-05  1.7239E-05
       2.2629E-05  2.6284E-05  3.5913E-05  3.3172E-05  3.9885E-05  3.3674E-05  3.6198E-05  2.5636E-05  2.5067E-05  2.2097E-05
       2.1201E-05  3.3343E-05  3.9185E-05  3.8346E-05  3.5140E-05  2.9241E-05  3.0617E-05  3.0062E-05  3.1608E-05  2.6148E-05
       2.0644E-05  3.1367E-05  3.5012E-05  3.8292E-05  4.1013E-05  3.5988E-05  3.3618E-05  3.8428E-05  2.8498E-05  1.9852E-05
       2.0259E-05  2.8924E-05  3.7091E-05  4.1656E-05  4.4205E-05  4.5452E-05  4.2449E-05  3.7384E-05  3.0386E-05  2.3319E-05
       2.5315E-05  2.7503E-05  3.7916E-05  3.7927E-05  4.7647E-05  3.9346E-05  3.8225E-05  3.5245E-05  3.3179E-05  2.8802E-05
       2.4229E-05  3.2034E-05  3.9590E-05  4.8255E-05  4.3035E-05  4.0677E-05  3.6526E-05  3.9454E-05  3.4992E-05  2.7936E-05
       2.6810E-05  2.6897E-05  3.5488E-05  4.0901E-05  3.9935E-05  4.7190E-05  3.7279E-05  3.1167E-05  3.2041E-05  2.3228E-05
       1.9663E-05  2.6289E-05  2.6760E-05  2.8923E-05  3.3192E-05  3.5084E-05  3.2677E-05  2.8083E-05  2.8914E-05  2.1417E-05
       1.8504E-05  2.0761E-05  2.3324E-05  2.2729E-05  3.0826E-05  2.5603E-05  2.2619E-05  2.5675E-05  1.7125E-05  1.8130E-05

      Percentage errors follow in a matrix A(ix,iy,iz), format (1(5x,1p,10(1x,e11.4)))

       3.6369E+00  4.4058E+00  4.4864E+00  3.0193E+00  4.7168E+00  5.5971E+00  3.7189E+00  3.1817E+00  4.3149E+00  4.0571E+00
       5.3080E+00  4.3595E+00  4.8122E+00  3.7490E+00  3.4864E+00  4.4661E+00  4.7858E+00  4.4124E+00  3.1200E+00  3.5174E+00
       4.5128E+00  4.5302E+00  4.1403E+00  4.3311E+00  3.6544E+00  3.7855E+00  2.7884E+00  3.5813E+00  4.5320E+00  4.7190E+00
       4.3163E+00  3.5918E+00  2.7668E+00  2.8984E+00  3.3507E+00  3.8055E+00  3.8644E+00  4.0256E+00  3.7498E+00  4.3349E+00
       3.3888E+00  4.5091E+00  3.2166E+00  3.2861E+00  4.6129E+00  3.7309E+00  2.9588E+00  4.7517E+00  4.1720E+00  5.1975E+00
       4.1563E+00  4.1480E+00  3.6551E+00  4.2349E+00  2.5401E+00  2.4353E+00  3.4111E+00  2.9309E+00  3.6603E+00  4.8165E+00
       4.0318E+00  4.5262E+00  3.6035E+00  4.7970E+00  3.3631E+00  3.9262E+00  3.7866E+00  4.5091E+00  3.3917E+00  4.2754E+00
       3.6590E+00  4.2165E+00  3.9439E+00  2.9848E+00  3.3763E+00  3.2581E+00  2.3051E+00  2.1390E+00  4.6481E+00  4.0387E+00
       4.8630E+00  4.2144E+00  3.2731E+00  4.8726E+00  4.1462E+00  3.6173E+00  2.6249E+00  3.1400E+00  4.5859E+00  3.5938E+00
       5.8906E+00  4.9179E+00  3.6656E+00  4.5270E+00  3.9537E+00  3.2347E+00  2.8981E+00  4.3695E+00  4.9477E+00  3.0692E+00
       4.4028E+00  4.5460E+00  5.3448E+00  3.1757E+00  5.1578E+00  5.1814E+00  3.6295E+00  3.2442E+00  4.4533E+00  4.6383E+00
       4.5656E+00  4.4901E+00  3.5274E+00  4.5348E+00  4.5108E+00  3.7735E+00  4.3053E+00  4.9514E+00  5.2674E+00  5.4704E+00
       4.7615E+00  5.0367E+00  4.3229E+00  4.0747E+00  4.7073E+00  3.5087E+00  3.8383E+00  4.3959E+00  4.6100E+00  5.7931E+00
       3.3223E+00  4.1012E+00  3.4167E+00  3.3476E+00  3.7807E+00  4.4096E+00  2.9933E+00  3.2553E+00  2.9275E+00  4.8659E+00
       3.7281E+00  4.4679E+00  4.1505E+00  4.2326E+00  4.4423E+00  4.1262E+00  2.6380E+00  4.3158E+00  4.4940E+00  5.9994E+00
       3.1174E+00  5.0366E+00  4.9315E+00  4.3606E+00  2.9565E+00  3.0046E+00  3.1384E+00  3.9894E+00  4.2831E+00  5.6315E+00
       4.6282E+00  3.5948E+00  4.1447E+00  3.9973E+00  4.8971E+00  3.3921E+00  4.6861E+00  3.3324E+00  4.0860E+00  4.6711E+00
       4.5328E+00  3.7857E+00  3.5881E+00  4.0669E+00  4.0698E+00  3.2021E+00  2.9190E+00  3.6498E+00  4.0354E+00  5.6309E+00
       6.0017E+00  5.1437E+00  3.6396E+00  3.0163E+00  3.9518E+00  3.8199E+00  3.6839E+00  2.4735E+00  4.1093E+00  4.3848E+00
       6.5864E+00  3.4439E+00  4.3300E+00  5.7226E+00  4.9483E+00  3.8796E+00  3.7154E+00  4.6958E+00  5.5546E+00  4.2822E+00
       5.3432E+00  5.9158E+00  6.3609E+00  5.6250E+00  5.2437E+00  3.1807E+00  5.1953E+00  4.8473E+00  5.5468E+00  5.2085E+00
       6.0035E+00  6.3106E+00  5.2179E+00  4.5861E+00  5.5142E+00  3.4722E+00  2.5726E+00  5.1411E+00  5.2013E+00  4.9293E+00
       3.0717E+00  3.8621E+00  4.9145E+00  3.7041E+00  3.5031E+00  4.0119E+00  4.4961E+00  4.4961E+00  4.5786E+00  7.1126E+00
       5.5430E+00  5.7091E+00  4.3786E+00  3.8985E+00  4.2748E+00  5.1925E+00  4.3194E+00  4.8268E+00  3.8377E+00  4.4477E+00
       3.9117E+00  5.3372E+00  5.2609E+00  3.4214E+00  3.8040E+00  4.2585E+00  3.1702E+00  3.6638E+00  5.1177E+00  4.1189E+00
       4.7136E+00  4.8442E+00  4.1926E+00  3.6861E+00  4.3267E+00  3.0920E+00  2.7995E+00  3.4749E+00  4.6105E+00  4.2437E+00
       4.7643E+00  3.6157E+00  4.1625E+00  4.7255E+00  4.4750E+00  4.4633E+00  4.0082E+00  4.3601E+00  4.6679E+00  5.5314E+00
       5.4189E+00  5.3546E+00  4.2353E+00  3.9923E+00  2.6578E+00  5.4066E+00  3.5001E+00  6.0946E+00  5.4522E+00  5.4381E+00
       6.0196E+00  4.4630E+00  4.2931E+00  4.4914E+00  3.9056E+00  5.6732E+00  3.0572E+00  3.8135E+00  6.3925E+00  5.2302E+00
       4.6225E+00  5.8635E+00  4.2626E+00  3.9509E+00  5.2519E+00  4.3540E+00  5.3724E+00  5.2348E+00  6.2607E+00  6.3980E+00
       7.7527E+00  7.4211E+00  5.9655E+00  5.0926E+00  4.5156E+00  4.7124E+00  4.5954E+00  5.6965E+00  7.5963E+00  6.9942E+00
       7.2573E+00  5.3225E+00  5.5407E+00  3.6591E+00  5.8647E+00  4.8233E+00  3.8685E+00  6.5005E+00  5.4608E+00  5.9392E+00
       6.8441E+00  4.3941E+00  4.3145E+00  4.1239E+00  3.5226E+00  4.6642E+00  3.5023E+00  5.5018E+00  6.2460E+00  4.8722E+00
       4.6423E+00  7.2066E+00  2.8868E+00  4.2172E+00  6.0478E+00  5.0056E+00  4.6475E+00  5.1100E+00  4.7935E+00  5.5548E+00
       5.3022E+00  5.4694E+00  5.1282E+00  4.5122E+00  4.9213E+00  5.3142E+00  4.3277E+00  4.3930E+00  7.5477E+00  6.9930E+00
       6.5700E+00  5.4728E+00  6.1749E+00  3.8112E+00  4.1606E+00  4.2574E+00  4.3887E+00  4.9073E+00  6.4023E+00  5.2007E+00
       4.5161E+00  4.7830E+00  4.3849E+00  5.0175E+00  5.3271E+00  5.1891E+00  4.8013E+00  4.6420E+00  4.8425E+00  5.5526E+00
       4.3848E+00  5.1947E+00  4.2209E+00  4.3116E+00  3.3230E+00  6.3130E+00  3.6367E+00  4.1944E+00  5.6365E+00  5.8924E+00
       7.1926E+00  4.3588E+00  4.3289E+00  5.9822E+00  5.0668E+00  5.8119E+00  5.2838E+00  4.4182E+00  5.8326E+00  5.2772E+00
       6.4863E+00  8.6240E+00  3.4904E+00  4.5733E+00  5.9184E+00  5.1547E+00  3.9808E+00  7.1939E+00  6.7036E+00  6.0381E+00
       8.9902E+00  7.9605E+00  7.7248E+00  7.0775E+00  4.8203E+00  5.0652E+00  7.4564E+00  6.4033E+00  7.4492E+00  7.8682E+00
       9.9584E+00  7.0539E+00  6.8949E+00  5.1992E+00  5.5786E+00  5.6619E+00  4.1159E+00  6.0006E+00  5.6048E+00  6.0912E+00
       6.2662E+00  5.2739E+00  5.1176E+00  4.0934E+00  4.3762E+00  4.0980E+00  4.2448E+00  5.3969E+00  6.0836E+00  5.2961E+00
       4.3668E+00  5.5393E+00  5.2766E+00  5.7079E+00  3.8286E+00  4.7844E+00  4.6712E+00  5.9832E+00  6.3358E+00  6.9259E+00
       5.3875E+00  4.0216E+00  5.0167E+00  3.2255E+00  4.6559E+00  4.4537E+00  3.4177E+00  4.5278E+00  5.6940E+00  6.3439E+00
       6.3132E+00  5.7827E+00  5.5415E+00  3.9641E+00  4.3673E+00  5.0606E+00  4.2135E+00  5.1690E+00  7.7089E+00  5.3928E+00
       5.8732E+00  5.3787E+00  6.0312E+00  5.5779E+00  4.1545E+00  6.8769E+00  3.7505E+00  3.8615E+00  6.0814E+00  6.2235E+00
       4.0927E+00  5.4108E+00  5.2597E+00  5.2828E+00  4.7222E+00  4.7216E+00  4.0083E+00  3.9595E+00  4.6190E+00  5.6699E+00
       5.5232E+00  6.4427E+00  4.7423E+00  6.8635E+00  5.6920E+00  3.5436E+00  6.0295E+00  5.2285E+00  5.7796E+00  6.3391E+00
       7.2608E+00  7.3256E+00  4.8677E+00  6.1201E+00  6.8222E+00  5.7524E+00  4.6448E+00  7.0161E+00  6.0515E+00  6.4606E+00
       8.6253E+00  8.1989E+00  7.0891E+00  4.7034E+00  5.7772E+00  7.4117E+00  8.0730E+00  5.4565E+00  6.1539E+00  1.0419E+01
       9.5280E+00  8.2812E+00  7.1248E+00  5.8696E+00  5.7054E+00  4.7797E+00  4.8955E+00  6.1546E+00  5.9949E+00  8.6678E+00
       5.8148E+00  5.6131E+00  6.2355E+00  4.8215E+00  4.1499E+00  6.0128E+00  4.0938E+00  6.0200E+00  6.6708E+00  8.6670E+00
       8.7639E+00  6.3696E+00  7.4747E+00  4.6377E+00  4.1054E+00  5.3268E+00  6.8992E+00  7.5931E+00  5.7148E+00  7.2351E+00
       7.7736E+00  4.3821E+00  6.7549E+00  3.8184E+00  4.4860E+00  4.2249E+00  3.6705E+00  6.8379E+00  6.3129E+00  5.5954E+00
       6.2222E+00  3.3656E+00  6.2186E+00  4.9394E+00  3.5791E+00  5.4361E+00  4.9895E+00  5.1178E+00  5.8424E+00  6.0440E+00
       7.1729E+00  3.9417E+00  5.8405E+00  3.7464E+00  6.3321E+00  6.0187E+00  5.5098E+00  5.3554E+00  6.2078E+00  9.9142E+00
       6.8021E+00  6.2415E+00  4.4203E+00  4.1896E+00  6.7028E+00  5.3632E+00  6.6057E+00  4.4281E+00  8.5659E+00  7.1644E+00
       6.6121E+00  6.0747E+00  5.8149E+00  5.8209E+00  6.8784E+00  5.2050E+00  5.8641E+00  5.6163E+00  6.7641E+00  5.3477E+00
       6.3721E+00  6.7791E+00  6.1796E+00  6.9228E+00  4.9436E+00  4.1906E+00  6.5534E+00  7.9930E+00  6.3457E+00  9.6095E+00
       7.5182E+00  8.3612E+00  6.3451E+00  5.7073E+00  7.5149E+00  1.0510E+01  1.0460E+01  6.7365E+00  7.0889E+00  8.0976E+00
       1.0113E+01  9.0251E+00  8.0895E+00  7.0825E+00  1.0412E+01  6.9744E+00  8.6727E+00  5.4887E+00  6.4260E+00  9.5724E+00
       7.8649E+00  6.2291E+00  6.8208E+00  8.9085E+00  6.3505E+00  7.5782E+00  5.3694E+00  5.9767E+00  7.4843E+00  9.9547E+00
       1.0261E+01  9.3444E+00  5.7629E+00  5.7180E+00  6.7958E+00  5.9027E+00  6.7981E+00  5.3761E+00  7.7354E+00  5.1199E+00
       7.3039E+00  6.1524E+00  6.7646E+00  4.7114E+00  5.5898E+00  5.3865E+00  4.9472E+00  6.8840E+00  6.3899E+00  6.6903E+00
       8.1225E+00  6.8773E+00  7.2254E+00  6.6220E+00  6.3402E+00  6.0520E+00  5.5791E+00  7.5007E+00  6.6072E+00  5.8099E+00
       6.9740E+00  6.6790E+00  5.7615E+00  5.3017E+00  6.1883E+00  5.3384E+00  7.4110E+00  5.2027E+00  7.9868E+00  1.0690E+01
       6.8961E+00  6.3900E+00  5.4843E+00  4.1957E+00  5.9644E+00  4.7451E+00  7.4186E+00  5.0609E+00  9.3823E+00  9.7359E+00
       8.5365E+00  8.4566E+00  8.2990E+00  5.1837E+00  6.6985E+00  4.6007E+00  5.6863E+00  6.6073E+00  7.6895E+00  8.8115E+00
       1.0439E+01  8.6234E+00  4.9438E+00  7.0313E+00  7.6384E+00  6.5075E+00  8.9215E+00  5.8361E+00  7.9361E+00  9.1998E+00
       8.7082E+00  9.0803E+00  7.0320E+00  7.5633E+00  8.6495E+00  9.0550E+00  7.8438E+00  6.8476E+00  1.0646E+01  1.0527E+01
       1.0278E+01  9.1276E+00  1.0160E+01  8.8629E+00  9.1686E+00  8.4445E+00  8.7360E+00  7.5659E+00  6.6794E+00  6.4306E+00
       1.1413E+01  9.3346E+00  5.7495E+00  7.3222E+00  7.9738E+00  6.2531E+00  7.6487E+00  7.0531E+00  8.0434E+00  8.4012E+00
       1.0368E+01  9.7181E+00  8.2562E+00  6.9072E+00  7.4275E+00  7.3841E+00  6.2921E+00  5.5225E+00  8.4218E+00  6.8095E+00
       8.6559E+00  8.1499E+00  7.5517E+00  6.7786E+00  6.2720E+00  8.0829E+00  6.2107E+00  6.5395E+00  6.8208E+00  6.0997E+00
       9.2891E+00  8.9277E+00  6.5349E+00  9.7725E+00  4.4146E+00  6.8688E+00  6.7867E+00  7.3381E+00  8.5419E+00  9.0519E+00
       9.9422E+00  7.4023E+00  6.6110E+00  8.8540E+00  5.1533E+00  7.6819E+00  8.5678E+00  5.9052E+00  9.3058E+00  1.0923E+01
       9.7870E+00  8.6899E+00  6.0795E+00  6.4576E+00  6.2771E+00  5.4467E+00  6.9172E+00  6.4812E+00  9.9957E+00  9.3153E+00
       9.3477E+00  1.0874E+01  7.1592E+00  8.1877E+00  6.3556E+00  6.7453E+00  5.1552E+00  9.1700E+00  8.0570E+00  9.5060E+00
       1.2904E+01  1.0110E+01  8.5236E+00  8.3353E+00  5.3136E+00  7.6877E+00  8.8165E+00  1.0611E+01  1.0528E+01  1.1752E+01
       1.0458E+01  1.1171E+01  8.1876E+00  6.7430E+00  8.2783E+00  1.1123E+01  7.8266E+00  8.8830E+00  1.3172E+01  1.0161E+01
       1.2415E+01  1.4959E+01  9.8311E+00  5.6156E+00  7.5671E+00  8.4561E+00  7.8360E+00  9.5459E+00  8.2734E+00  1.1236E+01
       9.7128E+00  1.1213E+01  7.2231E+00  5.6872E+00  8.6556E+00  9.1088E+00  1.0825E+01  7.0233E+00  9.4040E+00  1.4691E+01
       8.0216E+00  1.0119E+01  1.0974E+01  6.7722E+00  6.7351E+00  7.6645E+00  7.5296E+00  6.9032E+00  7.2756E+00  1.2037E+01
       1.0498E+01  9.6164E+00  8.3871E+00  1.0381E+01  7.7013E+00  8.1581E+00  8.4208E+00  7.8225E+00  8.0732E+00  1.3447E+01
       1.1460E+01  8.2002E+00  1.0186E+01  7.7122E+00  6.9508E+00  8.4561E+00  6.9835E+00  9.9189E+00  8.2237E+00  1.0901E+01
       9.4073E+00  7.9853E+00  8.9902E+00  6.8634E+00  7.2387E+00  1.0349E+01  6.4011E+00  8.0067E+00  8.7988E+00  1.2500E+01
       9.6666E+00  1.0596E+01  9.3904E+00  7.8304E+00  7.8041E+00  6.9229E+00  8.2932E+00  9.2013E+00  9.6357E+00  1.0777E+01
       9.4988E+00  1.3512E+01  7.2598E+00  1.0439E+01  7.3216E+00  7.1857E+00  8.5418E+00  7.7430E+00  9.1591E+00  1.3071E+01
       1.0354E+01  1.1870E+01  7.6915E+00  9.6516E+00  6.6330E+00  8.3386E+00  9.4106E+00  8.9835E+00  1.0859E+01  1.2273E+01
       1.2200E+01  1.2080E+01  1.0544E+01  9.2829E+00  7.9211E+00  1.0537E+01  1.2465E+01  1.1200E+01  1.1665E+01  1.1621E+01
       1.1299E+01  9.8139E+00  1.0642E+01  1.1572E+01  8.9720E+00  8.9943E+00  8.0458E+00  9.0326E+00  1.0202E+01  1.7036E+01
       1.6914E+01  1.2075E+01  6.0245E+00  6.2604E+00  1.0308E+01  8.6321E+00  1.3390E+01  1.0654E+01  1.0653E+01  1.1422E+01
       1.5882E+01  8.3566E+00  1.0610E+01  1.1323E+01  8.5969E+00  7.8332E+00  8.8079E+00  1.1590E+01  8.7344E+00  9.6726E+00
       9.1635E+00  9.8203E+00  8.4710E+00  9.9292E+00  8.6506E+00  9.3542E+00  7.4775E+00  9.3928E+00  9.2979E+00  1.7105E+01
       9.1630E+00  1.0348E+01  7.1742E+00  5.5219E+00  8.8678E+00  9.4590E+00  7.0885E+00  1.0178E+01  1.0264E+01  1.2994E+01
       1.1513E+01  1.0630E+01  1.2219E+01  1.0068E+01  9.6804E+00  8.4424E+00  9.3737E+00  1.1108E+01  9.7144E+00  9.8382E+00
       1.0395E+01  1.2299E+01  1.1178E+01  1.0099E+01  9.5174E+00  7.9509E+00  1.0363E+01  1.0421E+01  9.5870E+00  1.0424E+01
       1.0385E+01  1.3207E+01  1.0184E+01  1.1397E+01  9.5629E+00  1.0142E+01  1.2245E+01  9.7677E+00  1.0542E+01  1.1006E+01
       1.3221E+01  1.3412E+01  7.3312E+00  1.5523E+01  9.3899E+00  9.5409E+00  1.0667E+01  9.6743E+00  1.4572E+01  1.4326E+01
