1
   Cartesian binning n.   1  "DoseEq    " , generalized particle n.  240
      X coordinate: from -8.5000E+01 to  8.5000E+01 cm,    10 bins ( 1.7000E+01 cm wide)
      Y coordinate: from -2.5000E+01 to  2.5000E+01 cm,    10 bins ( 5.0000E+00 cm wide)
      Z coordinate: from  2.2500E+02 to  2.7500E+02 cm,    10 bins ( 5.0000E+00 cm wide)
      Data follow in a matrix A(ix,iy,iz), format (1(5x,1p,10(1x,e11.4)))

      accurate deposition along the tracks requested
      this is a track-length binning
       3.0039E-04  3.7642E-04  4.0557E-04  4.2633E-04  4.4854E-04  4.6996E-04  4.5262E-04  3.9636E-04  3.4903E-04  2.7729E-04
       3.3480E-04  4.2261E-04  4.6979E-04  4.8447E-04  5.2341E-04  5.5729E-04  5.1388E-04  4.4989E-04  3.8939E-04  3.3079E-04
       3.3025E-04  4.4183E-04  4.7529E-04  5.1762E-04  5.6007E-04  5.6398E-04  5.3587E-04  4.7374E-04  4.2573E-04  3.4738E-04
       3.3625E-04  4.3417E-04  5.0487E-04  5.4737E-04  5.9984E-04  5.8769E-04  5.4635E-04  4.9914E-04  4.2948E-04  3.4720E-04
       3.5727E-04  4.4306E-04  5.1438E-04  5.6604E-04  5.8882E-04  5.7625E-04  5.6402E-04  5.0960E-04  4.4355E-04  3.4069E-04
       3.7264E-04  4.5422E-04  4.9581E-04  5.7317E-04  6.0378E-04  5.9030E-04  5.4421E-04  5.0647E-04  4.4361E-04  3.5335E-04
       3.5403E-04  4.5908E-04  5.2306E-04  5.6715E-04  5.9437E-04  5.9692E-04  5.3143E-04  4.9920E-04  4.4025E-04  3.3621E-04
       3.4086E-04  4.3876E-04  4.9149E-04  5.3042E-04  5.5672E-04  5.5118E-04  5.5181E-04  5.0220E-04  4.2004E-04  3.4247E-04
       3.3270E-04  4.0973E-04  4.6482E-04  5.1606E-04  5.0245E-04  5.2130E-04  4.9088E-04  4.5937E-04  4.0335E-04  3.2154E-04
       2.8529E-04  3.4291E-04  3.9646E-04  4.4714E-04  4.4066E-04  4.6698E-04  4.3041E-04  3.8980E-04  3.4853E-04  2.8694E-04
       2.4402E-04  2.9837E-04  3.3364E-04  3.4265E-04  3.6360E-04  3.9370E-04  3.8655E-04  3.2104E-04  2.9199E-04  2.3028E-04
       2.8978E-04  3.6619E-04  4.1652E-04  4.5037E-04  4.7025E-04  5.0925E-04  4.5584E-04  3.9968E-04  3.5584E-04  2.7159E-04
       2.9152E-04  3.9385E-04  4.5520E-04  4.8895E-04  5.4453E-04  5.1117E-04  4.8794E-04  4.3915E-04  3.8576E-04  3.0321E-04
       2.9800E-04  4.0168E-04  4.6364E-04  5.3073E-04  5.6837E-04  5.3911E-04  5.2504E-04  4.7828E-04  4.1434E-04  3.0452E-04
       3.0974E-04  4.1436E-04  4.7329E-04  5.3543E-04  5.5400E-04  5.6616E-04  5.2836E-04  4.8956E-04  4.0439E-04  3.0999E-04
       3.2443E-04  4.2129E-04  4.7202E-04  5.2429E-04  5.5665E-04  5.7659E-04  5.0679E-04  4.7025E-04  4.0942E-04  2.9986E-04
       3.0228E-04  4.0854E-04  4.7367E-04  5.1273E-04  5.4085E-04  5.5208E-04  4.8390E-04  4.6946E-04  4.0640E-04  3.0157E-04
       2.9605E-04  4.0256E-04  4.3937E-04  4.9996E-04  5.1053E-04  5.1372E-04  5.0243E-04  4.5003E-04  3.7240E-04  2.8299E-04
       2.8185E-04  3.5475E-04  4.0909E-04  4.6391E-04  4.6911E-04  4.6874E-04  4.6102E-04  3.9076E-04  3.5434E-04  2.6959E-04
       2.2676E-04  2.5873E-04  3.3048E-04  3.7226E-04  3.6547E-04  3.7474E-04  3.5339E-04  3.2191E-04  2.7665E-04  2.2659E-04
       1.7403E-04  2.1883E-04  2.5236E-04  2.6501E-04  2.8516E-04  3.0147E-04  2.9322E-04  2.4366E-04  2.1575E-04  1.7447E-04
       2.2111E-04  2.9375E-04  3.3065E-04  3.7405E-04  3.8371E-04  3.9244E-04  3.6444E-04  3.3799E-04  2.8025E-04  2.0620E-04
       2.2761E-04  3.2569E-04  3.5666E-04  4.1498E-04  4.4210E-04  4.3199E-04  4.0491E-04  3.4573E-04  3.0778E-04  2.3054E-04
       2.4955E-04  3.4202E-04  3.8028E-04  4.6311E-04  4.6262E-04  4.6127E-04  4.2892E-04  3.6110E-04  3.3802E-04  2.3546E-04
       2.5690E-04  3.6797E-04  4.0361E-04  4.4551E-04  4.5642E-04  4.7826E-04  4.5883E-04  3.9226E-04  3.2518E-04  2.5082E-04
       2.5740E-04  3.5037E-04  3.9230E-04  4.5491E-04  4.5678E-04  4.6461E-04  4.4534E-04  4.0327E-04  3.4784E-04  2.3903E-04
       2.5033E-04  3.3735E-04  4.0855E-04  4.1627E-04  4.4846E-04  4.3518E-04  4.0892E-04  3.8826E-04  3.1875E-04  2.4079E-04
       2.2798E-04  3.3618E-04  3.9828E-04  4.0884E-04  4.2633E-04  4.1311E-04  4.1158E-04  3.6659E-04  2.9219E-04  2.3848E-04
       2.0946E-04  2.9286E-04  3.3701E-04  3.8388E-04  3.8438E-04  3.8664E-04  3.5506E-04  3.1371E-04  2.7592E-04  2.1020E-04
       1.7340E-04  2.1955E-04  2.4969E-04  2.9403E-04  2.9081E-04  2.8132E-04  2.7731E-04  2.3106E-04  2.0197E-04  1.6115E-04
       1.3186E-04  1.6565E-04  2.0335E-04  2.2355E-04  2.2669E-04  2.3633E-04  2.1363E-04  1.8567E-04  1.6434E-04  1.2816E-04
       1.8060E-04  2.2646E-04  2.6780E-04  3.0621E-04  3.1610E-04  3.0974E-04  2.7420E-04  2.5613E-04  2.2021E-04  1.6468E-04
       1.7840E-04  2.5831E-04  3.0974E-04  3.4090E-04  3.4121E-04  3.4299E-04  3.1090E-04  2.8465E-04  2.3682E-04  1.7284E-04
       1.9287E-04  2.7494E-04  3.2206E-04  3.6764E-04  3.6827E-04  3.6447E-04  3.3586E-04  3.0581E-04  2.7103E-04  1.8593E-04
       1.8804E-04  2.8776E-04  3.2015E-04  3.5336E-04  3.7929E-04  4.0443E-04  3.6646E-04  3.1329E-04  2.7644E-04  2.0145E-04
       1.9656E-04  2.7286E-04  3.0331E-04  3.5598E-04  3.7337E-04  3.8953E-04  3.7919E-04  3.2439E-04  2.8803E-04  1.8960E-04
       1.9462E-04  2.7783E-04  3.3262E-04  3.5973E-04  3.5394E-04  3.6004E-04  3.4652E-04  3.1087E-04  2.5996E-04  1.9309E-04
       1.8095E-04  2.5153E-04  3.1716E-04  3.2932E-04  3.4819E-04  3.3958E-04  3.1562E-04  2.9835E-04  2.3605E-04  1.8722E-04
       1.5985E-04  2.2826E-04  2.6741E-04  2.8704E-04  2.9990E-04  3.0796E-04  2.7243E-04  2.3940E-04  1.9765E-04  1.6517E-04
       1.2639E-04  1.5531E-04  1.8183E-04  2.1815E-04  2.1226E-04  2.1188E-04  2.0165E-04  1.8880E-04  1.4818E-04  1.2712E-04
       1.0174E-04  1.3522E-04  1.4479E-04  1.7891E-04  1.6686E-04  1.7513E-04  1.6662E-04  1.5561E-04  1.3221E-04  9.9328E-05
       1.3236E-04  1.7628E-04  2.1283E-04  2.4826E-04  2.4807E-04  2.3962E-04  2.1321E-04  1.8722E-04  1.7310E-04  1.2268E-04
       1.3670E-04  1.9967E-04  2.3785E-04  2.6166E-04  2.6440E-04  2.8046E-04  2.5899E-04  2.1589E-04  1.9997E-04  1.3337E-04
       1.4762E-04  2.2130E-04  2.7129E-04  2.9883E-04  2.8719E-04  2.9857E-04  2.8926E-04  2.4977E-04  2.1850E-04  1.3990E-04
       1.5862E-04  2.3139E-04  2.6553E-04  2.8373E-04  3.1695E-04  3.0919E-04  2.8778E-04  2.5859E-04  2.1700E-04  1.5860E-04
       1.4819E-04  2.1039E-04  2.5251E-04  2.9855E-04  3.2221E-04  2.9283E-04  3.0426E-04  2.4508E-04  2.1334E-04  1.5615E-04
       1.5329E-04  2.1336E-04  2.4865E-04  2.7775E-04  2.9026E-04  2.9514E-04  2.8865E-04  2.4623E-04  2.0343E-04  1.4765E-04
       1.4479E-04  2.0743E-04  2.5095E-04  2.6518E-04  2.7210E-04  2.7855E-04  2.5288E-04  2.2355E-04  1.8995E-04  1.3423E-04
       1.1961E-04  1.8350E-04  2.1673E-04  2.1829E-04  2.2667E-04  2.5376E-04  2.3539E-04  1.8383E-04  1.6571E-04  1.2229E-04
       9.0854E-05  1.2337E-04  1.4659E-04  1.7110E-04  1.5566E-04  1.7418E-04  1.6190E-04  1.2964E-04  1.1954E-04  9.0884E-05
       7.2310E-05  1.0164E-04  1.2108E-04  1.3061E-04  1.2336E-04  1.3741E-04  1.3688E-04  1.0328E-04  1.0184E-04  7.9512E-05
       9.0237E-05  1.4067E-04  1.6299E-04  1.7913E-04  1.9141E-04  1.7999E-04  1.7660E-04  1.4685E-04  1.4016E-04  9.6485E-05
       9.6849E-05  1.5507E-04  1.9541E-04  2.0482E-04  2.1489E-04  2.0305E-04  2.0816E-04  1.8381E-04  1.4967E-04  1.0455E-04
       1.0992E-04  1.7438E-04  2.0495E-04  2.3547E-04  2.2922E-04  2.2412E-04  2.3416E-04  1.9670E-04  1.6789E-04  1.1325E-04
       1.2240E-04  1.7883E-04  2.1573E-04  2.3603E-04  2.4875E-04  2.4104E-04  2.1228E-04  2.0609E-04  1.7798E-04  1.1373E-04
       1.1903E-04  1.6892E-04  2.1285E-04  2.2721E-04  2.4122E-04  2.4487E-04  2.2444E-04  1.8900E-04  1.7655E-04  1.0915E-04
       1.1440E-04  1.6301E-04  1.9693E-04  2.2093E-04  2.2865E-04  2.3450E-04  2.2537E-04  1.8671E-04  1.5610E-04  1.0199E-04
       1.0406E-04  1.5597E-04  2.0174E-04  2.0659E-04  2.1707E-04  2.2487E-04  2.0674E-04  1.7531E-04  1.5604E-04  1.0933E-04
       9.3965E-05  1.4651E-04  1.7061E-04  1.8299E-04  1.7990E-04  1.7859E-04  1.6934E-04  1.5065E-04  1.1971E-04  9.5038E-05
       6.8298E-05  1.0630E-04  1.1890E-04  1.2363E-04  1.2298E-04  1.3326E-04  1.2495E-04  1.0618E-04  8.6351E-05  8.2180E-05
       5.3901E-05  8.9519E-05  9.1717E-05  1.0523E-04  9.3000E-05  9.9095E-05  1.0901E-04  9.2461E-05  8.5860E-05  5.5600E-05
       7.4634E-05  1.1596E-04  1.2658E-04  1.3758E-04  1.4349E-04  1.3038E-04  1.3854E-04  1.2294E-04  1.0120E-04  7.0194E-05
       7.9519E-05  1.2544E-04  1.5631E-04  1.6274E-04  1.7740E-04  1.6292E-04  1.5603E-04  1.2677E-04  1.1017E-04  7.6579E-05
       8.4268E-05  1.4266E-04  1.5575E-04  1.7232E-04  1.7726E-04  1.7240E-04  1.7487E-04  1.4960E-04  1.2664E-04  8.1293E-05
       9.8877E-05  1.3891E-04  1.6126E-04  1.8322E-04  1.8702E-04  1.9672E-04  1.8834E-04  1.6013E-04  1.3873E-04  8.3120E-05
       8.4767E-05  1.2604E-04  1.6736E-04  1.8397E-04  1.7851E-04  1.9051E-04  1.7792E-04  1.5305E-04  1.3270E-04  8.2813E-05
       8.3922E-05  1.2017E-04  1.5651E-04  1.6485E-04  1.6832E-04  1.7892E-04  1.7101E-04  1.5451E-04  1.1653E-04  8.7505E-05
       8.5107E-05  1.1573E-04  1.3798E-04  1.5845E-04  1.7240E-04  1.7203E-04  1.6506E-04  1.3033E-04  1.1396E-04  7.8372E-05
       7.4146E-05  1.0169E-04  1.2434E-04  1.4278E-04  1.5364E-04  1.5012E-04  1.3705E-04  1.1400E-04  1.0251E-04  7.8945E-05
       5.5611E-05  7.6626E-05  8.9472E-05  8.4821E-05  9.5332E-05  9.5964E-05  1.0093E-04  8.7541E-05  7.3312E-05  6.6827E-05
       4.6040E-05  6.2413E-05  7.0342E-05  7.6950E-05  7.1798E-05  7.7982E-05  8.2925E-05  6.9522E-05  6.1626E-05  3.9522E-05
       5.5728E-05  9.4645E-05  9.7769E-05  1.0006E-04  1.1850E-04  1.1228E-04  1.0560E-04  9.1815E-05  6.8451E-05  4.9026E-05
       6.7116E-05  9.5229E-05  1.1491E-04  1.1211E-04  1.3687E-04  1.2195E-04  1.2390E-04  8.9578E-05  8.7157E-05  5.6902E-05
       6.4427E-05  1.0315E-04  1.2644E-04  1.2898E-04  1.4480E-04  1.3630E-04  1.2303E-04  1.0473E-04  9.6934E-05  7.4041E-05
       7.7385E-05  1.1978E-04  1.2479E-04  1.4179E-04  1.4154E-04  1.4489E-04  1.3730E-04  1.1671E-04  9.8392E-05  6.0504E-05
       6.4928E-05  1.0091E-04  1.1962E-04  1.3305E-04  1.3832E-04  1.3130E-04  1.4087E-04  1.1813E-04  8.9300E-05  6.8143E-05
       6.1971E-05  9.3135E-05  1.1041E-04  1.2640E-04  1.4095E-04  1.4447E-04  1.3707E-04  1.1368E-04  9.6066E-05  7.1030E-05
       6.0735E-05  8.9588E-05  1.0571E-04  1.2298E-04  1.3467E-04  1.2032E-04  1.3197E-04  1.0625E-04  9.1403E-05  6.7750E-05
       5.8569E-05  7.6417E-05  8.6878E-05  1.0884E-04  1.2166E-04  1.1065E-04  1.0960E-04  9.2216E-05  7.8253E-05  5.2589E-05
       4.3015E-05  5.9844E-05  6.7412E-05  8.0671E-05  8.6769E-05  8.2387E-05  7.9665E-05  7.1502E-05  5.6870E-05  4.4519E-05
       3.1321E-05  5.5000E-05  4.7830E-05  6.1127E-05  5.9688E-05  5.8682E-05  6.4073E-05  5.3709E-05  4.6338E-05  3.7393E-05
       4.6791E-05  7.0185E-05  6.6773E-05  8.0512E-05  9.3474E-05  8.9615E-05  8.1497E-05  6.7970E-05  5.8234E-05  3.7851E-05
       5.2322E-05  6.8647E-05  8.0428E-05  8.2290E-05  1.0290E-04  9.0849E-05  9.6096E-05  6.5868E-05  6.6354E-05  5.0476E-05
       4.9962E-05  7.2225E-05  9.3342E-05  9.4252E-05  1.1092E-04  1.0123E-04  9.5609E-05  8.4471E-05  6.9939E-05  5.0827E-05
       6.0709E-05  8.3097E-05  8.9971E-05  9.9601E-05  1.0557E-04  9.7817E-05  1.0142E-04  8.7273E-05  6.8137E-05  5.1348E-05
       5.2178E-05  7.1915E-05  8.6208E-05  9.3010E-05  1.0313E-04  1.0553E-04  9.7601E-05  8.1717E-05  6.9848E-05  5.2479E-05
       4.8480E-05  6.5344E-05  7.8658E-05  9.7583E-05  1.0925E-04  1.1429E-04  1.0241E-04  8.1641E-05  7.0908E-05  4.9761E-05
       4.5761E-05  7.3122E-05  7.4637E-05  9.5098E-05  1.0191E-04  1.0441E-04  9.1651E-05  8.1483E-05  6.3030E-05  5.2500E-05
       4.5992E-05  6.3618E-05  7.5756E-05  7.9868E-05  8.7583E-05  8.7582E-05  8.7612E-05  6.9313E-05  5.7639E-05  4.3645E-05
       3.2572E-05  4.9677E-05  5.5834E-05  6.1748E-05  6.9229E-05  6.7645E-05  5.2904E-05  5.9073E-05  3.9548E-05  3.4530E-05
       3.2180E-05  3.8244E-05  3.8430E-05  4.5055E-05  4.8147E-05  5.0514E-05  5.1160E-05  3.7218E-05  3.8048E-05  3.0859E-05
       3.6795E-05  4.8093E-05  5.3037E-05  5.3761E-05  6.1557E-05  6.1463E-05  5.7396E-05  4.6942E-05  4.2258E-05  2.9305E-05
       3.6089E-05  4.9598E-05  6.6047E-05  5.7814E-05  7.2608E-05  6.6137E-05  6.5582E-05  5.5212E-05  4.8088E-05  3.3773E-05
       3.6993E-05  5.3679E-05  7.0559E-05  6.9002E-05  7.4573E-05  7.5802E-05  6.7169E-05  5.4134E-05  5.6761E-05  3.2371E-05
       4.0859E-05  6.2134E-05  6.2695E-05  6.5337E-05  7.8231E-05  7.3376E-05  6.9228E-05  6.2795E-05  5.1013E-05  4.0001E-05
       3.7150E-05  5.2595E-05  6.2499E-05  6.5060E-05  7.7876E-05  6.5363E-05  6.5961E-05  6.2468E-05  5.7609E-05  4.5422E-05
       4.1067E-05  4.9411E-05  5.6746E-05  6.6693E-05  7.2803E-05  7.9195E-05  6.7427E-05  5.9734E-05  5.0356E-05  3.7381E-05
       3.7525E-05  5.4172E-05  5.6190E-05  6.7273E-05  6.6790E-05  6.6091E-05  6.2246E-05  6.0453E-05  4.0987E-05  3.8129E-05
       3.3118E-05  4.4205E-05  5.4071E-05  4.9700E-05  5.8096E-05  6.1400E-05  6.1886E-05  5.1922E-05  3.9806E-05  3.4400E-05
       2.7347E-05  3.4436E-05  3.4692E-05  4.8181E-05  5.1050E-05  5.2101E-05  4.6979E-05  4.0538E-05  3.0011E-05  2.7965E-05

      Percentage errors follow in a matrix A(ix,iy,iz), format (1(5x,1p,10(1x,e11.4)))

       2.7204E+00  2.7417E+00  2.4966E+00  2.6831E+00  3.1038E+00  2.1977E+00  2.2483E+00  2.0926E+00  3.4899E+00  3.3329E+00
       3.0646E+00  2.7980E+00  3.0622E+00  2.5358E+00  2.5771E+00  3.2478E+00  2.3647E+00  2.4356E+00  2.6664E+00  2.9976E+00
       3.0318E+00  2.4968E+00  2.4465E+00  2.3943E+00  2.4186E+00  2.4890E+00  2.1409E+00  2.5385E+00  3.1470E+00  4.0337E+00
       3.0489E+00  3.0928E+00  2.7401E+00  2.3595E+00  2.1511E+00  2.2336E+00  2.1325E+00  2.5557E+00  3.0251E+00  2.9610E+00
       4.4335E+00  3.1877E+00  2.4509E+00  2.2390E+00  2.4144E+00  1.9918E+00  2.3699E+00  2.8602E+00  2.2047E+00  3.5196E+00
       2.6409E+00  3.7139E+00  3.2090E+00  1.6878E+00  2.1337E+00  1.3644E+00  2.1388E+00  2.0752E+00  2.3771E+00  3.1476E+00
       2.3871E+00  2.4287E+00  2.7520E+00  1.9862E+00  2.4582E+00  2.2522E+00  2.4113E+00  2.3790E+00  3.4574E+00  3.4375E+00
       3.7746E+00  2.9777E+00  3.1419E+00  2.7443E+00  2.8656E+00  2.1998E+00  2.5271E+00  3.1484E+00  3.3473E+00  3.3135E+00
       3.0096E+00  2.6642E+00  2.6256E+00  2.7812E+00  1.8476E+00  1.9882E+00  2.4429E+00  2.0823E+00  2.1846E+00  3.4526E+00
       2.6817E+00  3.1084E+00  2.3346E+00  3.3830E+00  3.6694E+00  2.8590E+00  1.8815E+00  2.2218E+00  3.2638E+00  3.1766E+00
       3.7620E+00  3.2678E+00  3.4665E+00  4.0383E+00  3.3566E+00  2.6951E+00  2.9939E+00  4.0569E+00  3.2378E+00  4.7738E+00
       3.0370E+00  3.3618E+00  2.9956E+00  2.8086E+00  3.1080E+00  3.0192E+00  2.0835E+00  3.3589E+00  3.5733E+00  3.9084E+00
       3.2178E+00  3.6498E+00  2.7913E+00  2.2356E+00  2.8767E+00  2.7645E+00  2.8338E+00  2.9730E+00  3.6567E+00  3.9916E+00
       3.7956E+00  2.9538E+00  2.5384E+00  2.4883E+00  2.8058E+00  2.6851E+00  2.2961E+00  2.7514E+00  3.4191E+00  3.2424E+00
       5.1096E+00  3.5499E+00  2.5696E+00  2.0319E+00  2.6879E+00  2.7437E+00  2.2468E+00  2.5140E+00  2.2598E+00  3.4061E+00
       2.8380E+00  2.4459E+00  2.7947E+00  2.4878E+00  1.8822E+00  2.1088E+00  1.9615E+00  2.9179E+00  3.0444E+00  3.4569E+00
       2.8091E+00  3.4021E+00  3.0563E+00  3.4934E+00  2.6922E+00  2.4876E+00  2.7066E+00  2.0008E+00  3.3367E+00  3.8341E+00
       3.6756E+00  3.3104E+00  3.3506E+00  2.7556E+00  2.9599E+00  2.1403E+00  2.5876E+00  2.8524E+00  4.2261E+00  3.5538E+00
       3.0976E+00  2.7378E+00  2.7068E+00  3.2472E+00  3.1491E+00  3.0736E+00  2.6694E+00  2.4218E+00  2.2283E+00  2.6108E+00
       3.4851E+00  4.0179E+00  2.6905E+00  3.3461E+00  3.2199E+00  3.2380E+00  2.8356E+00  3.6242E+00  4.2853E+00  4.1176E+00
       4.3927E+00  4.3492E+00  3.3521E+00  3.9814E+00  3.8759E+00  5.0685E+00  4.0290E+00  4.8332E+00  3.7426E+00  4.7219E+00
       3.5095E+00  2.5776E+00  4.0124E+00  2.8740E+00  3.8855E+00  3.3963E+00  2.8562E+00  3.0721E+00  4.0598E+00  4.0340E+00
       4.5424E+00  3.6015E+00  3.2786E+00  2.1685E+00  2.8483E+00  3.0013E+00  3.3161E+00  3.2685E+00  2.8164E+00  3.7221E+00
       4.0619E+00  2.9720E+00  3.2706E+00  2.9271E+00  3.4929E+00  2.3906E+00  3.1140E+00  3.2223E+00  3.9962E+00  3.4880E+00
       4.4128E+00  3.3317E+00  3.2553E+00  2.9773E+00  3.1913E+00  3.0950E+00  2.5334E+00  2.1749E+00  3.8558E+00  3.9219E+00
       3.8930E+00  2.5877E+00  2.8334E+00  2.8798E+00  2.7390E+00  3.4470E+00  3.6956E+00  3.4393E+00  3.7414E+00  3.7225E+00
       4.0871E+00  3.5736E+00  3.0064E+00  2.8182E+00  3.1585E+00  3.1150E+00  2.2155E+00  2.3426E+00  3.7004E+00  3.7239E+00
       3.3061E+00  2.0607E+00  2.7015E+00  2.4044E+00  3.9417E+00  2.6090E+00  1.8614E+00  3.1584E+00  3.9202E+00  3.3159E+00
       3.8280E+00  2.9549E+00  3.8270E+00  3.7585E+00  2.7789E+00  3.0233E+00  3.2982E+00  3.5454E+00  3.1691E+00  3.6647E+00
       3.8049E+00  3.1953E+00  4.0245E+00  3.5445E+00  3.9728E+00  2.8387E+00  3.7861E+00  3.2395E+00  4.9003E+00  3.5057E+00
       4.7828E+00  3.9666E+00  4.9528E+00  3.0734E+00  3.8153E+00  5.5950E+00  4.4991E+00  4.6919E+00  5.2275E+00  5.2510E+00
       4.4355E+00  3.6591E+00  4.5083E+00  3.3567E+00  3.6547E+00  3.0563E+00  3.3780E+00  4.6422E+00  3.5734E+00  4.3041E+00
       2.8614E+00  4.2598E+00  4.1848E+00  3.1889E+00  3.2324E+00  4.1700E+00  3.4458E+00  3.5793E+00  3.3925E+00  4.5769E+00
       4.5122E+00  3.5196E+00  3.0703E+00  2.8312E+00  3.4483E+00  2.7721E+00  3.2018E+00  3.9117E+00  3.4796E+00  4.8077E+00
       2.7965E+00  3.9393E+00  3.0357E+00  2.6252E+00  3.2382E+00  2.8843E+00  3.1995E+00  3.4245E+00  4.3253E+00  5.4296E+00
       4.2915E+00  4.4112E+00  2.9678E+00  3.8525E+00  2.5646E+00  3.2186E+00  3.6076E+00  3.9125E+00  3.0250E+00  3.6880E+00
       3.9052E+00  2.8426E+00  3.2705E+00  3.2296E+00  1.7771E+00  3.9853E+00  3.5260E+00  3.8608E+00  4.1696E+00  3.2689E+00
       4.6916E+00  3.2751E+00  4.0873E+00  3.2248E+00  2.7668E+00  2.4548E+00  2.8421E+00  2.9272E+00  3.4440E+00  6.1063E+00
       3.9665E+00  3.2253E+00  4.3096E+00  3.3264E+00  3.2947E+00  3.7944E+00  3.9893E+00  4.9968E+00  2.9249E+00  5.3217E+00
       4.6178E+00  4.7530E+00  3.6376E+00  2.8453E+00  3.9518E+00  4.2328E+00  5.0143E+00  4.2055E+00  5.0447E+00  5.1360E+00
       4.7582E+00  4.9041E+00  4.3218E+00  3.9675E+00  3.7979E+00  4.6821E+00  3.9488E+00  3.5342E+00  4.5938E+00  5.7268E+00
       6.1236E+00  4.3208E+00  4.9244E+00  3.5238E+00  4.2132E+00  2.8416E+00  4.0731E+00  4.2363E+00  4.0436E+00  5.3634E+00
       5.6281E+00  3.9841E+00  3.7191E+00  4.7212E+00  4.4048E+00  3.9259E+00  4.7076E+00  4.0052E+00  4.8990E+00  4.4607E+00
       5.2409E+00  4.3371E+00  4.3401E+00  4.1496E+00  4.2578E+00  3.3543E+00  5.2100E+00  3.9918E+00  4.1154E+00  6.3404E+00
       3.9299E+00  3.7313E+00  4.2027E+00  2.9710E+00  3.3264E+00  3.5444E+00  4.2198E+00  4.1516E+00  3.5561E+00  5.7261E+00
       4.9797E+00  3.6195E+00  3.6411E+00  4.1866E+00  3.0721E+00  2.6423E+00  4.3429E+00  5.1742E+00  4.2313E+00  4.1016E+00
       4.1450E+00  3.8525E+00  3.4993E+00  2.5066E+00  3.3332E+00  2.8007E+00  2.7974E+00  4.2707E+00  3.4831E+00  4.8875E+00
       5.6417E+00  3.1737E+00  3.3555E+00  3.5053E+00  3.5165E+00  3.9001E+00  2.7030E+00  3.7797E+00  4.9832E+00  5.0403E+00
       6.6121E+00  3.9607E+00  4.4242E+00  3.4061E+00  4.0575E+00  3.3534E+00  4.1451E+00  5.4208E+00  4.2050E+00  5.9992E+00
       5.5862E+00  3.8318E+00  3.2419E+00  4.5170E+00  3.0873E+00  3.5226E+00  4.3480E+00  4.6546E+00  4.2195E+00  4.2986E+00
       6.4726E+00  6.0236E+00  4.7315E+00  5.0272E+00  5.5239E+00  4.7671E+00  4.4877E+00  4.6323E+00  5.2767E+00  7.3144E+00
       5.8168E+00  6.0406E+00  6.0782E+00  4.5919E+00  3.8415E+00  3.2372E+00  3.3167E+00  3.2375E+00  5.9647E+00  5.1650E+00
       5.2046E+00  4.1352E+00  3.7243E+00  3.8156E+00  5.2985E+00  4.7971E+00  4.0200E+00  3.6367E+00  6.1382E+00  4.7949E+00
       5.8106E+00  5.9818E+00  3.5689E+00  3.9589E+00  3.3520E+00  4.8136E+00  3.9656E+00  4.5007E+00  5.1178E+00  7.5966E+00
       5.1063E+00  4.3776E+00  4.0770E+00  3.7726E+00  3.7504E+00  4.6037E+00  3.1998E+00  4.1744E+00  4.3838E+00  5.6353E+00
       5.9888E+00  3.8152E+00  3.0122E+00  4.4474E+00  4.0045E+00  2.9108E+00  3.5275E+00  4.3847E+00  5.5720E+00  4.9823E+00
       4.5531E+00  4.7800E+00  4.8957E+00  3.5572E+00  4.2266E+00  4.0490E+00  3.9950E+00  4.9211E+00  5.0826E+00  5.4900E+00
       6.1016E+00  4.8930E+00  3.4702E+00  4.5860E+00  5.0895E+00  4.5615E+00  3.2516E+00  5.0685E+00  3.9383E+00  5.5053E+00
       5.8968E+00  3.6106E+00  3.9161E+00  3.8114E+00  5.6484E+00  4.2769E+00  3.8531E+00  4.8817E+00  5.9913E+00  5.9895E+00
       7.0325E+00  5.6654E+00  4.0547E+00  5.0412E+00  3.6361E+00  5.1934E+00  4.9327E+00  5.6791E+00  5.6042E+00  4.9820E+00
       5.6211E+00  8.1677E+00  5.1442E+00  4.5665E+00  5.7321E+00  5.4954E+00  4.6195E+00  4.4394E+00  5.8583E+00  7.2078E+00
       6.3915E+00  6.9438E+00  6.0619E+00  5.6512E+00  5.6468E+00  4.9114E+00  5.0019E+00  4.7905E+00  6.3321E+00  6.8542E+00
       5.9974E+00  3.5533E+00  4.8379E+00  4.1791E+00  4.4418E+00  6.0704E+00  4.8128E+00  6.3969E+00  5.4279E+00  6.9481E+00
       6.7011E+00  5.8849E+00  4.6064E+00  3.9938E+00  4.0185E+00  5.3087E+00  3.4701E+00  6.2137E+00  6.6481E+00  7.5584E+00
       5.3811E+00  6.5117E+00  6.0131E+00  4.5918E+00  4.2748E+00  3.8522E+00  4.1124E+00  5.1614E+00  5.3607E+00  5.6181E+00
       7.1688E+00  5.9198E+00  4.2543E+00  3.1802E+00  3.9660E+00  3.9518E+00  4.7872E+00  4.1217E+00  5.1217E+00  5.2794E+00
       7.2420E+00  5.9479E+00  4.9908E+00  4.4217E+00  4.5611E+00  3.6865E+00  4.6498E+00  4.0948E+00  5.2506E+00  7.9062E+00
       8.5713E+00  5.6323E+00  3.5837E+00  5.5503E+00  5.2392E+00  5.1901E+00  4.0135E+00  4.2090E+00  6.3349E+00  5.6288E+00
       8.1663E+00  5.9014E+00  5.7338E+00  5.8264E+00  5.1929E+00  6.5507E+00  5.5691E+00  6.1394E+00  5.4211E+00  6.2224E+00
       1.0694E+01  6.3112E+00  5.2704E+00  4.6414E+00  3.2186E+00  6.9444E+00  5.9562E+00  4.8682E+00  5.8230E+00  8.3502E+00
       8.7091E+00  6.8161E+00  6.9018E+00  7.6726E+00  6.5135E+00  6.9128E+00  5.7533E+00  6.3979E+00  6.4034E+00  9.7768E+00
       8.0935E+00  6.3813E+00  5.1712E+00  5.6170E+00  7.3197E+00  7.1517E+00  5.4985E+00  6.2679E+00  7.5285E+00  8.3525E+00
       8.7023E+00  4.8024E+00  6.1245E+00  5.2725E+00  4.9530E+00  6.7329E+00  6.0239E+00  6.9627E+00  5.7253E+00  6.3780E+00
       6.0211E+00  4.5017E+00  6.1765E+00  4.5759E+00  5.1133E+00  6.2478E+00  4.3392E+00  6.9894E+00  6.6253E+00  7.2645E+00
       5.5520E+00  5.9410E+00  4.2622E+00  4.4454E+00  3.5470E+00  3.9749E+00  3.1999E+00  5.1423E+00  7.3661E+00  6.0948E+00
       9.6964E+00  6.1679E+00  6.3249E+00  4.7819E+00  5.7074E+00  5.8129E+00  5.8702E+00  6.5581E+00  7.3998E+00  4.3293E+00
       6.7877E+00  6.5460E+00  4.8327E+00  3.9535E+00  5.6288E+00  3.4499E+00  4.3671E+00  4.2111E+00  5.9025E+00  6.2464E+00
       8.9728E+00  4.8783E+00  6.4175E+00  5.1191E+00  4.8616E+00  5.8689E+00  4.9276E+00  6.1094E+00  6.5597E+00  7.1363E+00
       6.3914E+00  6.9182E+00  5.6267E+00  5.0431E+00  7.0702E+00  5.4658E+00  6.2398E+00  7.3972E+00  6.3496E+00  6.5814E+00
       9.2552E+00  8.5346E+00  7.0655E+00  5.0217E+00  5.0207E+00  7.3880E+00  6.8742E+00  7.9906E+00  9.4339E+00  8.9197E+00
       1.2382E+01  8.0361E+00  8.6881E+00  6.0289E+00  7.4894E+00  9.3672E+00  5.5786E+00  6.4631E+00  7.4153E+00  9.9910E+00
       1.0614E+01  5.4360E+00  7.5499E+00  5.7274E+00  5.9497E+00  7.5464E+00  5.7702E+00  6.0930E+00  6.5450E+00  1.0245E+01
       7.8382E+00  7.1370E+00  5.7839E+00  6.6752E+00  4.1556E+00  6.0709E+00  7.8335E+00  5.7697E+00  7.4271E+00  9.0650E+00
       6.0178E+00  5.8771E+00  5.8704E+00  6.6296E+00  7.2881E+00  5.9020E+00  5.6227E+00  5.6370E+00  7.9957E+00  8.1855E+00
       9.2926E+00  8.0115E+00  5.8391E+00  5.8087E+00  5.8894E+00  6.3562E+00  6.3746E+00  4.8610E+00  8.5726E+00  9.7238E+00
       1.3642E+01  7.3879E+00  6.5087E+00  5.7520E+00  6.6437E+00  8.3457E+00  6.7113E+00  5.4145E+00  6.7610E+00  6.8974E+00
       8.7358E+00  7.6138E+00  6.8490E+00  5.7109E+00  4.8424E+00  6.9018E+00  6.5534E+00  7.5537E+00  7.7307E+00  7.0468E+00
       6.2712E+00  7.2285E+00  5.9456E+00  6.8741E+00  5.4311E+00  5.7579E+00  7.4535E+00  6.1833E+00  7.4862E+00  7.0312E+00
       9.7641E+00  8.5371E+00  5.0734E+00  7.0927E+00  8.3017E+00  5.4840E+00  6.4067E+00  7.2012E+00  8.5787E+00  5.4975E+00
       1.0420E+01  1.0161E+01  6.0536E+00  7.2015E+00  8.1365E+00  6.4400E+00  8.5690E+00  7.1786E+00  8.8065E+00  8.2069E+00
       1.0424E+01  8.7077E+00  9.3337E+00  9.0979E+00  1.0641E+01  9.3213E+00  6.6215E+00  7.0552E+00  9.2028E+00  9.0383E+00
       1.0096E+01  8.8761E+00  7.1838E+00  6.0923E+00  7.7339E+00  8.6133E+00  4.9872E+00  6.6120E+00  6.3811E+00  9.5459E+00
       9.2850E+00  8.0864E+00  6.5747E+00  7.5987E+00  5.8220E+00  8.3231E+00  5.7550E+00  7.3450E+00  8.3283E+00  1.1401E+01
       7.6213E+00  5.9958E+00  7.6211E+00  6.0476E+00  8.2925E+00  7.3697E+00  5.7177E+00  7.7796E+00  8.4526E+00  1.0463E+01
       9.6698E+00  7.2336E+00  6.7787E+00  7.1281E+00  7.2115E+00  7.3551E+00  7.6549E+00  6.7833E+00  8.5588E+00  8.5006E+00
       1.1326E+01  8.4058E+00  8.4060E+00  6.4543E+00  8.3554E+00  7.5615E+00  5.1154E+00  7.3397E+00  7.3499E+00  8.4154E+00
       9.4117E+00  8.9436E+00  7.5865E+00  7.4760E+00  6.4192E+00  6.5205E+00  7.4220E+00  6.3842E+00  7.9963E+00  9.2854E+00
       9.8275E+00  7.5663E+00  8.6111E+00  7.3850E+00  7.9852E+00  6.4433E+00  7.2629E+00  5.2578E+00  6.8827E+00  1.0416E+01
       1.1391E+01  8.6571E+00  7.4120E+00  8.6761E+00  8.6206E+00  7.8727E+00  7.2978E+00  8.3307E+00  8.4097E+00  9.7879E+00
       1.1419E+01  9.6852E+00  8.1679E+00  8.0503E+00  7.9680E+00  6.2765E+00  1.0026E+01  9.8255E+00  8.9798E+00  9.9106E+00
