1
   Cartesian binning n.   1  "DoseEq    " , generalized particle n.  240
      X coordinate: from -8.5000E+01 to  8.5000E+01 cm,    10 bins ( 1.7000E+01 cm wide)
      Y coordinate: from -2.5000E+01 to  2.5000E+01 cm,    10 bins ( 5.0000E+00 cm wide)
      Z coordinate: from  2.2500E+02 to  2.7500E+02 cm,    10 bins ( 5.0000E+00 cm wide)
      Data follow in a matrix A(ix,iy,iz), format (1(5x,1p,10(1x,e11.4)))

      accurate deposition along the tracks requested
      this is a track-length binning
       2.3228E-04  2.8283E-04  3.1372E-04  3.3383E-04  3.5466E-04  3.4893E-04  3.4888E-04  3.1612E-04  2.9551E-04  2.2709E-04
       2.4143E-04  3.1298E-04  3.4578E-04  3.9214E-04  3.8651E-04  4.0043E-04  3.7131E-04  3.4414E-04  3.1900E-04  2.5918E-04
       2.5105E-04  3.4567E-04  3.8241E-04  4.2192E-04  4.0973E-04  4.2770E-04  3.9402E-04  3.6156E-04  3.3313E-04  2.6103E-04
       2.8623E-04  3.3340E-04  3.7177E-04  4.2040E-04  4.5596E-04  4.3369E-04  4.3530E-04  3.7195E-04  3.4006E-04  2.5585E-04
       2.7383E-04  3.2718E-04  3.7248E-04  3.9209E-04  4.5180E-04  4.5268E-04  4.3657E-04  3.7864E-04  3.4596E-04  2.8536E-04
       2.8055E-04  3.4975E-04  3.9824E-04  4.2454E-04  4.5175E-04  4.6359E-04  4.3002E-04  3.9928E-04  3.4761E-04  2.7550E-04
       2.7041E-04  3.4724E-04  3.7814E-04  4.2618E-04  4.3197E-04  4.4580E-04  4.1237E-04  3.5415E-04  3.5483E-04  2.7710E-04
       2.5838E-04  3.5373E-04  3.8108E-04  3.9562E-04  4.2742E-04  4.2948E-04  4.0066E-04  3.7794E-04  3.4614E-04  2.7236E-04
       2.6029E-04  3.1023E-04  3.6165E-04  3.8559E-04  4.0666E-04  3.9232E-04  4.0002E-04  3.6024E-04  3.1208E-04  2.5658E-04
       2.2629E-04  2.6124E-04  3.0047E-04  3.4524E-04  3.6347E-04  3.5637E-04  3.4358E-04  3.1219E-04  2.6573E-04  2.2232E-04
       1.7655E-04  2.2649E-04  2.6540E-04  2.6398E-04  2.9807E-04  2.8274E-04  2.9653E-04  2.6476E-04  2.2993E-04  1.7699E-04
       2.0717E-04  2.7894E-04  3.2894E-04  3.4821E-04  3.5608E-04  3.6355E-04  3.3572E-04  3.2577E-04  2.9448E-04  2.1126E-04
       2.1839E-04  3.0976E-04  3.6117E-04  3.7862E-04  3.8753E-04  3.7919E-04  3.8695E-04  3.3995E-04  3.0826E-04  2.1891E-04
       2.3751E-04  3.1163E-04  3.5940E-04  3.8090E-04  4.1734E-04  3.9178E-04  3.9527E-04  3.6176E-04  3.1676E-04  2.2023E-04
       2.3916E-04  3.1557E-04  3.4936E-04  3.9250E-04  4.3644E-04  4.3733E-04  4.0404E-04  3.6267E-04  3.3428E-04  2.4253E-04
       2.4363E-04  3.1366E-04  3.6915E-04  4.1999E-04  4.4024E-04  4.3887E-04  4.0852E-04  3.6975E-04  3.2435E-04  2.4253E-04
       2.2411E-04  3.3681E-04  3.5439E-04  4.0615E-04  4.2364E-04  4.1107E-04  4.0413E-04  3.4879E-04  3.2860E-04  2.5067E-04
       2.2319E-04  3.0918E-04  3.4012E-04  3.6758E-04  4.1581E-04  3.7276E-04  3.8174E-04  3.5358E-04  3.0819E-04  2.2731E-04
       2.2592E-04  2.7633E-04  3.2292E-04  3.4080E-04  3.6910E-04  3.5954E-04  3.4446E-04  3.2237E-04  2.8002E-04  2.1027E-04
       1.6570E-04  2.0947E-04  2.6263E-04  2.7660E-04  2.9269E-04  2.9440E-04  2.7168E-04  2.7262E-04  2.0955E-04  1.7635E-04
       1.3471E-04  1.8759E-04  2.0819E-04  2.1436E-04  2.4220E-04  2.3587E-04  2.2912E-04  2.0615E-04  1.8148E-04  1.3314E-04
       1.5626E-04  2.3520E-04  2.6124E-04  2.8611E-04  3.0177E-04  3.0418E-04  2.7779E-04  2.5222E-04  2.3296E-04  1.6501E-04
       1.8289E-04  2.4851E-04  2.8459E-04  3.1186E-04  3.3212E-04  3.2970E-04  3.2737E-04  2.8174E-04  2.3633E-04  1.8330E-04
       1.9330E-04  2.5629E-04  2.9579E-04  3.1012E-04  3.6028E-04  3.5312E-04  3.4068E-04  3.0637E-04  2.6615E-04  1.8782E-04
       1.9797E-04  2.7035E-04  3.0864E-04  3.3823E-04  3.6008E-04  3.6382E-04  3.4490E-04  3.1912E-04  2.8051E-04  1.9149E-04
       1.9815E-04  2.6424E-04  3.1265E-04  3.3902E-04  3.8524E-04  3.7247E-04  3.4125E-04  3.2582E-04  2.6653E-04  2.0611E-04
       1.8361E-04  2.6800E-04  2.7856E-04  3.4293E-04  3.4430E-04  3.5557E-04  3.4650E-04  3.0281E-04  2.5922E-04  1.9410E-04
       1.7773E-04  2.5573E-04  2.8366E-04  3.0759E-04  3.3667E-04  3.3642E-04  3.2172E-04  2.9690E-04  2.5583E-04  1.8407E-04
       1.7785E-04  2.2211E-04  2.4896E-04  2.8712E-04  2.9999E-04  2.9599E-04  2.8535E-04  2.6326E-04  2.1821E-04  1.7472E-04
       1.2201E-04  1.7201E-04  1.9284E-04  2.1326E-04  2.2909E-04  2.3020E-04  2.0684E-04  2.1105E-04  1.7619E-04  1.3964E-04
       1.0519E-04  1.3355E-04  1.4848E-04  1.6411E-04  1.7720E-04  1.9673E-04  1.6883E-04  1.6466E-04  1.3320E-04  1.0512E-04
       1.2251E-04  1.8596E-04  1.9702E-04  2.2163E-04  2.3503E-04  2.4668E-04  2.1374E-04  1.9907E-04  1.8604E-04  1.3238E-04
       1.4296E-04  2.0475E-04  2.2670E-04  2.4546E-04  2.7429E-04  2.7808E-04  2.6108E-04  2.3034E-04  1.9993E-04  1.4578E-04
       1.5142E-04  2.1359E-04  2.4916E-04  2.7869E-04  2.9655E-04  2.7589E-04  2.7617E-04  2.5642E-04  2.1145E-04  1.4241E-04
       1.6165E-04  1.9829E-04  2.4987E-04  2.8123E-04  3.0329E-04  2.8368E-04  2.7106E-04  2.5736E-04  2.1988E-04  1.6327E-04
       1.6168E-04  2.2248E-04  2.7027E-04  2.7737E-04  3.1043E-04  3.0151E-04  2.8736E-04  2.8043E-04  2.2706E-04  1.6420E-04
       1.5340E-04  2.2285E-04  2.4645E-04  2.6151E-04  2.7608E-04  2.9097E-04  2.7724E-04  2.4808E-04  2.1612E-04  1.6498E-04
       1.5007E-04  2.0137E-04  2.2367E-04  2.4800E-04  2.7320E-04  2.6039E-04  2.6029E-04  2.4707E-04  2.1683E-04  1.4986E-04
       1.3212E-04  1.7208E-04  2.1171E-04  2.1495E-04  2.3544E-04  2.1836E-04  2.3182E-04  2.1281E-04  1.7936E-04  1.2847E-04
       9.3846E-05  1.2483E-04  1.5654E-04  1.7133E-04  1.7588E-04  1.8148E-04  1.6246E-04  1.4763E-04  1.3237E-04  1.0369E-04
       7.8526E-05  9.7680E-05  1.1961E-04  1.2883E-04  1.4063E-04  1.5340E-04  1.3716E-04  1.2740E-04  9.7287E-05  7.4958E-05
       9.9769E-05  1.4404E-04  1.5216E-04  1.7675E-04  1.8936E-04  1.9318E-04  1.7735E-04  1.5631E-04  1.3727E-04  9.8010E-05
       1.1549E-04  1.6828E-04  1.8334E-04  2.0558E-04  2.2546E-04  2.1886E-04  2.0544E-04  1.8518E-04  1.5708E-04  1.1833E-04
       1.2150E-04  1.8345E-04  2.0495E-04  2.2080E-04  2.3704E-04  2.1588E-04  2.3446E-04  2.0037E-04  1.7158E-04  1.0766E-04
       1.2775E-04  1.6915E-04  2.0278E-04  2.2815E-04  2.4368E-04  2.2651E-04  2.1503E-04  1.9461E-04  1.7094E-04  1.1668E-04
       1.2706E-04  1.5887E-04  2.2076E-04  2.1438E-04  2.5006E-04  2.4111E-04  2.2979E-04  2.0878E-04  1.8179E-04  1.3077E-04
       1.2534E-04  1.5257E-04  2.0455E-04  2.1528E-04  2.2744E-04  2.4623E-04  2.2234E-04  2.0775E-04  1.6246E-04  1.1649E-04
       1.1860E-04  1.6443E-04  1.8263E-04  2.0366E-04  2.1339E-04  2.2572E-04  2.0156E-04  1.8749E-04  1.6816E-04  9.7783E-05
       9.9706E-05  1.4134E-04  1.7921E-04  1.8246E-04  1.9424E-04  1.8802E-04  1.8367E-04  1.7134E-04  1.4586E-04  9.4042E-05
       7.1095E-05  9.6243E-05  1.1649E-04  1.3128E-04  1.5355E-04  1.3978E-04  1.2795E-04  1.2776E-04  1.0550E-04  7.2594E-05
       5.6979E-05  8.0671E-05  9.5887E-05  1.0596E-04  1.1686E-04  1.1834E-04  1.0589E-04  9.1649E-05  7.5158E-05  5.6341E-05
       7.3061E-05  1.0559E-04  1.3185E-04  1.4885E-04  1.6672E-04  1.5358E-04  1.4215E-04  1.3665E-04  1.0323E-04  7.9881E-05
       9.3831E-05  1.3778E-04  1.4791E-04  1.5972E-04  1.8815E-04  1.7244E-04  1.6425E-04  1.4955E-04  1.2554E-04  9.3597E-05
       9.5050E-05  1.4540E-04  1.6207E-04  1.7207E-04  1.9013E-04  1.7833E-04  1.9079E-04  1.7131E-04  1.3330E-04  8.9047E-05
       1.0031E-04  1.3711E-04  1.7070E-04  1.8056E-04  1.9776E-04  1.8797E-04  1.8872E-04  1.6837E-04  1.4009E-04  9.4182E-05
       9.5182E-05  1.3386E-04  1.7722E-04  1.7607E-04  2.0139E-04  1.9735E-04  2.0058E-04  1.7652E-04  1.4000E-04  9.6144E-05
       9.4081E-05  1.2511E-04  1.5960E-04  1.7206E-04  1.9497E-04  2.0084E-04  1.8498E-04  1.6669E-04  1.4504E-04  9.0436E-05
       9.3352E-05  1.3104E-04  1.5292E-04  1.6799E-04  1.6754E-04  1.7775E-04  1.6588E-04  1.4384E-04  1.3390E-04  7.9141E-05
       8.1383E-05  1.1740E-04  1.3483E-04  1.5015E-04  1.5685E-04  1.5208E-04  1.3971E-04  1.2354E-04  1.0866E-04  7.2604E-05
       5.6652E-05  8.8303E-05  9.8040E-05  1.0299E-04  1.2264E-04  1.0650E-04  1.0042E-04  9.6444E-05  7.7091E-05  5.4941E-05
       4.0466E-05  5.8259E-05  7.0067E-05  7.9405E-05  8.7532E-05  8.1507E-05  8.0628E-05  8.0810E-05  6.1238E-05  4.2685E-05
       6.3295E-05  7.5829E-05  9.7264E-05  1.1551E-04  1.2049E-04  1.1446E-04  1.1030E-04  1.0830E-04  8.4842E-05  5.6476E-05
       6.6812E-05  9.7252E-05  1.1585E-04  1.3539E-04  1.4469E-04  1.3682E-04  1.2966E-04  1.2219E-04  8.5943E-05  7.0813E-05
       7.3797E-05  1.1596E-04  1.3419E-04  1.3927E-04  1.4607E-04  1.3093E-04  1.5616E-04  1.4261E-04  1.0579E-04  6.3970E-05
       7.8371E-05  1.1122E-04  1.2226E-04  1.4242E-04  1.4457E-04  1.4560E-04  1.5186E-04  1.3346E-04  1.1304E-04  7.3025E-05
       7.3957E-05  1.1313E-04  1.3455E-04  1.3817E-04  1.5135E-04  1.6552E-04  1.5949E-04  1.4082E-04  1.0628E-04  6.9285E-05
       7.8740E-05  1.0243E-04  1.2619E-04  1.3276E-04  1.5839E-04  1.5159E-04  1.3956E-04  1.2630E-04  1.0959E-04  7.4719E-05
       7.2641E-05  1.0090E-04  1.2018E-04  1.3410E-04  1.4436E-04  1.2966E-04  1.2617E-04  1.1466E-04  1.0068E-04  6.5566E-05
       6.2659E-05  8.6958E-05  8.6403E-05  1.1834E-04  1.2052E-04  1.1716E-04  1.0696E-04  9.2893E-05  8.4518E-05  5.5901E-05
       4.4417E-05  6.4468E-05  6.7629E-05  7.6140E-05  9.2406E-05  7.7970E-05  8.2979E-05  7.3386E-05  6.0638E-05  4.6256E-05
       3.3156E-05  5.1441E-05  5.1026E-05  5.8137E-05  7.3736E-05  6.5435E-05  6.6742E-05  5.7511E-05  4.7868E-05  3.5007E-05
       4.4711E-05  6.0339E-05  7.5631E-05  8.3900E-05  8.7965E-05  9.6036E-05  8.6965E-05  8.5905E-05  5.9346E-05  4.4421E-05
       5.3224E-05  6.9052E-05  8.6282E-05  8.7543E-05  1.0532E-04  1.0012E-04  9.9244E-05  9.3947E-05  6.7687E-05  5.4922E-05
       6.0676E-05  8.4762E-05  1.0009E-04  1.1068E-04  1.2011E-04  1.0369E-04  1.1417E-04  1.0308E-04  7.4515E-05  5.9389E-05
       6.4557E-05  8.2487E-05  9.7514E-05  1.1580E-04  1.1311E-04  1.1182E-04  1.1309E-04  1.0770E-04  9.6664E-05  6.3972E-05
       6.0739E-05  8.4650E-05  1.0110E-04  1.1492E-04  1.2381E-04  1.2903E-04  1.1163E-04  1.0614E-04  8.9151E-05  5.6073E-05
       5.5126E-05  7.6750E-05  9.8003E-05  1.0884E-04  1.1967E-04  1.0865E-04  1.0608E-04  1.0261E-04  8.0056E-05  5.4243E-05
       5.4205E-05  7.0210E-05  9.3154E-05  9.9574E-05  1.0707E-04  1.0133E-04  9.3044E-05  9.3187E-05  7.2012E-05  5.6069E-05
       4.5964E-05  6.4502E-05  7.3958E-05  9.3261E-05  9.6562E-05  8.8002E-05  8.0247E-05  8.0474E-05  6.6168E-05  4.7913E-05
       3.5712E-05  4.6745E-05  5.5760E-05  5.4682E-05  7.1789E-05  6.8953E-05  6.4743E-05  5.8115E-05  4.5784E-05  3.4872E-05
       2.9075E-05  3.5551E-05  4.6785E-05  4.0848E-05  5.0431E-05  5.2480E-05  5.3572E-05  3.8641E-05  4.0486E-05  2.8726E-05
       3.7531E-05  4.6177E-05  5.9783E-05  7.3355E-05  6.4527E-05  7.3751E-05  6.2570E-05  6.2158E-05  4.6351E-05  3.7533E-05
       3.6680E-05  5.1586E-05  6.4478E-05  7.5816E-05  7.6365E-05  8.1593E-05  7.9988E-05  6.4370E-05  5.3360E-05  4.7491E-05
       4.1881E-05  5.9939E-05  6.9060E-05  7.8387E-05  9.3000E-05  7.8716E-05  7.6193E-05  6.7769E-05  5.9574E-05  4.3136E-05
       4.8787E-05  6.5674E-05  7.7273E-05  8.7210E-05  9.5186E-05  8.0668E-05  8.1700E-05  8.2821E-05  6.7701E-05  4.6344E-05
       4.7431E-05  5.9637E-05  8.2751E-05  7.9969E-05  8.7079E-05  9.0880E-05  8.2795E-05  8.4543E-05  6.8167E-05  4.4219E-05
       4.1970E-05  5.8945E-05  7.8031E-05  7.9857E-05  7.5036E-05  9.1512E-05  8.0425E-05  8.8886E-05  6.1988E-05  4.3371E-05
       4.5504E-05  6.0391E-05  7.9185E-05  6.6394E-05  7.5715E-05  7.9103E-05  7.5208E-05  7.3162E-05  6.1409E-05  4.0586E-05
       3.4048E-05  4.9860E-05  5.9910E-05  6.2239E-05  6.5849E-05  7.2634E-05  5.4046E-05  6.8006E-05  5.3903E-05  3.0591E-05
       2.7722E-05  4.3538E-05  4.3534E-05  4.4045E-05  5.8119E-05  5.9207E-05  4.6179E-05  4.6787E-05  4.2493E-05  2.9488E-05
       2.5010E-05  2.8701E-05  3.2532E-05  3.7151E-05  3.7931E-05  3.1827E-05  3.6464E-05  3.3883E-05  3.0981E-05  2.6841E-05
       2.9842E-05  3.4418E-05  4.0009E-05  5.1995E-05  4.8072E-05  5.0132E-05  4.2112E-05  3.9998E-05  3.5038E-05  2.7144E-05
       3.1071E-05  4.1324E-05  4.8212E-05  4.8645E-05  5.4079E-05  5.7008E-05  5.1242E-05  4.8297E-05  4.3052E-05  3.3582E-05
       3.3562E-05  4.6525E-05  5.0186E-05  4.8133E-05  6.0965E-05  5.9591E-05  5.4332E-05  4.4083E-05  4.5556E-05  3.1738E-05
       3.5065E-05  5.1083E-05  5.0696E-05  6.1993E-05  5.7285E-05  6.4200E-05  5.7674E-05  5.4778E-05  4.2393E-05  3.2690E-05
       3.4897E-05  4.8602E-05  6.2213E-05  5.5645E-05  5.5849E-05  7.0312E-05  5.8930E-05  5.7017E-05  3.9411E-05  3.5661E-05
       2.9982E-05  4.4324E-05  5.3275E-05  5.3785E-05  4.9677E-05  6.2322E-05  5.9005E-05  5.7663E-05  4.1050E-05  3.5434E-05
       3.0504E-05  4.5425E-05  4.8895E-05  4.4958E-05  5.6135E-05  5.5142E-05  5.0138E-05  4.9399E-05  3.8474E-05  3.0902E-05
       3.0215E-05  3.8194E-05  4.5548E-05  4.4055E-05  5.5113E-05  6.0563E-05  4.3527E-05  4.5973E-05  3.6792E-05  3.0151E-05
       2.5307E-05  2.7654E-05  3.3737E-05  3.6106E-05  4.2817E-05  4.4381E-05  3.4335E-05  3.8580E-05  2.7278E-05  2.3650E-05

      Percentage errors follow in a matrix A(ix,iy,iz), format (1(5x,1p,10(1x,e11.4)))

       3.6654E+00  3.3612E+00  3.6405E+00  3.2874E+00  2.9071E+00  2.8691E+00  2.2840E+00  3.3838E+00  3.6747E+00  4.5242E+00
       5.5609E+00  3.1259E+00  3.6020E+00  2.3516E+00  2.7544E+00  2.6504E+00  3.9673E+00  3.4898E+00  3.9432E+00  3.5485E+00
       3.6247E+00  2.6899E+00  3.1517E+00  2.2464E+00  1.9323E+00  2.3359E+00  3.9781E+00  3.5097E+00  3.1165E+00  2.4306E+00
       3.8342E+00  2.5516E+00  2.8108E+00  2.2428E+00  2.9415E+00  2.7895E+00  2.9309E+00  3.5798E+00  3.3264E+00  3.7173E+00
       3.3868E+00  1.9076E+00  3.5416E+00  3.2179E+00  2.7356E+00  3.7043E+00  3.1418E+00  2.8499E+00  3.6033E+00  3.5120E+00
       3.8784E+00  3.3093E+00  3.4312E+00  3.0247E+00  2.5904E+00  2.2186E+00  3.4075E+00  2.0276E+00  3.4586E+00  3.8207E+00
       3.4236E+00  3.3437E+00  2.6141E+00  2.8200E+00  2.8868E+00  2.4774E+00  1.8674E+00  2.6699E+00  2.9679E+00  3.4484E+00
       3.0044E+00  3.0954E+00  2.4759E+00  2.8473E+00  2.3878E+00  2.0841E+00  2.3879E+00  2.9095E+00  2.8133E+00  3.4391E+00
       3.9023E+00  2.9864E+00  2.8277E+00  2.2925E+00  3.3370E+00  1.9523E+00  3.2970E+00  1.7411E+00  3.0805E+00  2.8345E+00
       3.8329E+00  2.9595E+00  3.2330E+00  3.2984E+00  3.2055E+00  2.4704E+00  2.6654E+00  1.9576E+00  3.1423E+00  2.7888E+00
       3.1934E+00  3.8847E+00  3.9793E+00  3.8351E+00  2.9971E+00  3.8942E+00  2.4519E+00  2.1909E+00  4.1667E+00  4.5872E+00
       4.7506E+00  2.7868E+00  4.0488E+00  3.3809E+00  2.8298E+00  3.0232E+00  4.1984E+00  4.7430E+00  4.0218E+00  4.4248E+00
       2.6216E+00  3.0297E+00  4.1646E+00  3.2346E+00  2.8184E+00  2.2951E+00  2.8442E+00  3.0848E+00  2.5650E+00  3.5287E+00
       2.9177E+00  3.9331E+00  2.8561E+00  2.2446E+00  3.9242E+00  2.6551E+00  3.1457E+00  3.2780E+00  2.8604E+00  4.5374E+00
       5.4252E+00  4.0637E+00  2.9105E+00  3.6055E+00  2.7516E+00  3.4475E+00  2.2459E+00  3.5287E+00  3.6768E+00  2.9018E+00
       3.6764E+00  2.7504E+00  3.3820E+00  2.8779E+00  3.3949E+00  2.8032E+00  2.5822E+00  2.0172E+00  3.2117E+00  2.9895E+00
       3.9030E+00  3.5693E+00  3.2431E+00  2.5186E+00  2.8999E+00  2.2406E+00  2.1742E+00  3.4607E+00  2.3189E+00  4.5985E+00
       3.1213E+00  3.9826E+00  3.0523E+00  3.3021E+00  2.4617E+00  3.6067E+00  3.0137E+00  2.3889E+00  3.2342E+00  4.1156E+00
       4.1977E+00  3.2469E+00  4.2073E+00  2.8130E+00  2.8622E+00  3.3435E+00  2.9628E+00  2.2140E+00  4.3893E+00  4.6116E+00
       4.6880E+00  3.0619E+00  4.0376E+00  3.2355E+00  3.5366E+00  2.9291E+00  3.4330E+00  2.4654E+00  4.0426E+00  3.8921E+00
       3.7349E+00  3.7260E+00  4.1340E+00  3.0766E+00  4.0553E+00  3.7313E+00  3.7911E+00  4.3291E+00  4.2192E+00  4.8665E+00
       4.6111E+00  3.2126E+00  4.7999E+00  3.7476E+00  2.9834E+00  3.7629E+00  3.0728E+00  4.4923E+00  5.5591E+00  5.2156E+00
       3.5064E+00  4.6787E+00  3.4858E+00  3.3639E+00  2.3728E+00  3.7818E+00  3.4569E+00  3.4827E+00  3.9749E+00  5.4367E+00
       3.3632E+00  3.9217E+00  2.9712E+00  3.1144E+00  3.2256E+00  2.5437E+00  2.8647E+00  4.3966E+00  3.7947E+00  4.7611E+00
       3.8186E+00  3.6925E+00  3.7181E+00  3.2178E+00  3.9189E+00  3.3667E+00  3.4342E+00  3.8276E+00  4.0534E+00  5.0366E+00
       3.3103E+00  3.1413E+00  2.8719E+00  3.3278E+00  3.6947E+00  3.6849E+00  3.4069E+00  3.0066E+00  3.6953E+00  4.4302E+00
       3.7470E+00  4.1200E+00  2.5990E+00  3.2328E+00  2.5951E+00  3.7246E+00  4.1375E+00  2.2952E+00  4.8813E+00  5.7538E+00
       3.6845E+00  3.8980E+00  2.8933E+00  3.2262E+00  2.8046E+00  3.2983E+00  3.9044E+00  2.9639E+00  4.2247E+00  4.3014E+00
       4.5208E+00  4.8525E+00  3.6599E+00  3.3861E+00  3.7377E+00  4.3164E+00  3.4599E+00  3.8920E+00  4.5386E+00  5.9684E+00
       4.0125E+00  3.7938E+00  4.0470E+00  2.4275E+00  4.0508E+00  3.6226E+00  4.5806E+00  3.0083E+00  4.4312E+00  4.9356E+00
       5.4751E+00  4.2620E+00  4.6802E+00  5.5472E+00  4.3392E+00  4.1524E+00  3.7044E+00  4.2303E+00  4.5273E+00  5.7363E+00
       4.0461E+00  5.9375E+00  3.4937E+00  3.7337E+00  3.6609E+00  3.5000E+00  3.7978E+00  3.7233E+00  4.4987E+00  4.8465E+00
       6.6120E+00  3.3637E+00  4.6408E+00  3.2817E+00  3.1465E+00  4.0322E+00  3.7667E+00  3.6167E+00  3.9123E+00  5.5307E+00
       4.7404E+00  4.5755E+00  3.8284E+00  2.8555E+00  3.3410E+00  3.2427E+00  4.5728E+00  4.4060E+00  4.5925E+00  5.6698E+00
       4.3369E+00  4.8223E+00  3.6698E+00  3.3336E+00  3.9505E+00  4.3470E+00  4.6438E+00  5.0684E+00  4.3435E+00  4.5691E+00
       4.6890E+00  3.8504E+00  3.5166E+00  4.1778E+00  3.8125E+00  3.4214E+00  4.4263E+00  3.8590E+00  3.4706E+00  4.7307E+00
       4.0247E+00  3.0992E+00  3.2845E+00  2.7890E+00  2.7312E+00  3.3003E+00  3.2935E+00  3.2136E+00  4.7219E+00  5.4952E+00
       4.0394E+00  4.6322E+00  4.0930E+00  4.1177E+00  3.4832E+00  3.8256E+00  3.2400E+00  4.0052E+00  2.7419E+00  5.8435E+00
       4.8784E+00  4.1249E+00  4.5973E+00  4.2747E+00  4.9351E+00  5.8456E+00  3.2406E+00  3.7180E+00  4.6789E+00  4.4577E+00
       7.1847E+00  4.9132E+00  4.8888E+00  3.3266E+00  3.9792E+00  4.0796E+00  3.9209E+00  3.9017E+00  5.7640E+00  4.8856E+00
       6.3072E+00  5.0700E+00  5.0951E+00  3.8831E+00  4.5509E+00  4.6327E+00  6.5088E+00  5.4670E+00  5.7130E+00  7.9355E+00
       7.5597E+00  3.1775E+00  2.9333E+00  4.5304E+00  3.7327E+00  3.4387E+00  5.2785E+00  4.0999E+00  5.6512E+00  4.6632E+00
       4.1010E+00  5.0665E+00  4.6634E+00  4.2069E+00  4.0396E+00  3.2807E+00  3.6705E+00  4.4004E+00  5.8061E+00  5.7977E+00
       6.6533E+00  5.5178E+00  4.0702E+00  5.0001E+00  5.5952E+00  3.8621E+00  4.4709E+00  5.1390E+00  5.3050E+00  4.5027E+00
       4.2069E+00  3.6180E+00  4.8748E+00  4.1784E+00  5.5110E+00  3.5826E+00  4.9862E+00  4.5084E+00  4.5642E+00  4.3410E+00
       4.3511E+00  4.4149E+00  3.4172E+00  4.4307E+00  4.4831E+00  4.1995E+00  4.4957E+00  3.1668E+00  4.5287E+00  5.3559E+00
       5.9114E+00  4.1890E+00  4.0748E+00  5.0870E+00  3.7492E+00  3.2084E+00  3.8857E+00  4.0458E+00  4.4791E+00  4.8115E+00
       5.4872E+00  3.7519E+00  3.5103E+00  4.5524E+00  3.9534E+00  2.9868E+00  4.8435E+00  4.9061E+00  3.7524E+00  6.3604E+00
       5.6630E+00  6.3077E+00  5.1758E+00  4.9029E+00  4.3140E+00  3.5895E+00  3.8248E+00  3.6732E+00  4.6952E+00  5.9331E+00
       7.1865E+00  6.1323E+00  6.1372E+00  3.9241E+00  4.4631E+00  4.8454E+00  5.4861E+00  5.1223E+00  7.5804E+00  5.6022E+00
       7.2321E+00  7.1105E+00  5.4902E+00  6.1432E+00  6.1092E+00  6.2069E+00  4.4305E+00  4.4539E+00  6.0465E+00  8.1956E+00
       4.2541E+00  5.0292E+00  4.0851E+00  4.1748E+00  4.0286E+00  5.0511E+00  3.7108E+00  3.5923E+00  7.0094E+00  7.4205E+00
       6.2071E+00  6.2490E+00  5.1592E+00  3.5629E+00  4.1885E+00  4.2401E+00  4.7111E+00  3.7590E+00  5.4093E+00  7.3189E+00
       8.3326E+00  5.0416E+00  4.2103E+00  5.3124E+00  5.1911E+00  4.6019E+00  5.6839E+00  4.0507E+00  3.8714E+00  6.8378E+00
       7.3267E+00  6.1925E+00  4.9799E+00  4.7963E+00  4.4805E+00  4.5509E+00  5.5300E+00  4.3699E+00  4.1871E+00  5.6010E+00
       8.0372E+00  4.6326E+00  4.5077E+00  6.1333E+00  4.5058E+00  3.2447E+00  4.5006E+00  4.7047E+00  4.9097E+00  5.5632E+00
       6.4077E+00  5.9302E+00  4.7121E+00  4.5562E+00  4.6219E+00  3.8751E+00  4.7593E+00  5.3636E+00  6.2075E+00  6.1188E+00
       6.2281E+00  4.6741E+00  4.4581E+00  3.6839E+00  4.0537E+00  4.6369E+00  5.5700E+00  4.5819E+00  4.9376E+00  7.1099E+00
       6.6974E+00  5.1632E+00  5.9636E+00  4.4781E+00  5.1284E+00  4.9776E+00  4.6320E+00  4.7264E+00  4.3636E+00  7.4576E+00
       6.3524E+00  6.7233E+00  5.5107E+00  3.9969E+00  4.3104E+00  5.4936E+00  5.4408E+00  6.8080E+00  6.3386E+00  7.6457E+00
       8.0754E+00  5.6016E+00  4.0891E+00  6.3800E+00  4.4256E+00  6.1396E+00  5.2925E+00  6.8611E+00  9.2473E+00  8.2177E+00
       7.8840E+00  5.2903E+00  6.3449E+00  6.1039E+00  4.2619E+00  6.6591E+00  7.7868E+00  5.9885E+00  7.3179E+00  8.4020E+00
       6.9078E+00  5.8381E+00  7.2103E+00  4.0441E+00  4.9355E+00  3.9685E+00  7.2946E+00  4.7256E+00  5.3827E+00  6.7269E+00
       5.4307E+00  4.9350E+00  3.9125E+00  6.0177E+00  4.8418E+00  6.3825E+00  4.6146E+00  6.4693E+00  6.0306E+00  6.5386E+00
       6.0371E+00  5.7114E+00  6.2967E+00  4.8844E+00  5.3148E+00  5.2485E+00  3.9012E+00  6.1870E+00  5.8761E+00  7.8723E+00
       5.5036E+00  4.5207E+00  3.7938E+00  4.6222E+00  5.7902E+00  4.3503E+00  4.7129E+00  4.6295E+00  5.8073E+00  5.2848E+00
       6.7324E+00  6.3565E+00  4.6724E+00  4.5662E+00  4.8932E+00  3.7358E+00  5.9728E+00  6.9165E+00  4.9873E+00  7.0464E+00
       4.2133E+00  4.9372E+00  3.8631E+00  4.2390E+00  4.3589E+00  5.5737E+00  5.7902E+00  5.3145E+00  5.4464E+00  8.5020E+00
       7.0611E+00  4.2613E+00  5.5091E+00  4.8276E+00  5.1226E+00  5.3422E+00  5.6787E+00  4.7467E+00  5.7760E+00  9.2183E+00
       8.3775E+00  7.5448E+00  4.8365E+00  5.1297E+00  5.1712E+00  7.5065E+00  5.5583E+00  7.1499E+00  6.1750E+00  7.8979E+00
       8.4190E+00  8.8921E+00  5.9986E+00  5.3757E+00  4.1708E+00  6.2043E+00  7.8813E+00  7.4468E+00  9.6631E+00  9.7022E+00
       8.3235E+00  7.3620E+00  6.8391E+00  6.4467E+00  6.3622E+00  8.5239E+00  6.8562E+00  7.4012E+00  6.0166E+00  1.1365E+01
       9.1392E+00  5.9918E+00  6.2658E+00  5.0588E+00  6.2228E+00  6.8840E+00  7.5633E+00  6.1739E+00  6.8580E+00  8.0131E+00
       8.3261E+00  5.6307E+00  4.6360E+00  5.9000E+00  6.5460E+00  4.5560E+00  6.7014E+00  4.4465E+00  5.4922E+00  7.5136E+00
       5.5448E+00  7.0777E+00  6.3463E+00  5.9508E+00  4.0653E+00  7.5345E+00  6.1873E+00  7.2169E+00  5.5736E+00  9.6471E+00
       7.1082E+00  7.1927E+00  5.7289E+00  6.2381E+00  3.5346E+00  4.2074E+00  7.4624E+00  6.7992E+00  6.0924E+00  9.8977E+00
       7.3221E+00  5.5663E+00  5.8282E+00  5.5777E+00  4.4616E+00  5.1582E+00  6.4485E+00  7.6133E+00  7.4442E+00  7.4396E+00
       1.1071E+01  5.9211E+00  5.4014E+00  4.9695E+00  8.0991E+00  4.9640E+00  5.7163E+00  5.4969E+00  7.3344E+00  7.5923E+00
       8.7884E+00  6.5717E+00  6.4409E+00  4.0730E+00  6.9163E+00  6.0228E+00  5.2797E+00  4.8359E+00  6.8662E+00  1.0297E+01
       6.6707E+00  8.1272E+00  8.4130E+00  6.4262E+00  6.2341E+00  4.9116E+00  5.5529E+00  8.1265E+00  6.6078E+00  8.9077E+00
       9.5752E+00  8.4109E+00  7.3923E+00  6.5197E+00  6.6149E+00  8.1375E+00  9.5462E+00  8.6455E+00  6.4169E+00  8.6771E+00
       9.3000E+00  9.6652E+00  4.5485E+00  6.8903E+00  7.8561E+00  6.1678E+00  6.6353E+00  5.5452E+00  9.8473E+00  9.6467E+00
       6.2628E+00  6.4630E+00  8.2401E+00  5.8511E+00  4.6127E+00  5.7211E+00  4.1620E+00  9.3134E+00  6.2125E+00  1.1454E+01
       9.7489E+00  6.0040E+00  6.5576E+00  3.7440E+00  6.8797E+00  7.3757E+00  7.9719E+00  6.8132E+00  9.3001E+00  8.5179E+00
       8.4265E+00  6.7678E+00  8.5269E+00  7.7823E+00  6.1547E+00  6.5262E+00  9.4304E+00  8.7382E+00  6.7548E+00  1.0345E+01
       6.8447E+00  6.2998E+00  5.2343E+00  7.0891E+00  6.0644E+00  6.5164E+00  8.8784E+00  7.3037E+00  6.3591E+00  6.7822E+00
       6.9240E+00  7.1896E+00  6.5157E+00  7.3368E+00  6.8868E+00  5.5827E+00  7.1714E+00  8.3039E+00  7.7243E+00  8.3639E+00
       1.1622E+01  7.1922E+00  8.1078E+00  8.3691E+00  7.6369E+00  6.7493E+00  5.2384E+00  7.7869E+00  8.4528E+00  1.1179E+01
       1.1845E+01  1.0664E+01  1.0590E+01  5.9564E+00  8.5278E+00  4.5343E+00  5.2571E+00  7.4129E+00  7.3039E+00  9.2096E+00
       1.1556E+01  7.0438E+00  8.1919E+00  6.4444E+00  1.1509E+01  7.1792E+00  8.8490E+00  6.4687E+00  6.4010E+00  1.2836E+01
       9.7647E+00  1.1957E+01  6.4407E+00  7.6574E+00  9.9851E+00  6.6624E+00  1.0985E+01  6.9618E+00  1.1916E+01  1.5268E+01
       1.0157E+01  9.8602E+00  7.3188E+00  6.6539E+00  7.6143E+00  5.9110E+00  6.5411E+00  6.8728E+00  7.8426E+00  1.3143E+01
       7.7844E+00  9.9427E+00  8.2927E+00  6.2145E+00  9.3744E+00  7.6808E+00  6.2726E+00  1.0455E+01  8.1862E+00  1.2190E+01
       9.6616E+00  8.0512E+00  8.1037E+00  7.1358E+00  7.3633E+00  8.1648E+00  5.8248E+00  9.2203E+00  9.1622E+00  1.2261E+01
       1.1914E+01  7.5480E+00  6.9643E+00  9.0172E+00  6.6116E+00  7.2941E+00  8.4809E+00  8.1473E+00  8.3097E+00  1.0251E+01
       1.5460E+01  7.9380E+00  7.4631E+00  6.1189E+00  9.2819E+00  8.4417E+00  6.4287E+00  7.3993E+00  8.7550E+00  9.1650E+00
       8.6908E+00  8.9150E+00  7.5534E+00  6.3619E+00  8.3145E+00  7.5165E+00  7.0633E+00  1.0903E+01  9.8062E+00  8.9385E+00
       1.3841E+01  8.1520E+00  8.2102E+00  1.1321E+01  8.6444E+00  8.2965E+00  9.3902E+00  9.3398E+00  8.2582E+00  8.5051E+00
       1.4649E+01  1.0558E+01  1.0683E+01  9.7813E+00  6.8918E+00  6.9553E+00  7.0314E+00  8.3834E+00  8.7942E+00  1.1959E+01
       1.1119E+01  9.2517E+00  1.0301E+01  1.0905E+01  8.7888E+00  6.7400E+00  9.2160E+00  8.0128E+00  9.5132E+00  1.3021E+01
