1
   Cartesian binning n.   1  "DoseEq    " , generalized particle n.  240
      X coordinate: from -8.5000E+01 to  8.5000E+01 cm,    10 bins ( 1.7000E+01 cm wide)
      Y coordinate: from -2.5000E+01 to  2.5000E+01 cm,    10 bins ( 5.0000E+00 cm wide)
      Z coordinate: from  2.2500E+02 to  2.7500E+02 cm,    10 bins ( 5.0000E+00 cm wide)
      Data follow in a matrix A(ix,iy,iz), format (1(5x,1p,10(1x,e11.4)))

      accurate deposition along the tracks requested
      this is a track-length binning
       1.2309E-04  1.4000E-04  1.5055E-04  1.6502E-04  1.8674E-04  1.7349E-04  1.7320E-04  1.5966E-04  1.3103E-04  1.0960E-04
       1.3471E-04  1.6493E-04  1.7301E-04  1.8389E-04  2.1123E-04  2.0272E-04  2.0359E-04  1.8507E-04  1.5498E-04  1.3010E-04
       1.4287E-04  1.6849E-04  1.7877E-04  2.1157E-04  2.3663E-04  2.1856E-04  2.1122E-04  1.7556E-04  1.6169E-04  1.2832E-04
       1.3508E-04  1.7838E-04  1.8175E-04  2.2991E-04  2.2718E-04  2.1699E-04  2.1443E-04  2.1328E-04  1.6328E-04  1.2823E-04
       1.3530E-04  1.7622E-04  1.9752E-04  2.3974E-04  2.2033E-04  2.2350E-04  2.1698E-04  2.0883E-04  1.7443E-04  1.4271E-04
       1.3381E-04  1.6907E-04  2.0019E-04  2.1042E-04  2.1604E-04  2.2387E-04  2.1428E-04  2.1576E-04  1.8310E-04  1.4581E-04
       1.3267E-04  1.7500E-04  1.9134E-04  2.3238E-04  2.4286E-04  2.1168E-04  2.0770E-04  1.8311E-04  1.7718E-04  1.4089E-04
       1.3708E-04  1.6636E-04  1.9338E-04  2.2693E-04  2.2597E-04  2.2297E-04  2.1945E-04  1.8498E-04  1.5865E-04  1.2910E-04
       1.3184E-04  1.6161E-04  1.9348E-04  2.1140E-04  2.2028E-04  2.0279E-04  1.9466E-04  1.8419E-04  1.6966E-04  1.2555E-04
       1.0730E-04  1.4265E-04  1.6213E-04  1.7087E-04  1.8228E-04  1.8263E-04  1.5503E-04  1.5809E-04  1.3766E-04  1.0638E-04
       1.0398E-04  1.1874E-04  1.2728E-04  1.5160E-04  1.5909E-04  1.6973E-04  1.5104E-04  1.3982E-04  1.1724E-04  8.4967E-05
       1.2445E-04  1.4028E-04  1.5854E-04  1.7537E-04  2.0614E-04  1.9544E-04  1.8010E-04  1.7061E-04  1.5235E-04  1.1871E-04
       1.3340E-04  1.6258E-04  1.7472E-04  2.1164E-04  2.3073E-04  2.1090E-04  1.9532E-04  1.7465E-04  1.6184E-04  1.1757E-04
       1.2370E-04  1.7808E-04  1.9068E-04  2.4105E-04  2.1385E-04  2.1110E-04  2.0500E-04  1.8960E-04  1.5440E-04  1.2027E-04
       1.2754E-04  1.7833E-04  1.9275E-04  2.2698E-04  2.1772E-04  2.1996E-04  2.0723E-04  2.0404E-04  1.6938E-04  1.4539E-04
       1.1912E-04  1.6905E-04  1.9068E-04  2.0852E-04  2.2717E-04  2.2045E-04  2.1436E-04  2.1142E-04  1.8295E-04  1.3878E-04
       1.1293E-04  1.6374E-04  1.8878E-04  2.2556E-04  2.4137E-04  2.0372E-04  2.0774E-04  1.9266E-04  1.7337E-04  1.2736E-04
       1.1764E-04  1.5790E-04  1.7786E-04  2.2001E-04  2.2542E-04  2.2256E-04  1.9712E-04  1.8647E-04  1.6594E-04  1.2280E-04
       1.2144E-04  1.5370E-04  1.7601E-04  1.9590E-04  2.0225E-04  1.9023E-04  1.8002E-04  1.7444E-04  1.5360E-04  1.1185E-04
       9.2698E-05  1.1905E-04  1.3522E-04  1.5279E-04  1.6676E-04  1.5324E-04  1.4587E-04  1.2910E-04  1.2018E-04  9.2921E-05
       7.3244E-05  9.1068E-05  9.9467E-05  1.1813E-04  1.3551E-04  1.3206E-04  1.1411E-04  1.0825E-04  9.5889E-05  6.9291E-05
       9.7515E-05  1.1951E-04  1.3254E-04  1.5387E-04  1.7519E-04  1.6657E-04  1.4842E-04  1.4127E-04  1.2683E-04  9.9387E-05
       1.1247E-04  1.2803E-04  1.4848E-04  1.7092E-04  1.9129E-04  1.8818E-04  1.6533E-04  1.5637E-04  1.3693E-04  1.0008E-04
       1.0440E-04  1.4357E-04  1.6115E-04  1.8984E-04  1.8595E-04  1.8880E-04  1.7250E-04  1.7063E-04  1.4809E-04  1.0713E-04
       1.1394E-04  1.5866E-04  1.6324E-04  1.9517E-04  1.8504E-04  1.9802E-04  1.8433E-04  1.8413E-04  1.5161E-04  1.1511E-04
       1.0459E-04  1.4668E-04  1.6731E-04  1.9817E-04  2.1420E-04  1.9847E-04  1.9463E-04  1.7910E-04  1.4588E-04  1.1243E-04
       1.0322E-04  1.3999E-04  1.7357E-04  1.9284E-04  2.0689E-04  1.8365E-04  1.8316E-04  1.6128E-04  1.4506E-04  1.1316E-04
       1.0092E-04  1.3709E-04  1.6083E-04  1.8834E-04  1.9878E-04  1.9470E-04  1.7315E-04  1.5524E-04  1.3093E-04  9.8756E-05
       9.2295E-05  1.3358E-04  1.5453E-04  1.7181E-04  1.7860E-04  1.7510E-04  1.4531E-04  1.5052E-04  1.2617E-04  9.6106E-05
       7.2696E-05  9.8473E-05  1.0685E-04  1.1098E-04  1.4592E-04  1.3844E-04  1.2025E-04  1.0894E-04  9.8548E-05  7.3897E-05
       5.9234E-05  7.8374E-05  8.0207E-05  8.5900E-05  1.1427E-04  1.0813E-04  1.0082E-04  8.8790E-05  7.7075E-05  5.7841E-05
       8.1401E-05  1.0212E-04  1.0688E-04  1.1878E-04  1.5378E-04  1.3963E-04  1.2610E-04  1.2039E-04  9.9787E-05  7.3512E-05
       8.9843E-05  1.1149E-04  1.2235E-04  1.4113E-04  1.7906E-04  1.5503E-04  1.2985E-04  1.3845E-04  1.2051E-04  8.1414E-05
       9.1284E-05  1.1320E-04  1.3607E-04  1.5944E-04  1.6694E-04  1.5338E-04  1.4699E-04  1.4408E-04  1.1072E-04  8.0735E-05
       1.0031E-04  1.2140E-04  1.4097E-04  1.7237E-04  1.6285E-04  1.6396E-04  1.4797E-04  1.6289E-04  1.2587E-04  8.8037E-05
       8.6956E-05  1.2067E-04  1.4247E-04  1.6317E-04  1.7233E-04  1.6854E-04  1.4663E-04  1.3552E-04  1.2999E-04  9.1961E-05
       8.8325E-05  1.3203E-04  1.4809E-04  1.5125E-04  1.6849E-04  1.6685E-04  1.4027E-04  1.3627E-04  1.2525E-04  9.1976E-05
       8.9474E-05  1.1537E-04  1.4018E-04  1.5774E-04  1.7019E-04  1.6253E-04  1.5505E-04  1.3346E-04  1.0673E-04  8.8687E-05
       7.6136E-05  1.0904E-04  1.3204E-04  1.5395E-04  1.4436E-04  1.5015E-04  1.2600E-04  1.2432E-04  9.9170E-05  7.2217E-05
       6.0759E-05  8.0162E-05  1.0390E-04  9.6799E-05  1.0596E-04  1.1142E-04  9.2450E-05  9.0693E-05  7.2747E-05  5.6279E-05
       4.7426E-05  5.9209E-05  6.6787E-05  7.3209E-05  9.5847E-05  7.7441E-05  8.4867E-05  7.5180E-05  5.9351E-05  4.0276E-05
       6.4986E-05  7.8284E-05  9.4039E-05  1.0254E-04  1.2508E-04  1.1340E-04  1.0391E-04  9.1530E-05  7.7999E-05  5.1511E-05
       6.8825E-05  8.9001E-05  1.0964E-04  1.2925E-04  1.5753E-04  1.2583E-04  1.2054E-04  1.0544E-04  9.6539E-05  5.7953E-05
       6.6446E-05  8.8596E-05  1.1902E-04  1.3532E-04  1.3645E-04  1.3020E-04  1.2271E-04  1.2458E-04  9.5113E-05  6.7304E-05
       7.6007E-05  1.0030E-04  1.1670E-04  1.4023E-04  1.3983E-04  1.3947E-04  1.2751E-04  1.1924E-04  1.0655E-04  6.7407E-05
       7.2593E-05  9.7920E-05  1.2115E-04  1.3762E-04  1.3123E-04  1.3440E-04  1.2858E-04  1.0688E-04  1.0890E-04  7.0073E-05
       6.4939E-05  1.0611E-04  1.2933E-04  1.2526E-04  1.2684E-04  1.4420E-04  1.3775E-04  1.1810E-04  1.1464E-04  7.1797E-05
       7.3181E-05  1.0558E-04  1.1365E-04  1.2185E-04  1.3264E-04  1.3993E-04  1.1926E-04  1.0238E-04  8.6588E-05  7.0571E-05
       6.8549E-05  8.8237E-05  9.7746E-05  1.2165E-04  1.1840E-04  1.2015E-04  1.0640E-04  9.3378E-05  8.1366E-05  5.4220E-05
       4.4001E-05  6.0372E-05  7.0940E-05  8.1321E-05  8.9589E-05  9.2714E-05  7.2075E-05  6.5950E-05  5.9177E-05  4.3443E-05
       3.5003E-05  4.5793E-05  5.6988E-05  5.9792E-05  7.1406E-05  5.9438E-05  6.4145E-05  5.9465E-05  4.9721E-05  3.2997E-05
       4.6174E-05  5.6443E-05  7.5443E-05  8.0086E-05  9.6192E-05  9.6240E-05  8.5353E-05  8.2714E-05  6.0222E-05  4.6043E-05
       4.9985E-05  7.7246E-05  9.6932E-05  9.9600E-05  1.2029E-04  1.0686E-04  1.0116E-04  9.3550E-05  7.7749E-05  4.1544E-05
       5.3676E-05  7.6428E-05  9.8988E-05  1.0884E-04  1.1290E-04  1.0429E-04  1.0034E-04  9.2801E-05  8.1940E-05  5.1477E-05
       5.7754E-05  8.4750E-05  1.0312E-04  1.1499E-04  1.1780E-04  1.1779E-04  1.0640E-04  9.3055E-05  8.4730E-05  5.6604E-05
       6.0017E-05  7.8191E-05  1.0775E-04  1.1315E-04  1.2176E-04  1.2193E-04  1.1048E-04  9.9472E-05  9.2153E-05  5.9425E-05
       5.8060E-05  8.1411E-05  9.5462E-05  1.0103E-04  1.1208E-04  1.2382E-04  1.1246E-04  9.4795E-05  8.6728E-05  5.6362E-05
       5.2759E-05  9.4468E-05  9.5422E-05  1.1070E-04  1.0507E-04  1.0656E-04  9.8565E-05  8.3273E-05  7.9464E-05  6.2610E-05
       5.8026E-05  6.8315E-05  7.1549E-05  9.8829E-05  8.9177E-05  9.1377E-05  9.0757E-05  8.2018E-05  6.3947E-05  5.0431E-05
       4.0106E-05  4.6204E-05  5.6270E-05  6.4333E-05  6.0985E-05  6.8529E-05  5.5447E-05  5.4722E-05  4.7413E-05  3.7987E-05
       3.0069E-05  3.3959E-05  4.9696E-05  5.1574E-05  5.0891E-05  4.8658E-05  4.8720E-05  4.5337E-05  4.1774E-05  2.7932E-05
       3.7666E-05  4.6281E-05  6.0553E-05  7.2464E-05  7.7990E-05  7.7484E-05  7.3442E-05  7.1749E-05  5.2378E-05  3.9776E-05
       3.9914E-05  5.3884E-05  7.7482E-05  7.8821E-05  8.8652E-05  8.7803E-05  8.4856E-05  8.2502E-05  5.9170E-05  3.1779E-05
       4.2443E-05  5.7510E-05  7.0617E-05  8.6409E-05  9.0995E-05  9.1132E-05  7.4938E-05  7.4289E-05  7.3077E-05  4.2658E-05
       4.5645E-05  6.4753E-05  8.8886E-05  8.7051E-05  8.9733E-05  9.1121E-05  7.9885E-05  7.7243E-05  6.9500E-05  4.4774E-05
       4.7133E-05  6.7983E-05  7.8755E-05  7.8775E-05  8.4737E-05  9.3113E-05  8.5543E-05  7.8919E-05  7.4822E-05  4.4844E-05
       4.9202E-05  6.1039E-05  7.6202E-05  8.3655E-05  8.7941E-05  9.4652E-05  8.3656E-05  8.2094E-05  6.8942E-05  5.0402E-05
       4.2966E-05  7.2333E-05  7.4331E-05  8.4773E-05  7.9222E-05  8.2837E-05  7.8613E-05  6.9717E-05  6.4606E-05  4.6868E-05
       3.7000E-05  5.8906E-05  6.1729E-05  7.2788E-05  8.0213E-05  7.1524E-05  6.5331E-05  6.4085E-05  4.5656E-05  3.9231E-05
       2.8256E-05  4.1011E-05  4.8515E-05  5.6157E-05  5.5221E-05  4.7569E-05  4.6508E-05  4.7748E-05  3.7339E-05  2.6065E-05
       2.7111E-05  3.1163E-05  3.5032E-05  3.5390E-05  4.6568E-05  3.7810E-05  3.8813E-05  4.3464E-05  3.0632E-05  2.6778E-05
       3.0089E-05  4.0539E-05  4.1306E-05  5.4334E-05  5.8462E-05  5.5495E-05  5.0292E-05  5.3912E-05  4.0779E-05  3.6561E-05
       2.7944E-05  3.9026E-05  5.9000E-05  6.4501E-05  7.4906E-05  6.7482E-05  5.8743E-05  5.7937E-05  4.9166E-05  3.6366E-05
       3.1277E-05  4.1725E-05  5.3283E-05  7.1939E-05  7.2368E-05  6.8893E-05  6.2829E-05  5.6705E-05  5.9460E-05  3.5081E-05
       3.7550E-05  4.7414E-05  6.1891E-05  7.2147E-05  6.7082E-05  7.4918E-05  6.3738E-05  5.7458E-05  5.4240E-05  3.5743E-05
       3.8619E-05  5.5627E-05  6.1968E-05  7.4976E-05  7.1996E-05  8.1978E-05  6.1740E-05  5.4721E-05  5.7159E-05  3.8304E-05
       3.6621E-05  4.9091E-05  6.1125E-05  7.0199E-05  7.6236E-05  7.2384E-05  6.8153E-05  6.5134E-05  5.0075E-05  4.1288E-05
       3.5899E-05  4.8065E-05  5.7817E-05  6.7145E-05  6.4030E-05  6.7829E-05  6.8598E-05  5.2443E-05  4.9117E-05  3.3363E-05
       2.8277E-05  3.9821E-05  4.5430E-05  5.8887E-05  5.8717E-05  5.8159E-05  4.8702E-05  5.2405E-05  3.8990E-05  2.9395E-05
       2.1638E-05  2.9584E-05  4.1942E-05  4.5087E-05  4.5057E-05  4.1060E-05  3.7414E-05  3.8762E-05  3.0795E-05  2.5627E-05
       1.8092E-05  2.3219E-05  2.9335E-05  2.7310E-05  3.9542E-05  3.0074E-05  3.0109E-05  2.9721E-05  2.5899E-05  1.7902E-05
       2.4850E-05  3.5473E-05  3.5312E-05  4.4488E-05  4.3625E-05  4.0356E-05  3.4924E-05  3.6057E-05  3.3912E-05  2.4223E-05
       2.3470E-05  3.5628E-05  4.6458E-05  4.8483E-05  5.4301E-05  4.9867E-05  4.3834E-05  3.8662E-05  4.0830E-05  2.4411E-05
       2.7287E-05  3.2196E-05  4.3822E-05  5.2397E-05  5.7908E-05  5.0659E-05  5.2922E-05  3.7376E-05  4.3950E-05  2.8335E-05
       3.0459E-05  3.6350E-05  4.8028E-05  5.6659E-05  5.0014E-05  5.4137E-05  4.8392E-05  4.3625E-05  4.4199E-05  3.3554E-05
       3.0960E-05  3.9071E-05  4.9623E-05  5.6259E-05  5.3407E-05  5.3877E-05  5.1456E-05  4.8310E-05  4.3254E-05  3.2805E-05
       2.9885E-05  3.7642E-05  4.7295E-05  5.5282E-05  5.7944E-05  5.3737E-05  5.2847E-05  4.9487E-05  4.1861E-05  3.0113E-05
       2.5225E-05  4.1115E-05  4.3885E-05  4.9168E-05  4.9866E-05  5.1362E-05  5.2668E-05  4.1269E-05  3.9450E-05  2.7921E-05
       2.2545E-05  2.8482E-05  4.2412E-05  4.4037E-05  4.5467E-05  4.0990E-05  3.9750E-05  3.0791E-05  3.1251E-05  2.2024E-05
       2.0122E-05  1.9616E-05  2.9696E-05  3.4140E-05  3.3626E-05  2.7594E-05  2.9960E-05  2.5934E-05  2.0938E-05  1.8816E-05
       1.3401E-05  1.5998E-05  2.1237E-05  2.4123E-05  3.0319E-05  1.9973E-05  2.5195E-05  1.7427E-05  1.6181E-05  1.6510E-05
       1.7005E-05  2.5436E-05  2.0679E-05  3.0502E-05  3.2490E-05  2.9733E-05  2.7091E-05  2.4892E-05  2.6304E-05  1.9811E-05
       1.9986E-05  2.5162E-05  3.2028E-05  3.6717E-05  3.7512E-05  3.2215E-05  3.2662E-05  2.8418E-05  2.9191E-05  1.8975E-05
       1.9820E-05  2.4549E-05  3.3587E-05  3.5982E-05  3.0416E-05  3.5330E-05  3.7121E-05  3.0624E-05  3.0334E-05  2.2157E-05
       1.9450E-05  2.5913E-05  3.2760E-05  3.8161E-05  3.5944E-05  3.4919E-05  3.3849E-05  2.6703E-05  2.8472E-05  2.2012E-05
       2.0278E-05  2.7559E-05  4.1834E-05  3.3419E-05  3.7644E-05  3.8940E-05  3.9119E-05  3.6963E-05  2.9827E-05  2.3642E-05
       2.0767E-05  3.0595E-05  2.9795E-05  3.8116E-05  3.5330E-05  3.8431E-05  3.7089E-05  3.3653E-05  3.6147E-05  2.1824E-05
       2.1433E-05  2.9872E-05  2.6733E-05  3.5793E-05  3.4607E-05  3.2194E-05  3.1182E-05  2.9270E-05  2.5481E-05  1.9395E-05
       1.6299E-05  2.1437E-05  3.0928E-05  3.2247E-05  3.3087E-05  2.9752E-05  2.9514E-05  2.4033E-05  2.4335E-05  1.8053E-05
       1.0840E-05  1.3329E-05  2.1112E-05  2.6768E-05  2.2647E-05  1.9639E-05  2.3132E-05  1.8778E-05  1.5423E-05  1.2731E-05

      Percentage errors follow in a matrix A(ix,iy,iz), format (1(5x,1p,10(1x,e11.4)))

       4.5134E+00  5.2767E+00  4.2778E+00  3.2252E+00  5.5856E+00  5.3552E+00  2.9688E+00  4.1522E+00  3.6407E+00  6.7445E+00
       5.5955E+00  4.6588E+00  4.2141E+00  2.7624E+00  3.5678E+00  5.2144E+00  4.4432E+00  3.7025E+00  3.9523E+00  5.6035E+00
       5.4006E+00  4.6182E+00  4.3805E+00  2.8772E+00  3.6074E+00  5.1285E+00  3.7388E+00  3.5926E+00  3.0167E+00  6.3968E+00
       5.5786E+00  4.7968E+00  4.2738E+00  3.3378E+00  3.5131E+00  3.6189E+00  4.3500E+00  5.8642E+00  4.0764E+00  4.1784E+00
       3.9447E+00  4.6311E+00  3.9337E+00  2.9521E+00  3.7412E+00  3.5648E+00  3.4370E+00  4.5953E+00  4.7570E+00  3.4807E+00
       5.1249E+00  6.0672E+00  4.2191E+00  3.3900E+00  4.6185E+00  4.0040E+00  4.3491E+00  3.6099E+00  3.5115E+00  4.6075E+00
       5.6380E+00  3.6670E+00  2.7639E+00  3.9984E+00  3.4942E+00  3.3805E+00  5.0518E+00  3.8538E+00  4.0567E+00  5.5278E+00
       4.5402E+00  6.3281E+00  4.4891E+00  4.1299E+00  4.2667E+00  4.4347E+00  3.7521E+00  4.9651E+00  4.7691E+00  3.5359E+00
       5.0243E+00  3.9790E+00  4.5818E+00  3.5295E+00  3.3476E+00  4.3699E+00  4.4964E+00  4.7252E+00  5.4732E+00  4.6738E+00
       4.8992E+00  4.5252E+00  6.1946E+00  3.8402E+00  4.4742E+00  3.6170E+00  3.9925E+00  4.2971E+00  3.6748E+00  6.8795E+00
       6.1222E+00  6.1859E+00  3.9530E+00  4.7452E+00  4.4386E+00  4.7689E+00  5.3724E+00  4.0968E+00  5.3709E+00  6.0207E+00
       6.8154E+00  5.6699E+00  4.3036E+00  3.3851E+00  2.0533E+00  5.4369E+00  4.8267E+00  5.1434E+00  5.1106E+00  5.3173E+00
       5.8757E+00  4.9364E+00  3.9992E+00  3.9551E+00  3.5971E+00  4.6491E+00  5.2112E+00  4.8363E+00  5.0825E+00  5.3791E+00
       5.3606E+00  4.0129E+00  3.7948E+00  2.5747E+00  3.3159E+00  3.5416E+00  3.8085E+00  3.6829E+00  5.0447E+00  5.2332E+00
       5.7168E+00  4.0037E+00  4.1078E+00  3.2839E+00  4.0586E+00  4.5216E+00  4.3260E+00  4.0739E+00  6.1184E+00  5.9667E+00
       5.0095E+00  4.4840E+00  4.3449E+00  3.2184E+00  4.5204E+00  3.7524E+00  4.1684E+00  3.8365E+00  5.3874E+00  4.1859E+00
       5.8391E+00  3.8504E+00  4.1879E+00  3.4850E+00  3.5311E+00  4.3584E+00  4.8810E+00  3.7326E+00  4.6024E+00  5.8095E+00
       5.5014E+00  6.0835E+00  4.5911E+00  3.5627E+00  3.5315E+00  5.2547E+00  5.0859E+00  5.1715E+00  4.1921E+00  5.4301E+00
       6.1989E+00  3.2617E+00  4.9101E+00  3.0254E+00  4.2056E+00  4.0818E+00  5.5193E+00  4.3836E+00  4.5328E+00  5.6486E+00
       5.4420E+00  6.1642E+00  4.3544E+00  4.0480E+00  4.6896E+00  3.8055E+00  3.8841E+00  3.8100E+00  5.0291E+00  8.5719E+00
       7.4326E+00  5.6647E+00  5.8174E+00  5.1364E+00  2.8823E+00  3.9537E+00  5.8002E+00  4.6592E+00  4.1036E+00  6.0790E+00
       5.5439E+00  5.7891E+00  4.8418E+00  5.0658E+00  3.6589E+00  4.7208E+00  5.2493E+00  5.5958E+00  5.0708E+00  6.8583E+00
       5.1220E+00  4.4341E+00  4.6135E+00  4.0931E+00  4.1076E+00  4.0134E+00  6.0384E+00  4.8727E+00  4.7515E+00  5.7118E+00
       5.8880E+00  4.9876E+00  3.3711E+00  5.1171E+00  4.6423E+00  5.1781E+00  5.1436E+00  4.5168E+00  5.2864E+00  4.3839E+00
       4.7220E+00  5.0134E+00  3.7907E+00  4.6823E+00  3.9899E+00  4.7821E+00  3.6966E+00  4.9504E+00  5.6179E+00  4.8498E+00
       5.0400E+00  6.7327E+00  3.1771E+00  3.8128E+00  4.5826E+00  4.4765E+00  3.4273E+00  4.4185E+00  5.3651E+00  4.1658E+00
       6.8517E+00  5.0586E+00  3.9711E+00  3.8753E+00  3.8766E+00  5.0362E+00  4.5712E+00  4.4633E+00  4.8715E+00  5.5678E+00
       5.1858E+00  5.6893E+00  4.2496E+00  4.3592E+00  2.8511E+00  4.6954E+00  4.2082E+00  4.9513E+00  6.7269E+00  4.1417E+00
       6.3232E+00  5.0591E+00  4.7363E+00  5.5290E+00  5.1356E+00  3.8359E+00  4.7310E+00  3.9250E+00  5.8317E+00  5.7366E+00
       7.6648E+00  7.1340E+00  5.6473E+00  6.8708E+00  6.0624E+00  4.5698E+00  4.2559E+00  4.7950E+00  6.1945E+00  7.6275E+00
       1.0101E+01  5.3779E+00  6.6278E+00  6.3900E+00  4.6647E+00  5.1814E+00  6.0916E+00  4.5146E+00  6.2603E+00  7.1683E+00
       8.0173E+00  4.1243E+00  6.1059E+00  5.8013E+00  5.5226E+00  5.2010E+00  6.3165E+00  5.8366E+00  5.3692E+00  7.7226E+00
       5.2940E+00  5.1334E+00  4.3139E+00  5.1831E+00  4.6647E+00  2.9691E+00  5.3113E+00  4.8895E+00  5.8726E+00  3.9362E+00
       6.2167E+00  5.7491E+00  5.1754E+00  3.8727E+00  4.3734E+00  5.1497E+00  4.9494E+00  4.9231E+00  6.9011E+00  6.3882E+00
       5.5393E+00  6.0961E+00  5.8454E+00  4.9472E+00  3.5948E+00  3.9492E+00  4.2953E+00  5.4850E+00  3.6679E+00  7.5217E+00
       4.3869E+00  4.8149E+00  5.5386E+00  4.7657E+00  4.6201E+00  5.9581E+00  3.2574E+00  4.7339E+00  5.0519E+00  5.0312E+00
       7.7016E+00  5.2307E+00  4.4238E+00  3.6524E+00  4.6463E+00  5.8632E+00  5.2728E+00  5.0148E+00  6.6522E+00  5.9764E+00
       6.7210E+00  6.4977E+00  4.9386E+00  4.5149E+00  2.9243E+00  4.4341E+00  5.1195E+00  5.2281E+00  6.6669E+00  6.4841E+00
       9.5785E+00  6.7421E+00  5.4737E+00  4.5123E+00  4.2168E+00  4.8745E+00  4.4157E+00  5.6577E+00  5.8853E+00  6.9379E+00
       6.4437E+00  6.9508E+00  5.1827E+00  5.0342E+00  4.7745E+00  5.3862E+00  7.1007E+00  5.6290E+00  7.9341E+00  6.9993E+00
       5.4863E+00  9.8603E+00  6.0837E+00  8.4331E+00  5.9350E+00  5.4271E+00  6.1392E+00  6.3669E+00  7.5700E+00  7.7731E+00
       7.8381E+00  5.2935E+00  5.6530E+00  5.7960E+00  6.4734E+00  3.6109E+00  5.9924E+00  6.1632E+00  5.8836E+00  1.0108E+01
       8.4549E+00  6.2330E+00  5.1041E+00  5.8054E+00  6.1407E+00  3.9808E+00  4.5517E+00  5.5222E+00  7.5823E+00  9.4572E+00
       7.9590E+00  7.9773E+00  5.4933E+00  7.1069E+00  5.0164E+00  4.9508E+00  6.3878E+00  6.0000E+00  6.8830E+00  4.9489E+00
       7.2210E+00  7.2047E+00  7.1328E+00  4.8590E+00  5.6752E+00  3.8001E+00  5.3782E+00  5.0559E+00  5.4860E+00  8.4796E+00
       6.7990E+00  7.9113E+00  7.2458E+00  6.5573E+00  3.2151E+00  4.9802E+00  5.4669E+00  4.9155E+00  7.6670E+00  7.2880E+00
       7.9668E+00  6.8762E+00  6.6659E+00  5.0125E+00  5.8425E+00  6.6804E+00  4.1001E+00  5.4234E+00  7.6749E+00  6.7602E+00
       7.3627E+00  6.0784E+00  5.6437E+00  6.6424E+00  6.5033E+00  6.9578E+00  5.9861E+00  5.2613E+00  8.3416E+00  7.1756E+00
       9.5827E+00  5.0020E+00  6.9596E+00  5.1916E+00  6.0004E+00  4.4409E+00  5.4380E+00  5.2092E+00  7.1096E+00  7.6626E+00
       6.6110E+00  5.8020E+00  6.2964E+00  6.9617E+00  6.5779E+00  5.5306E+00  5.5237E+00  6.0924E+00  6.3602E+00  1.0699E+01
       9.7804E+00  1.0518E+01  7.9890E+00  7.4382E+00  6.5305E+00  6.1163E+00  7.4132E+00  9.1439E+00  9.5880E+00  8.2641E+00
       8.3743E+00  7.8542E+00  6.8953E+00  6.8105E+00  7.3520E+00  4.1101E+00  5.5141E+00  6.4753E+00  6.7841E+00  7.9325E+00
       8.1389E+00  7.0602E+00  6.9585E+00  6.7035E+00  5.1936E+00  4.9513E+00  4.6338E+00  6.4378E+00  7.8921E+00  1.1648E+01
       8.2384E+00  5.5227E+00  6.6365E+00  4.6806E+00  6.0135E+00  5.9535E+00  5.5275E+00  5.5204E+00  7.8809E+00  8.3311E+00
       1.0615E+01  6.1790E+00  4.7984E+00  5.2469E+00  6.3024E+00  3.5595E+00  5.8236E+00  5.1899E+00  6.5826E+00  6.8267E+00
       8.4525E+00  6.5041E+00  7.4687E+00  5.3697E+00  6.2274E+00  5.0329E+00  4.7291E+00  6.5925E+00  7.9881E+00  6.0378E+00
       8.4522E+00  6.7419E+00  9.3300E+00  6.0573E+00  4.1749E+00  6.7369E+00  6.1038E+00  5.7487E+00  8.4386E+00  5.8029E+00
       7.4098E+00  6.0044E+00  6.0913E+00  6.4866E+00  5.5639E+00  8.0247E+00  6.3362E+00  6.6133E+00  8.0433E+00  9.1384E+00
       7.6332E+00  5.4707E+00  7.4756E+00  6.3119E+00  8.4679E+00  5.2618E+00  7.3338E+00  4.7500E+00  6.0312E+00  9.4547E+00
       7.9719E+00  6.0787E+00  4.9119E+00  8.6645E+00  6.8877E+00  7.9903E+00  8.0600E+00  1.0367E+01  8.7753E+00  1.1394E+01
       1.2338E+01  7.8486E+00  7.3526E+00  9.6697E+00  5.6397E+00  8.0670E+00  9.2986E+00  7.8578E+00  1.0190E+01  7.0129E+00
       1.0196E+01  1.0846E+01  9.4190E+00  5.4361E+00  8.6299E+00  5.8727E+00  8.3272E+00  9.8296E+00  7.9135E+00  9.4728E+00
       9.5343E+00  8.0416E+00  6.6510E+00  7.8472E+00  4.9020E+00  6.0674E+00  8.6707E+00  7.0896E+00  7.5109E+00  1.2383E+01
       1.0464E+01  6.3433E+00  6.7378E+00  5.1441E+00  7.1936E+00  6.1200E+00  5.9611E+00  5.8754E+00  8.2239E+00  7.6446E+00
       1.0870E+01  4.8816E+00  5.1675E+00  6.7278E+00  6.4703E+00  5.4364E+00  6.5554E+00  6.7417E+00  7.4923E+00  8.2105E+00
       7.7149E+00  6.1867E+00  5.8582E+00  6.6974E+00  6.3342E+00  5.5913E+00  6.4687E+00  7.3508E+00  9.0448E+00  6.8029E+00
       1.1138E+01  5.4290E+00  7.2505E+00  6.6845E+00  6.5450E+00  5.6099E+00  6.3636E+00  8.1183E+00  1.0116E+01  8.7551E+00
       9.9534E+00  6.2795E+00  6.0904E+00  6.4419E+00  6.5086E+00  6.9505E+00  6.9448E+00  8.2169E+00  9.1970E+00  8.8640E+00
       1.2677E+01  7.3193E+00  5.9208E+00  6.8327E+00  5.4073E+00  5.5840E+00  6.5537E+00  7.7173E+00  6.4840E+00  8.8529E+00
       1.1992E+01  1.0575E+01  4.9191E+00  6.6986E+00  7.8181E+00  7.6616E+00  8.1523E+00  8.4502E+00  7.4276E+00  1.0472E+01
       1.0327E+01  9.1077E+00  8.5906E+00  1.0272E+01  9.4134E+00  9.7489E+00  8.1311E+00  7.6331E+00  9.7824E+00  9.4866E+00
       9.9988E+00  9.1297E+00  9.9418E+00  7.8025E+00  7.2953E+00  8.4722E+00  9.2998E+00  6.8286E+00  8.7046E+00  1.0248E+01
       8.3297E+00  1.0402E+01  8.0458E+00  1.0161E+01  8.5226E+00  1.1120E+01  7.3861E+00  7.8107E+00  7.7415E+00  8.0486E+00
       8.6292E+00  7.2221E+00  6.7380E+00  7.4446E+00  8.0456E+00  9.3557E+00  7.6479E+00  9.1043E+00  9.8076E+00  1.2026E+01
       1.0092E+01  9.3024E+00  7.7337E+00  5.2232E+00  7.0718E+00  6.6346E+00  6.2109E+00  4.9625E+00  8.1783E+00  6.8524E+00
       1.1809E+01  6.4946E+00  9.1504E+00  6.6033E+00  6.9918E+00  6.3920E+00  5.6439E+00  7.0929E+00  9.7787E+00  9.2600E+00
       9.5791E+00  7.6040E+00  8.0598E+00  7.4229E+00  7.1240E+00  7.6851E+00  7.4837E+00  5.9939E+00  9.3682E+00  8.0611E+00
       1.3479E+01  1.1629E+01  7.7149E+00  5.9960E+00  6.1744E+00  6.3990E+00  9.0143E+00  6.3921E+00  8.8983E+00  7.1438E+00
       9.7450E+00  9.5394E+00  8.6249E+00  6.3067E+00  4.7425E+00  5.7109E+00  8.6563E+00  1.0450E+01  9.6044E+00  1.1069E+01
       1.3083E+01  1.0386E+01  8.0935E+00  1.1145E+01  9.6880E+00  1.0050E+01  1.0924E+01  8.8314E+00  1.2825E+01  1.1015E+01
       1.2212E+01  8.8876E+00  8.0789E+00  8.6362E+00  9.1546E+00  9.6057E+00  9.0909E+00  1.0109E+01  1.1257E+01  1.3156E+01
       9.6912E+00  7.8878E+00  6.5539E+00  7.7937E+00  7.1738E+00  1.0384E+01  8.8900E+00  8.3745E+00  1.2048E+01  1.0849E+01
       1.0038E+01  1.0766E+01  8.1157E+00  8.7426E+00  9.7253E+00  9.5480E+00  9.5122E+00  8.0797E+00  1.0500E+01  9.9346E+00
       8.6461E+00  9.4384E+00  8.9003E+00  7.8613E+00  1.0741E+01  9.0575E+00  8.5323E+00  8.9545E+00  7.5148E+00  1.1002E+01
       1.5610E+01  6.1912E+00  7.3334E+00  6.4900E+00  1.1397E+01  9.4434E+00  7.9867E+00  1.1243E+01  8.7688E+00  1.0562E+01
       1.0380E+01  8.9969E+00  1.2010E+01  7.9764E+00  9.2965E+00  6.5405E+00  7.2375E+00  9.5855E+00  9.2447E+00  7.6693E+00
       8.2521E+00  8.0283E+00  7.7358E+00  8.8101E+00  6.2897E+00  9.1671E+00  7.6921E+00  8.7394E+00  7.3963E+00  1.1495E+01
       1.1751E+01  9.7717E+00  8.9066E+00  7.5105E+00  6.6389E+00  9.3522E+00  9.2268E+00  7.5539E+00  1.1622E+01  1.0651E+01
       1.2013E+01  1.0614E+01  9.0009E+00  1.0226E+01  8.2984E+00  6.8898E+00  1.0790E+01  1.0257E+01  9.2252E+00  1.4327E+01
       1.3877E+01  1.1173E+01  8.2709E+00  1.1346E+01  9.2325E+00  9.6433E+00  9.5845E+00  1.1329E+01  1.2884E+01  1.2450E+01
       1.4999E+01  1.3271E+01  8.8539E+00  9.9769E+00  6.7572E+00  1.0251E+01  8.0144E+00  9.8263E+00  1.1354E+01  8.1837E+00
       1.2794E+01  1.1761E+01  1.1397E+01  1.1281E+01  9.4642E+00  9.5037E+00  9.2399E+00  1.0370E+01  1.0614E+01  1.2776E+01
       1.1808E+01  1.2244E+01  8.7328E+00  7.4106E+00  1.2244E+01  9.2965E+00  1.0441E+01  9.6855E+00  1.0612E+01  1.3959E+01
       1.5070E+01  9.9489E+00  1.0171E+01  6.9685E+00  9.0261E+00  9.9453E+00  7.6510E+00  1.2340E+01  1.0877E+01  1.1009E+01
       1.1692E+01  1.0296E+01  9.6473E+00  5.4819E+00  8.4573E+00  8.0385E+00  9.3244E+00  1.0585E+01  7.4643E+00  1.0923E+01
       1.4759E+01  8.2855E+00  9.1882E+00  9.0624E+00  1.0560E+01  7.1365E+00  7.2702E+00  9.9403E+00  1.1893E+01  1.0133E+01
       6.9756E+00  9.5901E+00  1.0649E+01  9.4979E+00  6.8284E+00  9.6326E+00  1.0681E+01  1.2469E+01  1.1049E+01  1.4038E+01
       9.9004E+00  7.5963E+00  6.5725E+00  9.6509E+00  9.6393E+00  9.2128E+00  9.2894E+00  9.7006E+00  1.3218E+01  1.0569E+01
       1.6565E+01  1.1964E+01  1.1949E+01  1.0384E+01  6.5866E+00  8.0689E+00  1.2717E+01  9.7280E+00  1.1516E+01  1.3406E+01
       1.1409E+01  1.6297E+01  9.1033E+00  1.2382E+01  9.7367E+00  1.1111E+01  1.3801E+01  1.0999E+01  1.0939E+01  1.3630E+01
