1
   Cartesian binning n.   1  "DoseEq    " , generalized particle n.  240
      X coordinate: from -8.5000E+01 to  8.5000E+01 cm,    10 bins ( 1.7000E+01 cm wide)
      Y coordinate: from -2.5000E+01 to  2.5000E+01 cm,    10 bins ( 5.0000E+00 cm wide)
      Z coordinate: from  2.2500E+02 to  2.7500E+02 cm,    10 bins ( 5.0000E+00 cm wide)
      Data follow in a matrix A(ix,iy,iz), format (1(5x,1p,10(1x,e11.4)))

      accurate deposition along the tracks requested
      this is a track-length binning
       5.5548E-05  5.9512E-05  6.3577E-05  7.5716E-05  8.2553E-05  7.9811E-05  8.1751E-05  7.2217E-05  6.5280E-05  5.4299E-05
       6.3166E-05  6.8067E-05  7.8365E-05  8.5038E-05  9.5885E-05  9.2010E-05  9.4002E-05  8.4249E-05  7.9722E-05  5.2745E-05
       5.6654E-05  7.7687E-05  8.3350E-05  8.9403E-05  9.9225E-05  9.2230E-05  9.7511E-05  8.1263E-05  7.4415E-05  6.1588E-05
       6.9014E-05  7.1781E-05  8.7381E-05  9.0960E-05  1.0090E-04  1.0419E-04  1.0142E-04  8.4033E-05  7.4672E-05  5.3233E-05
       6.4584E-05  7.2153E-05  9.0024E-05  1.0582E-04  1.0488E-04  9.3916E-05  1.0104E-04  7.7492E-05  7.9677E-05  6.0406E-05
       6.7771E-05  7.5033E-05  8.0175E-05  9.8246E-05  9.9481E-05  8.5806E-05  9.5182E-05  9.0908E-05  7.6060E-05  5.6464E-05
       6.4350E-05  8.6122E-05  9.6103E-05  9.6774E-05  9.2751E-05  9.3004E-05  9.6223E-05  9.0061E-05  7.9401E-05  6.8066E-05
       7.1824E-05  8.6538E-05  9.1278E-05  9.4039E-05  8.2605E-05  9.1930E-05  8.8103E-05  9.4626E-05  7.4227E-05  5.9224E-05
       6.4110E-05  8.2588E-05  8.6782E-05  7.9646E-05  9.0091E-05  9.1133E-05  8.0508E-05  7.5846E-05  7.5785E-05  5.9775E-05
       5.0269E-05  7.0234E-05  7.0461E-05  7.8639E-05  8.3675E-05  9.3601E-05  7.6081E-05  6.8545E-05  6.2713E-05  5.0782E-05
       4.0827E-05  5.5585E-05  5.7846E-05  7.2045E-05  7.0152E-05  7.1997E-05  7.0509E-05  6.6094E-05  5.5876E-05  4.1682E-05
       5.7134E-05  6.1132E-05  7.5772E-05  9.1851E-05  8.3859E-05  9.5238E-05  8.2501E-05  7.9609E-05  7.2714E-05  4.6796E-05
       5.9914E-05  7.5626E-05  8.1086E-05  8.8778E-05  1.0236E-04  9.4287E-05  9.1468E-05  8.4635E-05  6.8618E-05  5.5115E-05
       6.7034E-05  7.2394E-05  9.1341E-05  9.4748E-05  1.0074E-04  9.9587E-05  9.5670E-05  7.8454E-05  7.6177E-05  5.0114E-05
       6.9906E-05  7.6507E-05  8.5631E-05  9.9563E-05  1.0504E-04  1.0159E-04  1.0863E-04  7.5009E-05  8.5903E-05  6.2267E-05
       6.0720E-05  7.5171E-05  8.3098E-05  9.5249E-05  9.7776E-05  9.3800E-05  9.9253E-05  9.0459E-05  8.5534E-05  6.1554E-05
       6.3351E-05  8.7987E-05  9.7632E-05  9.4307E-05  9.2782E-05  8.8385E-05  1.0399E-04  8.3215E-05  7.6142E-05  6.0533E-05
       6.4551E-05  8.9391E-05  8.8127E-05  9.7882E-05  9.3705E-05  8.9764E-05  9.4562E-05  9.3002E-05  7.3909E-05  4.9967E-05
       5.6407E-05  8.6914E-05  7.8331E-05  7.6258E-05  9.1306E-05  8.0514E-05  7.9148E-05  7.8441E-05  7.6470E-05  5.4063E-05
       4.2088E-05  6.1356E-05  6.0922E-05  6.7241E-05  7.7024E-05  8.3911E-05  6.7789E-05  6.1797E-05  6.0583E-05  4.3088E-05
       3.6426E-05  4.7657E-05  4.8819E-05  5.8654E-05  5.2312E-05  6.1143E-05  5.4086E-05  5.3225E-05  4.6592E-05  3.2369E-05
       4.9976E-05  5.6155E-05  7.1943E-05  7.6987E-05  7.2879E-05  8.1263E-05  6.6612E-05  6.2558E-05  5.6681E-05  4.0419E-05
       5.1539E-05  6.3075E-05  7.8766E-05  8.4446E-05  9.0156E-05  8.2309E-05  8.5428E-05  7.3133E-05  6.6185E-05  4.4570E-05
       5.1795E-05  6.8174E-05  8.1596E-05  8.0990E-05  8.6155E-05  9.0992E-05  8.3003E-05  7.6884E-05  6.8770E-05  4.6488E-05
       5.3247E-05  6.5351E-05  8.7570E-05  9.0080E-05  9.7351E-05  8.7826E-05  8.5897E-05  7.4444E-05  7.1823E-05  5.4964E-05
       5.5852E-05  6.8624E-05  7.8048E-05  9.4765E-05  9.7673E-05  8.3873E-05  8.1921E-05  7.2798E-05  7.0685E-05  5.3375E-05
       5.4761E-05  7.9511E-05  7.9995E-05  9.3348E-05  9.3704E-05  8.8058E-05  8.7005E-05  7.3878E-05  7.2645E-05  5.5508E-05
       5.3842E-05  7.4284E-05  8.2442E-05  9.4659E-05  9.2758E-05  8.9841E-05  7.9980E-05  6.9037E-05  6.6454E-05  5.0731E-05
       4.6470E-05  6.6752E-05  7.1680E-05  7.2182E-05  8.5134E-05  7.8599E-05  7.1691E-05  7.1331E-05  6.0446E-05  4.8490E-05
       3.3234E-05  4.8334E-05  5.5949E-05  5.7160E-05  6.9126E-05  7.4642E-05  6.1140E-05  5.6412E-05  4.7990E-05  4.0675E-05
       3.2818E-05  3.4846E-05  4.2184E-05  4.7516E-05  5.1091E-05  4.6742E-05  4.6370E-05  4.6167E-05  4.2037E-05  2.3841E-05
       4.5124E-05  4.2807E-05  6.1093E-05  6.5297E-05  6.2133E-05  6.7409E-05  5.1834E-05  5.6597E-05  5.8978E-05  3.5288E-05
       4.2458E-05  5.4228E-05  6.7662E-05  7.5383E-05  7.3236E-05  7.3715E-05  6.5806E-05  5.9622E-05  6.0268E-05  3.8828E-05
       4.1441E-05  6.0599E-05  6.8439E-05  6.8790E-05  8.4127E-05  8.4195E-05  6.7137E-05  6.5734E-05  5.5741E-05  3.8498E-05
       4.4728E-05  6.4022E-05  6.9833E-05  8.0129E-05  9.4523E-05  8.7055E-05  7.8530E-05  6.0597E-05  6.2076E-05  4.4307E-05
       4.6358E-05  6.5077E-05  6.4857E-05  8.7882E-05  8.5177E-05  8.6390E-05  7.5110E-05  6.6339E-05  5.5794E-05  4.1623E-05
       4.4473E-05  6.8977E-05  6.4651E-05  8.4063E-05  8.7578E-05  8.4327E-05  7.0253E-05  5.7717E-05  5.6484E-05  3.9003E-05
       3.7864E-05  5.4514E-05  6.5218E-05  8.4454E-05  7.6567E-05  8.7149E-05  7.1209E-05  6.8186E-05  5.1189E-05  3.9296E-05
       4.1400E-05  5.0149E-05  6.3250E-05  6.4034E-05  7.1102E-05  7.2468E-05  6.2546E-05  6.3023E-05  4.8125E-05  4.0393E-05
       2.4021E-05  4.2521E-05  5.1577E-05  4.5894E-05  5.3514E-05  6.0113E-05  4.7850E-05  3.9745E-05  4.0937E-05  3.1584E-05
       2.5847E-05  2.9992E-05  3.4162E-05  4.1735E-05  4.4896E-05  4.2406E-05  3.0284E-05  3.7312E-05  3.1947E-05  2.0824E-05
       3.3950E-05  4.1565E-05  5.2588E-05  5.5935E-05  5.5764E-05  5.3282E-05  4.5165E-05  3.9072E-05  4.3558E-05  2.8094E-05
       3.4265E-05  4.3312E-05  6.0609E-05  5.6659E-05  5.8220E-05  6.5606E-05  6.2393E-05  4.8974E-05  4.9803E-05  3.0938E-05
       3.2918E-05  5.1205E-05  5.8369E-05  5.9721E-05  7.1014E-05  7.1851E-05  6.2153E-05  5.5904E-05  4.4440E-05  3.0249E-05
       4.0069E-05  4.6358E-05  5.6863E-05  6.2878E-05  7.7838E-05  7.1134E-05  6.3040E-05  5.6325E-05  5.2228E-05  3.7564E-05
       3.7104E-05  5.1591E-05  5.7051E-05  6.4136E-05  6.7032E-05  7.3980E-05  6.5670E-05  5.5655E-05  4.8373E-05  4.3446E-05
       3.7845E-05  5.5585E-05  5.4205E-05  6.7048E-05  7.8430E-05  7.4071E-05  5.7337E-05  5.1806E-05  4.7172E-05  3.6922E-05
       3.4375E-05  4.2243E-05  5.5341E-05  7.1666E-05  6.9666E-05  6.7995E-05  5.5837E-05  5.6300E-05  4.3021E-05  2.9151E-05
       2.8597E-05  4.9085E-05  5.4794E-05  5.5723E-05  5.9987E-05  5.4405E-05  5.4693E-05  5.3074E-05  3.7789E-05  2.6561E-05
       2.4112E-05  3.2358E-05  4.2374E-05  3.5203E-05  4.7283E-05  4.7332E-05  4.4673E-05  3.5148E-05  3.1651E-05  2.4235E-05
       2.3427E-05  2.2189E-05  3.0938E-05  3.5426E-05  3.0198E-05  3.5196E-05  2.8413E-05  2.9457E-05  2.6750E-05  1.3470E-05
       2.5934E-05  3.4882E-05  3.5585E-05  4.6411E-05  4.4513E-05  4.4614E-05  3.9065E-05  3.5144E-05  2.9113E-05  2.1442E-05
       2.8494E-05  3.1845E-05  5.2079E-05  5.3154E-05  4.9833E-05  5.6341E-05  5.0423E-05  4.3437E-05  3.5719E-05  2.6937E-05
       2.9918E-05  4.4612E-05  5.3361E-05  5.4166E-05  5.9329E-05  6.0559E-05  4.8106E-05  3.9384E-05  4.0518E-05  2.9220E-05
       3.3179E-05  4.4927E-05  5.5160E-05  4.8734E-05  6.1183E-05  6.2775E-05  5.9187E-05  4.5057E-05  4.0502E-05  2.8412E-05
       3.3322E-05  3.4445E-05  5.0816E-05  5.7809E-05  6.5086E-05  6.2484E-05  5.6973E-05  4.7635E-05  4.1325E-05  3.4971E-05
       2.9129E-05  3.7515E-05  5.0640E-05  6.1535E-05  6.3069E-05  5.3180E-05  5.0528E-05  4.3369E-05  4.0190E-05  3.1531E-05
       2.6754E-05  3.7703E-05  5.2453E-05  5.4522E-05  5.5763E-05  5.3715E-05  4.4808E-05  4.8023E-05  3.9066E-05  2.5135E-05
       2.8095E-05  3.7177E-05  4.3696E-05  4.1917E-05  4.4468E-05  4.0920E-05  4.8595E-05  4.2233E-05  3.7737E-05  2.9609E-05
       2.0984E-05  2.9494E-05  2.7570E-05  2.8610E-05  3.2301E-05  3.3166E-05  3.3618E-05  3.7117E-05  2.5888E-05  1.9307E-05
       1.4472E-05  1.9313E-05  2.6862E-05  2.3525E-05  2.5905E-05  2.4434E-05  2.5303E-05  2.1293E-05  1.8809E-05  1.2746E-05
       2.1655E-05  2.6394E-05  3.6270E-05  3.6561E-05  3.1951E-05  3.0957E-05  3.2000E-05  3.0329E-05  2.1059E-05  1.8822E-05
       2.2137E-05  2.9167E-05  3.9218E-05  4.2626E-05  4.2941E-05  4.4408E-05  4.7327E-05  3.9401E-05  2.6799E-05  1.9719E-05
       1.8242E-05  3.5278E-05  4.1040E-05  4.7351E-05  4.6897E-05  5.6677E-05  4.9695E-05  3.4452E-05  2.5581E-05  2.2390E-05
       2.3134E-05  3.7291E-05  3.6038E-05  4.2725E-05  4.6274E-05  5.3353E-05  4.6866E-05  3.9302E-05  3.2634E-05  2.6016E-05
       2.9222E-05  3.0753E-05  3.5327E-05  4.7736E-05  4.9565E-05  5.0932E-05  4.8712E-05  4.0115E-05  3.0746E-05  2.8073E-05
       2.2111E-05  2.9490E-05  3.5690E-05  4.5010E-05  4.9890E-05  4.3090E-05  4.0270E-05  4.2735E-05  3.0416E-05  2.3310E-05
       2.1033E-05  3.4025E-05  3.7967E-05  4.1765E-05  4.3971E-05  4.0526E-05  4.0528E-05  3.9532E-05  3.4883E-05  2.1944E-05
       2.0333E-05  2.9468E-05  3.5436E-05  3.5247E-05  4.0268E-05  3.3014E-05  3.4830E-05  3.2165E-05  2.8467E-05  2.2919E-05
       1.9411E-05  2.5518E-05  2.5719E-05  2.7678E-05  2.7745E-05  2.5177E-05  2.2746E-05  2.3427E-05  1.7335E-05  1.6979E-05
       1.1791E-05  1.5575E-05  2.1016E-05  1.8555E-05  2.4248E-05  1.8828E-05  2.5192E-05  1.7264E-05  1.6831E-05  1.0187E-05
       1.4760E-05  1.9616E-05  2.5306E-05  2.3930E-05  2.6572E-05  2.6425E-05  2.6914E-05  2.7141E-05  1.9881E-05  1.0511E-05
       1.7158E-05  2.3389E-05  2.9849E-05  2.5847E-05  3.4544E-05  3.6190E-05  3.1738E-05  3.2545E-05  1.9348E-05  1.5722E-05
       1.6250E-05  2.8309E-05  3.0376E-05  3.7794E-05  3.6803E-05  3.9007E-05  3.4942E-05  3.1484E-05  2.2448E-05  1.5291E-05
       1.8939E-05  2.9228E-05  2.9051E-05  3.3549E-05  3.7440E-05  3.8993E-05  3.3405E-05  3.2690E-05  2.0426E-05  1.7567E-05
       2.0136E-05  2.7464E-05  2.9176E-05  3.4203E-05  3.6443E-05  4.0708E-05  3.6489E-05  2.9990E-05  2.3849E-05  1.7385E-05
       1.4605E-05  2.1429E-05  2.6633E-05  3.2343E-05  4.1225E-05  3.1511E-05  3.3547E-05  2.9521E-05  2.4331E-05  1.3281E-05
       1.7963E-05  1.9935E-05  3.1074E-05  2.9050E-05  3.7660E-05  3.4295E-05  2.8403E-05  3.0265E-05  2.7709E-05  1.7409E-05
       1.3048E-05  2.3821E-05  2.6237E-05  2.7735E-05  2.9389E-05  2.8465E-05  2.8127E-05  2.2028E-05  2.3429E-05  1.6310E-05
       1.4816E-05  1.8694E-05  2.0095E-05  1.8007E-05  2.2883E-05  1.9774E-05  1.9171E-05  1.7159E-05  1.5293E-05  1.4170E-05
       7.4863E-06  1.2731E-05  1.4553E-05  1.2766E-05  1.8962E-05  1.6035E-05  1.6902E-05  1.0179E-05  1.2169E-05  7.0226E-06
       1.1198E-05  1.5242E-05  2.4138E-05  1.5719E-05  1.9779E-05  2.2119E-05  1.9844E-05  1.6285E-05  1.7513E-05  9.6623E-06
       1.1979E-05  1.8147E-05  1.9329E-05  2.0434E-05  2.1597E-05  2.7763E-05  2.5807E-05  2.1643E-05  1.9039E-05  1.3341E-05
       1.4508E-05  1.6240E-05  2.2581E-05  2.4636E-05  2.8952E-05  2.8831E-05  2.2941E-05  2.6581E-05  1.5619E-05  1.2817E-05
       1.4346E-05  2.1362E-05  2.6976E-05  2.7029E-05  3.5749E-05  2.7258E-05  3.0702E-05  2.5174E-05  1.9010E-05  1.3435E-05
       1.6922E-05  2.1935E-05  2.2998E-05  2.7846E-05  3.0140E-05  3.2757E-05  2.9542E-05  2.6735E-05  1.7556E-05  1.1807E-05
       1.5154E-05  2.0421E-05  2.4478E-05  2.4930E-05  3.0774E-05  2.7170E-05  2.5068E-05  2.2998E-05  2.3645E-05  1.3482E-05
       1.6326E-05  1.5938E-05  2.5648E-05  2.3559E-05  2.6436E-05  2.4536E-05  2.3587E-05  2.1583E-05  1.6634E-05  1.3007E-05
       1.0600E-05  1.5623E-05  1.9514E-05  2.2442E-05  1.9797E-05  2.5235E-05  2.2918E-05  2.0784E-05  1.6580E-05  1.3210E-05
       1.0249E-05  1.3293E-05  1.5790E-05  1.5133E-05  1.7003E-05  1.6507E-05  1.3062E-05  1.2319E-05  1.3045E-05  9.0802E-06
       5.4415E-06  6.5643E-06  1.1596E-05  1.0435E-05  1.0807E-05  1.1499E-05  1.1170E-05  9.2529E-06  9.1548E-06  6.6497E-06
       7.8271E-06  1.2121E-05  1.8244E-05  1.2237E-05  1.2764E-05  1.7960E-05  1.1824E-05  1.1840E-05  1.3171E-05  7.4101E-06
       8.7043E-06  1.4778E-05  1.5285E-05  1.4376E-05  1.5006E-05  1.6219E-05  1.6170E-05  1.7235E-05  1.5177E-05  1.2624E-05
       7.7553E-06  1.2029E-05  1.8054E-05  1.6463E-05  1.8368E-05  1.8617E-05  1.7687E-05  1.7106E-05  1.1061E-05  1.2172E-05
       1.0805E-05  1.1987E-05  1.8706E-05  1.8671E-05  2.4408E-05  2.0048E-05  2.4484E-05  1.7973E-05  1.1536E-05  8.2967E-06
       1.1146E-05  1.4820E-05  1.8582E-05  1.9171E-05  1.7972E-05  2.1249E-05  2.0721E-05  1.5390E-05  1.5710E-05  7.8098E-06
       1.1217E-05  1.4280E-05  1.7062E-05  1.7191E-05  1.8706E-05  1.9430E-05  1.4300E-05  1.3436E-05  1.1658E-05  1.2233E-05
       1.0865E-05  1.2819E-05  1.5968E-05  1.4579E-05  1.9181E-05  1.6784E-05  1.9461E-05  1.5467E-05  1.2035E-05  1.0359E-05
       7.3217E-06  1.4534E-05  1.8918E-05  1.4361E-05  1.7136E-05  1.7219E-05  2.0846E-05  1.5745E-05  1.3274E-05  1.2057E-05
       8.4472E-06  8.0050E-06  1.2613E-05  1.1441E-05  1.4602E-05  1.3431E-05  1.1957E-05  8.9288E-06  1.1235E-05  8.2323E-06

      Percentage errors follow in a matrix A(ix,iy,iz), format (1(5x,1p,10(1x,e11.4)))

       5.2950E+00  8.3866E+00  6.9111E+00  6.5502E+00  6.6624E+00  5.8565E+00  6.7785E+00  5.9412E+00  6.7700E+00  7.8854E+00
       6.6585E+00  8.0262E+00  5.2320E+00  4.7822E+00  4.9959E+00  5.7620E+00  5.5953E+00  5.3712E+00  6.6851E+00  7.4812E+00
       6.6017E+00  7.4672E+00  6.9276E+00  6.6725E+00  6.9194E+00  6.3002E+00  4.1746E+00  6.8487E+00  5.6822E+00  6.3700E+00
       6.1641E+00  6.8760E+00  4.3138E+00  6.6479E+00  6.7750E+00  5.5879E+00  5.2500E+00  7.3522E+00  8.7649E+00  7.8657E+00
       7.7617E+00  7.8037E+00  4.8464E+00  6.9816E+00  4.9801E+00  6.3051E+00  4.7490E+00  6.5915E+00  6.7796E+00  9.1421E+00
       6.5887E+00  7.9002E+00  4.0076E+00  4.2581E+00  5.0554E+00  5.3506E+00  6.1974E+00  4.0433E+00  6.4689E+00  6.1255E+00
       7.0003E+00  6.9299E+00  4.6987E+00  5.0448E+00  5.3352E+00  5.5211E+00  4.6012E+00  4.3812E+00  5.5723E+00  7.4428E+00
       7.6845E+00  8.2268E+00  5.2758E+00  5.5635E+00  5.5662E+00  6.7748E+00  5.6888E+00  5.8817E+00  8.4758E+00  7.3115E+00
       6.4954E+00  6.3231E+00  5.2442E+00  6.5983E+00  8.5655E+00  5.5529E+00  5.7235E+00  8.6513E+00  4.4282E+00  9.5634E+00
       6.6083E+00  5.3608E+00  8.6001E+00  6.6781E+00  5.0231E+00  6.5615E+00  7.8851E+00  5.5375E+00  9.7445E+00  7.9071E+00
       6.3890E+00  7.6137E+00  7.4641E+00  7.1254E+00  8.7320E+00  4.9184E+00  5.9310E+00  5.3259E+00  5.7776E+00  1.0064E+01
       7.5896E+00  7.3721E+00  5.0526E+00  7.5563E+00  6.0877E+00  6.3856E+00  5.5771E+00  6.2057E+00  7.9181E+00  7.7028E+00
       5.6575E+00  6.6808E+00  6.9745E+00  6.9282E+00  7.1822E+00  6.9256E+00  6.0244E+00  6.8699E+00  6.1903E+00  6.1198E+00
       5.9484E+00  7.6625E+00  6.3291E+00  5.9909E+00  5.1902E+00  5.3866E+00  7.3556E+00  8.0085E+00  6.1501E+00  7.3966E+00
       7.0364E+00  5.6407E+00  5.5177E+00  5.9599E+00  8.0386E+00  6.2266E+00  3.7655E+00  5.7656E+00  5.9662E+00  7.6493E+00
       8.1464E+00  7.6284E+00  5.8710E+00  5.9322E+00  6.6064E+00  5.2349E+00  5.7955E+00  6.4344E+00  6.9577E+00  5.2521E+00
       6.5460E+00  7.2299E+00  4.8253E+00  5.6050E+00  6.1961E+00  4.1898E+00  7.5367E+00  5.6359E+00  7.4019E+00  5.2062E+00
       7.6812E+00  7.6595E+00  6.9699E+00  6.4290E+00  5.6815E+00  5.5131E+00  6.1574E+00  6.8232E+00  8.4025E+00  6.0681E+00
       7.1900E+00  7.0309E+00  6.0862E+00  6.6879E+00  7.4257E+00  6.6183E+00  8.5613E+00  5.8514E+00  7.9025E+00  8.7541E+00
       8.7325E+00  6.3134E+00  6.3163E+00  7.3077E+00  7.4679E+00  5.1766E+00  1.1111E+01  9.4692E+00  8.0387E+00  6.5938E+00
       7.8734E+00  8.5454E+00  7.7190E+00  5.0226E+00  7.7560E+00  5.9675E+00  7.2215E+00  7.0757E+00  8.0259E+00  1.0553E+01
       9.3813E+00  1.0270E+01  5.6101E+00  8.1465E+00  6.5622E+00  7.1925E+00  6.8083E+00  7.7185E+00  6.9751E+00  1.1428E+01
       5.3247E+00  6.8115E+00  8.5804E+00  7.2966E+00  6.4055E+00  5.8589E+00  7.3475E+00  1.0551E+01  6.6252E+00  8.2451E+00
       9.0051E+00  8.0336E+00  6.3156E+00  5.8665E+00  5.4068E+00  5.3172E+00  7.2860E+00  8.7690E+00  7.3864E+00  7.9869E+00
       8.8644E+00  7.1972E+00  6.7193E+00  6.9137E+00  8.8633E+00  5.8704E+00  5.6583E+00  6.6754E+00  8.0623E+00  9.4908E+00
       7.7388E+00  7.1562E+00  6.0568E+00  6.1231E+00  7.0841E+00  7.0955E+00  7.0556E+00  7.0895E+00  6.8639E+00  5.9151E+00
       6.6189E+00  7.0779E+00  4.4196E+00  6.1127E+00  5.1920E+00  4.9325E+00  7.4879E+00  8.2511E+00  5.6847E+00  6.7038E+00
       6.2224E+00  7.9065E+00  6.3435E+00  6.3178E+00  6.8563E+00  5.2404E+00  6.4675E+00  7.1932E+00  7.0439E+00  5.7197E+00
       8.2905E+00  8.9058E+00  6.7083E+00  7.2656E+00  6.2489E+00  6.2581E+00  6.9258E+00  6.5800E+00  8.3262E+00  5.7541E+00
       7.9089E+00  9.0629E+00  8.0679E+00  8.1234E+00  7.0925E+00  5.3241E+00  7.9386E+00  8.2678E+00  8.2563E+00  9.6111E+00
       1.0471E+01  9.0744E+00  1.1296E+01  7.2130E+00  7.3433E+00  7.2740E+00  7.1986E+00  7.7295E+00  6.5317E+00  9.8315E+00
       9.5660E+00  6.1627E+00  7.1537E+00  7.7412E+00  5.6237E+00  6.0711E+00  9.5124E+00  5.8218E+00  7.5940E+00  1.0381E+01
       7.8584E+00  1.0049E+01  7.7213E+00  7.1025E+00  5.9278E+00  6.8973E+00  5.8627E+00  9.3600E+00  8.2762E+00  9.3102E+00
       7.7090E+00  7.6700E+00  6.9803E+00  8.0168E+00  6.0959E+00  4.6491E+00  5.5117E+00  5.0613E+00  6.4483E+00  7.4211E+00
       8.8133E+00  7.2413E+00  5.7928E+00  8.1683E+00  7.8317E+00  4.4376E+00  6.7726E+00  6.6776E+00  6.6714E+00  1.1194E+01
       1.0553E+01  9.0176E+00  6.4726E+00  6.0979E+00  3.9215E+00  5.6750E+00  4.8609E+00  8.6503E+00  6.6508E+00  7.1616E+00
       8.3732E+00  9.0533E+00  6.1994E+00  7.9945E+00  5.7301E+00  7.1638E+00  7.1987E+00  8.3573E+00  5.9086E+00  7.5929E+00
       7.6378E+00  8.7803E+00  7.2737E+00  7.4408E+00  7.5884E+00  6.0400E+00  5.5485E+00  6.4884E+00  6.9006E+00  9.8534E+00
       1.1986E+01  8.8703E+00  8.8259E+00  8.1881E+00  6.6983E+00  9.0225E+00  5.9199E+00  8.2114E+00  8.7292E+00  7.2940E+00
       1.1334E+01  8.6610E+00  8.9594E+00  8.4213E+00  6.9639E+00  7.2926E+00  9.8599E+00  6.9863E+00  7.9728E+00  1.2643E+01
       9.6088E+00  7.0752E+00  7.8842E+00  7.4420E+00  1.0071E+01  9.0773E+00  8.1998E+00  1.0486E+01  7.4540E+00  1.0072E+01
       9.2891E+00  8.9123E+00  1.0186E+01  6.3495E+00  7.5592E+00  6.0302E+00  7.0002E+00  8.0089E+00  9.7945E+00  1.2033E+01
       1.2296E+01  1.0875E+01  8.8111E+00  6.9522E+00  8.1211E+00  5.8284E+00  7.7205E+00  8.1325E+00  7.9746E+00  1.0799E+01
       7.4658E+00  9.2520E+00  6.3734E+00  6.8937E+00  6.3646E+00  6.4776E+00  7.2153E+00  7.4417E+00  7.8639E+00  1.0294E+01
       9.5031E+00  1.0646E+01  7.4052E+00  8.1068E+00  6.5306E+00  3.7400E+00  5.5856E+00  8.0334E+00  8.6614E+00  9.5838E+00
       1.1123E+01  1.0888E+01  9.8418E+00  7.9644E+00  4.7658E+00  7.3001E+00  7.3674E+00  1.1526E+01  5.9005E+00  8.8440E+00
       9.3241E+00  9.0064E+00  6.9395E+00  7.5042E+00  6.2549E+00  1.1175E+01  8.4720E+00  7.9330E+00  7.8631E+00  8.8566E+00
       9.8334E+00  7.0107E+00  8.9304E+00  8.1951E+00  5.6361E+00  5.8670E+00  6.3487E+00  6.0850E+00  8.4354E+00  1.0278E+01
       1.0581E+01  7.9414E+00  8.4007E+00  9.4538E+00  6.5263E+00  8.9947E+00  7.6440E+00  8.8208E+00  9.4364E+00  1.1886E+01
       1.1398E+01  1.0375E+01  1.0930E+01  1.0219E+01  7.5225E+00  9.2845E+00  7.6634E+00  8.6472E+00  9.2498E+00  9.6475E+00
       1.3588E+01  1.0129E+01  9.7966E+00  1.1235E+01  1.2257E+01  9.1744E+00  1.0124E+01  1.0994E+01  8.7354E+00  1.3054E+01
       1.1176E+01  9.0388E+00  1.2914E+01  8.4434E+00  8.4035E+00  6.7445E+00  8.2598E+00  7.8885E+00  1.5177E+01  1.2243E+01
       1.4633E+01  1.0517E+01  9.3995E+00  8.2789E+00  7.0570E+00  6.9920E+00  9.0901E+00  9.6667E+00  9.9864E+00  1.3499E+01
       8.4365E+00  1.2202E+01  8.6955E+00  6.0663E+00  6.7822E+00  8.0100E+00  8.6970E+00  1.0657E+01  7.8577E+00  1.1647E+01
       7.8502E+00  1.2510E+01  8.5884E+00  1.1568E+01  7.1828E+00  7.6176E+00  7.6915E+00  9.9356E+00  7.9063E+00  9.4867E+00
       1.0049E+01  1.1902E+01  8.9080E+00  6.1607E+00  7.8193E+00  7.6238E+00  7.1943E+00  1.0481E+01  6.2109E+00  7.1659E+00
       1.3002E+01  8.6702E+00  7.7337E+00  7.9264E+00  7.2903E+00  7.8371E+00  8.3133E+00  9.0066E+00  8.9378E+00  1.1363E+01
       1.1896E+01  9.5169E+00  8.2697E+00  6.9224E+00  9.8436E+00  8.8320E+00  7.1128E+00  8.1425E+00  9.2728E+00  9.6063E+00
       1.7448E+01  9.3278E+00  6.0108E+00  7.9191E+00  6.9566E+00  7.2403E+00  1.0158E+01  9.6255E+00  1.2925E+01  1.1803E+01
       1.3502E+01  9.9458E+00  1.3957E+01  9.5514E+00  7.8706E+00  1.0938E+01  7.1862E+00  8.4098E+00  8.2097E+00  1.4838E+01
       1.7411E+01  1.0275E+01  1.2068E+01  1.3705E+01  1.1212E+01  1.1951E+01  1.2757E+01  1.0265E+01  1.0021E+01  1.6089E+01
       1.6130E+01  1.3315E+01  1.0208E+01  1.2853E+01  1.0346E+01  9.7627E+00  8.3409E+00  1.1940E+01  1.2296E+01  1.4256E+01
       1.4822E+01  1.1735E+01  1.0515E+01  7.0676E+00  1.1251E+01  8.4784E+00  1.2739E+01  1.1444E+01  1.5546E+01  1.4125E+01
       9.5317E+00  1.4755E+01  1.0317E+01  6.9769E+00  9.5372E+00  6.4706E+00  7.4798E+00  1.1136E+01  1.0736E+01  1.2699E+01
       8.3880E+00  1.2682E+01  8.9368E+00  8.4707E+00  8.2030E+00  7.5918E+00  9.5037E+00  9.9318E+00  1.2829E+01  1.1615E+01
       1.2004E+01  9.6895E+00  9.3377E+00  6.5791E+00  7.0436E+00  8.1006E+00  7.3915E+00  1.2426E+01  9.4879E+00  1.0632E+01
       9.2790E+00  1.2490E+01  7.7241E+00  8.9086E+00  9.0184E+00  9.7907E+00  7.3812E+00  6.8625E+00  1.0634E+01  1.1148E+01
       1.3351E+01  1.2824E+01  9.2166E+00  9.4723E+00  1.0579E+01  1.1054E+01  9.7720E+00  9.7106E+00  9.6289E+00  1.0896E+01
       1.3639E+01  1.3060E+01  7.2705E+00  8.4330E+00  8.9612E+00  1.1613E+01  1.0399E+01  9.7070E+00  1.2107E+01  1.4116E+01
       1.3956E+01  1.0094E+01  1.0570E+01  8.2661E+00  1.0900E+01  1.2131E+01  1.2009E+01  1.3355E+01  1.3881E+01  1.3186E+01
       1.8751E+01  1.6685E+01  1.0019E+01  1.5186E+01  9.1969E+00  8.3303E+00  1.3606E+01  1.1078E+01  1.1799E+01  2.0413E+01
       1.7441E+01  1.3447E+01  9.9981E+00  1.1852E+01  1.1588E+01  1.4504E+01  1.0225E+01  1.1596E+01  1.0065E+01  2.1370E+01
       1.4422E+01  9.2064E+00  7.9217E+00  1.1063E+01  9.1595E+00  1.0276E+01  1.0594E+01  1.3806E+01  1.3270E+01  1.6608E+01
       1.3524E+01  1.1334E+01  1.1642E+01  1.0731E+01  1.0936E+01  6.5065E+00  1.1935E+01  1.1019E+01  1.2455E+01  1.1720E+01
       1.2254E+01  9.8787E+00  1.1904E+01  1.0335E+01  8.6703E+00  9.0375E+00  9.6538E+00  1.1605E+01  1.0120E+01  1.1882E+01
       1.7091E+01  1.4099E+01  8.9327E+00  7.8701E+00  9.1049E+00  5.8863E+00  1.0008E+01  9.6481E+00  1.6147E+01  1.4506E+01
       1.6173E+01  1.3043E+01  1.0349E+01  9.5365E+00  8.6996E+00  1.0841E+01  1.0794E+01  1.3226E+01  1.1152E+01  1.4259E+01
       1.1371E+01  1.2538E+01  7.9998E+00  1.0053E+01  1.0925E+01  1.0101E+01  1.0940E+01  1.3877E+01  1.2066E+01  1.1669E+01
       1.5494E+01  1.1801E+01  1.0166E+01  1.3259E+01  1.0555E+01  1.0728E+01  1.2718E+01  1.3983E+01  1.4678E+01  1.2982E+01
       1.3633E+01  1.4947E+01  1.3526E+01  1.4901E+01  1.9808E+01  1.0229E+01  1.0777E+01  1.6138E+01  1.2551E+01  1.6089E+01
       2.3302E+01  2.1699E+01  1.4372E+01  1.5281E+01  1.2880E+01  1.5620E+01  1.3703E+01  1.1721E+01  1.4831E+01  2.0618E+01
       2.0200E+01  1.4129E+01  1.2832E+01  1.5165E+01  1.7668E+01  1.4082E+01  1.0355E+01  1.1815E+01  1.1132E+01  2.1894E+01
       1.9509E+01  1.4968E+01  1.2557E+01  1.2499E+01  1.3896E+01  1.0644E+01  1.3508E+01  1.2590E+01  1.5886E+01  1.6777E+01
       1.6371E+01  1.3355E+01  1.1700E+01  1.3343E+01  1.1978E+01  9.2251E+00  1.2544E+01  1.2275E+01  1.5249E+01  1.3453E+01
       1.8659E+01  1.4642E+01  9.9045E+00  1.3853E+01  1.3843E+01  1.1255E+01  1.2948E+01  9.2080E+00  1.1846E+01  2.1983E+01
       1.8213E+01  1.3055E+01  1.2000E+01  1.3189E+01  8.4317E+00  8.0757E+00  9.1239E+00  1.2322E+01  1.5962E+01  1.6359E+01
       1.2608E+01  1.4301E+01  1.5110E+01  1.1771E+01  9.0470E+00  1.3682E+01  7.2807E+00  1.1542E+01  1.2506E+01  1.4666E+01
       1.5956E+01  1.0766E+01  7.3700E+00  1.3645E+01  1.0839E+01  1.4160E+01  1.2240E+01  1.2029E+01  1.2565E+01  1.0875E+01
       2.0550E+01  1.3533E+01  1.2652E+01  1.3577E+01  1.0005E+01  1.2758E+01  8.8981E+00  1.5414E+01  1.4490E+01  1.8078E+01
       1.4041E+01  1.5887E+01  1.3028E+01  1.7852E+01  1.2157E+01  6.9913E+00  1.2849E+01  1.3257E+01  1.4190E+01  1.7214E+01
       2.0851E+01  2.5355E+01  1.5387E+01  1.8607E+01  1.1213E+01  1.3380E+01  1.7616E+01  1.4698E+01  1.6062E+01  2.2009E+01
       1.5516E+01  2.0370E+01  1.3304E+01  2.2070E+01  1.5662E+01  1.5660E+01  1.4570E+01  1.7920E+01  1.7600E+01  1.8882E+01
       1.7889E+01  1.6110E+01  1.1449E+01  9.3267E+00  1.1779E+01  1.4005E+01  1.3976E+01  1.8640E+01  1.6418E+01  1.3802E+01
       2.9395E+01  1.8033E+01  1.1972E+01  1.2186E+01  1.1544E+01  1.6448E+01  1.5855E+01  1.4041E+01  1.7042E+01  1.6546E+01
       2.0878E+01  1.4645E+01  1.0336E+01  1.3423E+01  1.2415E+01  1.1552E+01  1.5115E+01  1.2791E+01  1.4131E+01  1.9379E+01
       1.9262E+01  1.4119E+01  8.7308E+00  1.4537E+01  1.5606E+01  1.0133E+01  1.5151E+01  1.3005E+01  1.9280E+01  1.8297E+01
       1.7491E+01  1.6523E+01  1.2292E+01  8.8546E+00  8.6592E+00  8.9010E+00  1.1936E+01  1.7327E+01  1.8190E+01  1.6646E+01
       1.9221E+01  1.3467E+01  1.2667E+01  1.4992E+01  1.1028E+01  1.6738E+01  1.5534E+01  1.3194E+01  1.3547E+01  1.8969E+01
       2.6658E+01  1.4325E+01  1.0919E+01  1.1177E+01  1.1021E+01  1.3809E+01  1.5443E+01  1.7974E+01  1.4748E+01  1.5290E+01
       1.9912E+01  1.7509E+01  1.7160E+01  1.7222E+01  1.5277E+01  1.4783E+01  1.3736E+01  1.2394E+01  2.1179E+01  1.4908E+01
