1
   Cartesian binning n.   1  "DoseEq    " , generalized particle n.  240
      X coordinate: from -8.5000E+01 to  8.5000E+01 cm,    10 bins ( 1.7000E+01 cm wide)
      Y coordinate: from -2.5000E+01 to  2.5000E+01 cm,    10 bins ( 5.0000E+00 cm wide)
      Z coordinate: from  2.2500E+02 to  2.7500E+02 cm,    10 bins ( 5.0000E+00 cm wide)
      Data follow in a matrix A(ix,iy,iz), format (1(5x,1p,10(1x,e11.4)))

      accurate deposition along the tracks requested
      this is a track-length binning
       1.6736E-04  2.2213E-04  2.4999E-04  2.6816E-04  2.8237E-04  2.9533E-04  2.9193E-04  2.3995E-04  2.2428E-04  1.8156E-04
       2.1935E-04  2.6289E-04  2.8094E-04  3.1252E-04  3.2988E-04  3.3428E-04  3.2554E-04  2.8296E-04  2.4640E-04  2.1018E-04
       2.2403E-04  2.6976E-04  2.9457E-04  3.3899E-04  3.5078E-04  3.3881E-04  3.4993E-04  3.0472E-04  2.5847E-04  2.0655E-04
       2.1552E-04  2.7614E-04  3.0172E-04  3.4420E-04  3.4441E-04  3.6073E-04  3.3614E-04  3.1547E-04  2.8112E-04  2.2270E-04
       2.1516E-04  2.7385E-04  3.0780E-04  3.5616E-04  3.5642E-04  3.5939E-04  3.4413E-04  3.2248E-04  2.7562E-04  2.0636E-04
       2.3053E-04  2.7492E-04  3.2432E-04  3.2536E-04  3.5814E-04  3.6656E-04  3.4665E-04  3.3531E-04  2.8422E-04  2.1999E-04
       2.2082E-04  2.7044E-04  3.0820E-04  3.3218E-04  3.5541E-04  3.5662E-04  3.2758E-04  3.2393E-04  2.7634E-04  2.1683E-04
       2.1649E-04  2.8104E-04  3.1049E-04  3.3035E-04  3.5000E-04  3.3864E-04  3.3112E-04  3.0804E-04  2.6458E-04  2.0952E-04
       2.0164E-04  2.4044E-04  2.8556E-04  3.0471E-04  3.0898E-04  3.1323E-04  3.1370E-04  2.8758E-04  2.6134E-04  1.9507E-04
       1.8230E-04  2.1144E-04  2.4556E-04  2.8603E-04  2.8683E-04  2.6414E-04  2.6704E-04  2.5049E-04  2.0997E-04  1.7297E-04
       1.3898E-04  1.9001E-04  2.0743E-04  2.2618E-04  2.5106E-04  2.5720E-04  2.4620E-04  2.0447E-04  1.8319E-04  1.4574E-04
       1.7445E-04  2.4641E-04  2.5631E-04  2.7442E-04  3.0062E-04  2.9242E-04  2.9899E-04  2.6583E-04  2.3054E-04  1.7379E-04
       1.8396E-04  2.6357E-04  2.7520E-04  3.2105E-04  3.3539E-04  3.1689E-04  3.2224E-04  2.8886E-04  2.3843E-04  1.8692E-04
       1.9490E-04  2.7067E-04  2.9193E-04  3.2739E-04  3.4680E-04  3.3122E-04  3.1799E-04  3.1100E-04  2.6893E-04  2.0321E-04
       1.9441E-04  2.6232E-04  3.0258E-04  3.3435E-04  3.4323E-04  3.5526E-04  3.2738E-04  3.0456E-04  2.8631E-04  1.9871E-04
       1.9338E-04  2.4543E-04  2.9812E-04  3.1432E-04  3.4367E-04  3.3428E-04  3.1655E-04  3.1109E-04  2.7185E-04  2.0030E-04
       2.0479E-04  2.6173E-04  2.8931E-04  3.1531E-04  3.5161E-04  3.2382E-04  3.2114E-04  2.9143E-04  2.5919E-04  1.9716E-04
       1.9366E-04  2.5580E-04  2.8584E-04  2.9104E-04  3.2597E-04  3.2483E-04  3.0704E-04  2.7967E-04  2.5799E-04  1.9654E-04
       1.7522E-04  2.2890E-04  2.7290E-04  2.8012E-04  2.8727E-04  2.7388E-04  2.8361E-04  2.5856E-04  2.3522E-04  1.7795E-04
       1.5070E-04  1.7886E-04  2.1007E-04  2.3385E-04  2.4244E-04  2.2462E-04  2.3622E-04  2.1759E-04  1.8544E-04  1.4265E-04
       1.1491E-04  1.4755E-04  1.6517E-04  1.9538E-04  2.0104E-04  2.1059E-04  2.0292E-04  1.7808E-04  1.5063E-04  1.0611E-04
       1.4195E-04  1.9720E-04  2.1964E-04  2.3589E-04  2.5749E-04  2.4524E-04  2.4436E-04  2.1456E-04  1.9374E-04  1.3486E-04
       1.4601E-04  2.1564E-04  2.4356E-04  2.7809E-04  2.7080E-04  2.9059E-04  2.7083E-04  2.4421E-04  2.1775E-04  1.5281E-04
       1.6269E-04  2.2651E-04  2.6293E-04  2.7592E-04  2.9070E-04  2.9060E-04  2.6050E-04  2.6990E-04  2.3818E-04  1.6270E-04
       1.7329E-04  2.2430E-04  2.7490E-04  2.8661E-04  3.1022E-04  3.0963E-04  2.6702E-04  2.4185E-04  2.4561E-04  1.7450E-04
       1.5588E-04  2.2658E-04  2.6268E-04  2.7908E-04  2.8376E-04  3.0171E-04  2.7285E-04  2.6548E-04  2.3480E-04  1.7416E-04
       1.6506E-04  2.1524E-04  2.5964E-04  2.7614E-04  2.9407E-04  2.8217E-04  2.7360E-04  2.5594E-04  2.1811E-04  1.6039E-04
       1.5706E-04  2.2466E-04  2.4364E-04  2.4431E-04  2.6948E-04  2.6657E-04  2.7523E-04  2.3161E-04  2.1823E-04  1.5846E-04
       1.4014E-04  1.9496E-04  2.1523E-04  2.1947E-04  2.5328E-04  2.2580E-04  2.3828E-04  2.1203E-04  1.8201E-04  1.4414E-04
       1.1154E-04  1.4228E-04  1.5826E-04  1.8261E-04  1.8713E-04  1.8522E-04  1.8889E-04  1.6783E-04  1.4572E-04  1.0755E-04
       8.6051E-05  1.1519E-04  1.3559E-04  1.5846E-04  1.5500E-04  1.5714E-04  1.3427E-04  1.3922E-04  1.1436E-04  7.8806E-05
       1.1424E-04  1.4487E-04  1.7078E-04  1.8660E-04  2.1683E-04  1.9148E-04  1.9078E-04  1.7338E-04  1.6205E-04  1.1027E-04
       1.2280E-04  1.6736E-04  2.0224E-04  2.2124E-04  2.2038E-04  2.3266E-04  2.1059E-04  2.0021E-04  1.8632E-04  1.1321E-04
       1.3195E-04  1.8540E-04  2.0627E-04  2.3126E-04  2.4273E-04  2.4571E-04  2.0523E-04  2.0121E-04  1.8827E-04  1.2928E-04
       1.4306E-04  1.8104E-04  2.3274E-04  2.4190E-04  2.6148E-04  2.4942E-04  2.2800E-04  2.1036E-04  1.9209E-04  1.3264E-04
       1.2152E-04  1.8560E-04  2.2467E-04  2.5703E-04  2.3910E-04  2.4472E-04  2.3067E-04  2.0883E-04  1.9294E-04  1.3960E-04
       1.2946E-04  1.8972E-04  2.1682E-04  2.3034E-04  2.3103E-04  2.4289E-04  2.2912E-04  2.1370E-04  1.8311E-04  1.3462E-04
       1.2110E-04  1.7971E-04  1.9287E-04  2.0696E-04  2.2495E-04  2.1200E-04  2.2306E-04  1.9095E-04  1.8493E-04  1.2256E-04
       1.0008E-04  1.5459E-04  1.7713E-04  1.8699E-04  2.1796E-04  1.7850E-04  1.8776E-04  1.6937E-04  1.4630E-04  1.1471E-04
       8.5352E-05  1.0999E-04  1.2585E-04  1.4576E-04  1.5143E-04  1.5698E-04  1.4787E-04  1.3449E-04  1.1427E-04  8.6441E-05
       6.4349E-05  8.9093E-05  1.0507E-04  1.1816E-04  1.2211E-04  1.2771E-04  1.1336E-04  1.1501E-04  9.4804E-05  6.3464E-05
       8.4926E-05  1.2117E-04  1.3189E-04  1.6010E-04  1.7155E-04  1.6331E-04  1.3775E-04  1.3475E-04  1.1933E-04  8.0297E-05
       9.5865E-05  1.5037E-04  1.7179E-04  1.6760E-04  1.8526E-04  1.8375E-04  1.5820E-04  1.6568E-04  1.4637E-04  9.7937E-05
       1.0322E-04  1.3737E-04  1.7919E-04  1.9169E-04  1.9338E-04  1.9791E-04  1.7237E-04  1.6162E-04  1.4389E-04  1.0608E-04
       1.0916E-04  1.4171E-04  1.7893E-04  1.8824E-04  1.9572E-04  2.1167E-04  1.8156E-04  1.7769E-04  1.6151E-04  1.0366E-04
       1.0321E-04  1.3197E-04  1.8000E-04  1.9197E-04  1.8878E-04  1.9531E-04  1.9803E-04  1.8402E-04  1.5130E-04  1.0434E-04
       9.0879E-05  1.4448E-04  1.7629E-04  1.8288E-04  1.9243E-04  1.8607E-04  1.8278E-04  1.5826E-04  1.4393E-04  9.8513E-05
       9.0726E-05  1.2798E-04  1.5070E-04  1.6144E-04  1.8498E-04  1.7428E-04  1.8035E-04  1.6208E-04  1.4285E-04  9.8260E-05
       8.4411E-05  1.0712E-04  1.4205E-04  1.4303E-04  1.5972E-04  1.5506E-04  1.5161E-04  1.3000E-04  1.1797E-04  8.8610E-05
       6.5109E-05  8.5245E-05  1.0496E-04  1.0893E-04  1.2370E-04  1.2417E-04  1.1582E-04  9.2753E-05  8.6850E-05  6.9613E-05
       4.8526E-05  7.0745E-05  7.3709E-05  9.0079E-05  9.1758E-05  9.5499E-05  8.9040E-05  8.3566E-05  6.9968E-05  4.9260E-05
       6.3261E-05  1.0146E-04  1.0432E-04  1.2545E-04  1.2406E-04  1.2165E-04  1.0647E-04  1.0693E-04  9.7921E-05  6.7614E-05
       7.6672E-05  1.0307E-04  1.2451E-04  1.4043E-04  1.4433E-04  1.4668E-04  1.2906E-04  1.3381E-04  1.1382E-04  7.8019E-05
       6.9046E-05  1.0547E-04  1.4412E-04  1.5698E-04  1.5170E-04  1.5461E-04  1.4601E-04  1.3047E-04  1.1709E-04  7.8509E-05
       8.4767E-05  1.1667E-04  1.4981E-04  1.6625E-04  1.6154E-04  1.7174E-04  1.4766E-04  1.3331E-04  1.3305E-04  7.4657E-05
       8.6376E-05  1.1480E-04  1.5255E-04  1.5186E-04  1.5894E-04  1.6172E-04  1.4881E-04  1.4955E-04  1.1267E-04  7.5860E-05
       7.2582E-05  1.1222E-04  1.3718E-04  1.4625E-04  1.5147E-04  1.5065E-04  1.3463E-04  1.2768E-04  1.0882E-04  7.2649E-05
       6.3331E-05  1.1134E-04  1.2639E-04  1.3627E-04  1.4494E-04  1.4315E-04  1.4291E-04  1.3262E-04  1.1726E-04  7.4211E-05
       6.0734E-05  8.7215E-05  1.0639E-04  1.2303E-04  1.2390E-04  1.3130E-04  1.2008E-04  1.1061E-04  9.3226E-05  7.1824E-05
       4.4900E-05  6.4282E-05  7.6239E-05  7.7685E-05  8.8800E-05  8.9555E-05  8.6994E-05  7.3205E-05  7.4106E-05  5.0007E-05
       3.6989E-05  5.3517E-05  5.9675E-05  6.6250E-05  6.4780E-05  7.1619E-05  7.1806E-05  6.4477E-05  5.7242E-05  4.1568E-05
       5.2589E-05  7.1347E-05  8.2490E-05  8.5889E-05  8.8710E-05  9.6738E-05  8.8204E-05  8.4183E-05  7.5412E-05  5.5287E-05
       5.9870E-05  8.6915E-05  1.0120E-04  1.1549E-04  1.0709E-04  1.0496E-04  1.0071E-04  1.0512E-04  1.0049E-04  5.9264E-05
       6.2727E-05  9.0035E-05  1.1013E-04  1.2811E-04  1.3104E-04  1.1957E-04  1.0214E-04  1.0861E-04  9.4042E-05  6.9942E-05
       6.7693E-05  9.2062E-05  1.1461E-04  1.3119E-04  1.2325E-04  1.3313E-04  1.1628E-04  1.1985E-04  9.4989E-05  6.2997E-05
       6.4836E-05  8.0188E-05  1.2068E-04  1.2312E-04  1.2551E-04  1.2759E-04  1.1753E-04  1.0922E-04  1.0105E-04  6.2395E-05
       5.8945E-05  9.1622E-05  1.2134E-04  1.1912E-04  1.1805E-04  1.2905E-04  1.2258E-04  1.0798E-04  9.1291E-05  5.7720E-05
       5.1683E-05  8.5097E-05  1.0833E-04  1.1041E-04  1.0731E-04  1.1700E-04  1.0476E-04  1.0704E-04  8.5060E-05  6.1322E-05
       4.6881E-05  7.3461E-05  8.3352E-05  9.7197E-05  9.8736E-05  9.5759E-05  9.9569E-05  8.5977E-05  6.7397E-05  5.2250E-05
       3.4689E-05  5.1878E-05  6.2012E-05  7.0321E-05  6.4917E-05  8.1130E-05  7.7087E-05  6.1398E-05  5.8177E-05  3.7646E-05
       3.3668E-05  3.8461E-05  4.8682E-05  4.8901E-05  5.7163E-05  6.0118E-05  5.5873E-05  4.5653E-05  4.0254E-05  3.2280E-05
       4.3553E-05  5.7076E-05  6.8749E-05  7.2838E-05  7.9146E-05  6.4607E-05  8.3096E-05  7.2039E-05  4.7403E-05  3.8024E-05
       5.1453E-05  6.3668E-05  8.7134E-05  8.3994E-05  8.4936E-05  8.4910E-05  8.5973E-05  8.6581E-05  7.1876E-05  5.2495E-05
       5.4166E-05  6.8628E-05  8.7754E-05  9.8198E-05  9.6327E-05  9.9230E-05  9.6777E-05  8.3962E-05  7.2178E-05  5.3695E-05
       5.2807E-05  6.8994E-05  8.0880E-05  1.0155E-04  9.7870E-05  9.5213E-05  9.1356E-05  9.7838E-05  7.8030E-05  5.4200E-05
       5.4484E-05  7.7123E-05  9.8900E-05  1.0487E-04  1.0147E-04  9.8647E-05  8.4286E-05  9.1995E-05  7.9902E-05  4.6948E-05
       4.8512E-05  7.4813E-05  9.0453E-05  8.5568E-05  8.9273E-05  9.8502E-05  9.8403E-05  9.1188E-05  6.9249E-05  4.6298E-05
       4.8265E-05  6.0260E-05  8.3938E-05  8.1101E-05  9.1457E-05  9.5094E-05  8.8310E-05  8.6137E-05  7.2230E-05  4.7826E-05
       4.2128E-05  5.5322E-05  6.4841E-05  7.9488E-05  8.5576E-05  7.3801E-05  7.7509E-05  7.5390E-05  5.6087E-05  4.0692E-05
       3.1239E-05  4.2945E-05  4.5184E-05  5.6947E-05  5.4430E-05  5.5405E-05  6.1625E-05  5.0197E-05  4.2242E-05  3.2156E-05
       3.1813E-05  2.9783E-05  3.7918E-05  4.1323E-05  4.2678E-05  4.7646E-05  4.6512E-05  3.3735E-05  3.2517E-05  2.1809E-05
       3.3757E-05  4.7451E-05  5.6550E-05  6.0686E-05  5.8385E-05  5.0940E-05  5.7685E-05  5.1214E-05  4.4383E-05  2.8789E-05
       4.1954E-05  5.4770E-05  6.3032E-05  6.1352E-05  6.4882E-05  6.7074E-05  5.9508E-05  5.9232E-05  5.0918E-05  4.1524E-05
       4.0943E-05  5.6996E-05  7.0366E-05  6.8096E-05  7.4396E-05  7.1515E-05  7.5057E-05  6.4427E-05  5.5257E-05  4.1369E-05
       3.9736E-05  5.9233E-05  6.5440E-05  7.1551E-05  7.5434E-05  7.4415E-05  7.3749E-05  7.7056E-05  6.2838E-05  4.7206E-05
       3.7828E-05  5.6633E-05  7.4034E-05  7.6518E-05  7.4608E-05  6.9472E-05  6.3706E-05  6.7107E-05  5.5973E-05  4.3025E-05
       3.9292E-05  5.0613E-05  6.9000E-05  7.3648E-05  6.9904E-05  7.2803E-05  6.6680E-05  7.0472E-05  4.6485E-05  3.7159E-05
       4.1032E-05  4.9595E-05  6.5383E-05  5.8821E-05  6.7563E-05  6.7968E-05  6.3896E-05  6.0377E-05  4.9446E-05  3.5524E-05
       3.3378E-05  4.8512E-05  4.9147E-05  5.4205E-05  5.6265E-05  5.3319E-05  5.4376E-05  4.9033E-05  4.6014E-05  3.4146E-05
       2.5072E-05  3.2213E-05  3.4433E-05  4.2247E-05  4.5253E-05  4.1472E-05  3.9360E-05  3.9048E-05  3.6214E-05  2.3622E-05
       2.4737E-05  2.3544E-05  2.6457E-05  3.2907E-05  3.2466E-05  3.4727E-05  2.9150E-05  3.1711E-05  2.8422E-05  1.7194E-05
       2.7553E-05  2.9990E-05  3.9823E-05  4.0374E-05  3.9188E-05  3.5314E-05  3.5354E-05  3.4473E-05  3.3568E-05  2.1828E-05
       3.0821E-05  3.4681E-05  5.1000E-05  4.6738E-05  4.6402E-05  4.4825E-05  4.6306E-05  4.4238E-05  3.6613E-05  2.8160E-05
       3.1702E-05  3.8222E-05  4.6798E-05  5.2433E-05  4.8043E-05  4.8615E-05  4.7444E-05  4.5947E-05  3.4824E-05  2.5141E-05
       2.8297E-05  4.2282E-05  4.2511E-05  4.8045E-05  5.2853E-05  4.8335E-05  4.7022E-05  5.0917E-05  3.9452E-05  3.0821E-05
       3.0354E-05  3.7049E-05  4.8090E-05  5.0871E-05  5.9116E-05  4.3155E-05  4.6402E-05  4.3541E-05  3.7314E-05  2.4060E-05
       2.5587E-05  3.4370E-05  4.3832E-05  5.0830E-05  4.9655E-05  4.9334E-05  5.3313E-05  5.2233E-05  3.7933E-05  2.3568E-05
       2.9167E-05  4.2762E-05  4.5753E-05  4.8859E-05  4.4237E-05  4.5245E-05  4.0773E-05  4.1444E-05  3.0768E-05  2.5507E-05
       2.7955E-05  3.2189E-05  2.9753E-05  4.3095E-05  4.1283E-05  4.6133E-05  4.0218E-05  3.1166E-05  2.7850E-05  2.6876E-05
       1.9165E-05  2.6410E-05  2.5496E-05  3.2593E-05  4.0566E-05  3.3106E-05  2.3447E-05  2.6522E-05  2.8164E-05  1.8620E-05

      Percentage errors follow in a matrix A(ix,iy,iz), format (1(5x,1p,10(1x,e11.4)))

       3.4685E+00  4.0563E+00  2.9615E+00  3.8302E+00  2.7060E+00  2.3968E+00  3.7185E+00  3.3956E+00  3.6786E+00  4.1847E+00
       4.8545E+00  3.3574E+00  4.2425E+00  3.1118E+00  2.9542E+00  3.0903E+00  2.5448E+00  2.1217E+00  4.7012E+00  3.9470E+00
       4.5875E+00  2.4176E+00  3.5581E+00  3.3870E+00  3.3292E+00  3.1822E+00  3.1449E+00  2.4240E+00  4.0730E+00  2.6692E+00
       3.2362E+00  3.0663E+00  3.4113E+00  3.2532E+00  3.4330E+00  2.8169E+00  3.6044E+00  3.1344E+00  3.4175E+00  3.9450E+00
       3.5383E+00  3.5690E+00  3.2114E+00  3.2071E+00  2.8403E+00  3.5351E+00  3.5214E+00  3.6976E+00  3.5319E+00  3.7526E+00
       2.8985E+00  4.0137E+00  3.0092E+00  2.4830E+00  3.0012E+00  2.4068E+00  2.2130E+00  3.6498E+00  4.1102E+00  2.4507E+00
       4.3393E+00  2.6243E+00  2.7598E+00  2.7562E+00  2.2843E+00  3.2097E+00  2.9592E+00  2.9640E+00  3.7044E+00  2.8875E+00
       4.3082E+00  3.4180E+00  3.0568E+00  2.7042E+00  2.7530E+00  2.4956E+00  3.1046E+00  4.1357E+00  3.3497E+00  4.0791E+00
       3.7666E+00  4.0147E+00  3.6144E+00  3.9592E+00  2.6735E+00  4.8882E+00  2.4531E+00  4.0735E+00  4.2555E+00  3.6789E+00
       3.9115E+00  4.7131E+00  3.0806E+00  3.1080E+00  2.0474E+00  3.5158E+00  3.5059E+00  4.1152E+00  3.1345E+00  3.6626E+00
       4.3759E+00  4.7290E+00  3.8744E+00  3.8960E+00  3.2774E+00  2.8520E+00  4.1569E+00  3.5925E+00  4.4533E+00  4.9162E+00
       4.6668E+00  3.2595E+00  4.2217E+00  3.7160E+00  3.1717E+00  2.5537E+00  3.6415E+00  3.1465E+00  3.9045E+00  3.1452E+00
       5.3100E+00  2.9221E+00  3.7872E+00  2.3604E+00  3.0693E+00  4.0164E+00  2.9510E+00  2.9192E+00  3.5093E+00  3.3801E+00
       3.8295E+00  3.5738E+00  3.2119E+00  3.2161E+00  3.7554E+00  2.5666E+00  3.8739E+00  3.9079E+00  2.5829E+00  4.0438E+00
       2.8494E+00  3.4537E+00  2.8725E+00  2.9581E+00  3.5098E+00  3.5083E+00  2.8626E+00  3.7818E+00  3.6381E+00  4.4635E+00
       3.6468E+00  3.9188E+00  3.6265E+00  3.5361E+00  3.3315E+00  2.5881E+00  3.1341E+00  3.3053E+00  4.2169E+00  4.5005E+00
       4.1681E+00  3.6848E+00  2.5522E+00  2.7303E+00  2.7093E+00  3.7401E+00  2.8312E+00  3.4931E+00  3.3048E+00  5.0420E+00
       3.8923E+00  3.2124E+00  3.0167E+00  4.3268E+00  3.1777E+00  2.7980E+00  4.0137E+00  3.8885E+00  3.3474E+00  2.9409E+00
       3.6299E+00  3.7972E+00  2.9377E+00  3.8045E+00  3.2171E+00  4.2328E+00  3.3351E+00  3.2022E+00  4.2815E+00  3.3745E+00
       4.8015E+00  4.8413E+00  4.0980E+00  4.0872E+00  4.1131E+00  3.6899E+00  3.2367E+00  4.3823E+00  3.5412E+00  4.7018E+00
       7.3579E+00  4.7597E+00  4.2544E+00  3.0634E+00  3.4985E+00  3.8342E+00  4.4102E+00  4.9739E+00  4.3814E+00  5.4401E+00
       3.4757E+00  4.7087E+00  3.4318E+00  3.6185E+00  3.1981E+00  4.5238E+00  4.1921E+00  3.6812E+00  3.5916E+00  4.7902E+00
       4.5470E+00  3.9895E+00  3.3504E+00  3.4815E+00  4.0074E+00  4.1401E+00  3.7946E+00  3.7298E+00  4.5488E+00  4.7462E+00
       5.4451E+00  4.2730E+00  4.2403E+00  3.7631E+00  3.9822E+00  3.6946E+00  4.4684E+00  3.4740E+00  3.1084E+00  4.3104E+00
       4.5893E+00  3.7067E+00  3.5762E+00  2.8984E+00  4.6921E+00  5.0152E+00  2.6390E+00  2.7857E+00  4.0949E+00  4.3401E+00
       5.0188E+00  4.4458E+00  4.0831E+00  4.7213E+00  3.7998E+00  3.7051E+00  3.2524E+00  3.5437E+00  5.2025E+00  4.8612E+00
       5.4415E+00  3.7629E+00  2.5888E+00  3.5519E+00  3.7806E+00  4.5659E+00  2.9169E+00  3.9344E+00  4.6173E+00  6.7791E+00
       3.6993E+00  4.8984E+00  3.7712E+00  3.5917E+00  4.0508E+00  3.5915E+00  3.0715E+00  4.5743E+00  4.0677E+00  2.9628E+00
       4.8123E+00  3.7465E+00  3.8157E+00  4.4688E+00  3.3375E+00  4.0065E+00  3.5658E+00  4.4716E+00  4.4565E+00  5.1680E+00
       4.9937E+00  4.2615E+00  4.1110E+00  5.3233E+00  5.4708E+00  3.7897E+00  3.0360E+00  4.5057E+00  5.2778E+00  4.7137E+00
       6.4838E+00  5.5573E+00  6.0865E+00  7.0878E+00  3.0699E+00  5.5000E+00  5.0823E+00  4.7666E+00  3.6393E+00  6.6473E+00
       5.4407E+00  6.2297E+00  4.8142E+00  4.2926E+00  5.0602E+00  5.1883E+00  3.8784E+00  4.5689E+00  3.7182E+00  5.9447E+00
       6.3096E+00  4.7948E+00  5.3532E+00  4.1585E+00  3.0030E+00  3.0858E+00  5.2107E+00  3.6545E+00  5.8690E+00  5.4881E+00
       6.3030E+00  4.6812E+00  3.7493E+00  4.7239E+00  3.2581E+00  4.3728E+00  4.7924E+00  4.2090E+00  4.4348E+00  4.6681E+00
       5.6416E+00  5.9628E+00  3.4706E+00  3.5984E+00  4.6023E+00  4.7859E+00  3.3153E+00  3.6613E+00  4.0504E+00  6.2436E+00
       6.9965E+00  5.7389E+00  4.5107E+00  5.0286E+00  4.7191E+00  5.0049E+00  3.5665E+00  4.3173E+00  3.9418E+00  3.8136E+00
       6.2478E+00  5.7974E+00  3.9789E+00  3.7132E+00  3.9824E+00  3.6039E+00  3.6168E+00  3.1522E+00  4.0330E+00  4.3750E+00
       7.1428E+00  4.9332E+00  4.9988E+00  3.7243E+00  4.1195E+00  2.9767E+00  3.3340E+00  3.7244E+00  4.5588E+00  6.1824E+00
       5.5497E+00  5.8267E+00  5.2200E+00  4.6208E+00  3.4489E+00  3.0766E+00  3.9631E+00  3.9718E+00  5.2084E+00  5.7117E+00
       6.6285E+00  3.9559E+00  4.7668E+00  7.1350E+00  6.1971E+00  3.4580E+00  4.1951E+00  5.6283E+00  7.3186E+00  6.3890E+00
       7.1158E+00  6.1578E+00  6.6276E+00  6.2091E+00  4.3512E+00  5.8278E+00  6.2838E+00  6.0875E+00  4.9047E+00  7.3519E+00
       7.8093E+00  5.7628E+00  4.7139E+00  5.1242E+00  4.7690E+00  3.8987E+00  4.8062E+00  5.7936E+00  5.3433E+00  4.3780E+00
       6.3483E+00  4.0318E+00  4.8504E+00  4.4536E+00  3.2406E+00  4.0951E+00  4.6875E+00  4.1261E+00  5.1158E+00  4.9829E+00
       6.7161E+00  5.5041E+00  3.4836E+00  4.3155E+00  3.4825E+00  4.6543E+00  4.1985E+00  4.6654E+00  5.7400E+00  4.8999E+00
       6.1926E+00  6.3974E+00  3.5907E+00  3.9496E+00  4.8201E+00  5.8390E+00  3.8839E+00  3.9972E+00  5.2677E+00  6.6028E+00
       8.2816E+00  5.9650E+00  5.1718E+00  5.4581E+00  4.6605E+00  4.7437E+00  3.6976E+00  4.5471E+00  3.5162E+00  4.5558E+00
       6.7636E+00  4.1794E+00  5.3902E+00  4.2472E+00  3.5352E+00  4.1199E+00  3.6898E+00  3.8936E+00  5.7249E+00  5.5267E+00
       6.9260E+00  5.7480E+00  4.4685E+00  4.7442E+00  3.2339E+00  4.3706E+00  2.9740E+00  4.1795E+00  6.3410E+00  6.0146E+00
       8.2349E+00  6.8844E+00  4.9080E+00  4.7289E+00  4.1490E+00  4.8185E+00  5.4210E+00  5.1390E+00  6.0327E+00  7.3783E+00
       5.5484E+00  4.3123E+00  4.4736E+00  5.7645E+00  4.8431E+00  5.6950E+00  6.3980E+00  6.7001E+00  7.4529E+00  6.7245E+00
       7.1856E+00  7.3980E+00  6.3975E+00  6.7675E+00  5.8852E+00  6.7177E+00  6.7256E+00  6.4637E+00  6.4156E+00  7.7594E+00
       9.3254E+00  5.5651E+00  5.8363E+00  6.2890E+00  5.5852E+00  4.9688E+00  5.3513E+00  5.8543E+00  4.9805E+00  5.8756E+00
       6.8229E+00  4.0411E+00  4.1899E+00  3.3077E+00  3.8824E+00  4.9305E+00  5.2811E+00  4.5759E+00  4.5064E+00  6.8893E+00
       6.6197E+00  5.8999E+00  4.6852E+00  4.3029E+00  4.2194E+00  5.4322E+00  3.8356E+00  4.0397E+00  5.7506E+00  7.3458E+00
       6.4250E+00  5.5363E+00  6.1664E+00  4.3184E+00  4.5788E+00  5.5932E+00  2.7388E+00  4.9824E+00  5.4141E+00  7.1901E+00
       6.7549E+00  5.9752E+00  5.7545E+00  5.5294E+00  6.2511E+00  5.7430E+00  4.5257E+00  4.4131E+00  5.2431E+00  5.3954E+00
       7.7093E+00  3.8207E+00  5.7384E+00  5.0321E+00  5.7327E+00  3.3089E+00  4.6167E+00  6.2152E+00  5.6449E+00  7.3334E+00
       6.4746E+00  6.2407E+00  5.1387E+00  4.9737E+00  5.9791E+00  5.8794E+00  4.3174E+00  4.9752E+00  5.0145E+00  7.0075E+00
       1.0498E+01  6.6021E+00  5.5556E+00  4.5767E+00  6.6960E+00  4.9127E+00  6.0486E+00  5.1874E+00  4.6708E+00  8.0272E+00
       7.9343E+00  7.1122E+00  5.7920E+00  6.6467E+00  5.5479E+00  5.9258E+00  6.4680E+00  6.4001E+00  6.8344E+00  8.6079E+00
       7.2941E+00  9.0675E+00  5.9630E+00  7.9662E+00  7.0698E+00  6.9701E+00  3.3413E+00  6.8357E+00  6.7285E+00  6.3188E+00
       9.9746E+00  6.7037E+00  6.9399E+00  5.2673E+00  5.6104E+00  8.1260E+00  6.8517E+00  5.9338E+00  5.6351E+00  7.0581E+00
       9.5159E+00  7.2724E+00  5.6826E+00  4.6584E+00  5.3735E+00  7.2998E+00  6.4987E+00  6.5567E+00  4.9893E+00  7.5287E+00
       8.7816E+00  6.0942E+00  6.4771E+00  4.7682E+00  5.2160E+00  5.3218E+00  6.5966E+00  5.1589E+00  7.4750E+00  5.8247E+00
       7.9761E+00  7.1535E+00  4.2569E+00  5.0484E+00  5.5667E+00  5.2343E+00  5.6806E+00  6.6214E+00  6.6216E+00  5.4299E+00
       5.7749E+00  5.5550E+00  6.9506E+00  4.5594E+00  4.6046E+00  4.1946E+00  6.7201E+00  6.6461E+00  6.0428E+00  7.7595E+00
       5.7325E+00  5.8504E+00  5.2238E+00  4.6049E+00  5.2707E+00  4.4839E+00  5.3597E+00  5.6766E+00  5.2538E+00  7.7596E+00
       7.4962E+00  5.1826E+00  3.8252E+00  5.6943E+00  5.7067E+00  6.6852E+00  4.6960E+00  4.1300E+00  8.2053E+00  5.6935E+00
       1.2015E+01  7.2305E+00  5.5939E+00  5.6383E+00  7.0463E+00  5.1062E+00  6.8579E+00  5.8333E+00  7.3387E+00  8.9679E+00
       9.7446E+00  8.2376E+00  4.6759E+00  9.6905E+00  7.3433E+00  5.2663E+00  5.0306E+00  6.8968E+00  1.0172E+01  9.7568E+00
       6.7340E+00  1.0346E+01  1.1348E+01  9.6819E+00  6.3291E+00  8.5986E+00  6.3681E+00  8.3912E+00  9.1408E+00  5.6825E+00
       9.9634E+00  8.9127E+00  9.1133E+00  6.8489E+00  6.2609E+00  7.3783E+00  6.0174E+00  5.1859E+00  6.0976E+00  1.0702E+01
       8.2842E+00  8.8820E+00  8.1553E+00  6.5940E+00  6.8877E+00  6.9544E+00  8.3529E+00  7.3777E+00  8.0401E+00  7.5173E+00
       8.3275E+00  6.9885E+00  7.4421E+00  5.6472E+00  6.4228E+00  7.7361E+00  7.6823E+00  6.5100E+00  6.3690E+00  7.1478E+00
       1.1449E+01  5.5687E+00  5.7192E+00  6.1287E+00  7.1233E+00  8.1709E+00  7.8805E+00  7.1687E+00  6.8729E+00  9.4393E+00
       6.8455E+00  6.1163E+00  6.3404E+00  7.7185E+00  5.9301E+00  6.2048E+00  7.0276E+00  7.4577E+00  5.7559E+00  1.2616E+01
       7.1488E+00  6.4295E+00  6.4566E+00  6.0690E+00  7.2055E+00  5.9526E+00  8.5656E+00  5.9501E+00  5.6129E+00  7.3039E+00
       1.0822E+01  9.4912E+00  5.0710E+00  7.4922E+00  6.0981E+00  7.1623E+00  7.3516E+00  6.6380E+00  7.4717E+00  8.9652E+00
       1.1356E+01  1.1270E+01  9.5105E+00  7.3434E+00  5.2260E+00  6.1752E+00  6.6708E+00  7.4215E+00  5.3673E+00  1.0682E+01
       1.1625E+01  9.2198E+00  6.0940E+00  9.3665E+00  8.6556E+00  6.1613E+00  8.1762E+00  8.4474E+00  6.0057E+00  9.6339E+00
       1.0194E+01  1.3361E+01  1.0332E+01  7.3443E+00  7.9545E+00  7.3367E+00  1.0913E+01  6.9889E+00  8.9419E+00  1.0961E+01
       8.5983E+00  9.9257E+00  6.3304E+00  6.7297E+00  6.6753E+00  4.7432E+00  7.3620E+00  8.6735E+00  7.0506E+00  1.4964E+01
       7.4631E+00  7.2420E+00  8.6849E+00  6.9496E+00  5.5534E+00  6.8524E+00  6.4462E+00  6.7768E+00  8.6027E+00  4.5041E+00
       8.2877E+00  9.3007E+00  6.4795E+00  7.7882E+00  6.0355E+00  7.3205E+00  6.2614E+00  6.4866E+00  5.7691E+00  1.0164E+01
       8.7709E+00  7.1700E+00  9.1720E+00  7.8982E+00  8.0141E+00  8.3883E+00  6.3810E+00  6.0415E+00  7.4991E+00  8.7168E+00
       8.8023E+00  6.4072E+00  8.3321E+00  5.6148E+00  5.8943E+00  9.5101E+00  5.1425E+00  5.4593E+00  7.3112E+00  1.1452E+01
       8.2206E+00  1.0900E+01  5.3006E+00  6.8134E+00  6.0314E+00  6.5677E+00  6.0888E+00  7.1687E+00  7.0387E+00  9.0250E+00
       8.4111E+00  9.4335E+00  8.1085E+00  5.6340E+00  7.4026E+00  6.6772E+00  7.0921E+00  9.3319E+00  8.9520E+00  1.2260E+01
       1.1357E+01  7.6667E+00  1.1127E+01  7.7041E+00  7.9560E+00  5.1045E+00  5.5770E+00  7.9846E+00  8.3500E+00  1.3035E+01
       1.1718E+01  7.8196E+00  8.6780E+00  7.4108E+00  7.8375E+00  6.8017E+00  8.9133E+00  6.2863E+00  8.1168E+00  1.3588E+01
       1.0191E+01  1.0613E+01  1.1887E+01  8.2570E+00  9.3072E+00  7.5220E+00  1.1385E+01  9.4430E+00  8.5483E+00  1.3189E+01
       1.2179E+01  1.1386E+01  9.0492E+00  8.5751E+00  8.8671E+00  6.2981E+00  9.2078E+00  7.6674E+00  7.9115E+00  1.4207E+01
       9.3563E+00  8.8227E+00  9.8105E+00  7.7868E+00  8.9658E+00  5.9420E+00  7.8830E+00  8.9210E+00  1.1190E+01  8.7752E+00
       9.8133E+00  8.1773E+00  7.7206E+00  7.6958E+00  9.0198E+00  8.9368E+00  7.1435E+00  8.4860E+00  9.7382E+00  1.0269E+01
       1.0932E+01  1.0078E+01  8.2436E+00  7.1789E+00  8.7902E+00  9.1440E+00  8.5639E+00  8.4258E+00  1.0188E+01  1.1919E+01
       8.0514E+00  1.0257E+01  9.6455E+00  8.4954E+00  8.4987E+00  8.7209E+00  6.6459E+00  8.5703E+00  7.2835E+00  1.0364E+01
       9.3062E+00  8.5985E+00  9.3391E+00  8.5813E+00  8.2382E+00  7.6952E+00  7.0494E+00  6.4460E+00  9.0897E+00  1.4205E+01
       8.7546E+00  1.0757E+01  9.5558E+00  9.3388E+00  5.0175E+00  8.2630E+00  8.6892E+00  9.0069E+00  8.0572E+00  1.0731E+01
       1.1335E+01  7.5080E+00  1.0448E+01  7.0046E+00  7.6092E+00  8.2798E+00  7.7364E+00  9.1877E+00  9.4222E+00  1.1725E+01
       1.1325E+01  1.1216E+01  1.1533E+01  9.5130E+00  9.9065E+00  9.3115E+00  8.5764E+00  8.2778E+00  1.1242E+01  1.6604E+01
