1
   Cartesian binning n.   1  "DoseEq    " , generalized particle n.  240
      X coordinate: from -8.5000E+01 to  8.5000E+01 cm,    10 bins ( 1.7000E+01 cm wide)
      Y coordinate: from -2.5000E+01 to  2.5000E+01 cm,    10 bins ( 5.0000E+00 cm wide)
      Z coordinate: from  2.2500E+02 to  2.7500E+02 cm,    10 bins ( 5.0000E+00 cm wide)
      Data follow in a matrix A(ix,iy,iz), format (1(5x,1p,10(1x,e11.4)))

      accurate deposition along the tracks requested
      this is a track-length binning
       2.1837E-04  2.9332E-04  3.2081E-04  3.7174E-04  3.8629E-04  3.9050E-04  3.4745E-04  3.2191E-04  2.9721E-04  2.5215E-04
       2.7495E-04  3.1875E-04  3.6582E-04  4.0853E-04  4.4767E-04  4.3786E-04  4.1735E-04  3.7371E-04  3.3371E-04  2.5938E-04
       2.6609E-04  3.4517E-04  3.8087E-04  4.4542E-04  4.6840E-04  4.8106E-04  4.4990E-04  4.1698E-04  3.4633E-04  2.9569E-04
       2.6985E-04  3.5521E-04  4.3447E-04  4.4566E-04  4.7312E-04  4.7957E-04  4.3082E-04  4.2939E-04  3.6080E-04  2.8663E-04
       2.8693E-04  3.5335E-04  4.2053E-04  4.5860E-04  4.8028E-04  4.7273E-04  4.5740E-04  4.1751E-04  3.8001E-04  2.9472E-04
       2.9363E-04  3.6771E-04  4.0577E-04  4.5722E-04  4.9030E-04  4.7243E-04  4.7594E-04  4.2495E-04  3.6642E-04  2.7096E-04
       3.0644E-04  3.6153E-04  4.1669E-04  4.3907E-04  4.8760E-04  4.9969E-04  4.6626E-04  4.1403E-04  3.7109E-04  2.7565E-04
       3.0511E-04  3.5530E-04  4.0081E-04  4.4839E-04  4.5504E-04  4.4606E-04  4.5390E-04  3.8429E-04  3.5579E-04  2.5711E-04
       2.7758E-04  3.3456E-04  3.8072E-04  4.2310E-04  4.1276E-04  4.2345E-04  4.2609E-04  3.6722E-04  3.2892E-04  2.6447E-04
       2.3175E-04  2.8705E-04  3.3505E-04  3.8789E-04  3.8006E-04  3.8649E-04  3.5107E-04  3.1483E-04  2.8070E-04  2.5113E-04
       1.7480E-04  2.3267E-04  2.7122E-04  3.0060E-04  3.3054E-04  3.2694E-04  2.9283E-04  2.8009E-04  2.4165E-04  1.8583E-04
       2.2738E-04  2.8569E-04  3.3114E-04  3.5995E-04  4.2543E-04  3.9605E-04  3.7710E-04  3.4705E-04  2.9494E-04  2.1174E-04
       2.2984E-04  3.1442E-04  3.5154E-04  4.0417E-04  4.4024E-04  4.1031E-04  4.1168E-04  3.7330E-04  3.1847E-04  2.6117E-04
       2.4325E-04  3.3187E-04  3.7135E-04  4.1100E-04  4.3907E-04  4.3076E-04  4.0960E-04  3.9109E-04  3.4762E-04  2.5135E-04
       2.4988E-04  3.3558E-04  4.0298E-04  4.2450E-04  4.5873E-04  4.4619E-04  4.1931E-04  4.0468E-04  3.4173E-04  2.5312E-04
       2.5427E-04  3.3910E-04  3.8953E-04  4.4058E-04  4.5455E-04  4.5453E-04  4.4646E-04  4.1676E-04  3.3496E-04  2.5399E-04
       2.7230E-04  3.3086E-04  3.8893E-04  4.1902E-04  4.6599E-04  4.6550E-04  4.3797E-04  3.9095E-04  3.4288E-04  2.4447E-04
       2.4798E-04  3.2634E-04  3.6066E-04  4.1188E-04  4.1759E-04  4.2471E-04  4.3240E-04  3.7156E-04  3.2286E-04  2.4914E-04
       2.3052E-04  3.0041E-04  3.5463E-04  3.6464E-04  3.8870E-04  3.8446E-04  3.7254E-04  3.2768E-04  2.9658E-04  2.2706E-04
       1.7513E-04  2.3941E-04  2.7788E-04  3.2369E-04  3.1412E-04  3.2053E-04  3.0469E-04  2.6499E-04  2.3319E-04  1.8474E-04
       1.4283E-04  1.7434E-04  2.2047E-04  2.3994E-04  2.5799E-04  2.5437E-04  2.2670E-04  2.1500E-04  1.9106E-04  1.3636E-04
       1.7539E-04  2.4847E-04  2.9310E-04  2.9872E-04  3.3123E-04  3.3117E-04  2.9988E-04  2.9497E-04  2.4574E-04  1.7427E-04
       1.8361E-04  2.6752E-04  3.0937E-04  3.3572E-04  3.4617E-04  3.4499E-04  3.4469E-04  3.1285E-04  2.7769E-04  1.9679E-04
       1.9470E-04  2.9244E-04  3.1514E-04  3.4208E-04  3.8053E-04  3.7156E-04  3.6152E-04  3.2169E-04  2.9049E-04  1.9601E-04
       2.0537E-04  2.9595E-04  3.4221E-04  3.5839E-04  3.7645E-04  3.7958E-04  3.7138E-04  3.3432E-04  3.0483E-04  2.1311E-04
       2.0982E-04  2.7128E-04  3.3546E-04  3.8036E-04  4.0874E-04  4.0480E-04  3.6341E-04  3.3696E-04  2.7578E-04  2.1040E-04
       2.0566E-04  2.8528E-04  3.2845E-04  3.6353E-04  3.8660E-04  3.8109E-04  3.7151E-04  3.4183E-04  2.8257E-04  2.0251E-04
       2.0524E-04  2.8374E-04  3.0296E-04  3.1527E-04  3.4681E-04  3.6682E-04  3.6575E-04  3.2045E-04  2.6768E-04  1.9851E-04
       1.7581E-04  2.5193E-04  2.9029E-04  3.0270E-04  3.1640E-04  3.2461E-04  3.1515E-04  2.8406E-04  2.4664E-04  1.6712E-04
       1.3754E-04  1.7978E-04  2.1283E-04  2.5239E-04  2.5756E-04  2.5323E-04  2.3897E-04  2.0899E-04  1.8581E-04  1.4045E-04
       1.0776E-04  1.3989E-04  1.6172E-04  1.8673E-04  1.9358E-04  1.9254E-04  1.8508E-04  1.6900E-04  1.5549E-04  1.0344E-04
       1.3726E-04  1.9366E-04  2.1435E-04  2.5665E-04  2.6516E-04  2.5203E-04  2.2205E-04  2.2912E-04  1.9775E-04  1.3916E-04
       1.4597E-04  2.2173E-04  2.3348E-04  2.7898E-04  2.8369E-04  2.8551E-04  2.6783E-04  2.5665E-04  2.2258E-04  1.4142E-04
       1.5949E-04  2.3925E-04  2.5729E-04  2.8747E-04  3.0415E-04  2.9769E-04  3.0114E-04  2.8298E-04  2.3025E-04  1.4880E-04
       1.6769E-04  2.4906E-04  2.6322E-04  3.1022E-04  3.1792E-04  3.2292E-04  2.9462E-04  2.8452E-04  2.4771E-04  1.6650E-04
       1.7701E-04  2.3501E-04  2.8245E-04  3.0183E-04  3.3962E-04  3.2725E-04  3.0250E-04  2.7014E-04  2.2851E-04  1.6784E-04
       1.6852E-04  2.1736E-04  2.6631E-04  2.7255E-04  3.1534E-04  3.1272E-04  3.0430E-04  2.8183E-04  2.2554E-04  1.7619E-04
       1.5393E-04  2.1912E-04  2.4903E-04  2.4817E-04  2.8930E-04  3.0080E-04  2.7724E-04  2.4899E-04  2.1988E-04  1.5926E-04
       1.3805E-04  1.9752E-04  2.3319E-04  2.4250E-04  2.6065E-04  2.5873E-04  2.4242E-04  2.2100E-04  1.9504E-04  1.3780E-04
       1.0272E-04  1.3351E-04  1.6283E-04  1.9786E-04  1.9449E-04  1.7915E-04  1.8287E-04  1.7523E-04  1.3862E-04  1.1596E-04
       7.6551E-05  1.0250E-04  1.1773E-04  1.4052E-04  1.5841E-04  1.5068E-04  1.4603E-04  1.2398E-04  1.1332E-04  7.7747E-05
       9.9993E-05  1.5023E-04  1.5450E-04  1.9903E-04  2.0849E-04  2.1071E-04  1.8211E-04  1.8027E-04  1.6566E-04  1.0992E-04
       1.1367E-04  1.6265E-04  1.8377E-04  2.1009E-04  2.3466E-04  2.1495E-04  2.0496E-04  2.1237E-04  1.8255E-04  1.1541E-04
       1.2199E-04  1.7845E-04  1.9666E-04  2.3687E-04  2.4773E-04  2.3681E-04  2.2802E-04  2.1244E-04  1.7822E-04  1.1283E-04
       1.2666E-04  1.9029E-04  2.1548E-04  2.5084E-04  2.6478E-04  2.6165E-04  2.3432E-04  2.1413E-04  1.9183E-04  1.3012E-04
       1.2146E-04  1.9532E-04  2.2751E-04  2.4114E-04  2.6289E-04  2.6015E-04  2.3071E-04  2.0721E-04  1.8496E-04  1.3130E-04
       1.2323E-04  1.8306E-04  2.1258E-04  2.3721E-04  2.5834E-04  2.6582E-04  2.3202E-04  2.2419E-04  1.7791E-04  1.2518E-04
       1.2279E-04  1.6877E-04  1.9618E-04  2.1932E-04  2.3105E-04  2.3101E-04  2.1661E-04  1.8988E-04  1.8596E-04  1.1955E-04
       1.1229E-04  1.5310E-04  1.6951E-04  1.8496E-04  2.0513E-04  2.0184E-04  1.9669E-04  1.7255E-04  1.5721E-04  1.0900E-04
       8.1952E-05  1.0799E-04  1.2405E-04  1.5865E-04  1.5510E-04  1.5405E-04  1.4413E-04  1.2664E-04  1.0584E-04  8.0069E-05
       5.6347E-05  8.4229E-05  1.0340E-04  1.1240E-04  1.1836E-04  1.1639E-04  1.0297E-04  1.0324E-04  8.6500E-05  6.1390E-05
       7.8485E-05  1.1383E-04  1.3016E-04  1.4277E-04  1.5777E-04  1.6095E-04  1.3533E-04  1.4339E-04  1.2832E-04  8.6300E-05
       9.2403E-05  1.2381E-04  1.5369E-04  1.6922E-04  1.7844E-04  1.7873E-04  1.5753E-04  1.5956E-04  1.4046E-04  9.5110E-05
       9.1670E-05  1.5503E-04  1.7519E-04  1.9385E-04  1.8648E-04  1.9784E-04  1.8405E-04  1.7587E-04  1.4818E-04  9.1242E-05
       1.0360E-04  1.4992E-04  1.9110E-04  1.9725E-04  2.0079E-04  2.1284E-04  1.8826E-04  1.7495E-04  1.5130E-04  9.3951E-05
       8.8671E-05  1.5784E-04  1.8147E-04  2.0345E-04  2.0786E-04  2.0600E-04  1.8891E-04  1.7112E-04  1.4491E-04  1.0403E-04
       8.9641E-05  1.4709E-04  1.6260E-04  1.9217E-04  2.0435E-04  2.0635E-04  1.7487E-04  1.7627E-04  1.4270E-04  1.0238E-04
       9.4087E-05  1.3423E-04  1.5554E-04  1.8379E-04  1.8231E-04  1.7617E-04  1.6927E-04  1.6650E-04  1.4736E-04  9.8584E-05
       8.4296E-05  1.2786E-04  1.3751E-04  1.4996E-04  1.6330E-04  1.6029E-04  1.4703E-04  1.3631E-04  1.1158E-04  7.9188E-05
       6.0060E-05  9.0356E-05  9.3997E-05  1.1440E-04  1.2247E-04  1.0907E-04  1.0828E-04  9.5841E-05  7.9556E-05  6.1305E-05
       4.5386E-05  6.7037E-05  7.2619E-05  8.5930E-05  8.9795E-05  8.4761E-05  9.2812E-05  8.0256E-05  7.0165E-05  4.6078E-05
       7.0367E-05  8.9772E-05  1.0399E-04  1.1182E-04  1.2228E-04  1.1596E-04  1.0530E-04  9.9844E-05  9.7117E-05  6.3343E-05
       7.0690E-05  9.6790E-05  1.2308E-04  1.3542E-04  1.4892E-04  1.4320E-04  1.3113E-04  1.2108E-04  9.7663E-05  7.4440E-05
       8.0012E-05  1.1839E-04  1.3490E-04  1.4146E-04  1.5489E-04  1.4084E-04  1.3027E-04  1.4047E-04  1.2232E-04  7.5273E-05
       8.0127E-05  1.1696E-04  1.3694E-04  1.7218E-04  1.5673E-04  1.5059E-04  1.4432E-04  1.3358E-04  1.1957E-04  7.6556E-05
       6.8524E-05  1.3259E-04  1.4751E-04  1.6046E-04  1.6630E-04  1.6468E-04  1.4551E-04  1.2978E-04  1.0867E-04  8.0297E-05
       6.6499E-05  1.0766E-04  1.2863E-04  1.5444E-04  1.5874E-04  1.5567E-04  1.3650E-04  1.2812E-04  1.1081E-04  7.6804E-05
       7.8288E-05  1.1820E-04  1.3450E-04  1.4068E-04  1.5121E-04  1.4474E-04  1.4011E-04  1.2559E-04  1.1443E-04  8.2376E-05
       6.0359E-05  9.5611E-05  1.1010E-04  1.1852E-04  1.4320E-04  1.3413E-04  1.1584E-04  9.9354E-05  8.7687E-05  6.3642E-05
       4.9494E-05  7.9232E-05  6.9055E-05  7.3979E-05  1.0036E-04  8.8079E-05  7.7668E-05  6.9768E-05  6.7612E-05  5.3417E-05
       3.4453E-05  5.1706E-05  5.3745E-05  7.2040E-05  7.2632E-05  6.5960E-05  7.1986E-05  6.0189E-05  5.0239E-05  3.8689E-05
       4.8583E-05  6.0331E-05  8.6589E-05  8.3725E-05  9.8829E-05  9.2193E-05  8.0198E-05  7.0774E-05  7.4545E-05  4.6699E-05
       5.5871E-05  8.2829E-05  9.5473E-05  1.0115E-04  1.1079E-04  1.0253E-04  1.0649E-04  9.0795E-05  7.7654E-05  5.7176E-05
       5.9859E-05  8.2121E-05  1.1049E-04  1.0903E-04  1.2142E-04  1.0478E-04  1.0546E-04  9.8013E-05  8.7813E-05  5.7027E-05
       6.0258E-05  8.8922E-05  1.0474E-04  1.3544E-04  1.1387E-04  1.1834E-04  1.1195E-04  1.0196E-04  9.9431E-05  6.0097E-05
       6.5072E-05  1.0602E-04  1.2064E-04  1.2125E-04  1.3361E-04  1.2786E-04  1.1295E-04  1.0360E-04  8.6173E-05  6.5722E-05
       5.2275E-05  8.4992E-05  1.0881E-04  1.1420E-04  1.2432E-04  1.2409E-04  1.0266E-04  1.0555E-04  8.4616E-05  6.1441E-05
       5.8489E-05  8.9717E-05  9.7314E-05  1.0830E-04  1.1900E-04  1.1831E-04  1.0994E-04  9.7695E-05  7.7871E-05  6.0811E-05
       4.7493E-05  7.9950E-05  8.4083E-05  9.0251E-05  1.0273E-04  1.0329E-04  9.7503E-05  8.6584E-05  6.3322E-05  4.5653E-05
       4.0394E-05  5.9245E-05  5.4937E-05  5.6394E-05  7.2287E-05  6.8348E-05  6.7150E-05  5.2324E-05  5.1105E-05  3.9925E-05
       3.0351E-05  4.0552E-05  4.7636E-05  4.8272E-05  5.4102E-05  5.3982E-05  5.5816E-05  3.9555E-05  3.8379E-05  2.8684E-05
       3.7318E-05  4.6004E-05  6.2403E-05  6.7295E-05  7.1544E-05  7.4370E-05  6.5206E-05  5.8131E-05  5.1931E-05  3.8696E-05
       4.9712E-05  6.4136E-05  7.0386E-05  7.9791E-05  8.1470E-05  8.3081E-05  7.6280E-05  7.6596E-05  6.1268E-05  4.8538E-05
       5.2453E-05  6.3739E-05  7.7380E-05  8.8695E-05  8.9196E-05  8.2630E-05  8.8666E-05  7.6811E-05  7.7026E-05  4.1760E-05
       5.1563E-05  7.3221E-05  8.4625E-05  9.6957E-05  8.8546E-05  9.8779E-05  8.9875E-05  7.5320E-05  7.9468E-05  5.2280E-05
       5.1096E-05  7.5576E-05  8.9956E-05  9.0576E-05  9.6056E-05  9.6670E-05  8.6178E-05  7.6247E-05  6.8659E-05  5.1390E-05
       4.0310E-05  6.5527E-05  7.6526E-05  7.5199E-05  8.5507E-05  9.2494E-05  7.8572E-05  7.3971E-05  6.2024E-05  4.8511E-05
       4.8586E-05  7.4209E-05  6.8640E-05  7.6983E-05  8.0063E-05  9.0133E-05  8.9346E-05  7.2795E-05  5.7970E-05  4.1362E-05
       4.2208E-05  6.0272E-05  6.2087E-05  7.3006E-05  7.9990E-05  7.9963E-05  7.5281E-05  6.3126E-05  4.9141E-05  3.7274E-05
       3.2204E-05  4.9945E-05  4.7663E-05  4.7725E-05  5.4420E-05  4.9890E-05  5.4763E-05  4.3369E-05  3.8721E-05  2.9031E-05
       2.5359E-05  2.9161E-05  3.4369E-05  3.5313E-05  3.5083E-05  3.8316E-05  3.8444E-05  3.4210E-05  3.3132E-05  2.8758E-05
       3.2901E-05  4.4014E-05  4.3098E-05  4.4547E-05  3.9205E-05  4.7737E-05  4.6233E-05  4.2193E-05  3.7669E-05  2.7496E-05
       3.2111E-05  5.0484E-05  5.2091E-05  5.1856E-05  5.3523E-05  5.7557E-05  5.5404E-05  4.7672E-05  4.5785E-05  3.5218E-05
       4.0953E-05  4.4837E-05  5.4481E-05  6.6508E-05  6.8247E-05  5.9698E-05  6.7162E-05  4.8988E-05  5.1512E-05  3.2897E-05
       3.7766E-05  4.5474E-05  5.8541E-05  6.7940E-05  6.3291E-05  6.4978E-05  5.9215E-05  5.4548E-05  5.1962E-05  3.8602E-05
       3.5629E-05  5.1197E-05  6.2034E-05  6.3980E-05  6.5312E-05  6.4226E-05  5.8127E-05  4.7525E-05  5.3304E-05  3.4098E-05
       3.1709E-05  4.4670E-05  5.8732E-05  5.0733E-05  6.2266E-05  6.1515E-05  5.6630E-05  5.0001E-05  4.9143E-05  4.2263E-05
       3.7997E-05  5.0716E-05  4.3017E-05  5.1146E-05  6.7470E-05  5.4547E-05  5.7187E-05  5.3084E-05  4.2639E-05  3.1190E-05
       2.9287E-05  4.3294E-05  4.4154E-05  4.9734E-05  5.7131E-05  5.6457E-05  6.1390E-05  4.9633E-05  3.5332E-05  2.4027E-05
       2.3061E-05  3.1749E-05  4.1725E-05  3.9124E-05  4.3302E-05  4.8249E-05  4.5314E-05  3.6785E-05  2.9332E-05  2.1499E-05

      Percentage errors follow in a matrix A(ix,iy,iz), format (1(5x,1p,10(1x,e11.4)))

       3.6406E+00  3.3545E+00  2.9237E+00  3.2990E+00  3.1928E+00  3.1529E+00  3.3006E+00  2.8920E+00  2.9312E+00  2.9413E+00
       3.1168E+00  3.0605E+00  2.4647E+00  3.1327E+00  3.0344E+00  3.0265E+00  3.0869E+00  3.9272E+00  3.4702E+00  2.9063E+00
       3.5983E+00  2.4200E+00  3.2561E+00  2.3832E+00  2.5940E+00  3.3798E+00  3.6950E+00  3.3693E+00  3.2961E+00  3.2111E+00
       3.2176E+00  3.0379E+00  3.3405E+00  2.3911E+00  1.6335E+00  2.1975E+00  3.3448E+00  2.5655E+00  3.2934E+00  3.4664E+00
       3.2393E+00  4.3109E+00  1.9819E+00  2.7154E+00  2.2543E+00  3.3723E+00  2.2773E+00  4.1541E+00  3.2918E+00  3.6158E+00
       2.9196E+00  2.7643E+00  3.1474E+00  2.9895E+00  2.5716E+00  2.2298E+00  2.6746E+00  1.7970E+00  3.1850E+00  3.7285E+00
       3.5412E+00  3.0267E+00  2.6319E+00  2.8702E+00  3.2034E+00  2.2648E+00  2.9800E+00  2.5858E+00  3.3237E+00  4.3177E+00
       4.2138E+00  3.3732E+00  2.9970E+00  2.1719E+00  3.4309E+00  3.2367E+00  3.1096E+00  2.8046E+00  2.5815E+00  3.3220E+00
       4.4030E+00  3.1188E+00  2.8292E+00  3.4074E+00  2.5247E+00  2.2017E+00  2.9441E+00  3.3146E+00  4.3523E+00  2.7143E+00
       4.5142E+00  4.0367E+00  2.2340E+00  2.9011E+00  2.7782E+00  2.5425E+00  2.7038E+00  2.7068E+00  3.5395E+00  3.1557E+00
       4.1252E+00  3.0561E+00  3.3653E+00  2.7522E+00  3.3774E+00  2.8301E+00  2.9762E+00  2.8309E+00  4.8225E+00  2.8134E+00
       4.7254E+00  4.2864E+00  3.1378E+00  3.4582E+00  2.6108E+00  2.4464E+00  2.1817E+00  2.5117E+00  3.4329E+00  4.9922E+00
       5.1006E+00  3.4056E+00  2.4305E+00  2.7936E+00  3.1407E+00  3.4859E+00  3.0742E+00  2.5091E+00  2.8919E+00  3.3234E+00
       3.5746E+00  3.7214E+00  2.5697E+00  2.4649E+00  2.2296E+00  2.1641E+00  3.0267E+00  3.1409E+00  3.5641E+00  3.6264E+00
       3.5389E+00  4.3508E+00  2.8350E+00  3.8047E+00  2.4806E+00  4.1232E+00  2.5500E+00  2.6457E+00  3.4295E+00  4.4196E+00
       3.0751E+00  3.9981E+00  2.5935E+00  3.0382E+00  2.7111E+00  2.9884E+00  3.1770E+00  3.7049E+00  3.2562E+00  3.3115E+00
       3.5568E+00  3.1444E+00  2.6395E+00  3.6004E+00  2.9728E+00  2.5274E+00  3.0047E+00  3.2464E+00  3.4551E+00  3.3266E+00
       3.4313E+00  3.8982E+00  2.9157E+00  3.0683E+00  2.7031E+00  2.5677E+00  3.4236E+00  3.2539E+00  3.4625E+00  3.4717E+00
       3.7091E+00  3.8412E+00  2.6087E+00  3.8560E+00  2.3263E+00  2.4677E+00  4.2821E+00  3.7584E+00  3.1433E+00  3.9936E+00
       5.9160E+00  3.7625E+00  3.3293E+00  2.7635E+00  3.1642E+00  1.9257E+00  3.9099E+00  3.5319E+00  4.4635E+00  3.9811E+00
       4.8612E+00  4.7260E+00  2.5278E+00  3.0790E+00  2.9423E+00  3.1423E+00  2.3159E+00  4.0650E+00  4.0394E+00  4.2142E+00
       2.8743E+00  4.0151E+00  2.5737E+00  3.6705E+00  2.8456E+00  2.8585E+00  3.6027E+00  2.3637E+00  2.5865E+00  4.4839E+00
       4.6455E+00  3.7592E+00  3.0875E+00  3.5475E+00  3.5281E+00  2.5677E+00  3.5553E+00  4.2919E+00  2.5223E+00  3.7087E+00
       3.0734E+00  3.7364E+00  2.9413E+00  2.7701E+00  3.1876E+00  2.4403E+00  3.9077E+00  3.7812E+00  3.5581E+00  4.3699E+00
       4.3233E+00  3.1743E+00  4.2257E+00  3.7267E+00  3.0624E+00  3.8090E+00  4.0220E+00  2.4248E+00  3.7236E+00  3.9408E+00
       3.7906E+00  4.2662E+00  2.8845E+00  3.8788E+00  2.7168E+00  3.2806E+00  4.3272E+00  3.1747E+00  3.2505E+00  3.3031E+00
       5.1869E+00  4.0976E+00  3.2828E+00  2.7501E+00  2.6878E+00  2.3541E+00  2.4560E+00  3.6275E+00  3.9595E+00  3.5584E+00
       3.2566E+00  4.6317E+00  2.4653E+00  3.5485E+00  2.6894E+00  3.1165E+00  3.6269E+00  3.3092E+00  4.8614E+00  3.1357E+00
       4.8725E+00  4.2188E+00  3.7772E+00  4.0355E+00  3.1749E+00  3.2290E+00  4.1820E+00  3.4411E+00  3.4057E+00  4.0540E+00
       6.2154E+00  4.9115E+00  3.8992E+00  3.9594E+00  3.8199E+00  3.1103E+00  4.2125E+00  3.9365E+00  4.5769E+00  6.2627E+00
       6.9020E+00  4.1126E+00  4.4999E+00  4.8395E+00  3.3653E+00  3.3454E+00  3.2105E+00  4.9752E+00  4.7598E+00  7.4622E+00
       4.8853E+00  3.2054E+00  3.8804E+00  4.3574E+00  3.9962E+00  4.1101E+00  4.4598E+00  4.9373E+00  3.8513E+00  5.7008E+00
       5.0948E+00  4.9755E+00  3.7618E+00  4.0149E+00  2.2649E+00  3.3316E+00  4.2514E+00  4.7786E+00  2.6216E+00  4.6926E+00
       5.2859E+00  4.1865E+00  3.8498E+00  3.6908E+00  2.6257E+00  2.9366E+00  4.1187E+00  3.3167E+00  3.0734E+00  4.9701E+00
       6.1130E+00  3.5187E+00  4.1361E+00  4.2494E+00  3.3269E+00  3.0049E+00  4.8676E+00  3.5962E+00  2.6290E+00  3.4076E+00
       3.1834E+00  3.8860E+00  3.9539E+00  3.9002E+00  3.1809E+00  3.5339E+00  3.2861E+00  3.0655E+00  3.5707E+00  5.2586E+00
       4.6391E+00  4.4411E+00  3.9942E+00  4.2915E+00  1.9977E+00  2.9670E+00  3.3740E+00  4.1237E+00  4.1096E+00  4.9933E+00
       4.0244E+00  3.6914E+00  3.6152E+00  3.5328E+00  3.1014E+00  4.6178E+00  3.2585E+00  3.3624E+00  4.9213E+00  4.2311E+00
       7.8659E+00  4.5531E+00  4.0513E+00  3.9331E+00  4.0394E+00  4.4017E+00  3.4896E+00  5.0841E+00  4.4287E+00  4.7632E+00
       6.3258E+00  7.5251E+00  3.0461E+00  5.0483E+00  4.1589E+00  2.7801E+00  4.8242E+00  4.1475E+00  4.7905E+00  5.6398E+00
       7.1257E+00  5.3668E+00  6.3715E+00  4.6866E+00  3.6696E+00  3.1290E+00  4.2112E+00  6.9476E+00  6.1435E+00  5.3138E+00
       6.1185E+00  4.4008E+00  4.4067E+00  4.8834E+00  4.3998E+00  5.3652E+00  4.6179E+00  4.5815E+00  4.4091E+00  4.7395E+00
       5.9853E+00  4.8788E+00  4.4863E+00  4.3293E+00  4.8161E+00  3.3888E+00  3.5939E+00  4.6612E+00  5.3558E+00  5.0495E+00
       5.9456E+00  4.7363E+00  4.6084E+00  3.0916E+00  2.7346E+00  3.2713E+00  3.6746E+00  4.5439E+00  3.2209E+00  4.7839E+00
       6.3623E+00  4.5443E+00  4.7692E+00  4.2265E+00  4.5644E+00  3.9639E+00  4.7304E+00  4.0424E+00  3.4284E+00  4.3510E+00
       5.5666E+00  3.6356E+00  4.2317E+00  4.8713E+00  4.4109E+00  2.7018E+00  3.9802E+00  4.9712E+00  3.8618E+00  5.0798E+00
       5.5733E+00  3.9991E+00  3.9806E+00  4.2646E+00  2.5571E+00  3.3628E+00  3.5135E+00  3.4380E+00  4.2349E+00  3.7937E+00
       5.5572E+00  3.8608E+00  3.4682E+00  3.9227E+00  4.0050E+00  3.5730E+00  3.7016E+00  5.6496E+00  4.9560E+00  5.8113E+00
       4.2553E+00  3.6060E+00  3.7616E+00  4.3136E+00  3.6411E+00  5.1455E+00  4.1615E+00  4.8026E+00  5.1949E+00  4.5362E+00
       5.1667E+00  5.9885E+00  4.3295E+00  5.6454E+00  4.7118E+00  3.5629E+00  5.1158E+00  3.9894E+00  5.1809E+00  7.0859E+00
       8.3829E+00  6.0824E+00  4.1081E+00  4.8540E+00  5.7486E+00  3.1190E+00  6.2124E+00  6.2993E+00  5.3293E+00  9.1234E+00
       5.9622E+00  4.5414E+00  5.5811E+00  4.9851E+00  5.1324E+00  5.4457E+00  5.0686E+00  6.0441E+00  6.2564E+00  6.3461E+00
       5.8816E+00  6.3853E+00  4.9123E+00  4.6029E+00  4.6993E+00  3.7372E+00  6.4291E+00  4.5318E+00  5.1662E+00  6.5061E+00
       5.9622E+00  4.2754E+00  5.8225E+00  4.7828E+00  4.9197E+00  5.6678E+00  4.7548E+00  4.3283E+00  5.7070E+00  8.0475E+00
       6.6497E+00  6.0025E+00  6.0496E+00  4.2597E+00  6.1567E+00  3.2362E+00  5.4485E+00  3.8568E+00  3.9125E+00  6.5338E+00
       4.7952E+00  4.2915E+00  5.4730E+00  4.1446E+00  3.9064E+00  3.2089E+00  4.8931E+00  5.3975E+00  3.5265E+00  6.0574E+00
       7.1772E+00  5.6143E+00  4.8082E+00  3.8320E+00  3.3256E+00  4.9530E+00  4.0750E+00  4.9213E+00  4.5957E+00  5.7180E+00
       6.6709E+00  6.1102E+00  4.8273E+00  4.5059E+00  4.5915E+00  3.3747E+00  5.1606E+00  6.5524E+00  6.2821E+00  5.5158E+00
       7.4438E+00  4.5456E+00  3.6191E+00  5.6183E+00  5.2883E+00  5.9247E+00  4.4819E+00  5.0392E+00  7.9311E+00  4.9788E+00
       6.6363E+00  7.2452E+00  5.1711E+00  5.9597E+00  4.3294E+00  4.8691E+00  6.3500E+00  5.1469E+00  7.2349E+00  5.1465E+00
       7.5973E+00  5.5579E+00  6.5181E+00  6.3563E+00  5.6849E+00  5.7569E+00  8.7907E+00  5.8757E+00  5.3569E+00  9.1160E+00
       8.6737E+00  6.6171E+00  5.4116E+00  7.2682E+00  5.3839E+00  5.7158E+00  8.2278E+00  6.4744E+00  5.2663E+00  7.1129E+00
       6.7577E+00  5.7751E+00  5.8711E+00  6.1316E+00  4.7935E+00  5.4516E+00  7.3732E+00  4.5419E+00  6.7508E+00  7.5789E+00
       5.6111E+00  6.5639E+00  6.9564E+00  4.9367E+00  5.8427E+00  5.5755E+00  4.8243E+00  4.3161E+00  5.6732E+00  7.6741E+00
       5.0881E+00  6.8632E+00  6.0465E+00  5.9978E+00  6.6545E+00  5.9543E+00  4.6682E+00  2.8587E+00  5.5913E+00  6.8116E+00
       5.3133E+00  6.5705E+00  6.2849E+00  5.0348E+00  5.5158E+00  5.8814E+00  5.2247E+00  5.0124E+00  6.9721E+00  7.3514E+00
       8.2983E+00  5.2082E+00  5.8580E+00  5.0008E+00  4.9289E+00  4.4762E+00  6.2649E+00  5.1598E+00  6.2438E+00  5.3564E+00
       7.4942E+00  5.6830E+00  6.4125E+00  4.7266E+00  3.8548E+00  6.3107E+00  4.5650E+00  4.7768E+00  4.1641E+00  7.5848E+00
       9.1698E+00  5.1191E+00  5.1341E+00  6.7812E+00  5.5734E+00  6.6231E+00  4.2258E+00  4.9189E+00  6.8703E+00  6.1099E+00
       9.6328E+00  7.0700E+00  6.1084E+00  5.2160E+00  4.6152E+00  5.3561E+00  5.7305E+00  7.2729E+00  7.5099E+00  1.1781E+01
       7.5780E+00  7.9322E+00  6.1026E+00  9.4152E+00  5.8337E+00  7.3789E+00  6.5272E+00  7.2824E+00  6.6277E+00  7.9923E+00
       8.8677E+00  8.6388E+00  6.5788E+00  6.7812E+00  5.7538E+00  6.0034E+00  6.6146E+00  5.6305E+00  6.8656E+00  6.5209E+00
       9.5055E+00  6.4611E+00  6.7378E+00  8.8891E+00  5.8929E+00  5.3027E+00  5.6963E+00  5.9405E+00  9.4345E+00  4.3464E+00
       7.5900E+00  5.4472E+00  7.1351E+00  6.5376E+00  6.0210E+00  6.0585E+00  5.5958E+00  5.0753E+00  7.4859E+00  8.5667E+00
       6.8593E+00  6.9711E+00  6.3505E+00  4.3735E+00  6.1296E+00  5.7930E+00  4.6559E+00  5.1067E+00  6.9512E+00  7.7592E+00
       5.6899E+00  5.2339E+00  5.9858E+00  4.7238E+00  5.6150E+00  6.1237E+00  4.8144E+00  4.0821E+00  7.1365E+00  8.6790E+00
       6.6486E+00  8.0387E+00  5.9267E+00  4.3575E+00  5.2856E+00  5.2891E+00  6.1803E+00  5.7632E+00  6.2102E+00  8.7645E+00
       7.7269E+00  7.1618E+00  6.1139E+00  6.6749E+00  5.5922E+00  4.2658E+00  4.8064E+00  7.4288E+00  5.8657E+00  8.3352E+00
       7.2794E+00  8.2725E+00  6.8793E+00  5.4060E+00  5.3881E+00  7.3410E+00  4.6287E+00  5.1902E+00  6.5788E+00  1.0413E+01
       7.4583E+00  6.1022E+00  6.9381E+00  7.7525E+00  6.4537E+00  7.9995E+00  7.1929E+00  6.2167E+00  8.5219E+00  8.6100E+00
       6.7522E+00  8.7553E+00  6.8208E+00  7.3689E+00  7.1181E+00  8.0487E+00  7.1965E+00  8.9650E+00  7.9183E+00  7.8524E+00
       7.7960E+00  7.8300E+00  6.0004E+00  4.3236E+00  6.4267E+00  4.7560E+00  7.2421E+00  7.8936E+00  7.7455E+00  9.3625E+00
       7.6496E+00  7.7523E+00  7.7109E+00  6.9800E+00  5.9856E+00  5.3205E+00  5.7264E+00  7.0545E+00  8.4438E+00  8.7203E+00
       6.6897E+00  6.3873E+00  7.2723E+00  6.6152E+00  7.6951E+00  5.3512E+00  6.5731E+00  7.7608E+00  5.7738E+00  1.0487E+01
       8.3342E+00  7.6622E+00  5.4186E+00  4.9485E+00  5.7526E+00  5.8847E+00  6.9116E+00  8.3663E+00  6.8856E+00  8.7533E+00
       7.7014E+00  5.5345E+00  5.6320E+00  6.5796E+00  5.7772E+00  6.0136E+00  5.1576E+00  7.4740E+00  9.2143E+00  6.2905E+00
       8.4409E+00  7.4863E+00  5.1617E+00  7.9502E+00  7.0668E+00  7.8420E+00  5.7966E+00  6.7131E+00  6.7825E+00  1.0960E+01
       9.4196E+00  7.0626E+00  5.1159E+00  8.2339E+00  5.2555E+00  7.1756E+00  4.7512E+00  8.3019E+00  7.2831E+00  8.5649E+00
       1.0971E+01  9.1265E+00  8.0560E+00  9.3041E+00  4.1138E+00  6.2708E+00  5.8120E+00  8.5982E+00  6.5418E+00  1.0072E+01
       8.2012E+00  8.0926E+00  7.9069E+00  8.4816E+00  9.5573E+00  7.5744E+00  7.8211E+00  1.1716E+01  1.0528E+01  1.1018E+01
       8.5887E+00  9.2253E+00  1.1986E+01  9.0504E+00  8.7696E+00  8.6486E+00  7.8665E+00  8.5114E+00  8.4005E+00  6.6154E+00
       8.9685E+00  6.6843E+00  6.7553E+00  8.5204E+00  8.0731E+00  6.6478E+00  6.3529E+00  8.4132E+00  7.6472E+00  7.3632E+00
       8.7579E+00  8.8208E+00  6.9073E+00  8.9125E+00  9.3974E+00  8.8169E+00  5.8463E+00  1.0370E+01  9.1767E+00  9.3624E+00
       1.0466E+01  7.6509E+00  6.9414E+00  7.3249E+00  5.0827E+00  7.5019E+00  6.2862E+00  8.5565E+00  7.5972E+00  9.0905E+00
       8.3629E+00  8.4030E+00  6.3767E+00  7.0318E+00  6.7597E+00  6.7783E+00  6.6054E+00  7.7617E+00  6.3043E+00  1.0746E+01
       8.8909E+00  9.2510E+00  8.1689E+00  5.4876E+00  6.0805E+00  7.9465E+00  7.5860E+00  6.9186E+00  8.3007E+00  9.7595E+00
       9.0709E+00  7.3750E+00  9.2068E+00  6.5933E+00  8.8105E+00  8.8775E+00  1.0259E+01  8.2897E+00  7.6813E+00  9.9300E+00
       8.3653E+00  7.5011E+00  8.4135E+00  6.8487E+00  4.2834E+00  7.4464E+00  4.6553E+00  8.2957E+00  6.2579E+00  9.4890E+00
       8.2099E+00  1.2687E+01  6.4429E+00  8.9907E+00  6.6333E+00  5.6567E+00  6.3245E+00  9.5685E+00  9.6504E+00  1.1723E+01
       1.1521E+01  9.7541E+00  7.0618E+00  1.1548E+01  8.1736E+00  7.7589E+00  8.8344E+00  1.0223E+01  1.3094E+01  1.0535E+01
