1
   Cartesian binning n.   1  "DoseEq    " , generalized particle n.  240
      X coordinate: from -8.5000E+01 to  8.5000E+01 cm,    10 bins ( 1.7000E+01 cm wide)
      Y coordinate: from -2.5000E+01 to  2.5000E+01 cm,    10 bins ( 5.0000E+00 cm wide)
      Z coordinate: from  2.2500E+02 to  2.7500E+02 cm,    10 bins ( 5.0000E+00 cm wide)
      Data follow in a matrix A(ix,iy,iz), format (1(5x,1p,10(1x,e11.4)))

      accurate deposition along the tracks requested
      this is a track-length binning
       2.4747E-05  2.9139E-05  2.6631E-05  3.7348E-05  4.0440E-05  3.5189E-05  3.1155E-05  3.1573E-05  3.8495E-05  2.0990E-05
       2.4094E-05  2.5729E-05  2.7314E-05  4.1455E-05  4.0907E-05  3.8197E-05  3.1688E-05  2.8238E-05  3.2816E-05  2.7105E-05
       2.5402E-05  2.9909E-05  3.4845E-05  4.2193E-05  4.3512E-05  4.0164E-05  3.3012E-05  3.9853E-05  3.2748E-05  2.7417E-05
       2.9029E-05  3.4965E-05  3.1730E-05  4.6175E-05  4.3181E-05  3.8918E-05  3.7866E-05  3.7170E-05  3.7660E-05  2.4927E-05
       2.9453E-05  2.9402E-05  3.1146E-05  3.8771E-05  4.4562E-05  4.1793E-05  4.0080E-05  3.5946E-05  4.0141E-05  2.6883E-05
       2.9955E-05  3.4573E-05  3.0725E-05  3.7396E-05  3.8785E-05  3.5560E-05  3.9050E-05  3.6418E-05  3.4405E-05  2.8102E-05
       2.6572E-05  3.7471E-05  3.0878E-05  4.0639E-05  3.9269E-05  3.7254E-05  4.2288E-05  3.8112E-05  3.0500E-05  2.2808E-05
       2.8481E-05  3.4868E-05  3.8420E-05  3.2069E-05  3.6032E-05  4.3728E-05  3.3661E-05  3.3384E-05  3.1746E-05  2.8187E-05
       2.5969E-05  3.0015E-05  3.0943E-05  3.8547E-05  4.0858E-05  3.5792E-05  3.9177E-05  3.8985E-05  3.0779E-05  2.7783E-05
       2.3284E-05  2.7913E-05  3.1367E-05  3.4000E-05  3.7198E-05  3.4264E-05  3.5474E-05  3.2693E-05  3.4254E-05  2.4407E-05
       2.4584E-05  2.7139E-05  2.5448E-05  3.0005E-05  4.0749E-05  3.5353E-05  2.7562E-05  3.1514E-05  3.1789E-05  2.0037E-05
       2.1709E-05  2.6667E-05  2.7192E-05  4.1427E-05  4.5932E-05  3.9110E-05  3.0792E-05  2.7667E-05  3.5787E-05  2.1099E-05
       2.5869E-05  3.2352E-05  3.4053E-05  4.1098E-05  4.5125E-05  3.9471E-05  3.4290E-05  4.2633E-05  2.8920E-05  2.6784E-05
       2.5677E-05  2.9449E-05  3.2402E-05  4.5055E-05  4.1547E-05  3.5794E-05  3.9383E-05  3.8792E-05  3.8074E-05  2.3550E-05
       2.5036E-05  2.6655E-05  3.4292E-05  4.2341E-05  4.4569E-05  4.2294E-05  4.2089E-05  3.5789E-05  4.1199E-05  2.3356E-05
       3.1084E-05  3.3822E-05  3.5226E-05  3.4637E-05  4.4956E-05  4.2488E-05  4.3497E-05  3.9890E-05  3.7472E-05  2.7592E-05
       2.4747E-05  3.4935E-05  3.3604E-05  3.9227E-05  3.8559E-05  4.1527E-05  4.5213E-05  4.2093E-05  3.2364E-05  2.2588E-05
       2.3927E-05  3.4369E-05  3.5259E-05  3.4759E-05  3.7111E-05  3.7099E-05  4.1663E-05  3.5695E-05  3.3564E-05  2.5892E-05
       2.5384E-05  3.2830E-05  2.7871E-05  3.6204E-05  4.2336E-05  3.3220E-05  3.5565E-05  3.5282E-05  2.7439E-05  2.4211E-05
       2.2199E-05  2.4558E-05  2.6683E-05  3.0810E-05  3.1402E-05  2.9366E-05  3.0686E-05  2.9622E-05  2.7583E-05  2.1373E-05
       1.6877E-05  2.2483E-05  2.0629E-05  2.8428E-05  2.8915E-05  2.8278E-05  2.4164E-05  2.3696E-05  2.2950E-05  1.9630E-05
       1.6343E-05  2.6783E-05  2.3358E-05  3.4601E-05  3.3381E-05  2.9783E-05  2.9090E-05  2.4825E-05  3.0099E-05  1.6931E-05
       2.3391E-05  2.8149E-05  2.8133E-05  3.5561E-05  3.8581E-05  3.7286E-05  3.7533E-05  3.3114E-05  2.8220E-05  2.1994E-05
       2.7035E-05  2.7708E-05  3.1702E-05  4.0788E-05  3.7858E-05  3.4875E-05  3.8931E-05  3.5242E-05  3.4707E-05  2.2984E-05
       2.2240E-05  2.4510E-05  3.3212E-05  3.7218E-05  3.8619E-05  3.9617E-05  3.8119E-05  3.4143E-05  3.6234E-05  2.2762E-05
       2.2575E-05  2.9937E-05  3.6899E-05  3.2262E-05  4.1600E-05  3.7367E-05  4.1173E-05  3.5516E-05  3.4404E-05  2.4414E-05
       2.5203E-05  2.7102E-05  2.9684E-05  3.6279E-05  3.3106E-05  4.2636E-05  4.4545E-05  3.6372E-05  3.1928E-05  1.9685E-05
       2.3427E-05  2.9931E-05  3.1248E-05  3.3455E-05  3.1559E-05  3.3721E-05  3.7311E-05  3.4920E-05  2.3001E-05  1.7366E-05
       2.1446E-05  2.9087E-05  3.1810E-05  3.3545E-05  3.5726E-05  3.2264E-05  3.3599E-05  3.1818E-05  3.0812E-05  1.8285E-05
       1.6190E-05  1.7087E-05  2.1722E-05  3.1269E-05  2.6198E-05  2.7823E-05  2.7238E-05  2.4690E-05  2.3825E-05  1.7974E-05
       1.3449E-05  1.7507E-05  1.7789E-05  2.4359E-05  2.2456E-05  2.4419E-05  2.1020E-05  1.8240E-05  2.0065E-05  1.5153E-05
       1.5799E-05  2.3849E-05  1.9220E-05  2.8149E-05  2.9701E-05  2.5622E-05  2.7958E-05  2.4812E-05  2.4689E-05  1.5607E-05
       2.6546E-05  2.2394E-05  2.5069E-05  3.1941E-05  3.0597E-05  3.2477E-05  2.8610E-05  2.6135E-05  2.8290E-05  1.9614E-05
       2.3588E-05  2.7450E-05  2.8006E-05  3.2591E-05  3.2598E-05  2.6805E-05  2.9569E-05  3.3801E-05  3.1133E-05  1.8044E-05
       2.0536E-05  2.7580E-05  2.9582E-05  2.9031E-05  3.1703E-05  3.2591E-05  3.8478E-05  3.2287E-05  3.2261E-05  1.8875E-05
       2.2197E-05  2.9147E-05  3.1478E-05  3.0206E-05  3.1675E-05  3.6450E-05  3.9889E-05  2.9846E-05  2.7282E-05  1.7373E-05
       1.8675E-05  2.3365E-05  3.1991E-05  2.9689E-05  2.6644E-05  3.4075E-05  4.4890E-05  3.1688E-05  2.3529E-05  1.8735E-05
       1.7772E-05  2.4298E-05  2.8451E-05  2.8181E-05  3.0198E-05  3.3308E-05  3.1339E-05  3.2023E-05  2.1292E-05  1.9136E-05
       1.7464E-05  2.0345E-05  2.4865E-05  2.5722E-05  3.6136E-05  3.0245E-05  2.7743E-05  3.0576E-05  2.2695E-05  1.4438E-05
       1.6462E-05  1.6228E-05  1.9255E-05  2.0950E-05  2.0530E-05  2.4063E-05  2.6872E-05  2.0196E-05  2.0910E-05  1.3158E-05
       9.9442E-06  1.5079E-05  1.5962E-05  2.1594E-05  1.6924E-05  1.3257E-05  1.7311E-05  1.7128E-05  1.4138E-05  1.0422E-05
       1.5005E-05  1.8702E-05  2.0249E-05  2.7914E-05  2.3265E-05  2.2678E-05  2.5117E-05  2.1532E-05  1.6231E-05  1.1440E-05
       2.1104E-05  2.2969E-05  2.3478E-05  2.1313E-05  2.4436E-05  2.4859E-05  2.7745E-05  2.5894E-05  1.9916E-05  1.3673E-05
       2.2228E-05  2.5134E-05  2.6261E-05  2.4650E-05  2.8428E-05  2.4738E-05  2.4304E-05  2.2373E-05  2.2960E-05  1.5880E-05
       2.2151E-05  2.1261E-05  2.1834E-05  2.8367E-05  2.5103E-05  2.7018E-05  2.9960E-05  2.4243E-05  2.3535E-05  1.7017E-05
       1.9234E-05  2.3324E-05  2.4329E-05  2.9231E-05  2.7376E-05  2.6950E-05  3.5304E-05  2.6343E-05  1.9811E-05  1.9610E-05
       1.7021E-05  2.2586E-05  2.2243E-05  2.4533E-05  2.7508E-05  2.8748E-05  3.7496E-05  2.8022E-05  2.1211E-05  1.6491E-05
       1.6100E-05  2.5081E-05  2.8065E-05  2.4115E-05  2.8151E-05  2.5805E-05  2.9343E-05  2.9278E-05  1.9559E-05  1.3658E-05
       1.7692E-05  1.9425E-05  2.1219E-05  2.3273E-05  2.8680E-05  3.1039E-05  2.6269E-05  2.1411E-05  2.1222E-05  1.2054E-05
       1.2324E-05  1.1257E-05  2.0324E-05  1.6290E-05  1.6987E-05  2.1809E-05  1.8878E-05  1.6417E-05  1.7224E-05  8.8980E-06
       9.3044E-06  1.3106E-05  1.1482E-05  2.0154E-05  1.3265E-05  1.0680E-05  1.5199E-05  1.2107E-05  9.3071E-06  8.9540E-06
       1.6935E-05  1.7114E-05  1.5306E-05  1.8889E-05  2.1627E-05  1.7228E-05  2.2622E-05  2.0358E-05  1.3229E-05  1.2638E-05
       1.6972E-05  1.8375E-05  1.9333E-05  1.8490E-05  1.7353E-05  2.2694E-05  2.4204E-05  2.1399E-05  1.9876E-05  1.6048E-05
       1.0852E-05  1.8512E-05  2.1351E-05  1.7682E-05  2.6080E-05  2.7138E-05  2.0981E-05  2.2599E-05  1.9944E-05  1.2979E-05
       1.4166E-05  1.8991E-05  2.1507E-05  2.0830E-05  2.4243E-05  2.6603E-05  2.3505E-05  2.1161E-05  2.0464E-05  1.3202E-05
       1.2445E-05  1.8201E-05  1.8227E-05  2.0008E-05  2.5219E-05  2.3827E-05  2.6832E-05  1.7833E-05  1.7265E-05  1.5754E-05
       1.3701E-05  2.0856E-05  1.7354E-05  2.3476E-05  2.2506E-05  1.8579E-05  2.9586E-05  2.4598E-05  1.7421E-05  1.5211E-05
       1.0952E-05  1.7779E-05  1.7532E-05  1.8659E-05  2.3483E-05  2.4317E-05  2.5165E-05  1.7602E-05  1.5951E-05  1.8443E-05
       9.2918E-06  1.4249E-05  1.7716E-05  1.6903E-05  2.2818E-05  2.4276E-05  2.1329E-05  2.0336E-05  1.6275E-05  1.3184E-05
       1.1141E-05  7.8700E-06  1.1928E-05  1.2089E-05  1.5227E-05  1.4682E-05  1.8087E-05  1.4722E-05  1.5625E-05  1.0150E-05
       7.1121E-06  1.0813E-05  8.6628E-06  1.3763E-05  1.3646E-05  1.0475E-05  1.1417E-05  1.1940E-05  5.4870E-06  8.0507E-06
       1.0193E-05  1.4364E-05  1.3216E-05  1.5539E-05  1.9117E-05  1.7258E-05  1.6224E-05  1.7114E-05  1.1988E-05  1.1048E-05
       9.9920E-06  1.1831E-05  1.7547E-05  1.7005E-05  1.4835E-05  2.1118E-05  1.6676E-05  1.5846E-05  1.5823E-05  1.1537E-05
       9.3074E-06  1.6572E-05  1.7705E-05  2.0261E-05  1.7589E-05  1.8568E-05  2.0244E-05  2.0628E-05  2.2695E-05  9.8315E-06
       1.4047E-05  1.4303E-05  1.6974E-05  1.8553E-05  1.8403E-05  1.9544E-05  2.3741E-05  1.7820E-05  1.8983E-05  8.6772E-06
       1.2656E-05  1.5633E-05  1.6369E-05  1.8425E-05  2.5397E-05  2.2480E-05  2.2349E-05  1.6265E-05  1.5721E-05  9.2252E-06
       9.7905E-06  1.6180E-05  1.5294E-05  1.5987E-05  2.1193E-05  1.3902E-05  2.4769E-05  1.6405E-05  1.3191E-05  9.9881E-06
       7.4064E-06  1.3287E-05  1.5620E-05  1.8749E-05  1.7882E-05  2.0997E-05  2.3457E-05  1.4799E-05  1.4292E-05  1.2990E-05
       1.0365E-05  1.2268E-05  1.7603E-05  1.3768E-05  1.8951E-05  1.9490E-05  1.7769E-05  1.4352E-05  1.5180E-05  1.0411E-05
       1.0665E-05  8.2952E-06  1.0695E-05  1.1688E-05  9.7374E-06  1.3406E-05  1.3921E-05  1.1699E-05  1.5286E-05  6.5589E-06
       9.2913E-06  1.1885E-05  8.6622E-06  1.0862E-05  1.0067E-05  8.7959E-06  8.8957E-06  8.6390E-06  4.9127E-06  6.0318E-06
       8.5418E-06  1.1329E-05  9.6538E-06  1.1043E-05  1.6773E-05  1.4964E-05  1.2219E-05  1.1530E-05  9.3515E-06  8.2819E-06
       7.9049E-06  1.1603E-05  1.4270E-05  1.2752E-05  1.2773E-05  1.6273E-05  1.3758E-05  1.1331E-05  1.2169E-05  7.6912E-06
       9.0906E-06  1.3794E-05  1.2175E-05  1.3814E-05  1.6449E-05  1.4085E-05  1.6108E-05  1.5397E-05  1.4639E-05  6.9083E-06
       1.0188E-05  1.3596E-05  9.6547E-06  1.2278E-05  1.6423E-05  1.6237E-05  1.6658E-05  1.7108E-05  1.4627E-05  9.5258E-06
       7.1925E-06  1.2402E-05  1.5170E-05  1.6095E-05  1.9572E-05  2.0737E-05  1.8849E-05  1.5027E-05  1.6005E-05  1.0160E-05
       9.0479E-06  1.3345E-05  1.2879E-05  1.2698E-05  1.5340E-05  1.5562E-05  1.8855E-05  1.4722E-05  1.1951E-05  7.6848E-06
       6.8697E-06  1.0625E-05  1.4827E-05  1.0369E-05  1.7146E-05  1.9171E-05  2.1400E-05  1.3108E-05  1.1629E-05  9.6052E-06
       7.6972E-06  8.7790E-06  1.3042E-05  1.1388E-05  1.4874E-05  1.6766E-05  1.1521E-05  9.6847E-06  1.0905E-05  1.0166E-05
       8.0726E-06  6.6677E-06  8.4329E-06  7.2750E-06  1.1450E-05  1.1388E-05  8.3526E-06  7.4198E-06  1.0073E-05  5.3251E-06
       5.1918E-06  9.5420E-06  5.5042E-06  6.6823E-06  9.7928E-06  9.1966E-06  6.0904E-06  5.4786E-06  2.5431E-06  4.1684E-06
       4.8330E-06  8.9186E-06  7.3180E-06  7.1831E-06  1.1831E-05  9.8476E-06  6.9458E-06  8.8439E-06  7.8479E-06  5.4059E-06
       6.5907E-06  1.1400E-05  8.9679E-06  9.1000E-06  9.7913E-06  1.0970E-05  8.1706E-06  9.8993E-06  9.7805E-06  6.1385E-06
       7.0899E-06  1.1675E-05  1.2484E-05  8.0629E-06  1.3687E-05  1.1523E-05  1.2409E-05  1.7701E-05  1.2957E-05  5.6890E-06
       4.9911E-06  8.5206E-06  9.5167E-06  9.3016E-06  2.0169E-05  1.1207E-05  1.8906E-05  1.5799E-05  8.8118E-06  6.7082E-06
       8.6048E-06  8.7422E-06  1.3410E-05  9.3272E-06  1.5484E-05  1.2176E-05  1.2513E-05  1.4857E-05  1.1520E-05  7.0562E-06
       8.5343E-06  8.2377E-06  1.1639E-05  9.1742E-06  1.0727E-05  1.4980E-05  1.5289E-05  1.3768E-05  9.7807E-06  6.1723E-06
       7.4659E-06  8.5427E-06  1.3870E-05  1.1724E-05  1.2523E-05  1.5686E-05  1.6242E-05  1.0579E-05  8.6380E-06  3.6577E-06
       6.3211E-06  4.4888E-06  1.0433E-05  7.7451E-06  9.7181E-06  1.4629E-05  1.3169E-05  1.0696E-05  6.6088E-06  8.6836E-06
       5.3646E-06  7.2477E-06  6.5214E-06  5.6371E-06  7.5968E-06  8.6016E-06  5.3342E-06  6.4441E-06  5.3839E-06  4.0788E-06
       2.7659E-06  4.3537E-06  5.2041E-06  3.6223E-06  6.5281E-06  6.6447E-06  4.9218E-06  3.3219E-06  2.4728E-06  3.3848E-06
       5.7730E-06  6.1844E-06  6.4876E-06  4.3549E-06  7.5593E-06  8.1793E-06  7.4248E-06  5.6065E-06  8.2726E-06  3.8866E-06
       5.5815E-06  9.5766E-06  7.4714E-06  4.7930E-06  5.2232E-06  7.8094E-06  7.9896E-06  7.9204E-06  6.9682E-06  5.9304E-06
       5.4455E-06  9.0814E-06  1.0061E-05  5.3960E-06  1.2180E-05  8.4445E-06  1.0387E-05  8.4171E-06  8.9083E-06  3.3574E-06
       5.8955E-06  6.2539E-06  5.5038E-06  7.9300E-06  1.2928E-05  7.0559E-06  1.0613E-05  1.0981E-05  1.0050E-05  4.0968E-06
       5.5865E-06  6.6037E-06  8.1560E-06  6.9692E-06  1.0056E-05  9.5199E-06  6.5864E-06  9.9058E-06  1.1257E-05  5.0007E-06
       5.2651E-06  7.3875E-06  8.6752E-06  8.0615E-06  6.9490E-06  8.6217E-06  9.3088E-06  1.2273E-05  9.4469E-06  5.8452E-06
       4.7437E-06  7.1810E-06  7.1930E-06  7.7424E-06  7.5659E-06  6.6102E-06  9.7294E-06  7.5395E-06  5.3081E-06  6.5775E-06
       5.8879E-06  3.9826E-06  7.0502E-06  6.4376E-06  6.7320E-06  7.6058E-06  7.4594E-06  7.3536E-06  4.6686E-06  5.5557E-06
       3.4579E-06  4.3419E-06  5.6138E-06  4.4230E-06  6.4130E-06  5.8418E-06  6.5540E-06  6.5631E-06  5.3124E-06  4.4601E-06

      Percentage errors follow in a matrix A(ix,iy,iz), format (1(5x,1p,10(1x,e11.4)))

       1.1933E+01  9.7186E+00  1.6237E+01  1.0930E+01  9.0768E+00  8.3691E+00  8.6384E+00  8.0277E+00  7.6702E+00  1.2660E+01
       1.0821E+01  1.1151E+01  9.9365E+00  7.5937E+00  7.4094E+00  7.8998E+00  9.4290E+00  1.0176E+01  1.1192E+01  1.2564E+01
       1.0089E+01  1.0954E+01  9.0251E+00  9.9175E+00  1.0870E+01  9.2025E+00  9.9566E+00  7.5501E+00  9.3019E+00  8.0277E+00
       7.8119E+00  9.9268E+00  9.9097E+00  8.1529E+00  9.5540E+00  8.1695E+00  8.0995E+00  1.1013E+01  8.5302E+00  1.3079E+01
       1.1567E+01  1.0747E+01  8.6637E+00  7.6059E+00  1.0409E+01  1.0023E+01  7.6886E+00  1.0616E+01  9.2620E+00  1.1766E+01
       6.6695E+00  1.0061E+01  9.6319E+00  9.4479E+00  6.9916E+00  9.0014E+00  1.1802E+01  1.2375E+01  9.9364E+00  9.9728E+00
       1.2350E+01  9.0571E+00  9.6701E+00  7.7477E+00  7.7004E+00  7.1034E+00  8.8305E+00  8.3096E+00  9.3158E+00  1.2699E+01
       9.6015E+00  9.3307E+00  9.5907E+00  8.0706E+00  1.0766E+01  8.3395E+00  8.6649E+00  9.5962E+00  1.1820E+01  1.4785E+01
       1.0319E+01  8.6610E+00  1.1574E+01  9.0076E+00  9.8515E+00  9.8004E+00  1.1446E+01  7.3907E+00  1.2257E+01  8.7558E+00
       1.4494E+01  1.0759E+01  8.8886E+00  8.1565E+00  6.5370E+00  9.8644E+00  1.0028E+01  7.2680E+00  9.3704E+00  9.7628E+00
       9.7904E+00  8.0231E+00  1.4167E+01  6.8201E+00  9.3043E+00  1.2188E+01  8.2429E+00  1.0202E+01  9.1543E+00  1.1992E+01
       1.2149E+01  9.7195E+00  1.1497E+01  1.0276E+01  6.8930E+00  9.6810E+00  8.0715E+00  1.1769E+01  8.6523E+00  1.3152E+01
       1.5040E+01  8.7616E+00  7.6097E+00  1.3254E+01  1.0893E+01  1.1562E+01  1.1974E+01  1.0285E+01  9.4625E+00  9.8979E+00
       6.8359E+00  1.2207E+01  1.0887E+01  9.2810E+00  7.3443E+00  8.8476E+00  8.2763E+00  1.0161E+01  7.7219E+00  1.0734E+01
       1.2722E+01  1.0923E+01  9.4516E+00  1.1049E+01  6.3038E+00  8.4413E+00  1.0547E+01  1.0214E+01  1.0544E+01  1.1671E+01
       1.1881E+01  7.6787E+00  7.6233E+00  9.3537E+00  7.6198E+00  1.0617E+01  1.0714E+01  1.3206E+01  1.2059E+01  9.3462E+00
       1.2130E+01  7.9748E+00  1.0697E+01  7.1330E+00  6.9117E+00  6.1691E+00  1.0454E+01  8.8213E+00  6.9726E+00  1.0829E+01
       1.1087E+01  9.0162E+00  1.1761E+01  1.0010E+01  9.2145E+00  1.1029E+01  8.2672E+00  1.2067E+01  1.0101E+01  1.4196E+01
       8.6492E+00  1.1607E+01  1.0214E+01  8.3715E+00  1.2235E+01  8.5478E+00  1.0813E+01  8.0568E+00  9.1304E+00  1.0922E+01
       1.1021E+01  1.5076E+01  1.3215E+01  9.5464E+00  9.4024E+00  9.2906E+00  1.1987E+01  8.2363E+00  1.1828E+01  9.7167E+00
       1.3124E+01  1.3373E+01  1.4251E+01  1.1434E+01  1.1061E+01  1.4913E+01  9.5248E+00  1.4073E+01  9.2097E+00  1.0819E+01
       1.3134E+01  9.9335E+00  1.0151E+01  7.3838E+00  9.7718E+00  9.5581E+00  1.3444E+01  8.9844E+00  1.0319E+01  1.2800E+01
       1.6535E+01  8.1657E+00  9.8697E+00  1.0416E+01  8.9000E+00  9.3961E+00  9.8189E+00  8.3443E+00  1.1086E+01  1.2252E+01
       1.0980E+01  1.2102E+01  9.0753E+00  1.1097E+01  6.2087E+00  7.9051E+00  1.1598E+01  1.0219E+01  8.2977E+00  1.3396E+01
       1.3176E+01  1.3765E+01  1.2444E+01  1.0785E+01  9.9904E+00  1.0236E+01  1.1300E+01  9.3763E+00  1.2706E+01  1.6029E+01
       8.7557E+00  1.0588E+01  7.6671E+00  1.4794E+01  7.6654E+00  1.1489E+01  9.3152E+00  1.0182E+01  1.1866E+01  1.3681E+01
       1.1150E+01  9.8967E+00  1.1943E+01  9.3438E+00  9.6473E+00  7.5574E+00  7.6283E+00  8.4340E+00  9.7722E+00  1.2629E+01
       1.1887E+01  1.1331E+01  1.2073E+01  1.0334E+01  1.1579E+01  9.4392E+00  1.2731E+01  1.0132E+01  1.4177E+01  1.4960E+01
       1.1380E+01  1.3071E+01  9.2829E+00  1.1190E+01  1.1379E+01  1.1655E+01  8.0011E+00  1.0557E+01  1.1935E+01  1.3298E+01
       1.1643E+01  1.3109E+01  1.0673E+01  1.0501E+01  1.2495E+01  1.5817E+01  1.2664E+01  8.0192E+00  1.2182E+01  1.1666E+01
       1.3435E+01  1.2677E+01  1.3548E+01  1.0537E+01  1.2642E+01  1.2995E+01  9.8437E+00  1.4204E+01  1.1800E+01  1.5309E+01
       1.6253E+01  1.1029E+01  1.7837E+01  9.6906E+00  1.2255E+01  1.0907E+01  1.3908E+01  1.2126E+01  1.0701E+01  1.4391E+01
       1.3368E+01  1.1888E+01  9.8972E+00  9.5459E+00  9.0742E+00  1.2442E+01  7.1135E+00  1.1889E+01  1.2176E+01  1.2073E+01
       1.2230E+01  1.2773E+01  8.2871E+00  9.5443E+00  7.4050E+00  1.0378E+01  1.0520E+01  1.2326E+01  7.0395E+00  1.1981E+01
       1.1945E+01  1.5011E+01  1.2343E+01  1.6080E+01  1.0101E+01  1.3209E+01  1.0939E+01  8.1146E+00  1.0456E+01  1.5125E+01
       1.2133E+01  1.3094E+01  1.0750E+01  1.1543E+01  6.6684E+00  8.7966E+00  1.0391E+01  7.7938E+00  1.0760E+01  1.3578E+01
       1.3104E+01  1.0626E+01  1.4090E+01  1.0264E+01  1.0163E+01  7.7905E+00  8.6867E+00  8.6090E+00  1.1564E+01  1.5324E+01
       7.9046E+00  1.5085E+01  7.4589E+00  1.0342E+01  1.2230E+01  1.1182E+01  1.1684E+01  8.7545E+00  1.3308E+01  2.4775E+01
       1.5385E+01  1.5604E+01  1.0264E+01  1.0330E+01  9.2349E+00  1.0434E+01  1.2040E+01  9.0457E+00  1.2025E+01  1.4046E+01
       1.4184E+01  2.1476E+01  1.3899E+01  1.0133E+01  1.3436E+01  1.3189E+01  1.2488E+01  1.2243E+01  8.4484E+00  1.6804E+01
       1.7611E+01  1.8306E+01  1.3025E+01  1.0581E+01  1.7249E+01  1.3582E+01  1.2018E+01  1.9264E+01  1.2885E+01  1.7932E+01
       1.2403E+01  1.0751E+01  1.3143E+01  1.3987E+01  1.1954E+01  1.2717E+01  1.5288E+01  1.7631E+01  1.5828E+01  1.3439E+01
       9.8413E+00  1.5234E+01  1.2334E+01  1.3766E+01  1.3919E+01  1.1663E+01  1.1001E+01  9.9489E+00  1.2479E+01  1.7165E+01
       1.3610E+01  1.2022E+01  1.1948E+01  1.3021E+01  1.2088E+01  1.3939E+01  1.0493E+01  9.8753E+00  1.2288E+01  1.7076E+01
       1.5916E+01  2.0645E+01  9.3576E+00  1.1377E+01  1.1341E+01  1.5435E+01  1.1709E+01  7.9378E+00  1.1494E+01  1.4547E+01
       9.6565E+00  1.0631E+01  1.2244E+01  1.2033E+01  9.9507E+00  1.1339E+01  9.7301E+00  8.6430E+00  1.1745E+01  1.3645E+01
       1.3993E+01  1.4044E+01  1.3711E+01  1.2694E+01  9.6759E+00  9.1194E+00  8.7336E+00  8.5967E+00  1.1385E+01  1.2388E+01
       1.3272E+01  1.4165E+01  1.0073E+01  9.8203E+00  1.1399E+01  1.1919E+01  9.7368E+00  1.0190E+01  1.6312E+01  1.9351E+01
       1.2094E+01  1.4421E+01  8.7468E+00  1.1050E+01  9.9680E+00  1.1856E+01  1.1147E+01  9.9694E+00  1.4579E+01  1.5158E+01
       1.3089E+01  1.6907E+01  1.3105E+01  1.3790E+01  1.2273E+01  1.3290E+01  1.4849E+01  1.7006E+01  9.8436E+00  1.6752E+01
       1.8810E+01  1.6823E+01  1.8537E+01  1.0593E+01  1.9010E+01  1.8654E+01  1.6222E+01  1.8644E+01  1.6289E+01  2.0914E+01
       1.3137E+01  1.1575E+01  1.5588E+01  1.6768E+01  1.1788E+01  1.2413E+01  1.3432E+01  8.9636E+00  1.5664E+01  1.2958E+01
       2.2770E+01  1.6632E+01  1.5075E+01  1.2096E+01  1.3962E+01  1.3300E+01  1.1572E+01  1.1123E+01  1.3642E+01  1.4968E+01
       2.0095E+01  1.4938E+01  1.3701E+01  1.2115E+01  1.0584E+01  1.3682E+01  1.3836E+01  1.2354E+01  1.2184E+01  1.4662E+01
       1.9113E+01  1.7893E+01  1.4300E+01  1.2009E+01  1.2174E+01  1.2898E+01  1.2111E+01  7.3791E+00  1.5069E+01  1.8781E+01
       1.5247E+01  1.3676E+01  1.3682E+01  1.7461E+01  9.6625E+00  1.0140E+01  9.8675E+00  1.5598E+01  1.0732E+01  1.8500E+01
       1.8101E+01  1.3212E+01  1.2512E+01  1.1200E+01  1.1971E+01  1.3192E+01  1.2155E+01  1.1971E+01  1.9361E+01  1.4987E+01
       1.7281E+01  1.5247E+01  1.6171E+01  1.4315E+01  9.3788E+00  1.2688E+01  1.3595E+01  1.1603E+01  1.5302E+01  1.1099E+01
       1.9934E+01  1.4262E+01  1.0487E+01  1.4392E+01  1.1328E+01  1.4610E+01  1.1140E+01  1.4623E+01  1.3490E+01  1.7503E+01
       1.6767E+01  1.9658E+01  1.8592E+01  1.0809E+01  1.2457E+01  1.3805E+01  1.2393E+01  1.4059E+01  1.3622E+01  1.8682E+01
       1.7740E+01  1.3992E+01  2.6819E+01  1.1749E+01  1.7729E+01  2.2081E+01  2.0905E+01  2.0355E+01  1.8127E+01  1.9662E+01
       1.4333E+01  1.6403E+01  1.6267E+01  1.8775E+01  1.1662E+01  1.3129E+01  1.9194E+01  1.2173E+01  1.4676E+01  2.1546E+01
       2.2328E+01  1.3579E+01  1.7461E+01  1.7735E+01  1.5368E+01  1.2793E+01  1.1546E+01  1.2408E+01  1.9750E+01  1.4766E+01
       2.0359E+01  1.9314E+01  1.2108E+01  1.1792E+01  1.2588E+01  1.8527E+01  1.3726E+01  1.3661E+01  1.2765E+01  2.4182E+01
       1.9673E+01  1.4199E+01  1.4858E+01  1.5904E+01  2.1901E+01  1.0854E+01  9.7682E+00  1.2727E+01  1.4284E+01  2.0725E+01
       1.5124E+01  1.7744E+01  1.4652E+01  1.9438E+01  1.0696E+01  1.0287E+01  1.0678E+01  1.5993E+01  1.4944E+01  2.2473E+01
       1.6145E+01  1.4569E+01  1.1109E+01  1.3489E+01  1.2743E+01  1.0549E+01  1.3412E+01  1.0600E+01  1.7749E+01  1.3439E+01
       2.1807E+01  1.7532E+01  1.5560E+01  1.1228E+01  1.2455E+01  1.3556E+01  1.0080E+01  1.5128E+01  1.5264E+01  1.8386E+01
       2.9231E+01  1.9500E+01  1.3575E+01  1.4489E+01  1.2144E+01  1.2998E+01  1.3892E+01  1.3816E+01  1.4508E+01  2.0227E+01
       2.1605E+01  2.0438E+01  1.8123E+01  1.8017E+01  1.3779E+01  1.3622E+01  1.2291E+01  1.6672E+01  1.6475E+01  2.1946E+01
       1.3230E+01  1.4093E+01  2.6299E+01  1.5384E+01  1.9086E+01  2.1794E+01  1.4518E+01  1.7642E+01  2.0646E+01  2.2099E+01
       1.9940E+01  1.5546E+01  1.5270E+01  1.4091E+01  1.5275E+01  1.3565E+01  1.5051E+01  2.5686E+01  1.8451E+01  2.0877E+01
       1.4657E+01  1.4447E+01  1.2808E+01  1.5736E+01  1.7320E+01  1.7901E+01  1.6478E+01  1.6822E+01  1.5020E+01  1.4981E+01
       2.3517E+01  1.4812E+01  1.4613E+01  1.8573E+01  1.6542E+01  1.7559E+01  1.1830E+01  1.7639E+01  1.6843E+01  2.0379E+01
       2.0784E+01  2.4724E+01  1.8365E+01  1.5069E+01  1.4069E+01  1.4404E+01  1.9470E+01  1.2265E+01  1.5878E+01  1.9944E+01
       1.7240E+01  1.8534E+01  1.4407E+01  1.8316E+01  1.4249E+01  1.6649E+01  1.4976E+01  1.4149E+01  1.2077E+01  2.8383E+01
       1.9376E+01  1.8864E+01  1.4930E+01  1.6101E+01  1.4953E+01  1.3579E+01  1.3721E+01  1.2363E+01  1.4717E+01  1.9362E+01
       1.9779E+01  2.0328E+01  1.6712E+01  1.6084E+01  1.2241E+01  1.2210E+01  8.7926E+00  1.3533E+01  1.7216E+01  1.7489E+01
       1.7021E+01  1.5695E+01  1.6704E+01  1.9281E+01  1.4865E+01  1.1817E+01  1.8230E+01  1.7075E+01  1.5490E+01  2.1856E+01
       2.0998E+01  1.9533E+01  2.4840E+01  1.9603E+01  1.6218E+01  2.1606E+01  1.8113E+01  1.6224E+01  1.9704E+01  2.1240E+01
       3.5022E+01  1.5231E+01  2.5581E+01  1.5800E+01  2.2603E+01  1.5797E+01  1.7877E+01  2.2246E+01  2.0955E+01  2.3898E+01
       2.2043E+01  2.0151E+01  1.7154E+01  1.9548E+01  1.4993E+01  1.6564E+01  1.7421E+01  2.4238E+01  1.8594E+01  2.1055E+01
       2.1418E+01  1.3547E+01  2.0042E+01  1.9571E+01  1.8054E+01  1.7883E+01  1.9431E+01  2.0226E+01  1.5968E+01  1.6467E+01
       1.8326E+01  1.9738E+01  1.4988E+01  2.0473E+01  1.3167E+01  1.4274E+01  1.5905E+01  1.8874E+01  1.6484E+01  2.5894E+01
       1.4906E+01  1.4891E+01  1.9967E+01  2.0178E+01  1.7259E+01  1.6016E+01  2.2481E+01  1.8999E+01  1.7627E+01  2.5007E+01
       1.5285E+01  2.0883E+01  1.3286E+01  2.1020E+01  1.3402E+01  1.3461E+01  1.7413E+01  1.2129E+01  1.7571E+01  2.9295E+01
       2.0070E+01  2.3644E+01  1.9803E+01  2.4411E+01  1.5436E+01  1.5648E+01  1.6511E+01  1.7491E+01  1.6709E+01  2.0020E+01
       2.2448E+01  1.7144E+01  1.9332E+01  1.6388E+01  1.3630E+01  1.4524E+01  1.4310E+01  1.6871E+01  1.6518E+01  2.5546E+01
       1.7368E+01  2.7412E+01  1.7061E+01  2.2342E+01  1.7102E+01  1.7733E+01  1.4876E+01  1.4910E+01  1.9987E+01  2.4118E+01
       1.7657E+01  2.0831E+01  1.9606E+01  2.9027E+01  2.1543E+01  2.7156E+01  2.3737E+01  2.3066E+01  2.3312E+01  2.2355E+01
       2.7056E+01  2.6943E+01  2.2389E+01  2.3603E+01  2.2069E+01  1.2933E+01  2.1331E+01  2.6849E+01  2.8353E+01  2.9723E+01
       2.0027E+01  2.3458E+01  1.7720E+01  2.3107E+01  2.0443E+01  1.8836E+01  2.7055E+01  2.6117E+01  2.2006E+01  2.9493E+01
       2.1027E+01  1.7543E+01  2.4701E+01  2.2710E+01  2.2769E+01  1.9770E+01  1.6358E+01  2.7560E+01  2.4525E+01  2.2737E+01
       2.2581E+01  1.8826E+01  1.5682E+01  2.2907E+01  1.6804E+01  1.5467E+01  1.8665E+01  1.4084E+01  2.5284E+01  2.8022E+01
       2.2949E+01  1.8098E+01  2.1309E+01  2.4079E+01  1.5407E+01  2.6691E+01  2.2346E+01  2.0036E+01  2.1751E+01  2.3846E+01
       2.2650E+01  2.2868E+01  1.6275E+01  2.3774E+01  1.8741E+01  2.0232E+01  1.7746E+01  1.7950E+01  1.9274E+01  3.4010E+01
       1.9825E+01  1.8370E+01  1.6302E+01  2.1940E+01  2.1685E+01  1.8484E+01  2.3497E+01  1.5546E+01  1.5335E+01  2.3476E+01
       2.4538E+01  1.9745E+01  1.9019E+01  2.1112E+01  1.8174E+01  1.9885E+01  1.7316E+01  1.6214E+01  1.2663E+01  2.3702E+01
       2.4897E+01  3.1039E+01  2.5979E+01  1.2546E+01  1.4500E+01  2.2520E+01  1.4491E+01  1.8700E+01  1.9617E+01  2.2639E+01
       2.6350E+01  2.6605E+01  2.6491E+01  2.6413E+01  2.9510E+01  1.5327E+01  1.7749E+01  2.4373E+01  2.3088E+01  2.6705E+01
