1
   Cartesian binning n.   1  "DoseEq    " , generalized particle n.  240
      X coordinate: from -8.5000E+01 to  8.5000E+01 cm,    10 bins ( 1.7000E+01 cm wide)
      Y coordinate: from -2.5000E+01 to  2.5000E+01 cm,    10 bins ( 5.0000E+00 cm wide)
      Z coordinate: from  2.2500E+02 to  2.7500E+02 cm,    10 bins ( 5.0000E+00 cm wide)
      Data follow in a matrix A(ix,iy,iz), format (1(5x,1p,10(1x,e11.4)))

      accurate deposition along the tracks requested
      this is a track-length binning
       3.1158E-04  3.7250E-04  4.2746E-04  4.5594E-04  4.6848E-04  4.7847E-04  4.5366E-04  4.3041E-04  3.8580E-04  3.2440E-04
       3.6607E-04  4.2333E-04  4.9703E-04  5.3699E-04  5.4189E-04  5.7168E-04  5.0109E-04  4.6943E-04  4.1661E-04  3.5986E-04
       3.7063E-04  4.5200E-04  5.0054E-04  5.3486E-04  5.7149E-04  5.9298E-04  5.4697E-04  5.1497E-04  4.5111E-04  3.7469E-04
       3.6214E-04  4.7224E-04  5.3571E-04  5.6237E-04  6.1506E-04  6.0686E-04  5.4743E-04  5.2654E-04  4.6757E-04  3.7141E-04
       3.6887E-04  4.7269E-04  5.6164E-04  5.7176E-04  6.2865E-04  6.0506E-04  5.7565E-04  5.3020E-04  4.5589E-04  3.9127E-04
       3.9861E-04  4.4866E-04  5.5365E-04  5.6119E-04  5.9354E-04  6.0119E-04  5.9562E-04  5.2701E-04  4.6274E-04  3.7759E-04
       3.9318E-04  4.4997E-04  5.4176E-04  5.8344E-04  5.8577E-04  5.9697E-04  5.8032E-04  5.2651E-04  4.6459E-04  3.9888E-04
       3.5915E-04  4.4749E-04  5.0650E-04  5.5308E-04  5.8357E-04  5.5882E-04  5.5403E-04  5.1731E-04  4.5058E-04  3.8173E-04
       3.4686E-04  4.2242E-04  4.8751E-04  5.1972E-04  5.6308E-04  5.6823E-04  5.2786E-04  4.7761E-04  4.5663E-04  3.5317E-04
       3.0618E-04  3.8712E-04  4.1271E-04  4.6446E-04  4.7672E-04  4.7654E-04  4.5820E-04  4.2950E-04  3.7438E-04  3.0208E-04
       2.4022E-04  3.0571E-04  3.5008E-04  3.8138E-04  3.7751E-04  4.0699E-04  3.8037E-04  3.3909E-04  2.9523E-04  2.6575E-04
       3.0750E-04  3.8560E-04  4.4051E-04  4.6495E-04  4.7188E-04  5.0261E-04  4.6655E-04  4.3532E-04  3.8015E-04  2.9382E-04
       3.1605E-04  4.0868E-04  4.5295E-04  5.0245E-04  5.3434E-04  5.2823E-04  4.9426E-04  4.5294E-04  4.0502E-04  3.2026E-04
       3.1526E-04  4.2896E-04  4.8460E-04  5.1287E-04  5.6036E-04  5.7186E-04  5.1162E-04  4.6831E-04  4.1995E-04  3.0999E-04
       3.1699E-04  4.3942E-04  5.1413E-04  5.4141E-04  5.7083E-04  5.7746E-04  5.4554E-04  4.9069E-04  4.1530E-04  3.1609E-04
       3.2947E-04  4.3100E-04  5.2974E-04  5.3437E-04  5.7542E-04  5.7529E-04  5.3005E-04  4.8919E-04  4.1602E-04  3.1548E-04
       3.1423E-04  4.2749E-04  4.8197E-04  5.3046E-04  5.4184E-04  5.4962E-04  5.2457E-04  4.9918E-04  3.9282E-04  3.4552E-04
       2.8289E-04  3.8860E-04  4.5244E-04  4.9021E-04  5.0850E-04  5.2383E-04  5.1699E-04  4.7774E-04  4.0386E-04  3.1728E-04
       2.8266E-04  3.4572E-04  4.3085E-04  4.7261E-04  4.7985E-04  4.9910E-04  4.6286E-04  4.2879E-04  3.8234E-04  2.9074E-04
       2.3209E-04  3.0205E-04  3.3074E-04  3.8965E-04  3.9141E-04  3.8219E-04  3.6318E-04  3.6551E-04  2.9729E-04  2.3436E-04
       1.7061E-04  2.3108E-04  2.7105E-04  2.9946E-04  2.9972E-04  3.0781E-04  3.0527E-04  2.5691E-04  2.2952E-04  1.8676E-04
       2.2705E-04  3.0876E-04  3.5056E-04  3.7992E-04  3.9210E-04  4.0607E-04  3.8430E-04  3.4405E-04  3.1147E-04  2.2480E-04
       2.4779E-04  3.2578E-04  3.6632E-04  3.9727E-04  4.2687E-04  4.4239E-04  4.2640E-04  3.9302E-04  3.2496E-04  2.4642E-04
       2.4131E-04  3.4370E-04  3.9628E-04  4.2311E-04  4.6323E-04  4.6768E-04  4.4444E-04  3.9983E-04  3.6178E-04  2.5546E-04
       2.4521E-04  3.4308E-04  4.2571E-04  4.3778E-04  4.8576E-04  4.7639E-04  4.4042E-04  4.2202E-04  3.5790E-04  2.6777E-04
       2.6026E-04  3.4947E-04  4.3017E-04  4.2742E-04  4.8857E-04  4.8190E-04  4.3308E-04  4.2361E-04  3.6752E-04  2.5378E-04
       2.4976E-04  3.5591E-04  3.9722E-04  4.2198E-04  4.4393E-04  4.6197E-04  4.2625E-04  4.0875E-04  3.4302E-04  2.7562E-04
       2.3741E-04  2.9871E-04  3.6099E-04  4.1114E-04  4.4536E-04  4.4909E-04  4.1635E-04  4.0367E-04  3.4181E-04  2.4492E-04
       2.1305E-04  2.7408E-04  3.4484E-04  3.6867E-04  3.9000E-04  4.1085E-04  3.6226E-04  3.4344E-04  3.0462E-04  2.3111E-04
       1.7774E-04  2.2316E-04  2.6680E-04  2.9772E-04  3.0256E-04  2.9508E-04  2.9406E-04  2.6551E-04  2.2063E-04  1.6365E-04
       1.3778E-04  1.7343E-04  2.1160E-04  2.1999E-04  2.2528E-04  2.4450E-04  2.3453E-04  2.0318E-04  1.6407E-04  1.3081E-04
       1.7752E-04  2.3380E-04  2.6420E-04  2.9508E-04  3.0143E-04  3.3043E-04  2.9440E-04  2.7210E-04  2.3266E-04  1.6603E-04
       1.8904E-04  2.5937E-04  2.8433E-04  3.1998E-04  3.3922E-04  3.5592E-04  3.3539E-04  3.1449E-04  2.6678E-04  1.9777E-04
       1.8128E-04  2.6168E-04  3.1509E-04  3.5882E-04  3.6074E-04  3.7960E-04  3.7031E-04  3.0759E-04  2.8672E-04  1.9820E-04
       1.7729E-04  2.6065E-04  3.4594E-04  3.5723E-04  3.9297E-04  3.8784E-04  3.5679E-04  3.3193E-04  2.8295E-04  2.0151E-04
       1.8555E-04  2.6546E-04  3.3868E-04  3.5542E-04  3.9164E-04  3.8544E-04  3.4891E-04  3.4806E-04  2.8680E-04  2.0150E-04
       1.8949E-04  2.7260E-04  3.3118E-04  3.6129E-04  3.6395E-04  3.6876E-04  3.4629E-04  3.2695E-04  2.8241E-04  2.0716E-04
       1.7962E-04  2.4991E-04  2.8896E-04  3.3186E-04  3.3964E-04  3.5186E-04  3.3520E-04  3.1877E-04  2.6435E-04  1.9334E-04
       1.6459E-04  2.1591E-04  2.6536E-04  3.0834E-04  3.1813E-04  3.3702E-04  2.7041E-04  2.6729E-04  2.2376E-04  1.6772E-04
       1.2217E-04  1.6632E-04  1.9224E-04  2.2257E-04  2.3053E-04  2.3713E-04  2.1967E-04  2.0553E-04  1.7790E-04  1.2441E-04
       1.0483E-04  1.3414E-04  1.5236E-04  1.7283E-04  1.8115E-04  1.8059E-04  1.8746E-04  1.5475E-04  1.3344E-04  1.0610E-04
       1.2582E-04  1.7392E-04  1.9746E-04  2.1980E-04  2.3110E-04  2.3949E-04  2.3413E-04  1.9510E-04  1.8633E-04  1.3188E-04
       1.4429E-04  2.0652E-04  2.1416E-04  2.4885E-04  2.7798E-04  2.6417E-04  2.5854E-04  2.3793E-04  2.1454E-04  1.4440E-04
       1.4720E-04  1.9837E-04  2.4780E-04  2.6920E-04  3.0895E-04  2.8362E-04  2.9238E-04  2.4355E-04  2.1278E-04  1.5164E-04
       1.4971E-04  2.0569E-04  2.7269E-04  2.9424E-04  3.1518E-04  3.0014E-04  2.7520E-04  2.4248E-04  2.0108E-04  1.5043E-04
       1.3805E-04  2.1383E-04  2.6148E-04  2.9907E-04  3.1461E-04  3.0802E-04  2.6271E-04  2.5444E-04  2.0815E-04  1.4016E-04
       1.4793E-04  2.1723E-04  2.7540E-04  2.7096E-04  2.9480E-04  2.8942E-04  2.6943E-04  2.5671E-04  2.0960E-04  1.6952E-04
       1.4067E-04  1.9861E-04  2.3170E-04  2.6675E-04  2.7588E-04  2.7625E-04  2.5848E-04  2.4952E-04  1.9732E-04  1.5086E-04
       1.1396E-04  1.7710E-04  2.0931E-04  2.3376E-04  2.4531E-04  2.5198E-04  2.2714E-04  1.9905E-04  1.6975E-04  1.2748E-04
       9.3297E-05  1.3396E-04  1.4975E-04  1.7364E-04  1.9188E-04  1.8623E-04  1.7624E-04  1.4879E-04  1.2833E-04  1.0055E-04
       7.8195E-05  1.1439E-04  1.1517E-04  1.3395E-04  1.4207E-04  1.3778E-04  1.3748E-04  1.1732E-04  1.0261E-04  7.7926E-05
       9.7726E-05  1.5092E-04  1.6800E-04  1.7583E-04  1.8131E-04  1.7200E-04  1.6551E-04  1.5298E-04  1.4936E-04  1.0300E-04
       1.1723E-04  1.5760E-04  1.7702E-04  1.8057E-04  2.1564E-04  1.9380E-04  1.9223E-04  1.8217E-04  1.5889E-04  1.1242E-04
       1.2622E-04  1.5509E-04  1.9210E-04  2.1625E-04  2.4514E-04  2.0989E-04  2.1413E-04  1.9567E-04  1.6819E-04  1.2052E-04
       1.0677E-04  1.5911E-04  2.1305E-04  2.2944E-04  2.4043E-04  2.2265E-04  2.1451E-04  1.8584E-04  1.6547E-04  1.3304E-04
       1.1152E-04  1.6875E-04  1.9599E-04  2.1545E-04  2.3014E-04  2.2113E-04  2.1690E-04  1.9797E-04  1.5673E-04  1.1180E-04
       1.1132E-04  1.7859E-04  1.8817E-04  2.1860E-04  2.4575E-04  2.2331E-04  2.1635E-04  2.0691E-04  1.5345E-04  1.2493E-04
       1.0937E-04  1.4999E-04  1.7957E-04  2.0446E-04  2.2364E-04  2.1895E-04  1.9636E-04  1.7676E-04  1.5172E-04  1.2113E-04
       8.5915E-05  1.3105E-04  1.5719E-04  1.6412E-04  1.9598E-04  1.8267E-04  1.7203E-04  1.5435E-04  1.3573E-04  9.8441E-05
       7.1876E-05  9.3826E-05  1.1677E-04  1.3346E-04  1.4654E-04  1.3055E-04  1.3665E-04  1.1421E-04  9.6585E-05  6.8658E-05
       6.2800E-05  8.4066E-05  9.0884E-05  9.8220E-05  1.1093E-04  1.0627E-04  1.0069E-04  9.4583E-05  8.8638E-05  6.5644E-05
       7.7498E-05  1.1449E-04  1.2921E-04  1.4094E-04  1.4267E-04  1.2882E-04  1.1728E-04  1.1820E-04  1.0633E-04  8.4066E-05
       9.5426E-05  1.2551E-04  1.4273E-04  1.4773E-04  1.5883E-04  1.5267E-04  1.4174E-04  1.3864E-04  1.1517E-04  9.3538E-05
       9.2606E-05  1.2663E-04  1.5170E-04  1.6153E-04  1.8802E-04  1.7594E-04  1.4788E-04  1.4801E-04  1.1979E-04  9.8870E-05
       8.6222E-05  1.1562E-04  1.6669E-04  1.7058E-04  1.8752E-04  1.8274E-04  1.6606E-04  1.5362E-04  1.4027E-04  9.4021E-05
       8.6432E-05  1.2837E-04  1.5641E-04  1.7160E-04  1.9503E-04  1.8245E-04  1.6448E-04  1.5839E-04  1.3126E-04  1.0729E-04
       9.2088E-05  1.2837E-04  1.5120E-04  1.6823E-04  1.9486E-04  1.7951E-04  1.5005E-04  1.5597E-04  1.1368E-04  9.8594E-05
       8.2388E-05  1.1592E-04  1.3795E-04  1.5467E-04  1.7074E-04  1.6942E-04  1.5190E-04  1.4276E-04  1.1771E-04  9.0079E-05
       7.0931E-05  9.4774E-05  1.2106E-04  1.3036E-04  1.5677E-04  1.4646E-04  1.3294E-04  1.1651E-04  1.0480E-04  7.0106E-05
       5.7764E-05  7.3131E-05  9.1072E-05  1.0105E-04  1.0929E-04  1.1089E-04  1.1224E-04  9.4064E-05  8.5612E-05  6.1810E-05
       4.8999E-05  5.8369E-05  6.6998E-05  8.3583E-05  8.1527E-05  7.4894E-05  8.3050E-05  7.0641E-05  7.2254E-05  5.3935E-05
       6.5029E-05  8.3365E-05  9.9965E-05  1.0645E-04  1.0136E-04  1.0563E-04  9.9531E-05  9.8238E-05  8.5090E-05  6.5669E-05
       7.3071E-05  9.8560E-05  1.1376E-04  1.2256E-04  1.2310E-04  1.2333E-04  1.1967E-04  9.4340E-05  8.6086E-05  7.8703E-05
       6.6108E-05  1.0002E-04  1.1550E-04  1.3022E-04  1.3648E-04  1.3520E-04  1.1578E-04  1.1398E-04  1.0734E-04  8.1234E-05
       6.4555E-05  9.3691E-05  1.2243E-04  1.3044E-04  1.5418E-04  1.4966E-04  1.3050E-04  1.2063E-04  1.0691E-04  7.8769E-05
       6.9431E-05  9.3223E-05  1.2403E-04  1.2797E-04  1.5105E-04  1.4595E-04  1.3130E-04  1.1651E-04  1.0875E-04  7.1432E-05
       7.5167E-05  1.0231E-04  1.1810E-04  1.2321E-04  1.4750E-04  1.3194E-04  1.1823E-04  1.0919E-04  9.3972E-05  7.5768E-05
       7.7673E-05  9.6210E-05  1.0983E-04  1.2562E-04  1.3895E-04  1.2627E-04  1.1554E-04  1.0165E-04  8.7944E-05  6.3664E-05
       6.1444E-05  8.0854E-05  9.3258E-05  1.1217E-04  1.2151E-04  1.0903E-04  1.0933E-04  8.9544E-05  7.6725E-05  5.4330E-05
       5.0115E-05  7.2649E-05  7.0613E-05  8.4658E-05  8.3008E-05  9.2139E-05  8.3828E-05  7.3362E-05  6.2384E-05  4.6194E-05
       3.6234E-05  5.0289E-05  5.7746E-05  6.1874E-05  6.8307E-05  6.0355E-05  6.2972E-05  5.9796E-05  5.1960E-05  4.6593E-05
       4.5772E-05  6.0340E-05  6.7844E-05  7.8278E-05  8.4417E-05  8.3151E-05  7.4947E-05  7.6284E-05  6.4648E-05  5.2709E-05
       5.6943E-05  7.3950E-05  8.7976E-05  8.9609E-05  8.8605E-05  9.2823E-05  9.3510E-05  8.0012E-05  7.3694E-05  5.4750E-05
       5.5648E-05  7.8683E-05  8.4438E-05  9.3391E-05  1.0615E-04  1.0941E-04  9.4546E-05  8.5619E-05  7.2035E-05  5.9259E-05
       5.7398E-05  7.6618E-05  9.3444E-05  1.0502E-04  1.2132E-04  1.1410E-04  1.0199E-04  9.2026E-05  7.7844E-05  5.5515E-05
       5.6792E-05  7.2496E-05  9.9147E-05  9.4747E-05  1.0993E-04  9.7246E-05  1.0054E-04  8.8473E-05  8.2304E-05  5.0391E-05
       4.9869E-05  8.0643E-05  8.5976E-05  8.5195E-05  1.1607E-04  1.0064E-04  9.4445E-05  9.3559E-05  7.7822E-05  6.0951E-05
       5.5960E-05  7.2434E-05  8.0401E-05  8.9016E-05  1.0677E-04  9.6509E-05  9.2532E-05  7.1208E-05  7.4411E-05  5.8865E-05
       4.9591E-05  6.3094E-05  7.3159E-05  9.4601E-05  9.1057E-05  8.3726E-05  7.5648E-05  7.2055E-05  6.3127E-05  4.6876E-05
       4.0266E-05  5.5467E-05  6.3833E-05  6.7318E-05  6.9065E-05  7.0832E-05  7.0802E-05  5.7996E-05  5.0858E-05  3.2971E-05
       3.5869E-05  3.5791E-05  4.9038E-05  5.0342E-05  5.3645E-05  5.7126E-05  5.2318E-05  4.6468E-05  4.5189E-05  3.7158E-05
       3.4145E-05  5.0016E-05  5.1883E-05  6.0144E-05  5.9530E-05  5.5799E-05  5.2764E-05  5.5630E-05  4.7941E-05  3.6880E-05
       3.6930E-05  5.7368E-05  6.9979E-05  6.3908E-05  6.6560E-05  6.5572E-05  6.3635E-05  5.6024E-05  4.9471E-05  3.5609E-05
       4.1838E-05  6.3579E-05  6.2683E-05  7.2927E-05  8.6887E-05  7.1214E-05  6.7255E-05  5.9942E-05  5.3946E-05  4.0723E-05
       4.2648E-05  5.9098E-05  7.6348E-05  7.5490E-05  8.2261E-05  7.1091E-05  7.1399E-05  6.9864E-05  5.5624E-05  3.9825E-05
       4.1271E-05  5.3688E-05  6.6597E-05  7.3839E-05  7.9410E-05  7.0158E-05  6.8151E-05  6.7504E-05  5.7552E-05  4.2701E-05
       4.2710E-05  5.4749E-05  6.9891E-05  6.6534E-05  8.0421E-05  8.0068E-05  7.1667E-05  6.9048E-05  6.3723E-05  4.8662E-05
       4.0784E-05  5.5867E-05  6.2309E-05  6.5644E-05  7.8413E-05  7.5974E-05  6.3093E-05  6.4003E-05  5.5514E-05  4.7301E-05
       3.6026E-05  5.0960E-05  6.1613E-05  6.8557E-05  7.2230E-05  6.3320E-05  5.8293E-05  5.2699E-05  5.0299E-05  3.9485E-05
       3.5369E-05  4.6058E-05  4.8227E-05  5.0924E-05  5.4557E-05  5.1196E-05  4.8855E-05  4.7542E-05  4.0387E-05  3.3356E-05

      Percentage errors follow in a matrix A(ix,iy,iz), format (1(5x,1p,10(1x,e11.4)))

       2.9958E+00  3.2935E+00  2.4481E+00  2.8518E+00  2.6039E+00  3.4648E+00  2.2501E+00  2.6260E+00  1.7672E+00  2.1238E+00
       3.1709E+00  2.4825E+00  2.9018E+00  2.3707E+00  2.2183E+00  2.4146E+00  2.0992E+00  3.4281E+00  3.0072E+00  2.9559E+00
       2.4458E+00  3.5487E+00  2.0964E+00  2.3198E+00  2.0413E+00  2.1526E+00  2.6908E+00  2.2890E+00  3.4333E+00  2.8338E+00
       2.7602E+00  2.9298E+00  3.2394E+00  2.6807E+00  2.3251E+00  1.7027E+00  2.9035E+00  3.3065E+00  3.0081E+00  3.7219E+00
       2.5562E+00  3.1498E+00  2.5278E+00  2.0061E+00  2.0728E+00  2.6058E+00  2.8074E+00  2.7450E+00  2.8985E+00  2.7338E+00
       2.8681E+00  3.7417E+00  2.5803E+00  1.9809E+00  2.2395E+00  2.3270E+00  2.6088E+00  2.7195E+00  2.4028E+00  3.8161E+00
       2.8033E+00  2.5239E+00  2.5665E+00  1.8224E+00  2.6514E+00  1.7331E+00  3.0341E+00  2.1060E+00  3.1115E+00  2.0606E+00
       4.4137E+00  2.5842E+00  2.8048E+00  2.0842E+00  1.8189E+00  3.5574E+00  2.6781E+00  2.6948E+00  2.7407E+00  3.7684E+00
       3.4126E+00  2.2040E+00  1.9977E+00  2.3743E+00  2.6897E+00  3.0093E+00  2.9834E+00  2.1488E+00  3.0698E+00  3.7019E+00
       2.8072E+00  2.2342E+00  2.4978E+00  2.3770E+00  2.5950E+00  2.3317E+00  2.1304E+00  3.3916E+00  3.0777E+00  3.6278E+00
       3.3654E+00  3.9942E+00  2.4134E+00  3.2750E+00  3.4332E+00  3.0140E+00  2.5521E+00  2.8730E+00  2.7371E+00  3.6751E+00
       3.0699E+00  2.7167E+00  3.6767E+00  2.6615E+00  2.2138E+00  2.5272E+00  3.1961E+00  2.5456E+00  3.0550E+00  3.0985E+00
       3.6762E+00  3.8334E+00  2.5991E+00  2.0592E+00  3.0585E+00  2.0636E+00  3.0213E+00  3.7427E+00  3.2097E+00  3.5026E+00
       3.3901E+00  2.9458E+00  2.7176E+00  3.0696E+00  2.1508E+00  2.6413E+00  3.0476E+00  3.0852E+00  3.0176E+00  3.4043E+00
       2.7271E+00  3.0581E+00  2.4804E+00  2.4502E+00  2.3415E+00  2.8268E+00  2.5594E+00  3.8775E+00  2.5659E+00  4.1084E+00
       2.9379E+00  3.0801E+00  2.6049E+00  2.5168E+00  2.0153E+00  2.0972E+00  2.6595E+00  3.0508E+00  3.1174E+00  3.5039E+00
       3.2621E+00  2.7403E+00  2.5615E+00  2.2197E+00  2.9604E+00  2.5927E+00  3.0048E+00  2.9928E+00  2.5190E+00  3.0643E+00
       3.8296E+00  3.0105E+00  3.6290E+00  2.2248E+00  2.8168E+00  3.1864E+00  2.4313E+00  2.5683E+00  2.6071E+00  3.6996E+00
       3.7431E+00  2.8679E+00  2.6506E+00  3.0508E+00  2.2870E+00  3.1148E+00  2.9039E+00  2.5939E+00  2.7744E+00  3.7891E+00
       3.3651E+00  2.2029E+00  2.6973E+00  2.5244E+00  3.5230E+00  3.3175E+00  2.8033E+00  3.1656E+00  2.3412E+00  5.2926E+00
       4.8617E+00  4.5220E+00  2.2206E+00  4.2655E+00  3.6990E+00  3.3841E+00  2.7590E+00  3.9901E+00  2.9983E+00  5.8237E+00
       4.2383E+00  4.2698E+00  3.1760E+00  3.1224E+00  2.2944E+00  1.7849E+00  3.3080E+00  3.4402E+00  4.3452E+00  4.0687E+00
       4.2574E+00  2.5051E+00  2.9296E+00  3.7474E+00  1.8403E+00  2.4520E+00  2.2971E+00  3.3548E+00  4.2154E+00  3.2263E+00
       2.4453E+00  3.2240E+00  3.1769E+00  3.0882E+00  2.7232E+00  3.0756E+00  3.0242E+00  3.2886E+00  3.4236E+00  4.0336E+00
       3.8588E+00  3.6392E+00  2.6208E+00  2.7190E+00  2.3082E+00  3.7143E+00  3.7043E+00  3.0072E+00  3.4929E+00  4.8922E+00
       3.4794E+00  3.5965E+00  2.9552E+00  2.5240E+00  2.0501E+00  2.3422E+00  3.1362E+00  3.6004E+00  4.2423E+00  5.3506E+00
       3.5038E+00  3.4731E+00  2.8561E+00  2.8119E+00  3.1336E+00  3.2680E+00  2.9403E+00  3.1339E+00  3.2623E+00  3.3471E+00
       3.2799E+00  3.6576E+00  2.9981E+00  3.4087E+00  2.9387E+00  3.3512E+00  3.2819E+00  2.8160E+00  2.6125E+00  4.1412E+00
       3.9990E+00  3.0646E+00  2.2558E+00  4.5790E+00  3.1580E+00  3.1130E+00  2.9259E+00  2.2617E+00  2.9101E+00  3.8226E+00
       4.7077E+00  2.9129E+00  3.6360E+00  3.5983E+00  3.8688E+00  3.8571E+00  3.7204E+00  4.5575E+00  4.7395E+00  3.9642E+00
       4.5347E+00  4.1833E+00  3.5872E+00  4.0802E+00  3.1052E+00  3.0561E+00  3.6628E+00  4.0319E+00  3.7928E+00  4.8445E+00
       4.5814E+00  4.7181E+00  2.8328E+00  2.4147E+00  3.3621E+00  3.5553E+00  4.0262E+00  3.4019E+00  3.6360E+00  4.5971E+00
       4.9257E+00  4.8632E+00  4.1137E+00  3.5382E+00  2.8284E+00  2.6094E+00  3.3278E+00  4.8287E+00  3.9240E+00  3.3437E+00
       5.3264E+00  2.9484E+00  3.5609E+00  3.3927E+00  3.4971E+00  4.3022E+00  3.6215E+00  3.5470E+00  3.6676E+00  4.6755E+00
       5.1824E+00  4.2636E+00  2.3748E+00  3.1784E+00  3.3001E+00  3.6048E+00  2.7746E+00  3.4136E+00  3.3189E+00  3.0307E+00
       4.3018E+00  4.3510E+00  3.1882E+00  3.0749E+00  3.2875E+00  4.0081E+00  3.7178E+00  3.4011E+00  3.3208E+00  4.0406E+00
       3.9952E+00  4.5794E+00  2.8944E+00  3.3903E+00  2.8240E+00  2.7071E+00  2.7731E+00  3.4112E+00  3.2158E+00  3.4725E+00
       4.3377E+00  4.0885E+00  2.8814E+00  4.1928E+00  2.5379E+00  3.8357E+00  3.1134E+00  2.7600E+00  3.2199E+00  3.9132E+00
       4.2345E+00  3.2608E+00  3.0816E+00  4.3570E+00  2.8724E+00  3.0447E+00  3.0063E+00  2.6532E+00  3.6326E+00  3.9678E+00
       4.6003E+00  3.6614E+00  3.8165E+00  4.8537E+00  3.8041E+00  3.8141E+00  3.9424E+00  3.8567E+00  5.0669E+00  5.6931E+00
       5.9155E+00  5.8657E+00  5.3760E+00  4.8263E+00  4.3174E+00  3.9362E+00  2.6717E+00  5.1017E+00  4.6128E+00  4.6820E+00
       4.4320E+00  4.0626E+00  3.9701E+00  3.8668E+00  3.6269E+00  4.0117E+00  4.2420E+00  3.6632E+00  2.8021E+00  5.2193E+00
       3.5375E+00  4.2769E+00  3.2966E+00  4.0912E+00  2.7872E+00  3.7577E+00  4.3872E+00  3.6329E+00  4.4900E+00  4.8115E+00
       4.4751E+00  2.7170E+00  3.7787E+00  4.1604E+00  3.8167E+00  4.1403E+00  3.0743E+00  3.7534E+00  4.6210E+00  5.2217E+00
       5.6383E+00  4.5120E+00  4.0418E+00  3.3816E+00  4.0283E+00  3.6148E+00  4.3241E+00  4.4142E+00  4.1823E+00  4.9451E+00
       4.3755E+00  4.4257E+00  3.6409E+00  3.3201E+00  4.0865E+00  5.6227E+00  2.9750E+00  3.5173E+00  4.6123E+00  5.2564E+00
       3.5729E+00  3.2733E+00  3.8337E+00  4.1223E+00  3.7159E+00  4.5958E+00  3.0803E+00  2.8709E+00  4.5506E+00  5.1050E+00
       3.8485E+00  3.7439E+00  3.9666E+00  3.3880E+00  2.8139E+00  4.3144E+00  4.4749E+00  3.6758E+00  4.2141E+00  6.2756E+00
       5.4623E+00  5.2266E+00  3.8365E+00  4.3336E+00  3.9934E+00  3.8808E+00  2.9599E+00  4.4780E+00  3.9164E+00  4.1796E+00
       5.8180E+00  3.9780E+00  5.3628E+00  4.8855E+00  4.2031E+00  5.0936E+00  4.9433E+00  4.6937E+00  6.5611E+00  4.9651E+00
       6.0227E+00  5.9607E+00  6.6791E+00  5.1445E+00  4.0171E+00  5.2419E+00  3.9675E+00  5.6176E+00  4.9721E+00  7.4177E+00
       4.9081E+00  3.2233E+00  3.4260E+00  4.4136E+00  4.4565E+00  5.0279E+00  3.5340E+00  3.7795E+00  4.5110E+00  5.8810E+00
       4.0160E+00  4.9198E+00  4.7259E+00  4.6746E+00  4.1816E+00  4.1250E+00  3.2133E+00  4.3538E+00  4.2911E+00  6.2608E+00
       4.4542E+00  4.1246E+00  4.1786E+00  3.7819E+00  4.7568E+00  4.9594E+00  3.7416E+00  4.7057E+00  5.1895E+00  5.6665E+00
       6.6283E+00  4.8794E+00  5.0451E+00  3.8992E+00  4.3861E+00  3.9279E+00  4.9966E+00  5.2184E+00  4.9896E+00  5.7490E+00
       5.8737E+00  5.9945E+00  3.8847E+00  3.1413E+00  3.1992E+00  4.2668E+00  3.8012E+00  4.7897E+00  4.4436E+00  4.1916E+00
       4.6469E+00  5.7498E+00  4.9188E+00  3.0043E+00  3.0779E+00  4.4162E+00  3.0004E+00  4.0825E+00  5.8763E+00  5.0242E+00
       6.2437E+00  5.3252E+00  3.9057E+00  4.8436E+00  3.7805E+00  5.1525E+00  4.4680E+00  3.4423E+00  4.0669E+00  5.1338E+00
       5.7878E+00  5.3313E+00  5.0106E+00  4.9257E+00  3.5453E+00  4.4624E+00  3.5349E+00  4.6148E+00  6.4817E+00  4.2748E+00
       6.6205E+00  6.8720E+00  5.1567E+00  5.1555E+00  5.0812E+00  4.8883E+00  5.1167E+00  5.3139E+00  5.9403E+00  5.6779E+00
       7.6685E+00  7.8007E+00  6.0016E+00  6.4868E+00  5.4565E+00  5.3136E+00  4.0068E+00  7.1690E+00  5.7257E+00  7.5350E+00
       5.4916E+00  4.1112E+00  3.9896E+00  4.8786E+00  5.4064E+00  6.3064E+00  4.4280E+00  6.3627E+00  3.8011E+00  6.9062E+00
       6.3811E+00  4.5981E+00  5.4029E+00  5.2239E+00  3.9305E+00  3.6625E+00  4.4339E+00  4.3221E+00  6.0718E+00  7.0569E+00
       3.6594E+00  3.4203E+00  4.7633E+00  3.5188E+00  5.5650E+00  3.7213E+00  4.6373E+00  4.5427E+00  4.2751E+00  6.0500E+00
       5.9338E+00  6.5261E+00  4.2901E+00  3.7098E+00  4.5841E+00  4.4080E+00  5.0293E+00  7.1500E+00  5.9751E+00  7.2296E+00
       9.3691E+00  7.1706E+00  4.5357E+00  4.8638E+00  4.1511E+00  4.4867E+00  4.6111E+00  5.8838E+00  4.9147E+00  6.4253E+00
       7.7890E+00  5.6897E+00  3.7009E+00  5.0166E+00  4.0196E+00  5.8693E+00  5.9241E+00  3.7848E+00  5.3293E+00  5.4800E+00
       8.1591E+00  5.5963E+00  5.9165E+00  6.2015E+00  4.9723E+00  4.1568E+00  5.2633E+00  4.8258E+00  3.7573E+00  6.0061E+00
       1.0116E+01  7.3374E+00  5.2467E+00  6.1105E+00  4.6518E+00  4.6088E+00  4.1771E+00  5.3422E+00  3.9459E+00  4.6584E+00
       7.0381E+00  6.1509E+00  4.3191E+00  4.4700E+00  3.4754E+00  4.9393E+00  5.2372E+00  6.7573E+00  6.4353E+00  7.5013E+00
       6.2001E+00  9.0121E+00  5.4453E+00  4.6549E+00  6.6890E+00  6.3637E+00  8.7910E+00  7.8976E+00  7.3601E+00  7.3033E+00
       7.5768E+00  6.8780E+00  5.6500E+00  7.9211E+00  5.7365E+00  6.9992E+00  5.1796E+00  6.0476E+00  6.6527E+00  5.6013E+00
       8.3389E+00  5.4821E+00  6.5090E+00  4.6004E+00  5.6608E+00  5.2232E+00  5.5701E+00  6.0152E+00  4.8143E+00  7.0955E+00
       6.1275E+00  5.1478E+00  7.1622E+00  4.6526E+00  4.9017E+00  4.5350E+00  5.4820E+00  6.1535E+00  5.7907E+00  7.4219E+00
       7.6030E+00  5.5639E+00  5.1284E+00  6.3116E+00  4.5429E+00  5.9019E+00  5.3805E+00  6.3988E+00  5.9329E+00  7.6069E+00
       8.1333E+00  5.6483E+00  4.2063E+00  4.6037E+00  3.8196E+00  4.4960E+00  4.3294E+00  5.5412E+00  6.4989E+00  7.1565E+00
       5.7801E+00  4.8166E+00  3.9639E+00  5.3246E+00  3.8948E+00  5.4311E+00  6.5331E+00  6.0183E+00  5.6295E+00  6.1755E+00
       5.3667E+00  6.1576E+00  4.5255E+00  4.9854E+00  5.1957E+00  5.9865E+00  6.4802E+00  6.4210E+00  7.0271E+00  5.9388E+00
       7.8416E+00  8.3392E+00  4.9488E+00  6.5489E+00  4.9987E+00  6.0243E+00  5.1653E+00  5.8837E+00  4.9935E+00  7.4896E+00
       9.4111E+00  6.6421E+00  7.3089E+00  6.4701E+00  5.2247E+00  6.7619E+00  5.3916E+00  7.1430E+00  9.7197E+00  7.8704E+00
       7.7169E+00  1.0085E+01  8.1843E+00  9.0534E+00  7.6872E+00  7.4140E+00  7.0238E+00  7.0395E+00  7.2173E+00  6.7892E+00
       8.2436E+00  7.7333E+00  6.4063E+00  7.5627E+00  5.4935E+00  5.5452E+00  7.8296E+00  7.9006E+00  5.6531E+00  1.0078E+01
       8.4541E+00  6.0356E+00  8.4017E+00  6.6261E+00  6.3924E+00  6.0935E+00  8.3738E+00  6.8822E+00  7.6727E+00  6.6206E+00
       9.0641E+00  6.3178E+00  6.7191E+00  7.2445E+00  4.8318E+00  4.3174E+00  7.0012E+00  9.0954E+00  7.2419E+00  5.5694E+00
       6.5868E+00  7.3744E+00  5.9913E+00  4.0512E+00  5.9740E+00  6.0753E+00  5.7187E+00  8.1130E+00  5.2825E+00  6.9520E+00
       7.5803E+00  5.8611E+00  5.3968E+00  4.4119E+00  5.5903E+00  5.5322E+00  6.0697E+00  5.5619E+00  5.3649E+00  1.1048E+01
       7.3133E+00  5.8486E+00  5.7227E+00  4.6437E+00  4.8857E+00  5.6703E+00  5.3679E+00  5.0891E+00  7.4795E+00  7.9896E+00
       1.0589E+01  8.0710E+00  5.9848E+00  5.1580E+00  6.6148E+00  6.0218E+00  6.1530E+00  5.3710E+00  6.1771E+00  7.6078E+00
       9.1398E+00  7.8617E+00  8.3624E+00  5.7245E+00  6.2774E+00  6.7095E+00  7.1918E+00  7.9785E+00  8.0083E+00  9.0404E+00
       1.1255E+01  6.8621E+00  6.9500E+00  7.4527E+00  6.8114E+00  6.0611E+00  5.8929E+00  7.4019E+00  8.7794E+00  9.2271E+00
       8.8196E+00  9.9894E+00  9.0311E+00  8.1858E+00  6.7758E+00  6.7657E+00  8.1182E+00  7.4140E+00  7.5644E+00  7.5036E+00
       9.8452E+00  6.9783E+00  7.0740E+00  8.1574E+00  7.0754E+00  5.5264E+00  6.3226E+00  9.7463E+00  3.3340E+00  9.8605E+00
       9.6256E+00  6.2432E+00  9.4601E+00  6.9672E+00  5.6615E+00  6.5170E+00  6.5205E+00  7.9897E+00  7.1686E+00  7.9478E+00
       9.4600E+00  7.0849E+00  6.1434E+00  6.2536E+00  4.7624E+00  5.3642E+00  8.0624E+00  7.5301E+00  8.4897E+00  8.9172E+00
       7.6640E+00  7.3920E+00  7.3918E+00  5.2705E+00  5.4036E+00  7.2971E+00  7.0722E+00  7.1946E+00  1.0781E+01  8.4581E+00
       7.2529E+00  6.0353E+00  5.9191E+00  6.1500E+00  4.9959E+00  7.5167E+00  6.7447E+00  1.0300E+01  8.3730E+00  7.5425E+00
       9.8947E+00  8.1560E+00  6.2994E+00  6.4342E+00  6.7749E+00  7.4968E+00  5.4573E+00  7.2215E+00  5.3958E+00  8.6139E+00
       9.6109E+00  9.9803E+00  5.4815E+00  7.4159E+00  7.6377E+00  6.5730E+00  7.6402E+00  7.2660E+00  7.3104E+00  9.8780E+00
       7.5539E+00  7.5652E+00  9.5478E+00  7.4309E+00  7.7000E+00  6.7282E+00  8.6842E+00  7.1777E+00  9.1510E+00  9.3573E+00
       8.4045E+00  8.5417E+00  6.7860E+00  9.2652E+00  8.3531E+00  7.8278E+00  6.4610E+00  9.8164E+00  8.3757E+00  1.1490E+01
