1
   Cartesian binning n.   1  "DoseEq    " , generalized particle n.  240
      X coordinate: from -8.5000E+01 to  8.5000E+01 cm,    10 bins ( 1.7000E+01 cm wide)
      Y coordinate: from -2.5000E+01 to  2.5000E+01 cm,    10 bins ( 5.0000E+00 cm wide)
      Z coordinate: from  2.2500E+02 to  2.7500E+02 cm,    10 bins ( 5.0000E+00 cm wide)
      Data follow in a matrix A(ix,iy,iz), format (1(5x,1p,10(1x,e11.4)))

      accurate deposition along the tracks requested
      this is a track-length binning
       2.9947E-04  3.5767E-04  3.9792E-04  4.4513E-04  4.7207E-04  4.5920E-04  4.1870E-04  4.0383E-04  3.5052E-04  3.0394E-04
       3.4374E-04  4.1235E-04  4.6130E-04  5.2388E-04  5.4198E-04  5.3043E-04  5.0158E-04  4.7021E-04  4.3225E-04  3.5982E-04
       3.6316E-04  4.3678E-04  4.9565E-04  5.3669E-04  5.7858E-04  5.7731E-04  5.5198E-04  4.8695E-04  4.5993E-04  3.5289E-04
       3.7610E-04  4.7308E-04  5.1724E-04  5.6330E-04  5.9151E-04  5.7187E-04  5.6379E-04  5.1585E-04  4.4647E-04  3.7755E-04
       3.8087E-04  4.7878E-04  5.2721E-04  5.7302E-04  5.9916E-04  5.8081E-04  5.7340E-04  5.0866E-04  4.5768E-04  3.8808E-04
       3.8171E-04  4.5348E-04  5.3236E-04  5.5879E-04  5.8087E-04  5.9433E-04  5.6338E-04  5.0216E-04  4.2921E-04  3.8861E-04
       3.7531E-04  4.5347E-04  5.1261E-04  5.5276E-04  5.6771E-04  5.6276E-04  5.4787E-04  5.1871E-04  4.7860E-04  3.6072E-04
       3.5223E-04  4.6476E-04  4.9599E-04  5.5565E-04  5.8619E-04  5.4524E-04  5.2760E-04  5.2218E-04  4.5638E-04  3.6174E-04
       3.4861E-04  4.1945E-04  4.6512E-04  5.2894E-04  5.2707E-04  5.2515E-04  5.2599E-04  4.6424E-04  4.4220E-04  3.4292E-04
       2.9300E-04  3.7920E-04  4.0476E-04  4.6501E-04  4.7636E-04  4.7644E-04  4.4928E-04  4.0910E-04  3.6195E-04  2.9895E-04
       2.2899E-04  2.7780E-04  3.1881E-04  3.6511E-04  3.9320E-04  3.8520E-04  3.5622E-04  3.3200E-04  2.8682E-04  2.2667E-04
       2.9270E-04  3.4996E-04  3.8051E-04  4.5577E-04  4.8011E-04  4.5568E-04  4.1483E-04  4.1570E-04  3.7250E-04  2.8508E-04
       3.1724E-04  4.0411E-04  4.3981E-04  4.7324E-04  5.2683E-04  5.1547E-04  4.6943E-04  4.5368E-04  4.0441E-04  2.9609E-04
       3.2884E-04  4.2557E-04  4.7206E-04  4.9601E-04  5.4080E-04  5.2783E-04  5.2249E-04  4.6431E-04  3.9656E-04  3.1141E-04
       3.0805E-04  4.2997E-04  4.9474E-04  5.2495E-04  5.4625E-04  5.1490E-04  5.2681E-04  4.6612E-04  4.0004E-04  2.9824E-04
       3.2127E-04  4.0299E-04  5.0418E-04  5.0309E-04  5.3562E-04  5.2780E-04  5.1621E-04  4.7261E-04  3.9811E-04  3.0614E-04
       3.0269E-04  4.1677E-04  4.3906E-04  5.0459E-04  5.3981E-04  5.1979E-04  5.1295E-04  4.4900E-04  3.9739E-04  2.9787E-04
       2.9957E-04  4.0464E-04  4.1205E-04  4.8277E-04  5.1223E-04  5.1084E-04  4.8295E-04  4.6288E-04  3.9217E-04  3.0735E-04
       2.7167E-04  3.5895E-04  3.9915E-04  4.5274E-04  4.5037E-04  4.7630E-04  4.5807E-04  4.1681E-04  3.7554E-04  2.7149E-04
       2.2803E-04  2.9921E-04  3.2502E-04  3.8312E-04  3.7946E-04  3.8423E-04  3.6042E-04  3.2805E-04  2.9567E-04  2.1776E-04
       1.7522E-04  2.1626E-04  2.4556E-04  2.7125E-04  2.9883E-04  2.8839E-04  2.8057E-04  2.5054E-04  2.2436E-04  1.7106E-04
       2.2877E-04  2.7221E-04  3.1475E-04  3.5769E-04  4.0181E-04  3.7297E-04  3.4816E-04  3.2576E-04  2.8335E-04  2.2085E-04
       2.5091E-04  3.1581E-04  3.6364E-04  3.9531E-04  4.2467E-04  4.1198E-04  4.0354E-04  3.5243E-04  3.0398E-04  2.2384E-04
       2.3694E-04  3.4879E-04  4.0204E-04  4.2164E-04  4.3888E-04  4.4100E-04  4.1779E-04  3.8762E-04  3.1397E-04  2.3325E-04
       2.3901E-04  3.7061E-04  4.0256E-04  4.3177E-04  4.4922E-04  4.3165E-04  4.4084E-04  3.8653E-04  3.3171E-04  2.4651E-04
       2.3977E-04  3.2905E-04  4.1955E-04  4.1297E-04  4.4823E-04  4.3160E-04  4.2514E-04  3.8466E-04  3.3852E-04  2.4197E-04
       2.3133E-04  3.2788E-04  3.6818E-04  4.0429E-04  4.3380E-04  4.0574E-04  4.1823E-04  3.5860E-04  3.2857E-04  2.3885E-04
       2.4146E-04  3.2136E-04  3.5620E-04  3.9694E-04  4.1503E-04  4.0334E-04  3.9187E-04  3.6289E-04  3.0994E-04  2.2993E-04
       2.0901E-04  2.9196E-04  3.2939E-04  3.5586E-04  3.5426E-04  3.6912E-04  3.4737E-04  3.1566E-04  2.7714E-04  1.9344E-04
       1.7016E-04  2.3727E-04  2.3622E-04  2.8278E-04  2.9388E-04  2.8790E-04  2.9021E-04  2.4354E-04  2.1934E-04  1.7271E-04
       1.2975E-04  1.5868E-04  1.9065E-04  2.0320E-04  2.4230E-04  2.2715E-04  2.2118E-04  1.9300E-04  1.6762E-04  1.2921E-04
       1.6545E-04  2.1908E-04  2.4726E-04  2.7999E-04  3.1744E-04  2.9185E-04  2.7096E-04  2.4238E-04  2.0743E-04  1.6657E-04
       1.8780E-04  2.4275E-04  2.8072E-04  3.0840E-04  3.3438E-04  3.2100E-04  3.2240E-04  2.7103E-04  2.4449E-04  1.7863E-04
       1.7188E-04  2.6900E-04  3.1185E-04  3.4742E-04  3.5252E-04  3.4303E-04  3.4049E-04  2.8305E-04  2.5440E-04  1.9396E-04
       1.7782E-04  2.6767E-04  3.2708E-04  3.5211E-04  3.7193E-04  3.5035E-04  3.6120E-04  3.1211E-04  2.5934E-04  1.9000E-04
       1.8356E-04  2.6521E-04  3.1444E-04  3.6257E-04  3.6992E-04  3.6107E-04  3.4025E-04  3.0665E-04  2.6136E-04  1.9585E-04
       1.9443E-04  2.6578E-04  3.0383E-04  3.2539E-04  3.6826E-04  3.3654E-04  3.2367E-04  2.8090E-04  2.5975E-04  1.9698E-04
       1.7259E-04  2.5936E-04  2.7618E-04  3.0746E-04  3.2463E-04  3.2759E-04  3.0416E-04  2.7827E-04  2.4550E-04  1.7466E-04
       1.5828E-04  2.1660E-04  2.4315E-04  2.6045E-04  2.6878E-04  2.8978E-04  2.6383E-04  2.5110E-04  2.2565E-04  1.5630E-04
       1.2848E-04  1.6293E-04  1.8924E-04  2.2843E-04  2.1826E-04  2.1849E-04  2.2458E-04  1.9110E-04  1.6378E-04  1.3886E-04
       9.7539E-05  1.1931E-04  1.4136E-04  1.7005E-04  1.7543E-04  1.7936E-04  1.5765E-04  1.4269E-04  1.3530E-04  9.2220E-05
       1.1867E-04  1.6729E-04  1.8683E-04  2.2549E-04  2.4788E-04  2.2499E-04  2.1417E-04  1.8552E-04  1.6553E-04  1.2609E-04
       1.2654E-04  1.9155E-04  2.1552E-04  2.5312E-04  2.7042E-04  2.4657E-04  2.5842E-04  2.1357E-04  1.9458E-04  1.3777E-04
       1.4220E-04  2.0450E-04  2.4888E-04  2.6790E-04  2.8115E-04  2.5435E-04  2.6250E-04  2.2372E-04  2.0250E-04  1.4916E-04
       1.4039E-04  2.0532E-04  2.4774E-04  2.6366E-04  2.9192E-04  2.7158E-04  2.7131E-04  2.3988E-04  2.0718E-04  1.6167E-04
       1.5200E-04  2.1083E-04  2.4604E-04  2.8984E-04  2.7773E-04  2.7543E-04  2.6026E-04  2.4199E-04  1.8420E-04  1.5370E-04
       1.5143E-04  2.2338E-04  2.3735E-04  2.6566E-04  2.9416E-04  2.6209E-04  2.5105E-04  2.2196E-04  1.9621E-04  1.5231E-04
       1.4080E-04  2.0237E-04  2.3326E-04  2.5528E-04  2.5145E-04  2.6742E-04  2.3622E-04  2.2027E-04  1.9355E-04  1.4854E-04
       1.2419E-04  1.8041E-04  1.8790E-04  2.2242E-04  2.2046E-04  2.2837E-04  2.2617E-04  1.8813E-04  1.6754E-04  1.2411E-04
       9.1961E-05  1.1893E-04  1.4589E-04  1.7045E-04  1.6989E-04  1.7355E-04  1.6557E-04  1.4533E-04  1.2740E-04  1.0598E-04
       7.0862E-05  9.4975E-05  1.1090E-04  1.3829E-04  1.2857E-04  1.3334E-04  1.2938E-04  1.1249E-04  1.0826E-04  7.5188E-05
       9.5543E-05  1.2581E-04  1.4547E-04  1.7202E-04  1.7261E-04  1.6361E-04  1.7172E-04  1.5145E-04  1.3421E-04  1.0114E-04
       1.0542E-04  1.3475E-04  1.7547E-04  1.9879E-04  2.0675E-04  1.8806E-04  1.8910E-04  1.7773E-04  1.4815E-04  1.1376E-04
       1.1671E-04  1.4824E-04  1.9228E-04  2.0679E-04  2.1276E-04  1.8397E-04  2.1247E-04  1.8035E-04  1.5485E-04  1.2411E-04
       1.1016E-04  1.4743E-04  1.8620E-04  2.0226E-04  2.3293E-04  2.0520E-04  2.1569E-04  1.8322E-04  1.6492E-04  1.3427E-04
       1.2169E-04  1.5272E-04  1.9475E-04  2.1340E-04  2.2739E-04  2.0480E-04  2.0816E-04  1.9588E-04  1.6016E-04  1.1717E-04
       1.1738E-04  1.6643E-04  1.8792E-04  2.0942E-04  2.2356E-04  2.1700E-04  1.9322E-04  1.7455E-04  1.6401E-04  1.1952E-04
       1.0282E-04  1.4486E-04  1.7665E-04  1.9055E-04  2.1467E-04  2.0867E-04  1.9119E-04  1.5005E-04  1.5382E-04  1.1704E-04
       1.0486E-04  1.3942E-04  1.4987E-04  1.6784E-04  1.8281E-04  1.8851E-04  1.7527E-04  1.4550E-04  1.2193E-04  1.0165E-04
       7.3659E-05  1.0469E-04  1.0993E-04  1.2729E-04  1.3421E-04  1.4213E-04  1.2772E-04  1.0987E-04  9.4425E-05  8.2331E-05
       5.7282E-05  7.4475E-05  9.0131E-05  1.1061E-04  9.3959E-05  1.0094E-04  1.0707E-04  8.8077E-05  7.7043E-05  6.3988E-05
       8.1365E-05  9.7704E-05  1.1759E-04  1.4237E-04  1.3557E-04  1.2461E-04  1.3693E-04  1.2076E-04  1.0776E-04  8.7238E-05
       9.1302E-05  1.0686E-04  1.3673E-04  1.5908E-04  1.6037E-04  1.4243E-04  1.4407E-04  1.3356E-04  1.3098E-04  1.0366E-04
       9.4968E-05  1.1141E-04  1.3957E-04  1.6395E-04  1.7183E-04  1.5594E-04  1.5905E-04  1.3063E-04  1.2618E-04  9.5775E-05
       9.8342E-05  1.0509E-04  1.4324E-04  1.7451E-04  1.8534E-04  1.6022E-04  1.6761E-04  1.3977E-04  1.2063E-04  9.7914E-05
       9.4506E-05  1.1514E-04  1.5294E-04  1.7601E-04  1.8478E-04  1.6665E-04  1.5194E-04  1.5202E-04  1.2146E-04  8.3400E-05
       9.3902E-05  1.2277E-04  1.5077E-04  1.4293E-04  1.7725E-04  1.6864E-04  1.6400E-04  1.2736E-04  1.2141E-04  9.3904E-05
       8.0037E-05  1.0895E-04  1.4156E-04  1.5206E-04  1.7074E-04  1.5935E-04  1.4955E-04  1.3287E-04  1.2071E-04  8.9578E-05
       7.0382E-05  1.0074E-04  1.1662E-04  1.3247E-04  1.4247E-04  1.5384E-04  1.3759E-04  1.1398E-04  1.0427E-04  7.9771E-05
       6.6649E-05  8.2380E-05  8.9620E-05  9.9824E-05  1.0463E-04  1.1826E-04  9.8859E-05  8.8000E-05  8.2658E-05  6.7885E-05
       5.0573E-05  6.4072E-05  7.0021E-05  8.7688E-05  8.2499E-05  8.4885E-05  8.9278E-05  6.9632E-05  6.8318E-05  5.1618E-05
       6.5786E-05  7.0594E-05  9.1461E-05  9.9147E-05  9.8463E-05  1.0378E-04  1.0109E-04  8.8984E-05  7.9217E-05  6.2780E-05
       7.2335E-05  8.7102E-05  1.0862E-04  1.1232E-04  1.2189E-04  1.1490E-04  1.0434E-04  9.0076E-05  8.3398E-05  6.5524E-05
       7.1161E-05  8.5830E-05  1.1822E-04  1.2315E-04  1.4197E-04  1.1830E-04  1.2229E-04  1.0004E-04  8.8576E-05  6.6682E-05
       8.3379E-05  9.1533E-05  1.1005E-04  1.3502E-04  1.4403E-04  1.2920E-04  1.2035E-04  1.0733E-04  9.6949E-05  6.7865E-05
       7.8932E-05  8.4754E-05  1.0618E-04  1.2827E-04  1.3985E-04  1.3832E-04  1.1970E-04  1.1897E-04  9.2565E-05  6.5165E-05
       7.5344E-05  9.4937E-05  1.0734E-04  1.2018E-04  1.2870E-04  1.2432E-04  1.1733E-04  1.1435E-04  9.5114E-05  7.2265E-05
       6.7183E-05  8.4754E-05  1.0305E-04  1.0852E-04  1.2980E-04  1.2336E-04  1.2089E-04  1.0501E-04  9.2072E-05  7.3035E-05
       5.2595E-05  7.6183E-05  9.5569E-05  1.0866E-04  1.1095E-04  1.0404E-04  1.1185E-04  9.5330E-05  7.7260E-05  5.7973E-05
       5.4063E-05  5.8362E-05  7.5676E-05  7.5447E-05  7.6548E-05  8.8593E-05  8.5654E-05  7.1593E-05  6.1780E-05  5.6098E-05
       4.0166E-05  6.2456E-05  6.5583E-05  7.1354E-05  6.4923E-05  7.1029E-05  7.1083E-05  5.5921E-05  5.2517E-05  4.7301E-05
       4.5774E-05  6.5782E-05  8.3229E-05  8.6248E-05  8.4398E-05  7.9566E-05  7.9456E-05  6.6968E-05  5.8668E-05  5.2429E-05
       6.0149E-05  7.1632E-05  8.3036E-05  8.3227E-05  9.0373E-05  8.3829E-05  8.7933E-05  7.1561E-05  6.1918E-05  5.4150E-05
       6.1107E-05  6.7593E-05  9.1584E-05  8.6891E-05  1.0461E-04  9.5928E-05  9.1223E-05  8.2064E-05  7.0625E-05  5.8950E-05
       5.4346E-05  7.7989E-05  9.2479E-05  9.6340E-05  1.1146E-04  1.0887E-04  1.0271E-04  8.8840E-05  6.8361E-05  4.9603E-05
       5.6999E-05  6.8404E-05  9.3675E-05  1.0045E-04  9.9452E-05  1.0030E-04  1.0230E-04  9.9066E-05  7.0278E-05  5.4263E-05
       5.6230E-05  7.1354E-05  8.6815E-05  9.8602E-05  9.9367E-05  1.0636E-04  1.0933E-04  8.6363E-05  6.6953E-05  5.0668E-05
       5.3044E-05  6.2556E-05  8.1874E-05  9.1393E-05  9.1258E-05  1.0492E-04  8.9470E-05  8.1106E-05  6.4714E-05  4.8266E-05
       5.4858E-05  6.1390E-05  6.2849E-05  8.6497E-05  7.9638E-05  8.8228E-05  7.8494E-05  7.2463E-05  5.4870E-05  4.0127E-05
       4.6051E-05  5.1857E-05  5.8463E-05  5.9960E-05  6.2380E-05  7.4908E-05  6.8528E-05  5.2990E-05  5.2614E-05  4.2090E-05
       4.1753E-05  4.6947E-05  5.1796E-05  5.2727E-05  5.2842E-05  5.8615E-05  5.4396E-05  5.2399E-05  4.4473E-05  3.9656E-05
       4.4441E-05  4.9590E-05  5.6696E-05  5.9198E-05  7.0079E-05  6.0960E-05  5.9787E-05  5.2688E-05  4.4467E-05  4.8089E-05
       4.7735E-05  5.2231E-05  5.9179E-05  6.2729E-05  6.7801E-05  6.4995E-05  6.4666E-05  5.3557E-05  5.1196E-05  4.6063E-05
       5.3506E-05  5.8146E-05  6.6069E-05  7.3303E-05  8.2073E-05  6.7426E-05  7.1228E-05  5.4112E-05  5.4871E-05  4.8312E-05
       5.1198E-05  5.7762E-05  8.1309E-05  6.6087E-05  8.1285E-05  7.4702E-05  7.4445E-05  6.6792E-05  5.9289E-05  4.2419E-05
       5.0998E-05  5.5567E-05  7.0831E-05  7.5134E-05  6.6095E-05  7.5171E-05  7.0670E-05  7.1755E-05  5.4879E-05  4.3158E-05
       4.2216E-05  5.4215E-05  5.3823E-05  6.9995E-05  7.2987E-05  7.8480E-05  7.6063E-05  6.1219E-05  5.3029E-05  4.2245E-05
       4.2589E-05  4.9921E-05  6.7589E-05  6.9434E-05  8.0069E-05  7.5597E-05  7.1440E-05  6.2544E-05  5.6590E-05  3.8785E-05
       4.8834E-05  4.0255E-05  5.6998E-05  6.2236E-05  5.8801E-05  6.6605E-05  6.2763E-05  5.9941E-05  5.1950E-05  3.8986E-05
       3.9142E-05  4.4507E-05  4.8512E-05  5.6452E-05  5.7887E-05  5.7580E-05  5.0585E-05  4.7998E-05  4.3836E-05  3.8234E-05

      Percentage errors follow in a matrix A(ix,iy,iz), format (1(5x,1p,10(1x,e11.4)))

       2.6965E+00  3.4792E+00  2.9883E+00  2.5950E+00  3.0873E+00  3.1082E+00  2.7089E+00  3.0576E+00  3.0570E+00  3.8272E+00
       4.0621E+00  3.3494E+00  2.6011E+00  3.0696E+00  2.3545E+00  3.1042E+00  2.0758E+00  2.6475E+00  2.8089E+00  3.2087E+00
       3.5153E+00  2.9665E+00  2.4837E+00  2.4127E+00  2.2745E+00  2.6306E+00  3.0665E+00  2.4662E+00  3.1098E+00  3.0224E+00
       3.0137E+00  2.6471E+00  2.9357E+00  3.0539E+00  2.3438E+00  2.6560E+00  1.6389E+00  1.7779E+00  2.3933E+00  2.8701E+00
       2.8838E+00  3.1064E+00  2.1215E+00  2.1674E+00  1.6004E+00  3.1350E+00  2.1307E+00  2.4667E+00  2.1191E+00  3.2206E+00
       3.1566E+00  2.6347E+00  2.7523E+00  2.3715E+00  2.4385E+00  1.8974E+00  2.8777E+00  2.1131E+00  2.3213E+00  3.2377E+00
       3.0673E+00  2.3330E+00  2.3454E+00  2.7543E+00  2.1896E+00  2.0343E+00  2.7004E+00  2.6704E+00  2.5304E+00  3.4144E+00
       2.3386E+00  3.3742E+00  3.3759E+00  3.0840E+00  2.1765E+00  2.9693E+00  2.2728E+00  2.4978E+00  2.6234E+00  2.0506E+00
       3.8129E+00  2.2367E+00  2.6896E+00  2.4003E+00  2.0844E+00  2.5728E+00  2.2201E+00  2.4419E+00  2.2409E+00  2.4901E+00
       3.9369E+00  2.0567E+00  2.4728E+00  2.1014E+00  2.9409E+00  2.7103E+00  2.7473E+00  3.0347E+00  3.0616E+00  2.9599E+00
       3.9924E+00  4.8546E+00  3.3070E+00  3.5723E+00  2.9033E+00  2.6763E+00  3.0652E+00  2.7093E+00  4.5470E+00  4.2808E+00
       3.1143E+00  3.0726E+00  2.9578E+00  2.7996E+00  3.0935E+00  3.1320E+00  2.8491E+00  2.9107E+00  3.1723E+00  4.8140E+00
       4.9358E+00  2.9130E+00  2.8492E+00  2.6056E+00  2.3740E+00  2.4782E+00  2.5037E+00  2.1688E+00  3.4278E+00  2.6337E+00
       3.2938E+00  3.1041E+00  3.3854E+00  2.6182E+00  3.4111E+00  2.2144E+00  3.0596E+00  2.1481E+00  3.3780E+00  2.8287E+00
       3.5476E+00  2.3569E+00  2.9209E+00  2.3715E+00  2.6690E+00  2.9168E+00  2.5656E+00  2.2078E+00  2.1660E+00  3.2871E+00
       3.7974E+00  2.7757E+00  3.0319E+00  2.3419E+00  2.1088E+00  2.1236E+00  2.4348E+00  3.4850E+00  2.3135E+00  3.4855E+00
       3.3841E+00  2.7550E+00  3.2923E+00  2.8795E+00  2.6902E+00  1.7196E+00  3.1398E+00  2.8998E+00  3.1642E+00  3.3354E+00
       3.1259E+00  2.7537E+00  3.0540E+00  3.0589E+00  2.4105E+00  3.0199E+00  2.1045E+00  2.6628E+00  3.2760E+00  3.4269E+00
       3.2878E+00  3.2415E+00  2.5430E+00  2.5412E+00  2.7653E+00  2.1271E+00  3.5955E+00  2.0725E+00  3.2112E+00  3.6767E+00
       4.7502E+00  3.0486E+00  3.1360E+00  2.9037E+00  2.2809E+00  2.8178E+00  2.9530E+00  3.5591E+00  3.0388E+00  3.6132E+00
       5.0201E+00  3.4282E+00  3.2558E+00  3.6933E+00  3.8473E+00  2.9757E+00  3.2012E+00  3.7047E+00  3.8706E+00  4.8632E+00
       4.7149E+00  3.3930E+00  3.5488E+00  3.1620E+00  2.8408E+00  2.9336E+00  3.8033E+00  2.8272E+00  3.0641E+00  3.7601E+00
       3.6354E+00  4.4368E+00  3.1937E+00  2.9331E+00  2.7637E+00  3.0574E+00  3.6191E+00  4.1036E+00  4.4206E+00  4.3143E+00
       3.3232E+00  3.7527E+00  3.3742E+00  3.2739E+00  2.6698E+00  2.9606E+00  2.6130E+00  3.7872E+00  3.9964E+00  4.4379E+00
       4.2910E+00  3.1901E+00  2.6813E+00  2.7371E+00  3.3000E+00  3.1781E+00  2.4641E+00  2.9316E+00  3.1129E+00  4.0034E+00
       4.0154E+00  3.1437E+00  3.2769E+00  3.0912E+00  1.8520E+00  3.6142E+00  3.0330E+00  3.4590E+00  2.1682E+00  4.0148E+00
       3.9676E+00  3.2777E+00  3.0782E+00  3.5434E+00  2.9640E+00  2.3235E+00  3.1935E+00  2.8907E+00  2.8225E+00  4.7972E+00
       4.8278E+00  3.6414E+00  3.2611E+00  2.9306E+00  2.7055E+00  3.2869E+00  2.8913E+00  2.8637E+00  3.3192E+00  3.6407E+00
       5.1033E+00  4.4740E+00  2.8379E+00  3.6948E+00  3.4535E+00  1.9852E+00  2.9670E+00  3.1362E+00  3.3203E+00  5.1069E+00
       4.3015E+00  4.0848E+00  3.5411E+00  3.8959E+00  4.1789E+00  3.0310E+00  2.8458E+00  2.8454E+00  3.9938E+00  3.9201E+00
       5.2480E+00  4.6778E+00  4.1022E+00  4.2317E+00  4.4983E+00  3.2726E+00  2.8681E+00  5.3235E+00  4.0254E+00  4.6152E+00
       4.3626E+00  3.4635E+00  4.6555E+00  3.3306E+00  3.6971E+00  3.3189E+00  3.0588E+00  4.4900E+00  4.2127E+00  4.2245E+00
       4.8896E+00  4.7611E+00  2.9747E+00  3.4766E+00  2.5810E+00  3.5427E+00  3.4940E+00  3.3004E+00  3.7305E+00  4.3966E+00
       4.0572E+00  3.0055E+00  3.9414E+00  3.1433E+00  3.4689E+00  2.5382E+00  3.0682E+00  3.2126E+00  4.6183E+00  4.0567E+00
       4.3262E+00  3.7845E+00  3.1257E+00  3.1270E+00  2.9805E+00  3.1676E+00  4.5339E+00  3.6880E+00  2.9169E+00  3.0295E+00
       5.9050E+00  4.1420E+00  3.2081E+00  4.3651E+00  2.7686E+00  2.5830E+00  2.8674E+00  3.1707E+00  2.7692E+00  3.4116E+00
       4.3032E+00  2.7486E+00  3.7177E+00  3.3777E+00  3.2818E+00  2.7609E+00  2.4679E+00  3.5973E+00  4.3753E+00  4.4923E+00
       3.7053E+00  3.3012E+00  4.0340E+00  3.3524E+00  3.0048E+00  2.9782E+00  3.5779E+00  3.5033E+00  3.4156E+00  5.0041E+00
       3.9963E+00  3.4179E+00  2.8150E+00  3.8050E+00  2.8414E+00  3.1737E+00  3.7069E+00  3.5072E+00  4.5209E+00  6.3625E+00
       4.5153E+00  3.6867E+00  4.5665E+00  3.9678E+00  3.4947E+00  4.1933E+00  3.4932E+00  3.7234E+00  3.7649E+00  6.2302E+00
       6.0584E+00  5.7184E+00  4.6170E+00  4.4797E+00  5.7139E+00  6.3624E+00  3.8224E+00  5.4343E+00  4.0278E+00  4.8986E+00
       4.4940E+00  5.0381E+00  4.6905E+00  5.2076E+00  4.0305E+00  4.8777E+00  3.9624E+00  4.3112E+00  5.3444E+00  3.5405E+00
       6.8650E+00  4.0815E+00  4.6398E+00  4.2131E+00  2.8109E+00  4.1112E+00  3.1468E+00  3.8272E+00  5.1977E+00  6.3630E+00
       3.5251E+00  4.0586E+00  3.5454E+00  2.9778E+00  3.1651E+00  3.9946E+00  3.7893E+00  2.5389E+00  3.9040E+00  5.4044E+00
       4.5185E+00  5.1932E+00  3.8848E+00  3.4390E+00  3.9863E+00  2.7859E+00  4.9807E+00  4.1134E+00  5.0417E+00  5.3396E+00
       6.0143E+00  5.2681E+00  5.0580E+00  3.9229E+00  3.3464E+00  2.8953E+00  4.3204E+00  4.1815E+00  3.8375E+00  6.0308E+00
       5.6036E+00  4.2531E+00  3.9663E+00  4.1369E+00  2.6172E+00  3.6204E+00  3.6697E+00  4.8954E+00  4.5636E+00  7.2867E+00
       4.5156E+00  4.1470E+00  4.0243E+00  2.3369E+00  4.8174E+00  4.1533E+00  4.5715E+00  4.4514E+00  3.5841E+00  4.7754E+00
       6.9589E+00  5.0598E+00  3.5956E+00  3.3788E+00  3.9555E+00  4.4956E+00  3.5771E+00  3.8655E+00  4.9657E+00  5.0562E+00
       5.1395E+00  5.4682E+00  4.3272E+00  4.6702E+00  4.5050E+00  4.2006E+00  4.1949E+00  4.0634E+00  4.7276E+00  5.5977E+00
       6.5086E+00  4.8462E+00  4.8944E+00  6.3016E+00  4.0010E+00  5.8727E+00  5.3640E+00  4.1738E+00  5.3768E+00  7.4179E+00
       5.6906E+00  5.6431E+00  3.3628E+00  5.3316E+00  3.8865E+00  5.4883E+00  4.3309E+00  4.7719E+00  4.6981E+00  5.3052E+00
       6.2864E+00  4.1182E+00  4.6448E+00  4.7124E+00  3.6993E+00  5.2043E+00  3.1456E+00  3.7028E+00  3.5860E+00  4.4712E+00
       3.8502E+00  5.8042E+00  5.0955E+00  3.9593E+00  3.5999E+00  5.6544E+00  5.0437E+00  4.7695E+00  4.8804E+00  5.6883E+00
       6.0295E+00  6.7500E+00  4.2369E+00  4.1566E+00  3.8286E+00  2.8357E+00  4.5252E+00  4.9052E+00  6.2076E+00  5.4017E+00
       4.9435E+00  4.2222E+00  4.2909E+00  3.7689E+00  3.9714E+00  3.5274E+00  5.1105E+00  3.6452E+00  4.6622E+00  5.3353E+00
       4.7120E+00  4.6348E+00  4.6026E+00  3.1125E+00  3.0567E+00  3.9230E+00  3.8674E+00  5.9975E+00  5.3752E+00  6.6586E+00
       5.5554E+00  5.0186E+00  3.1648E+00  3.2705E+00  4.5127E+00  5.7089E+00  5.1500E+00  5.8484E+00  4.7538E+00  6.5353E+00
       6.7869E+00  3.5437E+00  4.9626E+00  4.3147E+00  4.0928E+00  5.1606E+00  3.3724E+00  5.4989E+00  3.7393E+00  5.9956E+00
       7.2373E+00  4.7535E+00  3.9259E+00  5.5989E+00  4.9182E+00  4.5070E+00  5.5282E+00  5.3634E+00  5.3537E+00  4.6396E+00
       5.7807E+00  7.3179E+00  5.7087E+00  3.9011E+00  4.8533E+00  4.6261E+00  5.5429E+00  5.1509E+00  7.5752E+00  7.4628E+00
       6.6126E+00  4.9448E+00  6.2104E+00  4.6136E+00  5.1755E+00  5.9948E+00  3.7281E+00  5.1006E+00  4.7542E+00  8.8539E+00
       5.9572E+00  5.9556E+00  5.7661E+00  5.3370E+00  4.3586E+00  5.2155E+00  5.1617E+00  5.4192E+00  4.3691E+00  7.4759E+00
       5.9731E+00  5.2263E+00  4.9797E+00  4.0406E+00  4.1851E+00  5.3635E+00  5.8449E+00  5.0503E+00  5.9309E+00  7.1547E+00
       4.7663E+00  6.2538E+00  5.9192E+00  4.7419E+00  4.3387E+00  3.3385E+00  4.3153E+00  4.9075E+00  5.7402E+00  6.3809E+00
       4.4853E+00  6.6958E+00  4.9765E+00  3.0780E+00  5.2659E+00  4.8134E+00  3.5853E+00  3.6716E+00  4.4935E+00  7.4616E+00
       6.4684E+00  4.0409E+00  3.6075E+00  3.2758E+00  5.3593E+00  4.2991E+00  3.2147E+00  6.0642E+00  4.6709E+00  5.2269E+00
       6.6848E+00  4.4213E+00  3.5703E+00  5.1530E+00  5.4681E+00  6.0465E+00  4.8442E+00  5.9883E+00  5.5829E+00  7.1509E+00
       7.7317E+00  6.0756E+00  4.8794E+00  6.6897E+00  4.2535E+00  4.3545E+00  4.9427E+00  5.1424E+00  4.1055E+00  6.4066E+00
       6.2657E+00  5.6973E+00  6.0920E+00  6.0871E+00  3.9997E+00  4.6594E+00  6.3065E+00  4.5655E+00  3.4128E+00  8.7503E+00
       6.5180E+00  6.6445E+00  6.3350E+00  5.7316E+00  5.2604E+00  6.7514E+00  7.6226E+00  6.0095E+00  7.6884E+00  8.6160E+00
       7.4198E+00  6.8973E+00  5.1609E+00  3.9864E+00  4.9184E+00  6.3997E+00  4.3728E+00  5.9671E+00  5.3164E+00  6.9598E+00
       6.2521E+00  6.5808E+00  5.8402E+00  6.7044E+00  5.2118E+00  5.5627E+00  6.9459E+00  6.2223E+00  6.7156E+00  6.9143E+00
       5.5122E+00  5.9794E+00  5.5350E+00  4.4116E+00  4.2710E+00  4.9011E+00  5.5742E+00  4.5722E+00  7.7472E+00  6.6735E+00
       6.4430E+00  5.4276E+00  4.9934E+00  4.6913E+00  6.0326E+00  5.0080E+00  5.5812E+00  3.7917E+00  5.2892E+00  5.6710E+00
       6.4982E+00  5.8760E+00  5.4466E+00  4.8677E+00  6.3271E+00  5.0193E+00  5.1900E+00  4.6353E+00  5.4790E+00  6.9866E+00
       6.6670E+00  5.4649E+00  5.4017E+00  3.9281E+00  4.0161E+00  5.8972E+00  6.6363E+00  6.5033E+00  4.9688E+00  5.6664E+00
       7.5138E+00  5.3043E+00  4.6749E+00  5.2162E+00  4.6159E+00  4.1434E+00  5.8856E+00  5.5256E+00  4.6183E+00  8.2875E+00
       7.7350E+00  6.0314E+00  7.7496E+00  6.0127E+00  3.6348E+00  4.5169E+00  5.6786E+00  6.1718E+00  7.6980E+00  6.6207E+00
       6.7463E+00  6.9344E+00  4.5277E+00  8.1872E+00  4.4554E+00  6.6573E+00  5.8427E+00  6.0627E+00  7.1535E+00  6.9059E+00
       1.0981E+01  6.8283E+00  4.9223E+00  6.1573E+00  8.4847E+00  5.2752E+00  5.4505E+00  8.4104E+00  8.4108E+00  7.7374E+00
       1.0501E+01  6.8255E+00  4.3522E+00  5.1892E+00  7.2780E+00  5.4617E+00  7.2422E+00  7.6720E+00  7.5560E+00  8.0675E+00
       6.8066E+00  7.5506E+00  4.9245E+00  5.6310E+00  6.7291E+00  5.5691E+00  6.7611E+00  6.3731E+00  5.4849E+00  7.5591E+00
       8.1161E+00  6.0262E+00  7.1237E+00  5.7053E+00  6.1926E+00  6.5771E+00  7.8658E+00  5.9499E+00  6.3714E+00  8.6485E+00
       8.5347E+00  6.8606E+00  6.2707E+00  5.5191E+00  6.5521E+00  8.1329E+00  7.5117E+00  5.8690E+00  8.5703E+00  6.0210E+00
       5.6071E+00  7.1412E+00  5.3731E+00  4.7709E+00  7.6549E+00  8.6149E+00  5.8849E+00  6.7755E+00  6.4011E+00  6.4964E+00
       6.4157E+00  7.7052E+00  6.1184E+00  5.1888E+00  4.1931E+00  4.8234E+00  7.2673E+00  6.8102E+00  6.3569E+00  6.2893E+00
       1.0203E+01  9.9000E+00  7.9399E+00  7.2302E+00  5.1630E+00  6.9128E+00  4.7034E+00  6.1395E+00  7.0873E+00  7.4030E+00
       7.0586E+00  6.3498E+00  8.0939E+00  8.0320E+00  4.6862E+00  5.3814E+00  8.1116E+00  7.0177E+00  7.7372E+00  9.3678E+00
       8.5632E+00  6.6409E+00  6.7885E+00  7.3584E+00  5.3632E+00  7.7286E+00  5.9126E+00  7.7188E+00  9.6644E+00  8.0966E+00
       7.7272E+00  6.7178E+00  7.7685E+00  7.1660E+00  7.0538E+00  6.4562E+00  6.9516E+00  7.2985E+00  7.5512E+00  8.4420E+00
       1.0228E+01  7.6119E+00  6.2389E+00  7.7405E+00  5.6834E+00  9.9055E+00  6.5088E+00  9.0168E+00  6.8556E+00  8.3165E+00
       7.9091E+00  8.1892E+00  8.3238E+00  7.0385E+00  6.4624E+00  8.5393E+00  9.8468E+00  5.9834E+00  7.4176E+00  8.5094E+00
       6.9706E+00  7.9854E+00  8.0740E+00  7.0609E+00  8.8036E+00  5.9227E+00  7.3135E+00  6.3021E+00  8.7756E+00  7.3239E+00
       9.9996E+00  5.7138E+00  7.4912E+00  9.8861E+00  7.1362E+00  7.5975E+00  8.0682E+00  5.6910E+00  6.2861E+00  8.5879E+00
       8.4359E+00  8.5130E+00  5.9834E+00  5.4414E+00  5.3432E+00  7.6026E+00  5.3053E+00  7.2112E+00  8.1275E+00  6.2487E+00
       7.5384E+00  9.2551E+00  6.1991E+00  7.8890E+00  5.5152E+00  6.0881E+00  6.8896E+00  7.4076E+00  6.5955E+00  7.2132E+00
       1.1822E+01  6.7255E+00  7.4581E+00  5.8025E+00  5.7595E+00  6.4923E+00  8.4163E+00  5.5586E+00  6.8255E+00  9.2683E+00
       8.8302E+00  6.2186E+00  6.7884E+00  9.9235E+00  7.8468E+00  7.7449E+00  8.5930E+00  8.6499E+00  6.8310E+00  8.2051E+00
       1.0057E+01  8.0809E+00  8.1566E+00  8.6110E+00  7.4959E+00  7.7405E+00  5.3966E+00  7.4929E+00  7.5071E+00  7.9928E+00
