1
   Cartesian binning n.   1  "DoseEq    " , generalized particle n.  240
      X coordinate: from -8.5000E+01 to  8.5000E+01 cm,    10 bins ( 1.7000E+01 cm wide)
      Y coordinate: from -2.5000E+01 to  2.5000E+01 cm,    10 bins ( 5.0000E+00 cm wide)
      Z coordinate: from  2.2500E+02 to  2.7500E+02 cm,    10 bins ( 5.0000E+00 cm wide)
      Data follow in a matrix A(ix,iy,iz), format (1(5x,1p,10(1x,e11.4)))

      accurate deposition along the tracks requested
      this is a track-length binning
       5.9240E-05  7.1532E-05  7.2341E-05  7.7264E-05  7.5731E-05  7.7922E-05  7.0487E-05  7.0092E-05  6.8359E-05  5.8297E-05
       6.9668E-05  7.4659E-05  8.8896E-05  8.4647E-05  9.5152E-05  9.1344E-05  8.1712E-05  8.9277E-05  7.8741E-05  6.6572E-05
       6.9954E-05  7.2616E-05  9.3087E-05  8.8451E-05  8.8258E-05  9.6821E-05  9.0371E-05  8.0115E-05  7.9267E-05  6.5752E-05
       6.8777E-05  7.7923E-05  8.0433E-05  9.5134E-05  9.0493E-05  9.7179E-05  9.3175E-05  8.0804E-05  7.2321E-05  6.9931E-05
       6.7942E-05  8.4348E-05  8.3552E-05  9.2268E-05  9.7712E-05  9.9927E-05  8.9693E-05  8.7741E-05  7.4293E-05  6.8109E-05
       6.9326E-05  7.9229E-05  8.8065E-05  9.2352E-05  9.7089E-05  9.2508E-05  9.2482E-05  8.1612E-05  7.3414E-05  6.6748E-05
       7.7702E-05  7.5321E-05  7.9931E-05  9.3062E-05  1.0122E-04  9.3403E-05  9.1430E-05  9.3878E-05  7.6662E-05  6.6528E-05
       7.4078E-05  7.6936E-05  8.2186E-05  9.2018E-05  9.8869E-05  9.2474E-05  8.9284E-05  8.7273E-05  7.7510E-05  7.4438E-05
       6.9013E-05  8.2576E-05  8.1233E-05  9.2220E-05  8.8177E-05  8.9619E-05  8.7846E-05  7.9803E-05  7.8938E-05  7.6553E-05
       6.5445E-05  6.9578E-05  7.7390E-05  7.8578E-05  7.2247E-05  7.0921E-05  8.0820E-05  6.7154E-05  7.1616E-05  7.1092E-05
       3.2057E-05  4.2403E-05  4.1807E-05  4.5673E-05  4.2555E-05  4.3830E-05  4.4738E-05  3.9282E-05  3.8108E-05  3.3598E-05
       3.4708E-05  4.9683E-05  4.8775E-05  4.4025E-05  5.4156E-05  6.0094E-05  4.8107E-05  4.9765E-05  4.7856E-05  3.7653E-05
       3.6706E-05  4.5936E-05  5.4574E-05  5.6101E-05  6.1115E-05  5.4391E-05  5.5018E-05  4.4092E-05  4.4590E-05  3.5749E-05
       3.8585E-05  4.9525E-05  5.0240E-05  5.6377E-05  5.5195E-05  5.4437E-05  6.2613E-05  5.0048E-05  4.8651E-05  3.9472E-05
       4.0616E-05  5.2473E-05  5.2825E-05  5.6434E-05  6.3697E-05  6.0720E-05  5.7003E-05  5.0783E-05  4.6049E-05  3.8993E-05
       4.1955E-05  4.9702E-05  5.7341E-05  5.3507E-05  5.6576E-05  6.1501E-05  5.8359E-05  5.4195E-05  4.5025E-05  3.8009E-05
       3.9145E-05  4.6302E-05  5.1396E-05  5.3318E-05  5.6425E-05  5.6156E-05  5.6747E-05  5.5004E-05  4.9975E-05  3.9470E-05
       4.2476E-05  4.2899E-05  4.9482E-05  5.4562E-05  5.5103E-05  5.5631E-05  5.6050E-05  5.2011E-05  4.7039E-05  4.4115E-05
       4.3120E-05  5.1242E-05  5.3292E-05  6.0827E-05  5.6477E-05  5.6222E-05  5.5926E-05  4.8785E-05  4.5508E-05  4.3260E-05
       3.4097E-05  4.0639E-05  4.5539E-05  5.2209E-05  4.3043E-05  4.8385E-05  4.3774E-05  4.1829E-05  4.1281E-05  3.5823E-05
       1.7574E-05  2.5990E-05  2.4952E-05  2.8488E-05  3.1627E-05  2.8079E-05  3.0250E-05  2.4670E-05  2.5543E-05  2.2509E-05
       1.9786E-05  2.3846E-05  2.7262E-05  3.2273E-05  3.2893E-05  3.5188E-05  3.1820E-05  3.1832E-05  2.5333E-05  2.5095E-05
       2.1249E-05  2.4695E-05  2.9400E-05  3.7492E-05  4.1581E-05  3.3433E-05  3.1296E-05  2.5144E-05  2.4084E-05  2.3226E-05
       2.3597E-05  3.0271E-05  3.0719E-05  3.4626E-05  3.5305E-05  3.2773E-05  3.4781E-05  2.9099E-05  2.7562E-05  2.4396E-05
       2.6195E-05  3.1038E-05  3.5684E-05  3.6784E-05  3.3093E-05  3.1249E-05  3.6267E-05  3.3868E-05  2.7795E-05  2.2900E-05
       2.3891E-05  2.9849E-05  3.8490E-05  3.6564E-05  3.7073E-05  2.9712E-05  3.9642E-05  3.6986E-05  2.5797E-05  2.3304E-05
       2.3344E-05  3.0757E-05  3.1635E-05  2.8838E-05  3.5197E-05  3.1581E-05  3.5106E-05  3.2417E-05  2.5678E-05  2.3835E-05
       2.5937E-05  2.3764E-05  2.8979E-05  3.1057E-05  3.0471E-05  3.1032E-05  3.2836E-05  2.9888E-05  2.7372E-05  2.2104E-05
       2.3197E-05  2.4989E-05  3.3820E-05  3.2919E-05  3.7280E-05  3.1158E-05  3.3922E-05  2.9790E-05  3.0753E-05  2.3474E-05
       2.1937E-05  2.4559E-05  2.5579E-05  2.9531E-05  3.0622E-05  2.6182E-05  2.7727E-05  2.4881E-05  2.6776E-05  2.4417E-05
       1.4425E-05  1.8909E-05  2.1995E-05  2.2707E-05  2.4026E-05  2.2190E-05  2.2081E-05  1.7207E-05  1.9890E-05  1.8283E-05
       1.3230E-05  1.8045E-05  1.9613E-05  2.2758E-05  2.1349E-05  2.2958E-05  2.0066E-05  2.3430E-05  1.8329E-05  1.7919E-05
       1.4710E-05  1.8070E-05  2.0700E-05  2.5681E-05  2.6161E-05  2.1570E-05  1.9160E-05  1.8509E-05  1.9261E-05  1.5959E-05
       1.7120E-05  1.9047E-05  2.0112E-05  2.4212E-05  2.4926E-05  2.2044E-05  2.0435E-05  1.7435E-05  2.0809E-05  1.3959E-05
       1.7495E-05  1.8984E-05  2.0090E-05  2.3181E-05  2.6398E-05  2.3955E-05  2.3510E-05  2.3063E-05  1.7027E-05  1.7031E-05
       1.5717E-05  2.2304E-05  1.8334E-05  2.3078E-05  2.2725E-05  2.2838E-05  2.6180E-05  2.0158E-05  1.8776E-05  1.7556E-05
       1.4918E-05  2.1097E-05  2.3682E-05  2.2485E-05  1.9880E-05  2.1430E-05  2.4266E-05  2.6649E-05  1.4284E-05  1.6101E-05
       1.7825E-05  1.8882E-05  1.8296E-05  2.3970E-05  2.1555E-05  1.9492E-05  2.0872E-05  1.9058E-05  1.6883E-05  1.4974E-05
       1.4140E-05  1.7265E-05  2.0571E-05  1.9675E-05  2.5610E-05  2.2645E-05  2.2399E-05  2.4995E-05  2.2711E-05  1.2055E-05
       1.7608E-05  1.9754E-05  1.9339E-05  1.8506E-05  1.9764E-05  2.3807E-05  2.0435E-05  2.0938E-05  2.2108E-05  1.9266E-05
       1.4168E-05  1.9285E-05  1.6964E-05  1.8192E-05  1.9859E-05  1.7398E-05  2.1863E-05  1.3434E-05  1.8499E-05  1.9751E-05
       1.0752E-05  1.1938E-05  1.4535E-05  1.8728E-05  1.4971E-05  1.5916E-05  1.5974E-05  1.8378E-05  1.3661E-05  1.4846E-05
       1.0144E-05  1.1392E-05  1.1896E-05  1.9877E-05  1.6070E-05  1.5983E-05  1.6570E-05  1.3706E-05  1.4889E-05  1.1808E-05
       1.2236E-05  1.3560E-05  1.5588E-05  2.0249E-05  1.6938E-05  1.5703E-05  2.0600E-05  1.4631E-05  1.5202E-05  1.1004E-05
       1.7179E-05  1.3734E-05  1.8410E-05  1.6495E-05  2.0294E-05  1.6837E-05  1.6858E-05  1.5566E-05  1.1606E-05  1.2187E-05
       1.4791E-05  1.6195E-05  1.5951E-05  2.0183E-05  1.6015E-05  1.6509E-05  2.0829E-05  1.3269E-05  1.3225E-05  1.4591E-05
       1.2347E-05  1.3001E-05  1.6866E-05  1.7483E-05  1.4110E-05  1.6901E-05  1.7239E-05  1.7579E-05  1.3459E-05  1.3026E-05
       1.1760E-05  1.0596E-05  1.3048E-05  2.1585E-05  1.7479E-05  1.7300E-05  1.3663E-05  1.4103E-05  1.3578E-05  1.1207E-05
       9.8769E-06  1.4604E-05  1.0929E-05  1.5591E-05  1.8584E-05  1.5701E-05  1.7120E-05  1.4692E-05  1.2748E-05  1.2790E-05
       1.2837E-05  1.6869E-05  1.4118E-05  1.6635E-05  1.8064E-05  1.6676E-05  2.1794E-05  1.9496E-05  1.6065E-05  1.6236E-05
       1.3404E-05  1.7431E-05  1.3490E-05  2.0231E-05  1.8716E-05  1.6206E-05  1.6533E-05  1.2056E-05  1.5611E-05  1.9890E-05
       1.1960E-05  1.3105E-05  1.2870E-05  1.7563E-05  1.3810E-05  1.4526E-05  1.2586E-05  1.3685E-05  1.2609E-05  1.0919E-05
       9.0381E-06  9.3201E-06  1.2998E-05  1.7341E-05  1.3120E-05  1.3656E-05  1.4760E-05  1.1483E-05  1.2333E-05  1.1492E-05
       1.3236E-05  8.9829E-06  9.8495E-06  1.2509E-05  1.0253E-05  1.2125E-05  1.5123E-05  1.2698E-05  1.0325E-05  1.1185E-05
       1.2167E-05  1.2682E-05  1.0991E-05  1.3457E-05  1.3162E-05  1.1590E-05  1.6462E-05  1.1282E-05  7.5960E-06  8.6395E-06
       1.0718E-05  8.6479E-06  1.4211E-05  1.5203E-05  1.0620E-05  1.3466E-05  1.5555E-05  1.2065E-05  9.1453E-06  1.2993E-05
       1.1264E-05  1.2229E-05  9.5585E-06  1.3152E-05  1.1837E-05  1.5851E-05  1.4552E-05  1.3323E-05  1.0147E-05  1.1691E-05
       1.0134E-05  8.9532E-06  7.8919E-06  1.5233E-05  1.1199E-05  1.4753E-05  1.4230E-05  1.2371E-05  1.0767E-05  1.2102E-05
       8.4473E-06  1.3413E-05  1.1190E-05  1.3300E-05  1.4278E-05  1.1873E-05  1.6375E-05  1.1445E-05  1.1465E-05  1.3928E-05
       1.5320E-05  1.5584E-05  1.2957E-05  1.5326E-05  2.0245E-05  1.8252E-05  1.9019E-05  1.3864E-05  1.3264E-05  1.5008E-05
       1.5312E-05  1.5294E-05  1.2010E-05  1.4157E-05  1.2716E-05  1.2364E-05  1.5814E-05  1.4712E-05  1.2868E-05  1.3789E-05
       1.1929E-05  1.0933E-05  9.3966E-06  1.4504E-05  1.1076E-05  1.1731E-05  1.5042E-05  1.1352E-05  8.2409E-06  1.1432E-05
       8.6428E-06  1.0236E-05  1.1896E-05  1.3177E-05  1.1071E-05  1.1540E-05  1.1768E-05  1.0474E-05  8.9247E-06  1.1119E-05
       1.0655E-05  8.9482E-06  1.1836E-05  1.1867E-05  8.2351E-06  9.8406E-06  1.2657E-05  8.6517E-06  6.6655E-06  8.5117E-06
       7.9490E-06  6.7770E-06  1.0652E-05  1.4858E-05  1.1014E-05  8.3136E-06  1.5113E-05  9.4839E-06  8.3286E-06  7.9890E-06
       8.1308E-06  7.1493E-06  1.1474E-05  1.3226E-05  1.1129E-05  1.2138E-05  1.6666E-05  1.0402E-05  1.0229E-05  1.1040E-05
       8.7326E-06  8.4750E-06  1.0902E-05  1.1433E-05  7.9223E-06  1.4097E-05  1.4964E-05  1.0994E-05  1.0482E-05  8.5340E-06
       9.7252E-06  8.9569E-06  8.3444E-06  1.1202E-05  9.0723E-06  1.4434E-05  1.4023E-05  1.3347E-05  9.5520E-06  1.3220E-05
       1.0179E-05  9.6471E-06  9.7433E-06  1.3503E-05  1.1498E-05  1.3366E-05  1.2319E-05  1.2473E-05  1.0286E-05  1.2674E-05
       1.7694E-05  1.3569E-05  1.3082E-05  1.7225E-05  1.0871E-05  1.7856E-05  1.6393E-05  1.4131E-05  1.3594E-05  1.3429E-05
       1.6536E-05  1.3494E-05  1.1572E-05  1.5968E-05  1.3296E-05  1.4824E-05  1.5804E-05  1.4503E-05  1.4294E-05  1.4393E-05
       1.3731E-05  9.7519E-06  1.1338E-05  1.0783E-05  9.1890E-06  9.6534E-06  1.1426E-05  9.7417E-06  1.0109E-05  8.9629E-06
       7.7153E-06  9.5653E-06  1.2621E-05  1.0014E-05  1.0143E-05  8.7713E-06  1.1765E-05  8.3844E-06  8.7541E-06  9.7870E-06
       8.9716E-06  1.1082E-05  1.2678E-05  7.7019E-06  1.0734E-05  8.1659E-06  1.2214E-05  8.7305E-06  7.8343E-06  9.9335E-06
       7.7050E-06  6.5814E-06  9.4882E-06  1.1777E-05  9.4014E-06  8.9056E-06  9.3557E-06  1.0579E-05  9.8857E-06  8.3400E-06
       6.6762E-06  7.7183E-06  8.4212E-06  1.1996E-05  1.0553E-05  9.6524E-06  1.0502E-05  1.0020E-05  9.8261E-06  1.0159E-05
       8.0548E-06  7.8353E-06  7.1963E-06  1.0845E-05  7.0404E-06  1.0864E-05  1.5113E-05  1.0287E-05  1.1092E-05  9.9364E-06
       9.1736E-06  6.6905E-06  8.7652E-06  8.1515E-06  9.7138E-06  9.5243E-06  1.2888E-05  1.1378E-05  1.0145E-05  8.2182E-06
       1.0567E-05  8.5563E-06  7.0847E-06  1.0858E-05  1.2136E-05  1.1364E-05  1.3286E-05  1.0626E-05  9.6479E-06  1.0484E-05
       1.5779E-05  1.1186E-05  1.1275E-05  1.6641E-05  1.2767E-05  1.3141E-05  1.2949E-05  1.3936E-05  1.3187E-05  1.4998E-05
       1.5422E-05  1.3011E-05  1.5742E-05  1.5877E-05  1.6233E-05  1.2435E-05  1.3410E-05  1.5661E-05  1.6829E-05  1.5994E-05
       1.2820E-05  1.0007E-05  1.1247E-05  9.8058E-06  1.1292E-05  1.1948E-05  8.2124E-06  1.0473E-05  1.1784E-05  1.0353E-05
       1.1504E-05  9.6029E-06  7.9331E-06  1.0476E-05  8.9708E-06  9.9470E-06  9.0534E-06  8.7913E-06  1.0947E-05  8.3032E-06
       1.3095E-05  9.0768E-06  1.1448E-05  1.1026E-05  1.0351E-05  8.6587E-06  1.2362E-05  1.0439E-05  9.8589E-06  9.9522E-06
       7.5724E-06  7.5391E-06  8.2327E-06  1.1050E-05  1.0503E-05  8.8701E-06  7.8130E-06  8.5867E-06  8.2932E-06  1.0724E-05
       8.1312E-06  7.3772E-06  1.0159E-05  9.7648E-06  1.0479E-05  9.8982E-06  9.6816E-06  8.8053E-06  9.3065E-06  1.1750E-05
       1.0303E-05  8.7164E-06  7.3523E-06  8.4459E-06  1.0581E-05  8.3612E-06  1.1065E-05  1.0748E-05  1.1033E-05  8.6400E-06
       1.0109E-05  7.3433E-06  7.5479E-06  1.1579E-05  1.1917E-05  8.3191E-06  1.1568E-05  1.0844E-05  1.0618E-05  8.2868E-06
       8.2623E-06  8.2074E-06  9.0568E-06  9.1483E-06  1.1273E-05  1.0629E-05  1.1212E-05  9.6434E-06  1.0602E-05  8.9442E-06
       1.1404E-05  1.2586E-05  1.2719E-05  1.2815E-05  1.3801E-05  1.4337E-05  1.2485E-05  1.2720E-05  1.4083E-05  1.3104E-05
       1.6718E-05  1.4210E-05  1.3111E-05  1.5419E-05  1.9553E-05  1.7035E-05  1.5995E-05  1.5237E-05  1.6878E-05  1.6678E-05
       1.2571E-05  1.1956E-05  1.3914E-05  1.3443E-05  1.1900E-05  1.5824E-05  1.5076E-05  1.2443E-05  1.5485E-05  1.2921E-05
       1.4019E-05  1.2934E-05  1.2124E-05  1.5619E-05  1.1696E-05  1.2866E-05  1.1901E-05  1.2282E-05  1.5365E-05  1.2845E-05
       1.7755E-05  1.6488E-05  1.1519E-05  1.5601E-05  1.3713E-05  1.4363E-05  1.3982E-05  1.7735E-05  1.5661E-05  1.3154E-05
       1.2512E-05  1.3791E-05  1.1620E-05  1.1067E-05  1.3901E-05  1.2703E-05  1.3668E-05  1.3827E-05  1.4666E-05  1.3443E-05
       1.2703E-05  1.2549E-05  1.2241E-05  1.3205E-05  1.3426E-05  1.3826E-05  1.1939E-05  1.1764E-05  1.3829E-05  1.6166E-05
       1.0978E-05  1.1795E-05  1.1236E-05  1.6438E-05  1.4252E-05  1.2796E-05  1.3780E-05  1.5342E-05  1.3926E-05  1.4372E-05
       1.2397E-05  1.2656E-05  1.2141E-05  1.2247E-05  1.3572E-05  1.3648E-05  1.3092E-05  1.3928E-05  1.3420E-05  1.1406E-05
       1.4277E-05  1.4017E-05  1.5962E-05  1.3867E-05  1.1978E-05  1.2467E-05  1.2183E-05  1.3284E-05  1.3727E-05  1.0833E-05
       1.3668E-05  1.7411E-05  1.4394E-05  1.6794E-05  1.6788E-05  1.6950E-05  1.5638E-05  1.5493E-05  1.4749E-05  1.3121E-05

      Percentage errors follow in a matrix A(ix,iy,iz), format (1(5x,1p,10(1x,e11.4)))

       4.8984E+00  6.6688E+00  5.1532E+00  3.7070E+00  5.7961E+00  5.6174E+00  6.6648E+00  6.4613E+00  5.2339E+00  6.6875E+00
       7.5471E+00  6.7752E+00  5.3257E+00  5.0893E+00  4.3719E+00  6.1227E+00  4.8090E+00  5.3886E+00  4.6235E+00  5.5576E+00
       5.9458E+00  7.8134E+00  5.4167E+00  4.3442E+00  6.3666E+00  3.6589E+00  4.8460E+00  4.3692E+00  5.0581E+00  6.4190E+00
       6.3899E+00  4.6396E+00  4.6078E+00  5.7323E+00  5.3842E+00  6.0676E+00  6.1485E+00  5.9663E+00  6.4456E+00  7.3432E+00
       6.8674E+00  5.4787E+00  5.7984E+00  3.7382E+00  4.5636E+00  5.7253E+00  6.9387E+00  4.6767E+00  6.8634E+00  5.5394E+00
       7.5951E+00  6.5472E+00  5.3290E+00  6.5472E+00  3.8930E+00  4.6191E+00  4.7921E+00  4.7049E+00  5.6305E+00  6.4250E+00
       4.6759E+00  5.2249E+00  4.8138E+00  6.3164E+00  5.7252E+00  5.8405E+00  5.1964E+00  5.4743E+00  4.3743E+00  4.4635E+00
       5.7175E+00  4.2334E+00  3.0056E+00  5.1296E+00  5.2984E+00  5.3334E+00  4.2393E+00  5.2321E+00  6.9748E+00  6.5025E+00
       6.1002E+00  5.1112E+00  6.0775E+00  5.9755E+00  3.7282E+00  5.4064E+00  5.6122E+00  3.6871E+00  4.0901E+00  5.7395E+00
       5.6228E+00  6.1666E+00  4.2584E+00  7.2888E+00  6.8030E+00  5.5540E+00  6.0242E+00  6.2878E+00  4.8281E+00  6.0793E+00
       7.2374E+00  8.7816E+00  7.2078E+00  6.2749E+00  8.8794E+00  8.7351E+00  6.9572E+00  5.6825E+00  7.8575E+00  6.9465E+00
       9.7569E+00  4.8961E+00  6.5722E+00  7.1079E+00  7.8098E+00  4.2630E+00  6.3038E+00  8.7682E+00  6.0649E+00  5.8642E+00
       7.5753E+00  7.1362E+00  5.6536E+00  5.8150E+00  8.3424E+00  7.3456E+00  6.9742E+00  8.3817E+00  7.2460E+00  7.2787E+00
       6.6608E+00  8.9793E+00  9.0792E+00  6.0381E+00  6.5272E+00  6.9518E+00  7.4580E+00  7.1861E+00  4.4159E+00  7.6712E+00
       9.0839E+00  7.8824E+00  6.9857E+00  6.6156E+00  9.2850E+00  8.3979E+00  1.1675E+01  6.5878E+00  6.6036E+00  8.5560E+00
       8.3967E+00  8.0636E+00  5.3433E+00  7.0296E+00  5.5666E+00  5.9203E+00  6.2448E+00  6.9625E+00  7.5232E+00  7.9446E+00
       6.2350E+00  7.2057E+00  8.5542E+00  7.1435E+00  4.6598E+00  5.8851E+00  7.2446E+00  7.5590E+00  7.3836E+00  6.5348E+00
       6.5791E+00  7.1151E+00  7.4455E+00  7.4959E+00  4.5065E+00  4.9167E+00  7.5314E+00  6.9604E+00  4.3280E+00  5.1668E+00
       8.4585E+00  7.7857E+00  9.1542E+00  6.1625E+00  6.8517E+00  5.5266E+00  8.5025E+00  7.5192E+00  6.4248E+00  7.0558E+00
       9.1011E+00  6.9345E+00  6.6627E+00  7.8338E+00  6.1435E+00  7.2258E+00  6.2424E+00  6.1142E+00  5.8967E+00  8.4662E+00
       1.0013E+01  1.1405E+01  6.2082E+00  9.9162E+00  1.1471E+01  1.0723E+01  9.9491E+00  6.7685E+00  9.4325E+00  9.3483E+00
       1.3623E+01  1.1331E+01  1.1620E+01  9.5341E+00  9.7744E+00  6.5246E+00  8.3119E+00  1.2197E+01  9.0382E+00  7.3011E+00
       1.0307E+01  1.1625E+01  6.4801E+00  5.6002E+00  8.9366E+00  8.1620E+00  9.4773E+00  8.0051E+00  9.8221E+00  7.7217E+00
       9.4106E+00  1.1439E+01  1.2509E+01  9.4492E+00  7.3162E+00  7.6682E+00  8.9115E+00  9.1404E+00  7.0321E+00  1.0013E+01
       1.1193E+01  1.0634E+01  9.2914E+00  8.6494E+00  9.6313E+00  1.0043E+01  7.5624E+00  1.0315E+01  6.8898E+00  1.0312E+01
       1.0849E+01  8.7797E+00  7.4478E+00  1.0223E+01  1.0069E+01  8.5636E+00  6.1377E+00  8.2259E+00  7.1288E+00  1.0143E+01
       9.9179E+00  9.2620E+00  1.1114E+01  1.1369E+01  7.7708E+00  6.9977E+00  1.1408E+01  7.4242E+00  8.8661E+00  1.2433E+01
       7.1162E+00  1.3071E+01  6.7220E+00  8.1136E+00  6.8373E+00  8.1635E+00  8.5711E+00  1.1644E+01  8.4683E+00  9.4747E+00
       8.5355E+00  1.1072E+01  9.3685E+00  7.4961E+00  7.9300E+00  8.2546E+00  8.4651E+00  7.8960E+00  8.5541E+00  1.0441E+01
       9.7576E+00  7.4628E+00  8.7678E+00  1.0303E+01  9.4219E+00  1.0126E+01  8.1741E+00  6.2926E+00  6.4549E+00  8.9069E+00
       1.0964E+01  1.0946E+01  1.2610E+01  8.7991E+00  8.5729E+00  9.3402E+00  1.0028E+01  1.1139E+01  1.0829E+01  1.1421E+01
       1.4903E+01  1.3640E+01  1.4465E+01  1.0431E+01  1.0596E+01  1.2699E+01  1.2711E+01  1.0945E+01  1.3204E+01  1.0267E+01
       1.2889E+01  1.4978E+01  1.0664E+01  9.9797E+00  1.0450E+01  1.2245E+01  1.0444E+01  1.1210E+01  1.4559E+01  1.0290E+01
       9.9665E+00  1.2644E+01  1.5359E+01  1.0275E+01  9.2201E+00  1.2821E+01  1.2846E+01  1.1397E+01  1.2228E+01  1.0822E+01
       8.8909E+00  1.3241E+01  1.3488E+01  1.4091E+01  1.1651E+01  1.1047E+01  1.1109E+01  9.2676E+00  1.1100E+01  1.2293E+01
       1.1348E+01  1.5561E+01  1.0736E+01  1.1805E+01  1.3648E+01  1.2755E+01  1.1190E+01  1.2272E+01  1.0682E+01  1.1212E+01
       1.3526E+01  1.1175E+01  1.0146E+01  1.5171E+01  1.1978E+01  1.2018E+01  1.1135E+01  1.1720E+01  9.9216E+00  1.2443E+01
       1.4418E+01  1.2820E+01  1.0092E+01  1.0709E+01  1.2244E+01  9.8729E+00  1.2581E+01  1.7866E+01  9.9316E+00  8.6854E+00
       1.1077E+01  1.2788E+01  1.3496E+01  1.3422E+01  1.2003E+01  1.0276E+01  1.4294E+01  1.0528E+01  1.0626E+01  1.1584E+01
       9.3945E+00  1.2310E+01  1.2540E+01  9.6679E+00  9.4534E+00  1.1463E+01  1.1126E+01  1.0275E+01  1.2917E+01  1.0017E+01
       1.3115E+01  1.1725E+01  1.2267E+01  1.0670E+01  8.5238E+00  1.1050E+01  1.3133E+01  1.2216E+01  9.1339E+00  9.6964E+00
       1.4820E+01  1.6265E+01  1.1235E+01  1.2020E+01  1.2575E+01  1.5404E+01  1.3536E+01  1.3515E+01  1.3697E+01  1.2447E+01
       1.5228E+01  1.7107E+01  8.5815E+00  1.3035E+01  1.3776E+01  1.5042E+01  1.1644E+01  1.1553E+01  1.3618E+01  1.5341E+01
       1.1043E+01  1.5558E+01  1.6030E+01  1.2720E+01  1.4963E+01  1.8269E+01  1.4057E+01  1.2956E+01  1.2382E+01  1.2334E+01
       1.3801E+01  1.2195E+01  1.2566E+01  1.5518E+01  1.4850E+01  1.6996E+01  1.3722E+01  1.1617E+01  1.7977E+01  1.3836E+01
       1.1310E+01  1.3515E+01  1.3102E+01  1.7682E+01  1.5449E+01  1.3972E+01  1.2223E+01  1.8836E+01  1.1306E+01  1.5327E+01
       1.0132E+01  1.0748E+01  1.9500E+01  1.9017E+01  1.6842E+01  1.0723E+01  1.4155E+01  1.4841E+01  1.5468E+01  1.3062E+01
       1.4903E+01  1.5033E+01  1.3101E+01  1.3806E+01  1.6362E+01  1.3743E+01  1.2623E+01  1.6033E+01  1.0918E+01  1.2041E+01
       1.5120E+01  1.4238E+01  1.4726E+01  1.8489E+01  1.2223E+01  8.5405E+00  1.4285E+01  1.2956E+01  1.3794E+01  1.6656E+01
       1.3059E+01  8.7579E+00  1.4553E+01  1.0742E+01  1.4909E+01  1.4154E+01  9.9460E+00  1.0815E+01  1.1583E+01  9.6113E+00
       1.5177E+01  1.1929E+01  9.3685E+00  1.1201E+01  1.3418E+01  1.5524E+01  1.0314E+01  1.5308E+01  9.1972E+00  1.1794E+01
       1.7139E+01  1.3945E+01  2.2917E+01  1.3185E+01  1.0593E+01  1.6516E+01  1.5635E+01  2.0007E+01  1.1055E+01  1.3967E+01
       1.2204E+01  2.6239E+01  1.3781E+01  1.9418E+01  1.3852E+01  2.0685E+01  1.5262E+01  1.7595E+01  1.3516E+01  1.6970E+01
       1.3748E+01  1.8117E+01  2.1929E+01  1.7458E+01  1.4721E+01  1.7669E+01  1.7028E+01  2.1485E+01  1.4199E+01  1.6810E+01
       1.1704E+01  1.3597E+01  1.5264E+01  1.1936E+01  1.6719E+01  1.6302E+01  1.6705E+01  1.5716E+01  1.6844E+01  1.0693E+01
       1.6341E+01  1.5399E+01  2.0222E+01  1.4946E+01  1.9694E+01  1.6912E+01  1.7967E+01  1.9722E+01  1.5663E+01  1.7227E+01
       1.1570E+01  1.4167E+01  1.5077E+01  1.5034E+01  2.3986E+01  1.5123E+01  1.3104E+01  1.1054E+01  1.8226E+01  1.1979E+01
       1.4380E+01  1.9435E+01  1.4839E+01  1.8185E+01  1.8803E+01  1.3287E+01  1.7913E+01  1.1662E+01  1.7541E+01  1.5349E+01
       1.0945E+01  1.3506E+01  1.7280E+01  1.3686E+01  1.6399E+01  1.4446E+01  2.1809E+01  1.2430E+01  1.3252E+01  1.0875E+01
       1.1198E+01  1.2668E+01  1.1985E+01  9.3744E+00  1.5830E+01  1.2672E+01  1.1193E+01  1.2384E+01  1.1906E+01  1.0612E+01
       1.3121E+01  1.3952E+01  1.3926E+01  9.0045E+00  1.0264E+01  1.6153E+01  8.8931E+00  1.4918E+01  1.3199E+01  1.3400E+01
       1.6089E+01  1.5861E+01  1.6150E+01  1.8081E+01  1.3118E+01  1.5913E+01  2.2243E+01  1.9739E+01  1.7096E+01  1.7793E+01
       1.6385E+01  1.9531E+01  1.4913E+01  2.2488E+01  1.5568E+01  2.0265E+01  2.5841E+01  1.7874E+01  1.8643E+01  2.0707E+01
       1.3350E+01  1.7370E+01  1.4936E+01  2.3314E+01  1.7040E+01  1.6968E+01  1.4997E+01  1.9036E+01  2.3384E+01  1.3047E+01
       1.5841E+01  1.8741E+01  1.8136E+01  1.4131E+01  1.6983E+01  1.6146E+01  1.3361E+01  2.1035E+01  2.1226E+01  1.3393E+01
       1.1872E+01  1.3320E+01  2.0870E+01  1.3488E+01  1.8280E+01  1.8676E+01  1.5307E+01  2.1260E+01  1.6997E+01  1.6081E+01
       1.7472E+01  1.7504E+01  1.3227E+01  1.5690E+01  1.2834E+01  1.9523E+01  1.0016E+01  1.6586E+01  1.4474E+01  1.2795E+01
       1.5928E+01  2.8694E+01  1.5339E+01  1.8435E+01  1.7898E+01  1.3698E+01  1.4725E+01  1.3058E+01  2.2687E+01  1.4134E+01
       1.7412E+01  1.5874E+01  1.2541E+01  1.3931E+01  1.5199E+01  1.0876E+01  1.3324E+01  1.4519E+01  2.6978E+01  1.4884E+01
       8.9546E+00  1.2126E+01  1.2599E+01  7.9681E+00  1.2871E+01  1.0345E+01  1.2234E+01  9.5569E+00  1.2708E+01  1.4400E+01
       1.1779E+01  1.1552E+01  1.3407E+01  8.3159E+00  1.9154E+01  1.3721E+01  1.3378E+01  1.3613E+01  1.3086E+01  1.3481E+01
       1.8872E+01  1.7525E+01  1.3454E+01  1.0614E+01  1.2529E+01  2.0417E+01  2.3576E+01  1.5618E+01  1.4232E+01  1.3384E+01
       1.3821E+01  2.4405E+01  1.8906E+01  1.1635E+01  1.9626E+01  1.7088E+01  1.6291E+01  1.9484E+01  1.5663E+01  2.5779E+01
       1.5191E+01  1.7133E+01  2.1872E+01  2.2731E+01  1.6782E+01  1.6373E+01  1.3869E+01  1.5438E+01  1.2630E+01  1.8844E+01
       1.5766E+01  2.1598E+01  1.7156E+01  1.6738E+01  1.6583E+01  1.9939E+01  1.6830E+01  1.6878E+01  1.9868E+01  1.9313E+01
       1.5843E+01  1.6316E+01  1.6246E+01  1.9564E+01  2.1457E+01  1.4848E+01  1.6929E+01  1.9201E+01  1.7701E+01  1.3831E+01
       1.4167E+01  1.7511E+01  1.7717E+01  2.2041E+01  1.7529E+01  2.1760E+01  1.5001E+01  1.9173E+01  2.1752E+01  1.3671E+01
       1.5330E+01  1.2338E+01  1.3643E+01  1.9122E+01  1.3789E+01  1.5823E+01  1.6237E+01  2.3643E+01  1.5622E+01  1.7808E+01
       1.3876E+01  1.3330E+01  1.4733E+01  1.4522E+01  1.3576E+01  1.0963E+01  1.5190E+01  1.6900E+01  1.4559E+01  1.6152E+01
       1.0631E+01  1.4753E+01  1.2830E+01  1.0723E+01  1.2959E+01  1.3542E+01  1.1392E+01  1.6501E+01  1.0600E+01  1.3759E+01
       1.1974E+01  1.0672E+01  1.0896E+01  1.0840E+01  1.2455E+01  1.0971E+01  1.6018E+01  1.4122E+01  8.2579E+00  1.6376E+01
       2.3557E+01  1.5252E+01  1.2930E+01  1.3261E+01  1.3374E+01  1.4656E+01  1.2851E+01  1.7678E+01  1.6036E+01  1.4409E+01
       1.6402E+01  1.5070E+01  1.5577E+01  1.0674E+01  1.5231E+01  1.5323E+01  1.6057E+01  1.8586E+01  1.8402E+01  1.9787E+01
       1.4791E+01  1.5448E+01  1.2863E+01  1.6299E+01  1.9019E+01  1.5920E+01  1.6488E+01  1.4127E+01  1.4672E+01  2.8439E+01
       1.8699E+01  1.9666E+01  1.2112E+01  1.6810E+01  1.7208E+01  1.5442E+01  1.6588E+01  1.3977E+01  1.9724E+01  1.4907E+01
       1.4627E+01  1.4209E+01  1.8457E+01  1.7313E+01  1.5117E+01  1.4586E+01  1.9053E+01  1.4183E+01  1.8573E+01  1.5197E+01
       1.5856E+01  1.5455E+01  1.6717E+01  1.3943E+01  1.4631E+01  1.1884E+01  1.4794E+01  1.7786E+01  1.3188E+01  1.4783E+01
       1.3691E+01  1.4024E+01  1.3770E+01  1.9394E+01  1.3991E+01  1.5079E+01  1.4446E+01  1.6309E+01  1.5531E+01  1.9844E+01
       1.2352E+01  1.4250E+01  1.5412E+01  1.5845E+01  1.8804E+01  1.1962E+01  1.3410E+01  1.7747E+01  1.3895E+01  1.4888E+01
       9.9317E+00  1.6876E+01  1.0965E+01  1.2910E+01  1.4724E+01  1.3316E+01  1.1405E+01  1.7296E+01  9.7484E+00  9.2440E+00
       9.1886E+00  9.4868E+00  1.0813E+01  1.0827E+01  9.6204E+00  1.0011E+01  1.0371E+01  1.3037E+01  1.0382E+01  1.6059E+01
       9.5551E+00  1.4857E+01  1.0849E+01  9.4883E+00  1.1757E+01  1.3229E+01  1.1933E+01  1.0872E+01  1.4795E+01  1.2829E+01
       1.1050E+01  1.4958E+01  1.0182E+01  1.0661E+01  1.3464E+01  1.3810E+01  1.3878E+01  1.4874E+01  1.2542E+01  1.0396E+01
       1.1589E+01  1.1385E+01  1.2638E+01  1.3583E+01  1.3864E+01  1.1901E+01  9.1657E+00  1.2074E+01  1.1497E+01  9.9533E+00
       1.3700E+01  1.1028E+01  1.7253E+01  1.1863E+01  8.1275E+00  1.1231E+01  7.9296E+00  1.2195E+01  9.4786E+00  1.0957E+01
       1.4744E+01  1.4257E+01  1.1536E+01  1.0772E+01  1.2359E+01  1.1285E+01  1.5743E+01  1.4112E+01  1.2650E+01  1.3136E+01
       1.6070E+01  1.5684E+01  1.3702E+01  1.1506E+01  1.0233E+01  1.2504E+01  1.1981E+01  1.0459E+01  1.2216E+01  1.1969E+01
       1.3638E+01  1.0355E+01  1.0423E+01  9.4755E+00  8.6558E+00  1.5610E+01  9.9563E+00  1.6314E+01  9.7652E+00  1.2664E+01
       1.5264E+01  1.2697E+01  1.4893E+01  1.4055E+01  1.5022E+01  1.3486E+01  1.2283E+01  1.3459E+01  9.5725E+00  1.1696E+01
       1.1241E+01  1.3378E+01  1.1602E+01  1.2773E+01  9.1372E+00  1.6182E+01  1.1416E+01  1.0320E+01  1.4790E+01  1.0985E+01
