1
   Cartesian binning n.   1  "DoseEq    " , generalized particle n.  240
      X coordinate: from -8.5000E+01 to  8.5000E+01 cm,    10 bins ( 1.7000E+01 cm wide)
      Y coordinate: from -2.5000E+01 to  2.5000E+01 cm,    10 bins ( 5.0000E+00 cm wide)
      Z coordinate: from  2.2500E+02 to  2.7500E+02 cm,    10 bins ( 5.0000E+00 cm wide)
      Data follow in a matrix A(ix,iy,iz), format (1(5x,1p,10(1x,e11.4)))

      accurate deposition along the tracks requested
      this is a track-length binning
       2.4083E-04  2.9541E-04  3.2467E-04  3.4297E-04  3.4336E-04  3.3463E-04  3.6913E-04  3.2201E-04  2.8602E-04  2.4764E-04
       2.7681E-04  3.3209E-04  3.5841E-04  3.9340E-04  4.1867E-04  4.1403E-04  4.1373E-04  3.6735E-04  3.3460E-04  2.7127E-04
       2.7235E-04  3.3953E-04  3.9134E-04  4.3047E-04  4.4382E-04  4.1273E-04  4.2051E-04  3.8143E-04  3.3519E-04  2.7717E-04
       2.8716E-04  3.4883E-04  3.9929E-04  4.2092E-04  4.4870E-04  4.2748E-04  4.2099E-04  4.0602E-04  3.5483E-04  2.8538E-04
       2.8361E-04  3.5862E-04  4.0706E-04  4.5155E-04  4.5547E-04  4.3775E-04  4.4145E-04  3.9871E-04  3.6680E-04  2.7021E-04
       2.6852E-04  3.4405E-04  4.0450E-04  4.1562E-04  4.5335E-04  4.4079E-04  4.1150E-04  3.8736E-04  3.5158E-04  2.9758E-04
       3.0041E-04  3.5142E-04  3.9441E-04  4.2351E-04  4.2611E-04  4.3128E-04  4.2298E-04  4.0180E-04  3.4344E-04  2.8744E-04
       2.8065E-04  3.4256E-04  3.9746E-04  4.2174E-04  4.2805E-04  4.4350E-04  4.1025E-04  3.5329E-04  3.3037E-04  2.8113E-04
       2.6927E-04  3.4585E-04  3.8128E-04  3.8436E-04  4.2425E-04  4.0326E-04  4.0788E-04  3.7194E-04  3.0847E-04  2.6496E-04
       2.4835E-04  2.9640E-04  3.2915E-04  3.4899E-04  3.3771E-04  3.3777E-04  3.4677E-04  3.1184E-04  2.8024E-04  2.4899E-04
       1.7487E-04  2.3093E-04  2.4376E-04  2.7486E-04  2.6808E-04  2.5263E-04  2.6606E-04  2.3999E-04  2.0867E-04  1.8042E-04
       2.1562E-04  2.4875E-04  2.8232E-04  2.9796E-04  3.2707E-04  3.2678E-04  3.2708E-04  2.9859E-04  2.5868E-04  2.0829E-04
       2.0610E-04  2.6312E-04  3.0820E-04  3.3559E-04  3.5697E-04  3.4358E-04  3.4115E-04  3.1211E-04  2.6399E-04  2.2037E-04
       2.2475E-04  2.8821E-04  3.5210E-04  3.5163E-04  3.7634E-04  3.5062E-04  3.3878E-04  3.1598E-04  2.8164E-04  2.2002E-04
       2.2449E-04  3.0257E-04  3.3661E-04  3.7077E-04  3.7120E-04  3.6494E-04  3.6440E-04  3.3691E-04  3.0397E-04  2.3291E-04
       2.0847E-04  2.9033E-04  3.4453E-04  3.7109E-04  3.7585E-04  3.6154E-04  3.4117E-04  3.1814E-04  3.0190E-04  2.2972E-04
       2.1653E-04  2.7909E-04  3.2349E-04  3.4885E-04  3.5592E-04  3.4809E-04  3.4727E-04  3.3460E-04  2.8927E-04  2.1640E-04
       2.0835E-04  2.8179E-04  3.2077E-04  3.4362E-04  3.5727E-04  3.3829E-04  3.3465E-04  3.0309E-04  2.6473E-04  2.2429E-04
       2.0633E-04  2.7694E-04  2.9172E-04  3.0971E-04  3.2155E-04  3.1398E-04  3.1598E-04  2.9819E-04  2.5133E-04  2.0319E-04
       1.7286E-04  2.2061E-04  2.4050E-04  2.5913E-04  2.6649E-04  2.6662E-04  2.6034E-04  2.3407E-04  2.1432E-04  1.7267E-04
       1.3885E-04  1.6505E-04  1.7066E-04  1.9691E-04  1.9930E-04  1.9584E-04  1.9890E-04  1.8388E-04  1.4652E-04  1.4068E-04
       1.5797E-04  1.8342E-04  2.3033E-04  2.3979E-04  2.4957E-04  2.4441E-04  2.4102E-04  2.2578E-04  1.8450E-04  1.5500E-04
       1.6288E-04  2.0804E-04  2.3559E-04  2.6505E-04  2.7595E-04  2.5979E-04  2.5763E-04  2.3883E-04  2.0450E-04  1.5762E-04
       1.6720E-04  2.1194E-04  2.5561E-04  2.7039E-04  2.8962E-04  2.5835E-04  2.7879E-04  2.5109E-04  2.1650E-04  1.5847E-04
       1.7264E-04  2.1932E-04  2.4478E-04  2.7492E-04  2.9592E-04  2.8263E-04  3.0085E-04  2.6073E-04  2.2926E-04  1.7098E-04
       1.6756E-04  2.1493E-04  2.4842E-04  2.8713E-04  2.8737E-04  2.7973E-04  2.6833E-04  2.5413E-04  2.4050E-04  1.6667E-04
       1.5174E-04  2.1214E-04  2.4306E-04  2.4921E-04  2.8350E-04  2.5881E-04  2.6138E-04  2.5977E-04  2.1868E-04  1.7465E-04
       1.5199E-04  2.1260E-04  2.2491E-04  2.5494E-04  2.6573E-04  2.5405E-04  2.6402E-04  2.2917E-04  1.9875E-04  1.7006E-04
       1.4962E-04  2.0276E-04  2.2032E-04  2.4870E-04  2.6006E-04  2.3837E-04  2.2403E-04  2.0769E-04  1.8725E-04  1.4710E-04
       1.2097E-04  1.6786E-04  1.8285E-04  1.9004E-04  1.9890E-04  1.9986E-04  1.9759E-04  1.7976E-04  1.4937E-04  1.0915E-04
       1.0211E-04  1.2197E-04  1.3346E-04  1.5092E-04  1.4419E-04  1.5715E-04  1.5071E-04  1.4486E-04  1.1648E-04  1.0049E-04
       1.0633E-04  1.3746E-04  1.6693E-04  1.9542E-04  2.0071E-04  1.9027E-04  1.8453E-04  1.6981E-04  1.4421E-04  1.2015E-04
       1.2394E-04  1.5824E-04  1.7746E-04  2.0720E-04  2.2118E-04  2.0465E-04  1.9902E-04  1.8671E-04  1.5876E-04  1.2759E-04
       1.2882E-04  1.5636E-04  1.8875E-04  2.1198E-04  2.1147E-04  1.9724E-04  2.0209E-04  2.0217E-04  1.7623E-04  1.2078E-04
       1.3700E-04  1.6449E-04  1.8467E-04  2.1598E-04  2.1168E-04  2.2262E-04  2.2059E-04  1.9850E-04  1.7214E-04  1.2972E-04
       1.3351E-04  1.6653E-04  1.9622E-04  2.1529E-04  2.2922E-04  2.2223E-04  2.0732E-04  1.9812E-04  1.8249E-04  1.2150E-04
       1.2098E-04  1.6257E-04  1.8279E-04  2.0352E-04  2.2864E-04  2.0209E-04  1.9461E-04  1.9731E-04  1.8105E-04  1.3122E-04
       1.1560E-04  1.5399E-04  1.8920E-04  1.9666E-04  1.9228E-04  2.0213E-04  1.9330E-04  1.7577E-04  1.5238E-04  1.2445E-04
       1.2047E-04  1.5062E-04  1.7263E-04  1.7466E-04  1.9440E-04  1.8151E-04  1.6963E-04  1.5132E-04  1.3385E-04  1.1816E-04
       1.0731E-04  1.3753E-04  1.3861E-04  1.4756E-04  1.5928E-04  1.6221E-04  1.3446E-04  1.4031E-04  1.1380E-04  8.8590E-05
       7.2071E-05  9.4799E-05  1.1024E-04  1.2881E-04  1.2335E-04  1.1462E-04  1.2128E-04  1.1182E-04  9.0134E-05  8.1172E-05
       8.3193E-05  1.0417E-04  1.3107E-04  1.4134E-04  1.6160E-04  1.4169E-04  1.3274E-04  1.1845E-04  1.1671E-04  8.9545E-05
       9.3274E-05  1.2771E-04  1.3877E-04  1.4907E-04  1.6666E-04  1.5590E-04  1.5748E-04  1.3824E-04  1.1936E-04  9.6865E-05
       9.9157E-05  1.1578E-04  1.3457E-04  1.5439E-04  1.6014E-04  1.6172E-04  1.5528E-04  1.5235E-04  1.2588E-04  1.0724E-04
       1.0263E-04  1.2558E-04  1.4867E-04  1.6028E-04  1.6933E-04  1.7270E-04  1.6566E-04  1.5023E-04  1.3140E-04  1.0680E-04
       1.0524E-04  1.4259E-04  1.5224E-04  1.6684E-04  1.7013E-04  1.7464E-04  1.5446E-04  1.3790E-04  1.3576E-04  9.8764E-05
       9.4189E-05  1.3217E-04  1.4566E-04  1.5185E-04  1.7039E-04  1.5465E-04  1.5339E-04  1.4771E-04  1.3555E-04  9.8672E-05
       9.7638E-05  1.2812E-04  1.4180E-04  1.5034E-04  1.5593E-04  1.5698E-04  1.4777E-04  1.3572E-04  1.3587E-04  9.1066E-05
       9.5811E-05  1.1436E-04  1.2237E-04  1.2880E-04  1.5235E-04  1.3656E-04  1.3289E-04  1.2609E-04  1.1054E-04  9.0506E-05
       8.0003E-05  9.9940E-05  1.0480E-04  1.1683E-04  1.2698E-04  1.1596E-04  1.0870E-04  1.1309E-04  9.0160E-05  7.0390E-05
       6.3581E-05  8.3803E-05  8.0472E-05  9.9194E-05  1.0723E-04  9.7079E-05  9.5662E-05  8.2386E-05  7.5525E-05  7.0909E-05
       7.4170E-05  8.2891E-05  9.5992E-05  1.0776E-04  1.1614E-04  1.1747E-04  1.0376E-04  9.5924E-05  8.8268E-05  6.9778E-05
       6.8124E-05  1.0128E-04  1.0646E-04  1.1219E-04  1.3063E-04  1.1570E-04  1.1451E-04  1.0837E-04  8.3979E-05  7.6863E-05
       7.9437E-05  8.7889E-05  1.0812E-04  1.3255E-04  1.2767E-04  1.1581E-04  1.1744E-04  1.1875E-04  9.0715E-05  8.8179E-05
       8.7340E-05  1.0323E-04  1.1198E-04  1.3523E-04  1.2826E-04  1.3494E-04  1.3433E-04  1.1870E-04  1.0425E-04  8.1634E-05
       8.2381E-05  9.9100E-05  1.1389E-04  1.2047E-04  1.2787E-04  1.3550E-04  1.1747E-04  1.0793E-04  1.0689E-04  8.4377E-05
       8.1020E-05  1.0172E-04  1.0339E-04  1.1166E-04  1.2757E-04  1.1931E-04  1.1004E-04  1.2088E-04  9.7312E-05  8.1209E-05
       8.1099E-05  9.9035E-05  1.0519E-04  1.1756E-04  1.3022E-04  1.2313E-04  1.1140E-04  9.6391E-05  9.3595E-05  7.2463E-05
       7.1403E-05  8.9772E-05  1.0272E-04  1.0079E-04  1.2319E-04  1.0450E-04  1.0070E-04  9.0642E-05  8.9006E-05  6.9087E-05
       6.7091E-05  8.1059E-05  8.0853E-05  9.5222E-05  1.0408E-04  9.5006E-05  9.3418E-05  8.3580E-05  8.0956E-05  6.2810E-05
       5.9039E-05  6.8938E-05  7.0518E-05  7.9214E-05  8.4923E-05  8.6366E-05  7.4678E-05  7.3093E-05  6.0568E-05  6.8622E-05
       5.6539E-05  6.2144E-05  7.5093E-05  8.7240E-05  9.2862E-05  9.5926E-05  7.6259E-05  7.7827E-05  6.5360E-05  6.0271E-05
       6.3163E-05  7.7565E-05  8.7789E-05  9.4455E-05  1.0170E-04  9.5318E-05  9.2153E-05  8.7139E-05  6.6352E-05  5.9197E-05
       5.8174E-05  6.1187E-05  8.7868E-05  1.1091E-04  1.0378E-04  1.0248E-04  1.0009E-04  9.1394E-05  8.1542E-05  6.8438E-05
       6.0691E-05  7.3120E-05  8.6140E-05  1.0862E-04  1.0601E-04  1.1129E-04  9.9753E-05  9.1984E-05  8.8018E-05  6.6533E-05
       6.2439E-05  7.5814E-05  9.4564E-05  1.0902E-04  1.1515E-04  1.1128E-04  9.8661E-05  9.0791E-05  7.7807E-05  5.9476E-05
       6.6499E-05  7.3354E-05  9.3392E-05  9.7592E-05  1.1101E-04  1.0254E-04  9.1924E-05  9.3881E-05  7.3996E-05  5.9370E-05
       5.5511E-05  7.9860E-05  9.0648E-05  9.1274E-05  1.0248E-04  9.0878E-05  8.6925E-05  8.5552E-05  7.1004E-05  6.0631E-05
       5.5296E-05  7.2004E-05  8.4423E-05  8.4725E-05  9.2605E-05  9.0911E-05  8.0173E-05  7.6680E-05  7.3000E-05  5.6448E-05
       5.7926E-05  6.6968E-05  7.4995E-05  8.0226E-05  8.4562E-05  8.3195E-05  7.6813E-05  6.6476E-05  6.8035E-05  5.3029E-05
       4.6533E-05  4.9496E-05  6.1910E-05  6.8724E-05  7.3858E-05  6.6909E-05  6.5865E-05  7.0866E-05  5.6394E-05  6.0385E-05
       4.9313E-05  5.2626E-05  5.4002E-05  6.9779E-05  7.5483E-05  8.2970E-05  6.9394E-05  6.6842E-05  5.7827E-05  5.8774E-05
       5.5132E-05  6.4018E-05  6.3330E-05  7.9236E-05  8.1597E-05  8.2806E-05  7.1867E-05  7.7485E-05  6.1668E-05  5.6848E-05
       5.7588E-05  5.7887E-05  6.6994E-05  8.5750E-05  9.4130E-05  8.2627E-05  8.5361E-05  7.6853E-05  7.6757E-05  7.0768E-05
       5.8963E-05  6.1612E-05  7.0647E-05  8.8176E-05  8.9394E-05  9.0282E-05  7.3355E-05  8.3992E-05  6.8006E-05  6.6665E-05
       4.4138E-05  6.5024E-05  7.2428E-05  8.2886E-05  9.7981E-05  8.8500E-05  8.0960E-05  7.7911E-05  6.7129E-05  4.9534E-05
       5.3603E-05  6.6276E-05  7.6737E-05  7.2476E-05  8.7469E-05  8.1338E-05  7.8027E-05  7.7749E-05  5.7322E-05  4.5967E-05
       5.0552E-05  5.9450E-05  7.3780E-05  7.2091E-05  8.1331E-05  8.0581E-05  7.3599E-05  7.0435E-05  5.3345E-05  4.8858E-05
       4.7440E-05  6.3336E-05  6.9903E-05  6.8774E-05  7.4830E-05  8.2656E-05  6.7335E-05  6.3145E-05  5.6210E-05  4.7766E-05
       5.7802E-05  5.9198E-05  5.8272E-05  6.5664E-05  7.2272E-05  7.0860E-05  6.7434E-05  5.4535E-05  5.5583E-05  4.8593E-05
       4.7937E-05  5.0600E-05  5.6037E-05  6.4016E-05  6.6444E-05  5.7897E-05  5.4802E-05  6.6076E-05  5.7039E-05  5.9427E-05
       4.3653E-05  4.6828E-05  4.9236E-05  6.2973E-05  6.6673E-05  6.3089E-05  5.5070E-05  6.0181E-05  5.3286E-05  5.0503E-05
       4.4465E-05  5.1502E-05  5.1608E-05  6.5910E-05  6.1855E-05  7.0496E-05  6.0047E-05  6.6976E-05  5.6945E-05  4.5735E-05
       5.2212E-05  6.0271E-05  6.2842E-05  6.8868E-05  7.7071E-05  7.5756E-05  6.5312E-05  6.4576E-05  6.2552E-05  6.0426E-05
       5.6665E-05  5.5132E-05  6.0057E-05  7.2545E-05  7.1518E-05  7.3659E-05  6.5912E-05  6.8999E-05  5.5564E-05  6.0975E-05
       5.0351E-05  6.2067E-05  6.1034E-05  6.4600E-05  7.5807E-05  7.6187E-05  6.8009E-05  7.2208E-05  5.5238E-05  4.2754E-05
       5.3458E-05  6.1416E-05  6.7037E-05  6.3732E-05  7.8304E-05  6.6908E-05  6.3278E-05  6.3099E-05  4.6253E-05  4.0865E-05
       5.2442E-05  5.6341E-05  5.8072E-05  6.0399E-05  6.3497E-05  6.3562E-05  6.6336E-05  5.5968E-05  4.8303E-05  4.3024E-05
       4.4961E-05  5.2118E-05  5.9318E-05  5.3773E-05  6.9353E-05  5.7170E-05  6.7473E-05  5.2400E-05  5.4516E-05  4.4953E-05
       4.8608E-05  4.6201E-05  5.5262E-05  5.6066E-05  6.1061E-05  6.1665E-05  6.2304E-05  5.2137E-05  5.4504E-05  4.9231E-05
       4.7932E-05  5.6445E-05  5.4835E-05  5.7544E-05  6.2777E-05  5.5160E-05  6.0774E-05  6.0307E-05  5.3659E-05  4.8932E-05
       4.9791E-05  5.1609E-05  6.1300E-05  6.0452E-05  6.0928E-05  6.0669E-05  5.4173E-05  6.4264E-05  5.5879E-05  5.1832E-05
       5.1801E-05  5.2850E-05  5.8112E-05  6.5097E-05  6.5353E-05  6.9421E-05  5.8889E-05  6.3859E-05  5.6807E-05  4.9763E-05
       5.7626E-05  5.7516E-05  6.0865E-05  5.8468E-05  6.7633E-05  6.9550E-05  6.2383E-05  6.0089E-05  5.7713E-05  5.1281E-05
       5.5552E-05  5.4809E-05  6.1523E-05  5.5483E-05  6.4194E-05  6.8085E-05  6.1670E-05  6.1983E-05  5.2814E-05  5.3853E-05
       5.1998E-05  5.7333E-05  6.3859E-05  6.3359E-05  6.9634E-05  5.7099E-05  6.3937E-05  6.7105E-05  5.2143E-05  4.8110E-05
       5.8135E-05  5.5538E-05  5.8482E-05  6.6439E-05  6.5148E-05  6.8024E-05  5.8374E-05  5.6084E-05  4.8273E-05  4.3708E-05
       4.7652E-05  5.0065E-05  5.3350E-05  5.6327E-05  5.9605E-05  6.4621E-05  6.0970E-05  4.8758E-05  4.9530E-05  5.2041E-05
       4.6636E-05  5.1966E-05  4.9296E-05  5.6216E-05  6.4487E-05  5.5143E-05  6.5688E-05  6.0205E-05  4.9702E-05  4.2993E-05
       5.0267E-05  5.5123E-05  6.0426E-05  5.2527E-05  5.8808E-05  5.3987E-05  6.5462E-05  5.1277E-05  5.3752E-05  4.9402E-05

      Percentage errors follow in a matrix A(ix,iy,iz), format (1(5x,1p,10(1x,e11.4)))

       2.2573E+00  2.6031E+00  3.4025E+00  2.7319E+00  2.6985E+00  2.6067E+00  3.2467E+00  3.1745E+00  2.9503E+00  2.9882E+00
       2.7419E+00  3.5116E+00  2.6050E+00  3.3272E+00  3.0193E+00  2.6737E+00  3.1497E+00  2.3297E+00  2.9143E+00  2.4177E+00
       3.9362E+00  3.7188E+00  2.7013E+00  2.1369E+00  2.3210E+00  2.8725E+00  2.1872E+00  3.1108E+00  3.3419E+00  3.2179E+00
       3.7752E+00  3.7002E+00  1.7302E+00  2.2698E+00  2.7735E+00  2.3128E+00  3.0574E+00  2.9257E+00  2.7835E+00  4.2657E+00
       3.0320E+00  1.8660E+00  3.6060E+00  2.0061E+00  2.5989E+00  3.3295E+00  2.6717E+00  2.3474E+00  2.3923E+00  3.2654E+00
       3.4756E+00  2.6278E+00  2.8667E+00  3.4346E+00  2.4449E+00  2.2614E+00  3.5674E+00  2.2144E+00  3.3660E+00  3.6192E+00
       3.3959E+00  2.8939E+00  2.4787E+00  2.8824E+00  2.5177E+00  2.6443E+00  3.2180E+00  2.7663E+00  3.5461E+00  3.1181E+00
       2.8708E+00  3.7353E+00  3.1410E+00  2.2635E+00  3.0967E+00  2.3077E+00  2.7884E+00  2.7274E+00  3.5837E+00  3.2715E+00
       3.3687E+00  3.2203E+00  2.8976E+00  2.8829E+00  2.8114E+00  2.7150E+00  3.0190E+00  2.9896E+00  3.2308E+00  3.8272E+00
       3.8331E+00  2.5572E+00  3.0153E+00  3.3251E+00  2.3110E+00  3.3281E+00  3.4788E+00  2.9991E+00  3.3363E+00  4.5632E+00
       3.6219E+00  3.3389E+00  4.8965E+00  2.8251E+00  3.3067E+00  3.8239E+00  3.2120E+00  2.9524E+00  2.5978E+00  5.1562E+00
       4.0730E+00  3.6592E+00  3.9775E+00  3.0202E+00  3.6015E+00  3.6278E+00  2.9592E+00  3.0279E+00  3.6580E+00  5.2857E+00
       3.4091E+00  4.0924E+00  3.6160E+00  2.6483E+00  3.4026E+00  3.3843E+00  3.6102E+00  2.3307E+00  4.6916E+00  4.1700E+00
       4.5606E+00  2.9833E+00  2.3325E+00  3.5590E+00  3.1922E+00  2.6155E+00  3.2867E+00  2.9970E+00  4.0084E+00  3.9002E+00
       3.9812E+00  2.9401E+00  3.4703E+00  3.6190E+00  3.5184E+00  2.7200E+00  2.7290E+00  4.3837E+00  2.6573E+00  2.3656E+00
       3.6629E+00  3.1833E+00  2.9023E+00  3.2163E+00  2.1224E+00  3.6865E+00  3.2260E+00  2.6851E+00  2.3709E+00  5.0707E+00
       3.5882E+00  3.6166E+00  2.8446E+00  3.0558E+00  2.7183E+00  2.6394E+00  2.7823E+00  3.2641E+00  4.3191E+00  3.6394E+00
       3.7285E+00  4.8263E+00  2.8326E+00  2.6354E+00  3.4076E+00  2.6846E+00  2.5570E+00  3.5637E+00  3.7580E+00  3.7991E+00
       3.5260E+00  3.2727E+00  3.0212E+00  3.3225E+00  2.9565E+00  3.9668E+00  3.5349E+00  4.2796E+00  2.6335E+00  5.0680E+00
       5.0544E+00  3.8783E+00  2.9482E+00  3.5175E+00  3.0748E+00  3.0383E+00  3.6644E+00  2.6814E+00  3.1839E+00  4.8313E+00
       4.5105E+00  3.8380E+00  3.1572E+00  2.9486E+00  4.8123E+00  3.3875E+00  3.6336E+00  4.1002E+00  4.1543E+00  3.5888E+00
       3.9451E+00  5.8379E+00  4.3977E+00  3.6412E+00  4.1276E+00  3.5918E+00  4.0578E+00  3.3079E+00  5.0781E+00  6.1870E+00
       4.7923E+00  5.2885E+00  3.8362E+00  3.9988E+00  2.5059E+00  4.2703E+00  3.9646E+00  3.7200E+00  4.2087E+00  4.4973E+00
       4.7857E+00  3.5189E+00  4.2045E+00  3.0446E+00  2.6156E+00  3.2512E+00  4.2048E+00  4.6691E+00  5.7171E+00  4.3805E+00
       4.7628E+00  3.5977E+00  3.8639E+00  2.7046E+00  2.7342E+00  2.8075E+00  2.9092E+00  4.8262E+00  3.2328E+00  5.3278E+00
       4.6029E+00  3.6375E+00  3.5873E+00  3.8948E+00  3.2997E+00  4.1961E+00  3.5185E+00  3.5771E+00  4.1158E+00  4.1529E+00
       3.8286E+00  4.8618E+00  3.9704E+00  4.2619E+00  2.6866E+00  4.1245E+00  2.7998E+00  4.5826E+00  4.3339E+00  6.0451E+00
       5.6588E+00  4.2237E+00  3.0064E+00  3.0047E+00  3.0022E+00  3.9523E+00  2.8562E+00  4.1637E+00  5.3772E+00  5.3739E+00
       4.3027E+00  3.9753E+00  3.8471E+00  4.2728E+00  3.6273E+00  3.8030E+00  3.7422E+00  3.1850E+00  3.4720E+00  5.4719E+00
       5.3423E+00  4.8885E+00  3.4107E+00  4.2247E+00  3.9357E+00  4.7286E+00  4.0066E+00  4.2757E+00  4.8854E+00  5.4125E+00
       6.1573E+00  6.5698E+00  4.4822E+00  3.3386E+00  5.3110E+00  4.2283E+00  5.0423E+00  4.2394E+00  5.3946E+00  5.3422E+00
       6.3658E+00  5.8031E+00  4.9670E+00  5.3277E+00  4.1290E+00  5.0278E+00  6.5426E+00  3.8880E+00  6.2481E+00  4.5793E+00
       3.8445E+00  4.9322E+00  3.6238E+00  3.8047E+00  5.5944E+00  4.1369E+00  5.3053E+00  3.8927E+00  5.3643E+00  4.1025E+00
       4.6400E+00  4.1571E+00  4.2547E+00  3.4711E+00  4.9718E+00  4.5948E+00  5.6763E+00  4.2373E+00  5.6460E+00  5.0185E+00
       5.4457E+00  4.5115E+00  4.3368E+00  4.3347E+00  3.7366E+00  4.6797E+00  4.5153E+00  5.1866E+00  4.9564E+00  6.8439E+00
       4.9126E+00  3.8047E+00  3.8257E+00  5.3226E+00  4.5529E+00  4.0779E+00  3.6666E+00  5.0263E+00  4.1647E+00  5.1094E+00
       5.3407E+00  3.9188E+00  3.9258E+00  4.5496E+00  2.6441E+00  4.6400E+00  4.1139E+00  4.5364E+00  4.5742E+00  6.0203E+00
       5.0801E+00  5.7005E+00  3.4102E+00  4.4237E+00  4.1832E+00  5.4573E+00  4.1157E+00  4.1998E+00  5.8355E+00  6.4078E+00
       4.0808E+00  5.4222E+00  4.7392E+00  4.7212E+00  4.0732E+00  4.0585E+00  4.1632E+00  5.2566E+00  4.9487E+00  4.7344E+00
       5.3147E+00  4.3232E+00  3.9177E+00  3.6024E+00  4.4761E+00  4.0330E+00  5.6246E+00  5.1601E+00  3.6466E+00  7.0844E+00
       6.8695E+00  6.9709E+00  6.3205E+00  4.7137E+00  6.2559E+00  4.8298E+00  5.0154E+00  4.3884E+00  5.9226E+00  6.6433E+00
       8.6163E+00  5.8678E+00  5.9240E+00  5.7166E+00  4.2127E+00  5.7485E+00  5.6486E+00  4.6453E+00  5.4573E+00  6.4699E+00
       4.8905E+00  7.0654E+00  3.4722E+00  5.1149E+00  4.5188E+00  3.9127E+00  6.5154E+00  5.0121E+00  4.9889E+00  5.4242E+00
       4.4474E+00  5.3494E+00  6.2155E+00  5.7354E+00  4.9183E+00  5.2243E+00  5.4847E+00  4.9060E+00  7.1572E+00  6.1417E+00
       7.1439E+00  5.1795E+00  3.8528E+00  5.1844E+00  6.1657E+00  4.8244E+00  6.4655E+00  5.1004E+00  6.8770E+00  6.0941E+00
       6.7735E+00  5.5027E+00  5.7064E+00  4.9985E+00  4.8228E+00  4.7862E+00  3.9464E+00  5.3247E+00  5.9658E+00  5.6526E+00
       7.1295E+00  5.5906E+00  6.1797E+00  3.0564E+00  4.3559E+00  4.7422E+00  4.5837E+00  4.3091E+00  5.7610E+00  5.7473E+00
       3.9230E+00  6.8983E+00  5.1864E+00  4.5168E+00  5.6328E+00  4.6155E+00  5.6699E+00  5.0067E+00  7.6581E+00  5.4268E+00
       5.9062E+00  5.5768E+00  5.0942E+00  4.9440E+00  5.1070E+00  6.5222E+00  4.9947E+00  6.0919E+00  5.9527E+00  6.8936E+00
       6.6183E+00  5.7126E+00  4.5784E+00  5.1327E+00  4.1745E+00  5.5835E+00  5.5969E+00  4.3949E+00  5.4374E+00  7.3862E+00
       9.1468E+00  6.5758E+00  5.6955E+00  4.1636E+00  6.8371E+00  5.5517E+00  5.4384E+00  4.5565E+00  6.6673E+00  4.7269E+00
       7.3124E+00  5.7973E+00  7.1253E+00  4.9377E+00  4.9944E+00  5.0885E+00  4.6742E+00  4.6882E+00  5.9556E+00  7.1025E+00
       7.7516E+00  6.9134E+00  5.0003E+00  6.4266E+00  6.1067E+00  5.1866E+00  4.7927E+00  4.6081E+00  6.6626E+00  5.1115E+00
       5.6542E+00  6.1880E+00  7.7256E+00  4.8678E+00  6.3364E+00  6.2343E+00  6.6097E+00  6.2683E+00  6.5308E+00  5.6439E+00
       6.4998E+00  4.4562E+00  6.7510E+00  5.8479E+00  7.1264E+00  3.9823E+00  5.9915E+00  8.8928E+00  6.2668E+00  8.6398E+00
       6.7081E+00  3.8726E+00  6.9139E+00  5.2177E+00  4.7014E+00  5.7343E+00  5.6952E+00  5.5126E+00  5.8021E+00  8.9378E+00
       5.5111E+00  7.5459E+00  6.7968E+00  5.0754E+00  5.7380E+00  6.1522E+00  7.3789E+00  6.7382E+00  5.1741E+00  7.1388E+00
       5.4507E+00  5.7273E+00  6.7989E+00  6.3986E+00  5.3490E+00  6.2831E+00  5.5712E+00  5.2873E+00  7.2391E+00  5.7519E+00
       6.0298E+00  9.0891E+00  7.2778E+00  6.0550E+00  3.5374E+00  7.2488E+00  5.0624E+00  7.5978E+00  6.6520E+00  8.1148E+00
       6.1409E+00  6.3243E+00  6.1904E+00  6.1006E+00  4.5828E+00  5.1114E+00  5.2295E+00  4.6632E+00  5.5553E+00  6.0904E+00
       6.2771E+00  6.5159E+00  5.6290E+00  7.3181E+00  6.8299E+00  6.5803E+00  4.7210E+00  7.2511E+00  7.5574E+00  7.1557E+00
       7.0558E+00  6.2463E+00  6.4332E+00  6.5933E+00  4.0358E+00  6.4517E+00  5.8639E+00  7.0340E+00  7.1657E+00  7.9705E+00
       8.1109E+00  9.8069E+00  6.2783E+00  8.3552E+00  5.4463E+00  5.7278E+00  6.7022E+00  5.3889E+00  6.6134E+00  8.2703E+00
       6.0106E+00  7.0616E+00  7.5663E+00  6.4077E+00  6.7756E+00  8.0134E+00  6.9115E+00  7.2201E+00  5.4653E+00  7.5988E+00
       7.4502E+00  7.9741E+00  9.1170E+00  6.0062E+00  8.9342E+00  5.7621E+00  6.7424E+00  8.0313E+00  6.1437E+00  8.3074E+00
       8.8778E+00  6.8877E+00  5.1957E+00  7.5923E+00  6.2825E+00  7.6703E+00  6.7495E+00  6.4735E+00  6.3940E+00  7.2014E+00
       7.1509E+00  6.7273E+00  6.4365E+00  5.9490E+00  6.9198E+00  5.6758E+00  7.3995E+00  7.9803E+00  7.8954E+00  6.8908E+00
       8.0279E+00  6.3147E+00  6.3827E+00  7.9596E+00  5.2521E+00  5.6351E+00  4.3895E+00  6.9692E+00  8.0398E+00  7.8033E+00
       7.4938E+00  9.6238E+00  6.6861E+00  4.9460E+00  5.9022E+00  6.6724E+00  6.6703E+00  6.6726E+00  5.0565E+00  8.8436E+00
       6.0606E+00  6.4095E+00  5.3408E+00  5.0796E+00  4.7868E+00  8.6107E+00  5.9889E+00  5.9853E+00  6.2797E+00  6.1940E+00
       7.2920E+00  6.7468E+00  4.9782E+00  5.7323E+00  7.5547E+00  6.4885E+00  5.0279E+00  6.6175E+00  1.0461E+01  7.6013E+00
       8.0313E+00  9.6870E+00  7.8197E+00  6.7275E+00  5.6099E+00  4.8392E+00  8.5019E+00  7.6427E+00  8.7304E+00  6.1223E+00
       7.3551E+00  1.0413E+01  6.3679E+00  8.1842E+00  7.3384E+00  4.5709E+00  7.3185E+00  6.4679E+00  1.1271E+01  6.8088E+00
       1.1464E+01  6.2000E+00  7.0443E+00  7.8249E+00  7.8815E+00  8.8063E+00  6.4297E+00  5.8262E+00  6.7432E+00  8.2065E+00
       8.4366E+00  8.2887E+00  7.5168E+00  6.8189E+00  7.1247E+00  4.1294E+00  6.7948E+00  6.5942E+00  5.9536E+00  6.2814E+00
       9.6797E+00  8.3631E+00  8.2403E+00  8.3025E+00  6.0562E+00  8.2211E+00  7.8514E+00  7.9741E+00  6.9016E+00  7.4902E+00
       7.5079E+00  8.4559E+00  7.3967E+00  6.4247E+00  7.3593E+00  7.3174E+00  5.5923E+00  7.1246E+00  6.5029E+00  7.5134E+00
       8.3933E+00  6.6795E+00  6.2813E+00  6.0688E+00  7.2916E+00  8.1531E+00  4.3481E+00  6.1114E+00  8.8928E+00  9.6333E+00
       9.3202E+00  7.2151E+00  4.7752E+00  6.6897E+00  5.7226E+00  6.7787E+00  7.3403E+00  8.5269E+00  7.4701E+00  9.0831E+00
       6.5831E+00  8.2444E+00  7.6097E+00  5.7241E+00  6.5158E+00  7.0715E+00  6.9417E+00  8.1124E+00  7.0885E+00  5.2269E+00
       9.5187E+00  8.7431E+00  6.8657E+00  8.5545E+00  8.1266E+00  6.4690E+00  6.7613E+00  5.9723E+00  6.6939E+00  5.4974E+00
       9.1854E+00  8.6746E+00  7.5588E+00  7.4993E+00  7.9142E+00  7.3856E+00  6.4646E+00  8.9303E+00  9.8461E+00  8.1024E+00
       8.1684E+00  8.2217E+00  6.4588E+00  7.0821E+00  6.2831E+00  5.3359E+00  6.7021E+00  4.1456E+00  9.4381E+00  8.7607E+00
       8.9469E+00  7.6053E+00  7.7022E+00  7.7811E+00  6.5523E+00  4.5546E+00  7.9137E+00  7.4134E+00  7.4435E+00  7.5437E+00
       9.1020E+00  6.3615E+00  7.1545E+00  7.4107E+00  7.9293E+00  5.5680E+00  1.0491E+01  7.2599E+00  6.3399E+00  5.9717E+00
       1.0084E+01  7.8072E+00  7.2998E+00  8.1589E+00  4.6235E+00  5.8136E+00  6.3487E+00  7.5175E+00  7.1098E+00  7.4829E+00
       6.8148E+00  8.4994E+00  8.8058E+00  8.1745E+00  7.5329E+00  7.7915E+00  6.3330E+00  6.2256E+00  8.0070E+00  8.5833E+00
       8.7087E+00  7.0475E+00  6.1932E+00  6.5424E+00  7.2243E+00  9.0615E+00  6.9242E+00  7.9463E+00  8.4486E+00  6.4694E+00
       7.5362E+00  8.7026E+00  6.0654E+00  6.8767E+00  5.6938E+00  7.8147E+00  6.1210E+00  9.4945E+00  5.8628E+00  8.1012E+00
       6.4867E+00  7.2925E+00  7.1701E+00  8.9814E+00  4.1978E+00  7.9835E+00  5.1104E+00  6.2223E+00  7.0963E+00  8.1253E+00
       7.5210E+00  6.8290E+00  6.0001E+00  7.5728E+00  9.2135E+00  5.8197E+00  5.2392E+00  6.9243E+00  4.9927E+00  7.3198E+00
       8.0882E+00  9.2959E+00  7.8733E+00  7.8207E+00  5.9148E+00  6.5989E+00  5.7298E+00  8.4266E+00  7.6970E+00  5.8058E+00
       8.2656E+00  7.1540E+00  9.4599E+00  6.6667E+00  9.1072E+00  5.8550E+00  6.7751E+00  5.9625E+00  8.0629E+00  8.0898E+00
       8.1415E+00  7.8676E+00  7.9245E+00  6.8870E+00  5.6809E+00  7.4773E+00  7.3093E+00  5.9754E+00  6.8174E+00  6.5158E+00
       1.0652E+01  6.4439E+00  8.2056E+00  8.5752E+00  8.2844E+00  5.2107E+00  6.9869E+00  7.2910E+00  7.5233E+00  6.5344E+00
       8.5290E+00  7.4825E+00  8.7562E+00  6.7560E+00  7.2273E+00  7.0639E+00  5.6576E+00  7.1244E+00  1.0107E+01  6.7375E+00
       7.0920E+00  6.7966E+00  8.0232E+00  8.2473E+00  6.4088E+00  8.7833E+00  5.9796E+00  7.5626E+00  7.4419E+00  7.6562E+00
       7.1712E+00  8.1947E+00  7.9532E+00  9.2738E+00  7.2723E+00  8.6725E+00  6.0247E+00  1.0374E+01  8.9254E+00  7.6214E+00
       7.8489E+00  6.1605E+00  8.4986E+00  6.7080E+00  6.1083E+00  7.6642E+00  7.8580E+00  8.8026E+00  8.6167E+00  8.6756E+00
       8.1638E+00  7.6538E+00  7.5809E+00  7.8787E+00  4.9839E+00  8.2263E+00  6.4097E+00  7.9529E+00  8.3210E+00  6.2383E+00
