1
   Cartesian binning n.   1  "DoseEq    " , generalized particle n.  240
      X coordinate: from -8.5000E+01 to  8.5000E+01 cm,    10 bins ( 1.7000E+01 cm wide)
      Y coordinate: from -2.5000E+01 to  2.5000E+01 cm,    10 bins ( 5.0000E+00 cm wide)
      Z coordinate: from  2.2500E+02 to  2.7500E+02 cm,    10 bins ( 5.0000E+00 cm wide)
      Data follow in a matrix A(ix,iy,iz), format (1(5x,1p,10(1x,e11.4)))

      accurate deposition along the tracks requested
      this is a track-length binning
       2.7484E-04  3.4858E-04  3.7419E-04  4.1199E-04  4.4956E-04  4.6003E-04  4.2111E-04  3.9564E-04  3.5457E-04  3.1282E-04
       3.2909E-04  4.0480E-04  4.4984E-04  5.0500E-04  5.0325E-04  5.1867E-04  4.9758E-04  4.6999E-04  4.1123E-04  3.3160E-04
       3.4795E-04  4.6940E-04  5.0695E-04  5.3719E-04  5.3261E-04  5.6282E-04  5.2996E-04  4.9378E-04  4.2343E-04  3.6807E-04
       3.5251E-04  4.6643E-04  5.1546E-04  5.5886E-04  5.6344E-04  5.5261E-04  5.3980E-04  5.0739E-04  4.6814E-04  3.6918E-04
       3.7686E-04  4.4396E-04  5.1452E-04  5.4336E-04  5.9273E-04  5.6306E-04  5.5034E-04  5.1172E-04  4.6142E-04  3.7847E-04
       3.6591E-04  4.4978E-04  5.0510E-04  5.2318E-04  5.7402E-04  5.6573E-04  5.6478E-04  5.0464E-04  4.4593E-04  3.6130E-04
       3.7030E-04  4.5585E-04  4.9253E-04  5.2956E-04  5.4615E-04  5.5717E-04  5.3024E-04  5.1321E-04  4.3606E-04  3.6561E-04
       3.6282E-04  4.3841E-04  4.8812E-04  5.2135E-04  5.4331E-04  5.7160E-04  5.3986E-04  4.9454E-04  4.0709E-04  3.4862E-04
       3.6715E-04  4.0888E-04  4.3819E-04  4.8959E-04  5.1165E-04  5.3761E-04  5.0656E-04  4.7208E-04  4.0598E-04  3.5170E-04
       2.9603E-04  3.6045E-04  3.7973E-04  4.1254E-04  4.3260E-04  4.5806E-04  4.4049E-04  4.0718E-04  3.4873E-04  3.0842E-04
       2.1486E-04  2.7022E-04  3.2283E-04  3.5034E-04  3.7566E-04  3.6189E-04  3.4745E-04  3.2455E-04  2.8308E-04  2.3238E-04
       2.7171E-04  3.4939E-04  4.0323E-04  4.5816E-04  4.5802E-04  4.5602E-04  4.0653E-04  4.0123E-04  3.5393E-04  2.7110E-04
       2.8978E-04  4.0467E-04  4.4711E-04  4.7376E-04  4.9147E-04  4.9658E-04  4.7297E-04  4.4010E-04  3.8529E-04  2.9299E-04
       3.0426E-04  3.9401E-04  4.7067E-04  5.0090E-04  5.0922E-04  4.9472E-04  4.8008E-04  4.5241E-04  4.1806E-04  2.8931E-04
       3.0321E-04  4.1387E-04  4.6387E-04  5.0522E-04  5.2762E-04  5.1195E-04  4.8436E-04  4.6281E-04  4.2764E-04  3.0752E-04
       3.0107E-04  4.0968E-04  4.8154E-04  4.9297E-04  5.2871E-04  5.0741E-04  5.0313E-04  4.5812E-04  3.9538E-04  3.0570E-04
       3.1506E-04  4.0366E-04  4.3911E-04  4.6791E-04  4.9881E-04  5.0077E-04  4.9914E-04  4.6052E-04  3.7294E-04  2.9887E-04
       2.9405E-04  3.7314E-04  4.3442E-04  4.5778E-04  4.8249E-04  5.1638E-04  4.6919E-04  4.2390E-04  3.5978E-04  2.9853E-04
       2.8023E-04  3.4507E-04  4.0091E-04  4.3745E-04  4.5036E-04  4.7073E-04  4.2694E-04  3.8683E-04  3.4923E-04  2.7296E-04
       2.2579E-04  2.8087E-04  3.2324E-04  3.4389E-04  3.5887E-04  3.7721E-04  3.3808E-04  3.2255E-04  2.8075E-04  2.2750E-04
       1.6481E-04  2.1489E-04  2.3611E-04  2.6364E-04  2.9688E-04  2.7957E-04  2.5741E-04  2.4692E-04  2.1932E-04  1.7243E-04
       2.1383E-04  2.6384E-04  3.0745E-04  3.5591E-04  3.7236E-04  3.4193E-04  3.3218E-04  3.2370E-04  2.7499E-04  2.1045E-04
       2.2475E-04  3.0950E-04  3.3766E-04  3.9230E-04  4.1216E-04  3.9238E-04  3.8253E-04  3.4088E-04  3.1842E-04  2.3196E-04
       2.3841E-04  3.2892E-04  3.8190E-04  4.1105E-04  4.0189E-04  4.1167E-04  3.8926E-04  3.6370E-04  3.4327E-04  2.3410E-04
       2.4067E-04  3.3678E-04  3.7171E-04  4.0413E-04  4.1899E-04  4.2612E-04  4.0001E-04  3.7569E-04  3.1352E-04  2.2879E-04
       2.4330E-04  3.2210E-04  3.6519E-04  3.9847E-04  4.4142E-04  4.1301E-04  4.0499E-04  3.8061E-04  3.1578E-04  2.3139E-04
       2.4655E-04  3.3547E-04  3.6995E-04  4.0278E-04  4.2178E-04  3.8849E-04  3.9399E-04  3.8529E-04  3.2174E-04  2.2943E-04
       2.2702E-04  3.1290E-04  3.5572E-04  3.6955E-04  3.9288E-04  3.9186E-04  3.8118E-04  3.4585E-04  2.9038E-04  2.1918E-04
       2.2401E-04  2.7300E-04  3.0780E-04  3.4511E-04  3.4727E-04  3.6025E-04  3.3162E-04  3.2167E-04  2.6125E-04  2.2018E-04
       1.7057E-04  2.1344E-04  2.4627E-04  2.5369E-04  2.5735E-04  2.7775E-04  2.6193E-04  2.5091E-04  2.1556E-04  1.7719E-04
       1.2363E-04  1.6595E-04  1.8640E-04  1.9377E-04  2.1528E-04  2.2152E-04  1.9910E-04  1.8904E-04  1.5502E-04  1.3674E-04
       1.5444E-04  1.9578E-04  2.3756E-04  2.7468E-04  2.8734E-04  2.5677E-04  2.6396E-04  2.4664E-04  2.0988E-04  1.7104E-04
       1.7719E-04  2.3013E-04  2.6305E-04  3.1412E-04  3.3299E-04  2.9842E-04  3.1718E-04  2.7372E-04  2.3509E-04  1.7590E-04
       1.8785E-04  2.5669E-04  3.1455E-04  3.2554E-04  3.1233E-04  3.2273E-04  3.1469E-04  2.7531E-04  2.4685E-04  1.8000E-04
       1.8732E-04  2.6357E-04  3.0631E-04  3.2555E-04  3.3203E-04  3.2219E-04  3.1679E-04  3.0291E-04  2.4946E-04  1.8682E-04
       1.9191E-04  2.6351E-04  2.9426E-04  3.2346E-04  3.3117E-04  3.4822E-04  3.1958E-04  2.8878E-04  2.5332E-04  1.9141E-04
       2.0314E-04  2.6594E-04  2.8471E-04  3.0363E-04  3.1943E-04  3.3742E-04  3.0237E-04  2.8726E-04  2.5892E-04  1.7889E-04
       1.7323E-04  2.5403E-04  2.8304E-04  2.9565E-04  3.1119E-04  3.2382E-04  2.9764E-04  2.7680E-04  2.2854E-04  1.7419E-04
       1.6572E-04  2.0444E-04  2.4317E-04  2.6828E-04  2.7415E-04  2.8122E-04  2.4847E-04  2.5984E-04  2.0716E-04  1.5496E-04
       1.1779E-04  1.5567E-04  1.7751E-04  2.0049E-04  2.1096E-04  2.1822E-04  2.0400E-04  1.9351E-04  1.6129E-04  1.3313E-04
       9.8297E-05  1.1827E-04  1.4331E-04  1.5119E-04  1.7852E-04  1.6604E-04  1.5035E-04  1.5114E-04  1.2237E-04  9.8516E-05
       1.2511E-04  1.5122E-04  1.8352E-04  2.0949E-04  2.2705E-04  2.0058E-04  2.0125E-04  1.9408E-04  1.5688E-04  1.3374E-04
       1.3319E-04  2.0023E-04  2.0692E-04  2.3541E-04  2.5533E-04  2.3232E-04  2.3800E-04  2.1943E-04  1.8459E-04  1.4222E-04
       1.4072E-04  1.9752E-04  2.3418E-04  2.5900E-04  2.5306E-04  2.5895E-04  2.5243E-04  2.1370E-04  1.9574E-04  1.4176E-04
       1.4699E-04  2.0326E-04  2.4124E-04  2.5458E-04  2.6687E-04  2.5473E-04  2.6723E-04  2.3218E-04  1.9658E-04  1.4227E-04
       1.4391E-04  1.9320E-04  2.3383E-04  2.5615E-04  2.5983E-04  2.7517E-04  2.5811E-04  2.4089E-04  1.9302E-04  1.4470E-04
       1.5757E-04  2.0210E-04  2.2868E-04  2.4150E-04  2.4866E-04  2.6264E-04  2.3776E-04  2.2580E-04  1.9661E-04  1.4743E-04
       1.3883E-04  1.9168E-04  2.1649E-04  2.2196E-04  2.4598E-04  2.4736E-04  2.2357E-04  2.1081E-04  1.7625E-04  1.2570E-04
       1.1197E-04  1.6240E-04  1.8642E-04  1.9302E-04  2.1941E-04  2.0959E-04  1.8548E-04  1.9508E-04  1.5947E-04  1.2818E-04
       9.1870E-05  1.2187E-04  1.3147E-04  1.4943E-04  1.5774E-04  1.6271E-04  1.5968E-04  1.4375E-04  1.2206E-04  9.8455E-05
       7.6598E-05  9.3072E-05  1.1732E-04  1.2835E-04  1.3904E-04  1.3085E-04  1.2139E-04  1.0742E-04  9.3734E-05  8.9686E-05
       1.0124E-04  1.1924E-04  1.5324E-04  1.6097E-04  1.8573E-04  1.7305E-04  1.6403E-04  1.4784E-04  1.2691E-04  1.0191E-04
       1.0541E-04  1.4382E-04  1.6885E-04  1.8936E-04  1.9874E-04  1.7844E-04  1.7414E-04  1.7246E-04  1.3842E-04  1.1318E-04
       1.1759E-04  1.4135E-04  1.7425E-04  1.9932E-04  1.9692E-04  2.0038E-04  2.0148E-04  1.8187E-04  1.4799E-04  1.1227E-04
       1.2520E-04  1.6097E-04  1.7423E-04  1.9106E-04  2.1442E-04  1.9302E-04  2.1318E-04  1.7771E-04  1.5168E-04  1.1702E-04
       1.2404E-04  1.6124E-04  1.8224E-04  2.0112E-04  2.1254E-04  2.0333E-04  2.0107E-04  1.7463E-04  1.6364E-04  1.1375E-04
       1.2197E-04  1.6074E-04  1.7370E-04  1.8716E-04  2.0915E-04  2.0616E-04  1.9096E-04  1.7277E-04  1.5254E-04  1.0635E-04
       1.0472E-04  1.5574E-04  1.7029E-04  1.8164E-04  1.9669E-04  1.8910E-04  1.6782E-04  1.4949E-04  1.3337E-04  9.9816E-05
       9.0513E-05  1.2751E-04  1.4316E-04  1.5286E-04  1.6961E-04  1.7526E-04  1.4857E-04  1.4040E-04  1.3353E-04  1.0057E-04
       7.9760E-05  9.7871E-05  1.0659E-04  1.1255E-04  1.3014E-04  1.3253E-04  1.1841E-04  1.0296E-04  9.8283E-05  7.8948E-05
       6.9095E-05  7.3610E-05  8.5898E-05  1.0729E-04  1.0931E-04  9.8511E-05  1.0855E-04  9.0100E-05  7.6545E-05  6.5329E-05
       7.6026E-05  9.7909E-05  1.2043E-04  1.2766E-04  1.4243E-04  1.3281E-04  1.2375E-04  1.1042E-04  1.0406E-04  8.0726E-05
       8.3939E-05  1.0835E-04  1.4047E-04  1.3987E-04  1.4953E-04  1.4650E-04  1.3200E-04  1.2886E-04  1.1186E-04  8.3683E-05
       9.0636E-05  1.1524E-04  1.4044E-04  1.6315E-04  1.5276E-04  1.6235E-04  1.4281E-04  1.4432E-04  1.1989E-04  8.1497E-05
       9.7469E-05  1.1585E-04  1.4565E-04  1.5153E-04  1.6410E-04  1.5046E-04  1.4775E-04  1.3400E-04  1.2055E-04  8.3395E-05
       9.3572E-05  1.3031E-04  1.4713E-04  1.5717E-04  1.6910E-04  1.4615E-04  1.5578E-04  1.3976E-04  1.2172E-04  9.0584E-05
       8.9818E-05  1.1987E-04  1.4261E-04  1.4299E-04  1.6585E-04  1.4722E-04  1.4791E-04  1.4467E-04  1.1687E-04  8.0139E-05
       9.0688E-05  1.2372E-04  1.3824E-04  1.5108E-04  1.5781E-04  1.4657E-04  1.4004E-04  1.3211E-04  1.0496E-04  7.5669E-05
       8.1846E-05  1.0137E-04  1.1179E-04  1.3718E-04  1.3394E-04  1.3289E-04  1.1810E-04  1.0975E-04  1.0291E-04  8.3950E-05
       6.8532E-05  8.7875E-05  9.0453E-05  9.1525E-05  9.8754E-05  1.0472E-04  9.8232E-05  7.9708E-05  8.8503E-05  6.5072E-05
       5.4601E-05  6.2735E-05  7.2226E-05  7.7604E-05  8.5339E-05  7.7171E-05  8.6545E-05  7.1976E-05  6.3866E-05  5.7587E-05
       5.8198E-05  7.1556E-05  9.5420E-05  1.0561E-04  1.0783E-04  1.0721E-04  9.5502E-05  8.5190E-05  7.9022E-05  6.3134E-05
       7.1843E-05  8.2528E-05  1.0643E-04  1.2001E-04  1.1705E-04  1.1460E-04  1.0887E-04  9.8269E-05  9.3769E-05  6.9374E-05
       6.6131E-05  8.2383E-05  1.1210E-04  1.1793E-04  1.2029E-04  1.2200E-04  1.1743E-04  1.0679E-04  9.2692E-05  6.4200E-05
       7.7578E-05  9.8674E-05  1.1879E-04  1.1991E-04  1.2283E-04  1.1829E-04  1.1682E-04  1.0311E-04  9.4519E-05  6.6754E-05
       7.7012E-05  1.0377E-04  1.1889E-04  1.3942E-04  1.3287E-04  1.1515E-04  1.1781E-04  1.0065E-04  8.6928E-05  7.0971E-05
       6.8120E-05  9.3797E-05  1.1314E-04  1.2244E-04  1.2712E-04  1.0318E-04  1.1664E-04  1.0205E-04  8.3681E-05  6.2116E-05
       7.2688E-05  9.6541E-05  1.1372E-04  1.1027E-04  1.2140E-04  1.1909E-04  1.0564E-04  9.6310E-05  8.7468E-05  6.2377E-05
       6.2665E-05  7.8703E-05  8.8526E-05  1.0480E-04  1.1045E-04  1.0891E-04  9.2830E-05  9.0173E-05  7.7282E-05  6.8906E-05
       5.4542E-05  6.8499E-05  7.8483E-05  7.8720E-05  9.2095E-05  8.2564E-05  7.5026E-05  6.9826E-05  6.7397E-05  6.3573E-05
       4.4988E-05  4.9210E-05  6.7606E-05  6.9050E-05  6.5030E-05  6.8237E-05  6.2720E-05  6.1971E-05  5.7739E-05  5.0892E-05
       4.5008E-05  5.7265E-05  7.9459E-05  7.4935E-05  8.5463E-05  8.6571E-05  8.2225E-05  7.1239E-05  6.5244E-05  5.2544E-05
       5.7802E-05  6.7344E-05  8.9828E-05  9.2976E-05  9.0276E-05  9.4074E-05  8.6849E-05  8.8588E-05  7.5037E-05  5.2866E-05
       5.3302E-05  7.5892E-05  8.8576E-05  9.7807E-05  9.8194E-05  9.1023E-05  9.4362E-05  8.6799E-05  7.5928E-05  5.9940E-05
       5.2191E-05  7.7432E-05  8.4257E-05  9.6806E-05  9.8117E-05  9.3925E-05  9.3218E-05  8.1541E-05  7.3499E-05  5.5997E-05
       6.2571E-05  7.6605E-05  9.1961E-05  1.0355E-04  1.0162E-04  9.4707E-05  8.4953E-05  8.0867E-05  7.3345E-05  5.6863E-05
       6.4409E-05  7.3571E-05  9.0153E-05  9.8948E-05  9.6752E-05  8.5105E-05  7.7405E-05  7.5528E-05  6.7126E-05  5.1303E-05
       6.3446E-05  7.0672E-05  7.9066E-05  9.0501E-05  9.8587E-05  8.3646E-05  7.1748E-05  7.3594E-05  6.6894E-05  5.1038E-05
       6.0166E-05  6.3859E-05  6.3962E-05  8.6629E-05  8.5042E-05  7.5823E-05  6.5016E-05  7.2261E-05  5.2997E-05  4.8410E-05
       4.8078E-05  5.0889E-05  6.4847E-05  6.8596E-05  6.9607E-05  6.8835E-05  6.1135E-05  5.8849E-05  5.8611E-05  5.2841E-05
       4.4832E-05  4.2061E-05  6.0158E-05  5.8048E-05  4.8214E-05  5.5278E-05  5.3808E-05  4.5808E-05  4.5524E-05  4.2290E-05
       4.2912E-05  5.3536E-05  5.7333E-05  6.7292E-05  6.6237E-05  6.8457E-05  6.5972E-05  5.9860E-05  5.4296E-05  4.1726E-05
       4.7176E-05  5.8191E-05  7.1262E-05  7.0742E-05  7.6787E-05  7.5470E-05  7.4284E-05  6.8756E-05  5.0434E-05  4.3260E-05
       4.5324E-05  6.4708E-05  7.3687E-05  7.5795E-05  7.1939E-05  6.2388E-05  7.6230E-05  6.4472E-05  5.4803E-05  5.3861E-05
       4.7546E-05  6.1034E-05  6.4880E-05  7.6118E-05  7.1362E-05  7.4334E-05  7.1755E-05  6.4478E-05  6.2601E-05  4.9286E-05
       5.4138E-05  6.2913E-05  7.3838E-05  7.2180E-05  7.5328E-05  7.0479E-05  7.2555E-05  6.8129E-05  6.0790E-05  5.0574E-05
       5.1525E-05  5.9200E-05  6.8345E-05  6.9509E-05  7.9909E-05  6.9165E-05  6.4100E-05  6.0221E-05  5.9380E-05  4.3870E-05
       5.0253E-05  6.0588E-05  6.4453E-05  6.7523E-05  6.7456E-05  6.7460E-05  5.9718E-05  6.2678E-05  4.9852E-05  4.3223E-05
       5.4052E-05  5.4205E-05  6.5739E-05  6.7359E-05  6.1974E-05  6.2935E-05  5.5944E-05  5.4375E-05  4.5324E-05  3.9170E-05
       4.9211E-05  4.6165E-05  5.4985E-05  4.9639E-05  5.2055E-05  5.3232E-05  5.1304E-05  5.0792E-05  4.5332E-05  4.4365E-05

      Percentage errors follow in a matrix A(ix,iy,iz), format (1(5x,1p,10(1x,e11.4)))

       3.3728E+00  3.6536E+00  2.6664E+00  3.1102E+00  2.1263E+00  2.2482E+00  3.1984E+00  2.5072E+00  2.8232E+00  2.9806E+00
       2.9948E+00  3.0960E+00  2.2908E+00  2.3541E+00  2.3345E+00  2.5426E+00  2.6149E+00  2.8028E+00  2.1159E+00  3.0348E+00
       2.6609E+00  2.4065E+00  2.3352E+00  2.7896E+00  2.9306E+00  2.7013E+00  2.8553E+00  2.2845E+00  2.3969E+00  2.6083E+00
       3.5234E+00  3.7132E+00  3.4756E+00  2.3032E+00  2.5857E+00  3.0284E+00  2.1904E+00  2.9561E+00  2.5742E+00  3.5945E+00
       3.0765E+00  3.8581E+00  2.8805E+00  2.4440E+00  2.0899E+00  3.0179E+00  2.4284E+00  2.0003E+00  2.9786E+00  3.0260E+00
       3.4841E+00  2.2602E+00  2.3749E+00  2.2633E+00  2.4458E+00  2.0060E+00  2.5588E+00  2.9920E+00  2.8623E+00  3.5856E+00
       2.2299E+00  3.0199E+00  2.5757E+00  1.9271E+00  2.9573E+00  2.7412E+00  2.2036E+00  1.9152E+00  2.5553E+00  3.0516E+00
       3.1095E+00  3.1263E+00  3.0315E+00  2.7495E+00  2.7378E+00  1.4898E+00  2.6097E+00  2.6424E+00  3.1040E+00  2.9263E+00
       3.9586E+00  3.3803E+00  3.2347E+00  2.2381E+00  2.9799E+00  2.6610E+00  2.9307E+00  2.2599E+00  2.7121E+00  2.6710E+00
       2.6803E+00  4.1075E+00  3.4572E+00  3.0424E+00  3.3684E+00  3.0499E+00  3.0558E+00  2.2600E+00  2.0924E+00  3.1126E+00
       4.6262E+00  3.0878E+00  4.0392E+00  2.5879E+00  2.0272E+00  3.0386E+00  2.4935E+00  3.2596E+00  3.9476E+00  4.0247E+00
       2.4606E+00  2.6678E+00  2.8756E+00  2.6460E+00  2.0084E+00  2.7191E+00  2.3617E+00  3.7136E+00  3.6267E+00  3.8722E+00
       2.5337E+00  3.9967E+00  2.5728E+00  2.5139E+00  2.1978E+00  3.5920E+00  3.1589E+00  2.7102E+00  3.3117E+00  2.9064E+00
       5.4513E+00  3.2965E+00  3.4376E+00  3.1606E+00  2.6392E+00  2.5835E+00  2.7246E+00  2.7635E+00  3.6261E+00  3.8025E+00
       2.0242E+00  3.6746E+00  2.7164E+00  3.0903E+00  2.7692E+00  2.5373E+00  2.0998E+00  2.1178E+00  3.5960E+00  3.7502E+00
       3.6979E+00  2.4877E+00  1.9173E+00  2.9393E+00  2.6250E+00  2.6098E+00  3.0498E+00  3.3304E+00  2.9943E+00  3.0561E+00
       2.7913E+00  2.3524E+00  2.8445E+00  2.6592E+00  3.0853E+00  2.4122E+00  2.8695E+00  3.3821E+00  3.4535E+00  3.7906E+00
       4.3425E+00  3.2155E+00  2.7409E+00  3.4014E+00  3.1651E+00  2.5615E+00  2.8218E+00  2.7654E+00  2.5926E+00  3.8146E+00
       3.6550E+00  2.7023E+00  2.6489E+00  2.5632E+00  3.2917E+00  2.7313E+00  3.2542E+00  2.9693E+00  2.9270E+00  3.5228E+00
       3.8462E+00  4.1894E+00  3.4807E+00  2.6433E+00  3.1961E+00  3.0822E+00  3.6474E+00  2.2744E+00  3.7170E+00  4.4321E+00
       4.3394E+00  4.8200E+00  3.3482E+00  3.7091E+00  2.6911E+00  2.6703E+00  2.8635E+00  2.8258E+00  4.1158E+00  5.1152E+00
       2.8974E+00  3.8650E+00  3.9479E+00  4.1099E+00  3.3548E+00  3.1019E+00  4.0595E+00  2.5742E+00  3.9261E+00  3.9923E+00
       3.7640E+00  4.4082E+00  2.8454E+00  3.2369E+00  2.6816E+00  2.8214E+00  2.9692E+00  3.2835E+00  3.4911E+00  3.4038E+00
       4.4062E+00  3.5189E+00  3.9687E+00  3.1407E+00  2.7614E+00  2.9722E+00  3.2784E+00  3.1058E+00  4.2557E+00  4.3227E+00
       3.2632E+00  3.3281E+00  2.4546E+00  3.2061E+00  2.8760E+00  2.7991E+00  2.2991E+00  2.1551E+00  3.7159E+00  3.3272E+00
       2.7566E+00  2.5219E+00  2.5889E+00  3.1952E+00  2.1731E+00  2.6750E+00  3.7076E+00  2.7659E+00  3.3039E+00  3.7155E+00
       3.5049E+00  3.7461E+00  3.5557E+00  2.5235E+00  3.4609E+00  3.2940E+00  3.2195E+00  2.8016E+00  2.8776E+00  3.8912E+00
       4.2280E+00  4.3973E+00  2.4614E+00  3.8029E+00  3.1082E+00  3.6446E+00  2.4221E+00  2.3524E+00  3.0863E+00  3.9115E+00
       5.3854E+00  3.7248E+00  3.1509E+00  2.8879E+00  3.0279E+00  2.6505E+00  3.0358E+00  3.1615E+00  3.8517E+00  3.7294E+00
       5.2029E+00  4.3613E+00  3.1386E+00  3.4061E+00  3.8219E+00  3.2521E+00  3.5949E+00  3.3776E+00  4.1432E+00  4.8794E+00
       5.0583E+00  3.2185E+00  4.7206E+00  4.6223E+00  4.8153E+00  3.9186E+00  3.4317E+00  4.8830E+00  5.1668E+00  5.6076E+00
       4.0581E+00  3.5278E+00  4.7477E+00  4.4140E+00  3.3398E+00  3.2298E+00  4.7097E+00  4.4042E+00  6.0106E+00  4.9290E+00
       4.1880E+00  4.1050E+00  2.6079E+00  3.6710E+00  2.6796E+00  4.0079E+00  3.6813E+00  3.6843E+00  3.6154E+00  4.7776E+00
       4.6863E+00  4.4116E+00  3.9398E+00  4.4545E+00  2.8884E+00  3.6177E+00  3.3037E+00  3.6493E+00  2.9953E+00  4.4765E+00
       3.9726E+00  3.8220E+00  3.4255E+00  3.9494E+00  2.4518E+00  3.3368E+00  3.2360E+00  3.0622E+00  4.6490E+00  4.7209E+00
       3.4716E+00  3.4963E+00  2.9702E+00  3.5225E+00  4.2243E+00  2.8286E+00  2.9336E+00  2.6621E+00  3.7420E+00  4.5804E+00
       3.4369E+00  2.6180E+00  2.9914E+00  3.5046E+00  3.2268E+00  3.5888E+00  3.2039E+00  2.7579E+00  3.3752E+00  5.3660E+00
       3.2910E+00  3.5825E+00  2.5760E+00  3.7536E+00  3.0607E+00  2.6207E+00  4.6262E+00  3.0674E+00  3.4445E+00  5.6311E+00
       5.2427E+00  4.2655E+00  4.3754E+00  4.1680E+00  2.9115E+00  2.8989E+00  3.7564E+00  3.5988E+00  4.4189E+00  4.8920E+00
       5.9199E+00  4.0765E+00  3.8895E+00  4.7641E+00  4.0924E+00  4.2634E+00  5.6824E+00  3.6160E+00  4.3509E+00  4.5238E+00
       4.1872E+00  5.2263E+00  4.6581E+00  3.5133E+00  3.6296E+00  4.5644E+00  4.8502E+00  4.1916E+00  3.3119E+00  5.4677E+00
       5.9633E+00  5.2995E+00  4.9921E+00  3.2153E+00  3.4945E+00  4.7214E+00  4.3303E+00  4.9992E+00  5.2735E+00  5.7632E+00
       5.1239E+00  4.4527E+00  3.9014E+00  3.8431E+00  3.9580E+00  4.3197E+00  4.0552E+00  4.5216E+00  4.5375E+00  5.5316E+00
       5.2973E+00  5.7597E+00  4.9235E+00  3.6153E+00  3.3835E+00  4.5412E+00  3.0292E+00  3.9886E+00  4.3875E+00  3.6190E+00
       3.5775E+00  5.2512E+00  3.6856E+00  4.4520E+00  3.8599E+00  3.2938E+00  3.2020E+00  3.5716E+00  4.2279E+00  5.4515E+00
       4.4159E+00  3.7527E+00  4.2088E+00  3.4919E+00  2.7874E+00  2.8425E+00  2.9387E+00  2.6223E+00  3.9056E+00  5.5218E+00
       3.8589E+00  3.0288E+00  2.9774E+00  3.7322E+00  4.6065E+00  5.2671E+00  3.4365E+00  3.2565E+00  4.6316E+00  4.5821E+00
       7.7422E+00  3.5814E+00  3.2933E+00  3.1351E+00  2.7585E+00  5.0876E+00  4.1606E+00  4.0230E+00  3.3758E+00  6.6955E+00
       6.0673E+00  4.5232E+00  4.3273E+00  3.5977E+00  3.4765E+00  4.6531E+00  4.2800E+00  2.4077E+00  4.0004E+00  6.9560E+00
       6.7930E+00  5.3589E+00  5.4144E+00  4.2001E+00  4.3759E+00  3.9256E+00  4.8367E+00  4.4741E+00  4.6367E+00  5.5808E+00
       5.8226E+00  6.5239E+00  4.4274E+00  4.5686E+00  4.0526E+00  4.4558E+00  4.6610E+00  5.0034E+00  5.4168E+00  5.6482E+00
       6.8233E+00  5.9050E+00  5.8646E+00  3.9799E+00  4.7713E+00  4.5738E+00  4.1412E+00  4.0661E+00  3.3329E+00  5.4890E+00
       5.7230E+00  4.9257E+00  4.8557E+00  3.4101E+00  5.0817E+00  5.3775E+00  3.1348E+00  3.1492E+00  4.6360E+00  4.9107E+00
       5.3295E+00  4.7393E+00  6.4747E+00  4.0306E+00  4.6596E+00  5.4880E+00  3.1373E+00  4.6077E+00  4.3114E+00  4.3408E+00
       5.4202E+00  5.1873E+00  4.3940E+00  3.9899E+00  4.2132E+00  2.9912E+00  3.7032E+00  4.7828E+00  3.5070E+00  6.6566E+00
       5.0463E+00  3.7140E+00  5.3034E+00  2.7203E+00  3.9630E+00  2.9372E+00  3.4204E+00  3.1260E+00  4.3830E+00  5.8722E+00
       6.0012E+00  4.5826E+00  5.1743E+00  3.4264E+00  4.2088E+00  4.7575E+00  4.2837E+00  4.8712E+00  5.1312E+00  6.5162E+00
       7.1690E+00  4.1915E+00  4.0165E+00  3.7787E+00  4.8295E+00  3.6472E+00  5.3741E+00  3.3977E+00  4.4398E+00  6.2651E+00
       7.9499E+00  3.8098E+00  5.4913E+00  4.0400E+00  4.4232E+00  5.0717E+00  6.2925E+00  4.2235E+00  5.2530E+00  8.8202E+00
       8.6131E+00  4.5082E+00  5.5937E+00  4.2651E+00  3.6494E+00  4.0488E+00  5.3971E+00  5.1868E+00  7.0257E+00  6.7687E+00
       6.3385E+00  8.3582E+00  6.5706E+00  4.2521E+00  5.6246E+00  4.9943E+00  5.2849E+00  5.8749E+00  6.1131E+00  6.5868E+00
       7.3686E+00  6.4283E+00  5.6522E+00  4.1723E+00  6.1861E+00  6.3731E+00  5.8629E+00  5.1435E+00  5.5565E+00  5.9619E+00
       6.9702E+00  6.5263E+00  3.5436E+00  4.0378E+00  3.7956E+00  7.0502E+00  4.7183E+00  4.0134E+00  4.2028E+00  7.4291E+00
       6.6643E+00  7.4312E+00  5.0569E+00  6.3338E+00  5.2587E+00  5.0335E+00  4.1539E+00  4.3398E+00  5.1975E+00  6.9961E+00
       6.4994E+00  6.0162E+00  4.3848E+00  6.1178E+00  4.3285E+00  4.0090E+00  5.3408E+00  4.0004E+00  5.6060E+00  6.3210E+00
       5.8963E+00  5.4434E+00  5.7806E+00  5.5665E+00  4.0128E+00  4.4984E+00  5.0346E+00  4.0295E+00  6.8262E+00  5.2584E+00
       5.3464E+00  5.3607E+00  4.3877E+00  3.8080E+00  4.3230E+00  4.8443E+00  4.3459E+00  5.9326E+00  4.4507E+00  5.6617E+00
       5.9382E+00  8.1111E+00  4.2204E+00  4.2604E+00  5.1641E+00  4.1982E+00  6.7839E+00  4.5578E+00  6.5195E+00  5.4940E+00
       9.2139E+00  5.3450E+00  6.7239E+00  5.0477E+00  5.6617E+00  5.9743E+00  6.8888E+00  7.6744E+00  6.6281E+00  9.4148E+00
       1.0631E+01  6.9164E+00  5.2897E+00  5.6848E+00  5.3266E+00  4.2521E+00  5.7188E+00  4.7332E+00  7.1953E+00  7.8703E+00
       7.2677E+00  1.0463E+01  6.3493E+00  5.8633E+00  5.5735E+00  6.8806E+00  6.5441E+00  7.3740E+00  8.6073E+00  7.1278E+00
       7.4778E+00  8.1214E+00  6.4706E+00  6.8077E+00  6.3048E+00  7.1715E+00  6.6172E+00  6.4325E+00  6.8365E+00  6.1477E+00
       7.3923E+00  8.2716E+00  5.0682E+00  5.4181E+00  4.7571E+00  5.4976E+00  5.4346E+00  5.6432E+00  5.8797E+00  9.2352E+00
       6.6609E+00  7.0429E+00  5.3853E+00  6.4985E+00  5.2044E+00  5.0262E+00  5.9773E+00  4.8742E+00  6.7088E+00  5.6472E+00
       6.2589E+00  6.1054E+00  5.6317E+00  6.2922E+00  5.1642E+00  4.4909E+00  7.0551E+00  5.4691E+00  5.8381E+00  8.8745E+00
       7.4246E+00  6.5822E+00  7.4592E+00  6.5191E+00  5.7519E+00  5.8812E+00  5.1458E+00  5.8129E+00  6.7677E+00  5.8395E+00
       6.3718E+00  6.8731E+00  6.9084E+00  5.3157E+00  5.8163E+00  5.1634E+00  7.4615E+00  7.9052E+00  6.3611E+00  7.1621E+00
       5.3155E+00  5.8944E+00  6.4252E+00  5.3239E+00  6.3289E+00  5.6051E+00  7.1191E+00  7.3143E+00  5.4835E+00  5.6426E+00
       8.9695E+00  5.4409E+00  5.4505E+00  5.3657E+00  6.4720E+00  6.3545E+00  5.6781E+00  7.1460E+00  5.9658E+00  7.8140E+00
       7.4385E+00  8.4341E+00  6.1847E+00  5.8452E+00  6.7569E+00  5.7129E+00  5.2381E+00  7.0568E+00  8.9815E+00  9.6866E+00
       7.7224E+00  9.4135E+00  5.4259E+00  6.2394E+00  7.3987E+00  7.4251E+00  7.0235E+00  8.7150E+00  8.7053E+00  8.6634E+00
       7.4963E+00  7.7661E+00  8.0439E+00  6.3278E+00  7.3935E+00  5.5942E+00  7.7787E+00  6.1766E+00  7.6695E+00  7.8680E+00
       7.8619E+00  7.1708E+00  6.3415E+00  7.0015E+00  4.8578E+00  5.4182E+00  8.1838E+00  6.7819E+00  7.2894E+00  8.2226E+00
       5.5383E+00  7.3977E+00  6.5027E+00  5.9537E+00  6.8051E+00  5.7449E+00  5.4819E+00  4.7899E+00  7.8536E+00  7.7706E+00
       8.4990E+00  8.6786E+00  6.4822E+00  7.5043E+00  5.6913E+00  5.3494E+00  7.1031E+00  6.4967E+00  7.4347E+00  8.0674E+00
       7.2662E+00  8.3656E+00  6.0131E+00  7.2635E+00  5.7023E+00  5.0265E+00  6.2710E+00  5.5420E+00  7.0971E+00  4.9806E+00
       9.9210E+00  5.5576E+00  4.9899E+00  4.2225E+00  6.9886E+00  6.2601E+00  6.0996E+00  6.9806E+00  8.9874E+00  8.1467E+00
       7.4962E+00  6.6133E+00  8.1495E+00  6.2713E+00  4.2299E+00  7.0220E+00  8.0592E+00  6.6835E+00  7.5164E+00  8.0911E+00
       7.1380E+00  8.7977E+00  6.5227E+00  5.1256E+00  6.0252E+00  5.8889E+00  8.4086E+00  7.3041E+00  6.2675E+00  7.0827E+00
       8.8958E+00  7.1327E+00  6.6511E+00  5.7012E+00  6.0239E+00  7.4809E+00  6.0614E+00  8.9345E+00  7.7628E+00  9.9010E+00
       6.8025E+00  9.1523E+00  7.4779E+00  7.7004E+00  7.5108E+00  7.8264E+00  8.9491E+00  8.1720E+00  8.7685E+00  1.0920E+01
       8.0764E+00  7.2795E+00  7.6826E+00  1.0143E+01  5.6803E+00  7.8057E+00  7.1271E+00  7.5425E+00  7.6512E+00  8.1266E+00
       7.2691E+00  6.9478E+00  7.6880E+00  7.8018E+00  7.1593E+00  5.4306E+00  7.0492E+00  8.7833E+00  7.7591E+00  8.0295E+00
       6.7013E+00  6.9236E+00  7.1031E+00  8.6416E+00  8.5173E+00  7.1431E+00  5.5899E+00  6.8492E+00  8.5650E+00  7.1270E+00
       6.7899E+00  8.6057E+00  6.8974E+00  6.8480E+00  6.4001E+00  6.7852E+00  5.5836E+00  5.5642E+00  7.8750E+00  9.4099E+00
       7.1807E+00  7.8395E+00  7.6244E+00  6.2444E+00  6.7166E+00  6.2055E+00  7.0331E+00  7.1703E+00  7.6042E+00  7.8779E+00
       7.2391E+00  6.6006E+00  5.5864E+00  7.0880E+00  5.6902E+00  7.1624E+00  7.0530E+00  7.7210E+00  6.2895E+00  9.1160E+00
       6.2086E+00  5.2334E+00  8.1286E+00  6.9327E+00  5.8632E+00  7.6209E+00  6.7287E+00  6.9875E+00  7.4578E+00  8.2433E+00
       8.5517E+00  7.8992E+00  8.0649E+00  5.6388E+00  6.2967E+00  8.0905E+00  8.3902E+00  6.5461E+00  7.4985E+00  8.1550E+00
       6.4081E+00  8.6782E+00  8.0284E+00  7.3219E+00  5.1483E+00  9.2047E+00  6.8059E+00  7.5341E+00  8.6138E+00  6.9821E+00
