1
   Cartesian binning n.   1  "DoseEq    " , generalized particle n.  240
      X coordinate: from -8.5000E+01 to  8.5000E+01 cm,    10 bins ( 1.7000E+01 cm wide)
      Y coordinate: from -2.5000E+01 to  2.5000E+01 cm,    10 bins ( 5.0000E+00 cm wide)
      Z coordinate: from  2.2500E+02 to  2.7500E+02 cm,    10 bins ( 5.0000E+00 cm wide)
      Data follow in a matrix A(ix,iy,iz), format (1(5x,1p,10(1x,e11.4)))

      accurate deposition along the tracks requested
      this is a track-length binning
       3.4482E-03  6.1653E-03  1.0970E-02  2.0698E-02  3.6257E-02  3.5945E-02  2.0827E-02  1.1043E-02  6.1446E-03  3.4430E-03
       3.8709E-03  6.9156E-03  1.2717E-02  2.5857E-02  5.1655E-02  5.1654E-02  2.5899E-02  1.2878E-02  6.9525E-03  3.7795E-03
       4.0306E-03  7.5019E-03  1.3973E-02  3.0787E-02  7.4993E-02  7.4995E-02  3.0959E-02  1.4099E-02  7.6238E-03  4.0169E-03
       4.1657E-03  7.8262E-03  1.5056E-02  3.4998E-02  1.1800E-01  1.1834E-01  3.4981E-02  1.4922E-02  7.9032E-03  4.1574E-03
       4.2147E-03  8.0357E-03  1.5647E-02  3.7552E-02  1.7351E-01  1.7249E-01  3.7652E-02  1.5350E-02  7.9487E-03  4.2102E-03
       4.2804E-03  7.9861E-03  1.5462E-02  3.7676E-02  1.7327E-01  1.7298E-01  3.7546E-02  1.5373E-02  7.9230E-03  4.2029E-03
       4.1853E-03  7.8404E-03  1.5010E-02  3.5146E-02  1.1782E-01  1.1802E-01  3.5030E-02  1.4860E-02  7.8006E-03  4.1062E-03
       4.0766E-03  7.4648E-03  1.3983E-02  3.0836E-02  7.4901E-02  7.4743E-02  3.0925E-02  1.4187E-02  7.4945E-03  3.9661E-03
       3.7439E-03  6.9578E-03  1.2717E-02  2.5993E-02  5.1210E-02  5.1427E-02  2.6034E-02  1.2926E-02  7.0069E-03  3.7837E-03
       3.3889E-03  6.1132E-03  1.1136E-02  2.0912E-02  3.6154E-02  3.6138E-02  2.0834E-02  1.1004E-02  6.1228E-03  3.4190E-03
       3.4635E-03  6.1335E-03  1.0790E-02  1.9923E-02  3.4277E-02  3.4101E-02  2.0034E-02  1.0949E-02  6.1821E-03  3.4928E-03
       3.9248E-03  7.0877E-03  1.2652E-02  2.5349E-02  4.9144E-02  4.9397E-02  2.5327E-02  1.2885E-02  7.2158E-03  3.9026E-03
       4.2159E-03  7.8042E-03  1.4093E-02  3.0218E-02  7.1914E-02  7.1870E-02  3.0181E-02  1.4282E-02  7.8312E-03  4.1110E-03
       4.3436E-03  8.1430E-03  1.5289E-02  3.4047E-02  1.1216E-01  1.1233E-01  3.4087E-02  1.5194E-02  8.1662E-03  4.3559E-03
       4.4560E-03  8.3254E-03  1.5790E-02  3.6959E-02  1.6088E-01  1.6028E-01  3.6677E-02  1.5784E-02  8.3550E-03  4.3870E-03
       4.4722E-03  8.3370E-03  1.5736E-02  3.6546E-02  1.6065E-01  1.6003E-01  3.6722E-02  1.5782E-02  8.3142E-03  4.4409E-03
       4.3925E-03  8.1554E-03  1.5273E-02  3.4344E-02  1.1222E-01  1.1211E-01  3.4333E-02  1.5176E-02  8.2093E-03  4.2724E-03
       4.2365E-03  7.6944E-03  1.4160E-02  3.0297E-02  7.1814E-02  7.1777E-02  3.0392E-02  1.4440E-02  7.6286E-03  4.1565E-03
       4.0040E-03  7.0576E-03  1.2866E-02  2.5384E-02  4.8994E-02  4.9017E-02  2.5453E-02  1.2829E-02  7.1866E-03  3.8819E-03
       3.4357E-03  6.1383E-03  1.0886E-02  1.9911E-02  3.3964E-02  3.4218E-02  1.9899E-02  1.0876E-02  6.1515E-03  3.4206E-03
       3.4068E-03  5.9440E-03  1.0246E-02  1.8656E-02  3.1515E-02  3.1450E-02  1.8852E-02  1.0453E-02  5.9926E-03  3.3686E-03
       3.8548E-03  6.9320E-03  1.2252E-02  2.3886E-02  4.5347E-02  4.5458E-02  2.3734E-02  1.2280E-02  7.0805E-03  3.7629E-03
       4.1412E-03  7.6039E-03  1.3805E-02  2.8286E-02  6.7182E-02  6.6863E-02  2.8220E-02  1.3852E-02  7.7025E-03  4.0685E-03
       4.3476E-03  8.0970E-03  1.4990E-02  3.2174E-02  1.0320E-01  1.0333E-01  3.2019E-02  1.4778E-02  8.1003E-03  4.3447E-03
       4.4302E-03  8.1961E-03  1.5307E-02  3.4544E-02  1.4417E-01  1.4355E-01  3.4460E-02  1.5311E-02  8.3137E-03  4.3455E-03
       4.4250E-03  8.2269E-03  1.5230E-02  3.4419E-02  1.4365E-01  1.4352E-01  3.4577E-02  1.5310E-02  8.2258E-03  4.4046E-03
       4.2571E-03  8.0502E-03  1.4735E-02  3.2078E-02  1.0313E-01  1.0284E-01  3.2421E-02  1.4812E-02  8.0931E-03  4.3971E-03
       4.1737E-03  7.5426E-03  1.3827E-02  2.8496E-02  6.6893E-02  6.6944E-02  2.8508E-02  1.3920E-02  7.6382E-03  4.1827E-03
       3.8889E-03  6.8568E-03  1.2350E-02  2.3770E-02  4.5334E-02  4.5399E-02  2.3934E-02  1.2430E-02  7.0638E-03  3.8276E-03
       3.3802E-03  5.9381E-03  1.0272E-02  1.8749E-02  3.1245E-02  3.1505E-02  1.8536E-02  1.0385E-02  5.9842E-03  3.3010E-03
       3.2451E-03  5.6707E-03  9.6271E-03  1.7026E-02  2.8430E-02  2.8281E-02  1.7168E-02  9.7898E-03  5.7130E-03  3.2199E-03
       3.7023E-03  6.6327E-03  1.1729E-02  2.1942E-02  4.1219E-02  4.1328E-02  2.1827E-02  1.1641E-02  6.7192E-03  3.7181E-03
       4.0310E-03  7.2318E-03  1.2984E-02  2.6008E-02  6.1362E-02  6.1013E-02  2.5861E-02  1.3076E-02  7.3966E-03  4.0433E-03
       4.2174E-03  7.7718E-03  1.4125E-02  2.9389E-02  9.3645E-02  9.3727E-02  2.9188E-02  1.3980E-02  7.8370E-03  4.2148E-03
       4.3372E-03  7.9802E-03  1.4502E-02  3.1546E-02  1.2835E-01  1.2755E-01  3.1508E-02  1.4571E-02  7.9745E-03  4.2504E-03
       4.3184E-03  7.9649E-03  1.4365E-02  3.1484E-02  1.2752E-01  1.2769E-01  3.1701E-02  1.4364E-02  8.0037E-03  4.2982E-03
       4.1805E-03  7.6962E-03  1.3891E-02  2.9476E-02  9.3610E-02  9.3438E-02  2.9568E-02  1.3941E-02  7.7432E-03  4.2146E-03
       4.0216E-03  7.2008E-03  1.3037E-02  2.6089E-02  6.1096E-02  6.1139E-02  2.6144E-02  1.3030E-02  7.4424E-03  4.0409E-03
       3.6799E-03  6.5947E-03  1.1701E-02  2.1746E-02  4.1293E-02  4.1358E-02  2.1814E-02  1.1650E-02  6.7110E-03  3.7094E-03
       3.2543E-03  5.6738E-03  9.6233E-03  1.7145E-02  2.8248E-02  2.8328E-02  1.7065E-02  9.6739E-03  5.6941E-03  3.1998E-03
       3.0725E-03  5.3845E-03  8.9604E-03  1.5432E-02  2.5138E-02  2.5147E-02  1.5489E-02  9.0839E-03  5.3112E-03  3.0379E-03
       3.5155E-03  6.2845E-03  1.0798E-02  1.9823E-02  3.6809E-02  3.6729E-02  1.9600E-02  1.0773E-02  6.2374E-03  3.4803E-03
       3.9004E-03  6.9364E-03  1.2084E-02  2.3406E-02  5.5338E-02  5.4751E-02  2.3190E-02  1.1960E-02  6.9279E-03  3.8401E-03
       4.1102E-03  7.3014E-03  1.3055E-02  2.6382E-02  8.3327E-02  8.3493E-02  2.6267E-02  1.3007E-02  7.4417E-03  4.1211E-03
       4.0854E-03  7.4365E-03  1.3402E-02  2.8347E-02  1.1243E-01  1.1149E-01  2.8255E-02  1.3422E-02  7.4943E-03  4.1119E-03
       4.1263E-03  7.5370E-03  1.3333E-02  2.8536E-02  1.1157E-01  1.1169E-01  2.8300E-02  1.3395E-02  7.5479E-03  4.1620E-03
       3.9443E-03  7.2311E-03  1.2875E-02  2.6472E-02  8.3586E-02  8.3272E-02  2.6678E-02  1.2892E-02  7.3026E-03  4.0058E-03
       3.8560E-03  6.8641E-03  1.1932E-02  2.3310E-02  5.4940E-02  5.4926E-02  2.3518E-02  1.1954E-02  6.9207E-03  3.8252E-03
       3.5438E-03  6.2375E-03  1.0849E-02  1.9684E-02  3.7024E-02  3.6814E-02  1.9630E-02  1.0761E-02  6.3346E-03  3.5230E-03
       3.0828E-03  5.3478E-03  8.8985E-03  1.5555E-02  2.5044E-02  2.5084E-02  1.5439E-02  8.8609E-03  5.4046E-03  3.0556E-03
       2.9384E-03  4.9946E-03  8.3344E-03  1.3752E-02  2.1940E-02  2.1899E-02  1.3687E-02  8.2148E-03  4.9241E-03  2.9299E-03
       3.2881E-03  5.8063E-03  9.8133E-03  1.7425E-02  3.2259E-02  3.2518E-02  1.7512E-02  9.8158E-03  5.8126E-03  3.3312E-03
       3.6535E-03  6.4544E-03  1.0962E-02  2.0707E-02  4.8615E-02  4.8657E-02  2.0629E-02  1.0934E-02  6.3732E-03  3.5941E-03
       3.7719E-03  6.8720E-03  1.1739E-02  2.3371E-02  7.3444E-02  7.3651E-02  2.3405E-02  1.1782E-02  6.8325E-03  3.8227E-03
       3.7850E-03  6.9870E-03  1.2174E-02  2.5101E-02  9.7545E-02  9.6614E-02  2.4987E-02  1.2227E-02  7.0579E-03  3.8651E-03
       3.8380E-03  6.9369E-03  1.2098E-02  2.5167E-02  9.7120E-02  9.6929E-02  2.5055E-02  1.2072E-02  7.0089E-03  3.9012E-03
       3.7481E-03  6.7152E-03  1.1761E-02  2.3562E-02  7.3363E-02  7.3229E-02  2.3529E-02  1.1799E-02  6.7592E-03  3.8077E-03
       3.5438E-03  6.3628E-03  1.0907E-02  2.0860E-02  4.8500E-02  4.8448E-02  2.0881E-02  1.0923E-02  6.4210E-03  3.5792E-03
       3.3520E-03  5.7831E-03  9.8710E-03  1.7516E-02  3.2610E-02  3.2392E-02  1.7544E-02  9.9359E-03  5.9117E-03  3.3387E-03
       2.8844E-03  4.9512E-03  8.1480E-03  1.3877E-02  2.1959E-02  2.1903E-02  1.3880E-02  8.1921E-03  4.9869E-03  2.9421E-03
       2.7060E-03  4.5758E-03  7.4523E-03  1.1954E-02  1.8935E-02  1.9020E-02  1.2099E-02  7.3327E-03  4.6358E-03  2.7373E-03
       3.0528E-03  5.3451E-03  8.9442E-03  1.5158E-02  2.7972E-02  2.8185E-02  1.5385E-02  8.8929E-03  5.3454E-03  3.0624E-03
       3.3593E-03  5.9078E-03  9.8592E-03  1.8135E-02  4.2428E-02  4.2316E-02  1.8071E-02  9.9016E-03  5.8765E-03  3.3294E-03
       3.4937E-03  6.3461E-03  1.0439E-02  2.0460E-02  6.3926E-02  6.4127E-02  2.0465E-02  1.0505E-02  6.2458E-03  3.5622E-03
       3.5548E-03  6.4454E-03  1.0884E-02  2.1888E-02  8.4146E-02  8.3528E-02  2.1815E-02  1.0922E-02  6.3874E-03  3.5873E-03
       3.5651E-03  6.3993E-03  1.0845E-02  2.1880E-02  8.3976E-02  8.3902E-02  2.1615E-02  1.0869E-02  6.4001E-03  3.5822E-03
       3.4301E-03  6.2867E-03  1.0521E-02  2.0613E-02  6.3771E-02  6.3985E-02  2.0388E-02  1.0530E-02  6.1549E-03  3.4670E-03
       3.3351E-03  5.8795E-03  9.8277E-03  1.8232E-02  4.2193E-02  4.2209E-02  1.8259E-02  9.8546E-03  5.8661E-03  3.2668E-03
       3.1269E-03  5.3387E-03  8.8145E-03  1.5530E-02  2.8213E-02  2.8047E-02  1.5423E-02  9.0020E-03  5.3880E-03  3.0821E-03
       2.7710E-03  4.5721E-03  7.4004E-03  1.2236E-02  1.9013E-02  1.8954E-02  1.2206E-02  7.5004E-03  4.6084E-03  2.7451E-03
       2.4838E-03  4.2042E-03  6.6144E-03  1.0426E-02  1.6227E-02  1.6387E-02  1.0370E-02  6.6035E-03  4.1358E-03  2.4416E-03
       2.8305E-03  4.8180E-03  7.8788E-03  1.3116E-02  2.4228E-02  2.4181E-02  1.3125E-02  7.7864E-03  4.8257E-03  2.7721E-03
       3.0882E-03  5.2881E-03  8.6469E-03  1.5469E-02  3.7001E-02  3.7072E-02  1.5608E-02  8.7543E-03  5.2740E-03  3.0274E-03
       3.2287E-03  5.6268E-03  9.2379E-03  1.7496E-02  5.5906E-02  5.6236E-02  1.7648E-02  9.2191E-03  5.4693E-03  3.1672E-03
       3.2828E-03  5.7628E-03  9.5967E-03  1.8791E-02  7.3581E-02  7.2798E-02  1.8928E-02  9.6391E-03  5.6558E-03  3.2724E-03
       3.3355E-03  5.7888E-03  9.5249E-03  1.8711E-02  7.3121E-02  7.3246E-02  1.8729E-02  9.6178E-03  5.6106E-03  3.3092E-03
       3.2224E-03  5.5686E-03  9.2105E-03  1.7700E-02  5.5688E-02  5.5881E-02  1.7545E-02  9.2755E-03  5.5178E-03  3.1453E-03
       3.0551E-03  5.3592E-03  8.6292E-03  1.5671E-02  3.6798E-02  3.6840E-02  1.5572E-02  8.6884E-03  5.2711E-03  2.9946E-03
       2.9237E-03  4.8210E-03  7.8203E-03  1.3358E-02  2.4226E-02  2.4201E-02  1.3291E-02  7.8979E-03  4.8635E-03  2.8713E-03
       2.4673E-03  4.0698E-03  6.5394E-03  1.0597E-02  1.6315E-02  1.6279E-02  1.0490E-02  6.6882E-03  4.1843E-03  2.5136E-03
       2.2327E-03  3.6469E-03  5.7444E-03  8.5815E-03  1.2356E-02  1.2379E-02  8.6186E-03  5.7890E-03  3.7080E-03  2.2612E-03
       2.5322E-03  4.2311E-03  6.6761E-03  1.0455E-02  1.7606E-02  1.7526E-02  1.0563E-02  6.7435E-03  4.2644E-03  2.5717E-03
       2.7439E-03  4.5683E-03  7.3224E-03  1.2184E-02  2.5542E-02  2.5682E-02  1.2207E-02  7.4930E-03  4.6327E-03  2.7350E-03
       2.8358E-03  4.8800E-03  7.8713E-03  1.3540E-02  3.7726E-02  3.8009E-02  1.3638E-02  7.8939E-03  4.8230E-03  2.7925E-03
       2.9585E-03  5.0311E-03  8.1446E-03  1.4375E-02  4.8998E-02  4.8551E-02  1.4390E-02  8.1201E-03  4.9676E-03  2.8387E-03
       2.8831E-03  5.0357E-03  8.1501E-03  1.4289E-02  4.8829E-02  4.8689E-02  1.4462E-02  8.1417E-03  4.9510E-03  2.8905E-03
       2.8070E-03  4.8600E-03  7.8156E-03  1.3518E-02  3.7604E-02  3.7791E-02  1.3503E-02  7.8938E-03  4.8199E-03  2.8037E-03
       2.7337E-03  4.7278E-03  7.4445E-03  1.2208E-02  2.5471E-02  2.5406E-02  1.2205E-02  7.5079E-03  4.6443E-03  2.7043E-03
       2.6185E-03  4.2613E-03  6.8146E-03  1.0656E-02  1.7438E-02  1.7337E-02  1.0684E-02  6.7508E-03  4.2584E-03  2.5585E-03
       2.2994E-03  3.6771E-03  5.7685E-03  8.7092E-03  1.2373E-02  1.2397E-02  8.7831E-03  5.8136E-03  3.6805E-03  2.2932E-03
       1.9590E-03  3.1102E-03  4.7376E-03  6.9567E-03  9.3087E-03  9.2461E-03  7.0755E-03  4.8249E-03  3.1296E-03  2.0090E-03
       2.1807E-03  3.5494E-03  5.4983E-03  8.2781E-03  1.1545E-02  1.1369E-02  8.2800E-03  5.5353E-03  3.5869E-03  2.2498E-03
       2.2998E-03  3.7573E-03  5.9384E-03  9.2612E-03  1.3366E-02  1.3481E-02  9.3276E-03  6.0623E-03  3.8372E-03  2.2958E-03
       2.4278E-03  3.9193E-03  6.3971E-03  9.9959E-03  1.5289E-02  1.5301E-02  1.0084E-02  6.3218E-03  3.9965E-03  2.3598E-03
       2.4548E-03  4.0672E-03  6.4960E-03  1.0363E-02  1.6574E-02  1.6542E-02  1.0547E-02  6.5216E-03  4.0438E-03  2.3896E-03
       2.4616E-03  4.0486E-03  6.5457E-03  1.0375E-02  1.6565E-02  1.6561E-02  1.0488E-02  6.5388E-03  3.9953E-03  2.4573E-03
       2.3361E-03  4.0131E-03  6.3066E-03  1.0060E-02  1.5094E-02  1.5212E-02  9.9461E-03  6.3273E-03  3.9587E-03  2.3856E-03
       2.2895E-03  3.8281E-03  6.0055E-03  9.3712E-03  1.3391E-02  1.3417E-02  9.2226E-03  6.0046E-03  3.8299E-03  2.3181E-03
       2.1602E-03  3.5880E-03  5.5332E-03  8.3459E-03  1.1417E-02  1.1367E-02  8.3524E-03  5.4841E-03  3.5289E-03  2.2182E-03
       1.9785E-03  3.1525E-03  4.9291E-03  7.1399E-03  9.2596E-03  9.2623E-03  7.1188E-03  4.7909E-03  3.1738E-03  1.9900E-03

      Percentage errors follow in a matrix A(ix,iy,iz), format (1(5x,1p,10(1x,e11.4)))

       1.0406E+00  9.6005E-01  4.5698E-01  5.9192E-01  2.7166E-01  2.9006E-01  4.4299E-01  7.9390E-01  6.2698E-01  1.0355E+00
       1.2083E+00  6.9194E-01  4.7416E-01  3.8766E-01  2.4120E-01  3.0641E-01  4.6596E-01  4.4967E-01  6.1799E-01  1.1825E+00
       8.9551E-01  4.7507E-01  6.2455E-01  3.6666E-01  1.6600E-01  2.6338E-01  3.1253E-01  5.9325E-01  6.8546E-01  8.9541E-01
       6.9745E-01  6.6163E-01  6.0274E-01  2.8410E-01  2.2447E-01  2.3337E-01  4.5893E-01  6.0745E-01  6.6304E-01  9.8385E-01
       8.8086E-01  7.3934E-01  4.1690E-01  2.8685E-01  1.7471E-01  2.6629E-01  3.7212E-01  5.8064E-01  7.9941E-01  9.6547E-01
       9.5030E-01  6.0944E-01  5.3582E-01  2.9722E-01  1.4924E-01  1.7156E-01  3.8208E-01  5.8436E-01  6.7343E-01  9.7908E-01
       1.0136E+00  7.9282E-01  4.4189E-01  3.0439E-01  2.3225E-01  2.1634E-01  3.1398E-01  4.6743E-01  7.0018E-01  1.3374E+00
       9.0096E-01  8.0251E-01  5.2006E-01  3.5150E-01  3.3682E-01  2.2050E-01  3.7266E-01  4.5205E-01  9.4559E-01  1.1712E+00
       1.3762E+00  1.0969E+00  7.0384E-01  4.9849E-01  3.7860E-01  3.8098E-01  4.5808E-01  5.4936E-01  1.0765E+00  1.0385E+00
       1.4970E+00  8.0292E-01  6.6557E-01  4.3399E-01  3.8236E-01  3.7793E-01  3.2410E-01  5.5955E-01  6.7121E-01  1.0880E+00
       9.0529E-01  9.6828E-01  4.3581E-01  5.9400E-01  3.9305E-01  4.2651E-01  4.6215E-01  6.8113E-01  7.3176E-01  8.9352E-01
       1.2276E+00  7.2622E-01  5.7171E-01  4.0037E-01  2.2857E-01  3.2638E-01  3.6386E-01  4.3374E-01  8.7381E-01  9.6906E-01
       8.4772E-01  8.3194E-01  4.4983E-01  4.2884E-01  2.1392E-01  3.0303E-01  4.1636E-01  6.2355E-01  6.5701E-01  9.4717E-01
       1.1113E+00  7.7920E-01  4.4876E-01  3.8237E-01  2.4231E-01  2.6147E-01  5.0133E-01  5.8049E-01  8.0697E-01  9.1445E-01
       8.3992E-01  7.1371E-01  5.6228E-01  4.1330E-01  2.3593E-01  2.5389E-01  2.6951E-01  5.6740E-01  6.7833E-01  8.7029E-01
       8.7689E-01  6.7659E-01  5.7458E-01  4.2012E-01  1.4185E-01  2.1479E-01  3.8223E-01  7.2161E-01  6.2624E-01  8.8267E-01
       7.6572E-01  8.1715E-01  4.4923E-01  3.1033E-01  2.3407E-01  1.9839E-01  3.8693E-01  4.9320E-01  7.5665E-01  9.3754E-01
       1.1807E+00  6.0966E-01  6.2761E-01  3.5854E-01  2.1820E-01  1.5865E-01  3.8616E-01  4.8491E-01  7.9046E-01  1.1956E+00
       9.2321E-01  7.2391E-01  6.7869E-01  3.1761E-01  2.5832E-01  2.9438E-01  4.3264E-01  7.5020E-01  1.0185E+00  8.7210E-01
       1.2984E+00  6.7784E-01  6.5070E-01  5.8169E-01  3.7134E-01  3.8583E-01  4.6447E-01  3.9920E-01  9.9570E-01  1.3347E+00
       1.1416E+00  9.0974E-01  5.3694E-01  5.4213E-01  3.4084E-01  4.6972E-01  5.6365E-01  7.0491E-01  8.5481E-01  1.1607E+00
       1.0366E+00  8.1605E-01  6.1671E-01  5.0206E-01  2.4823E-01  3.6212E-01  3.9306E-01  4.5537E-01  8.5093E-01  1.1183E+00
       9.1718E-01  6.7251E-01  5.7521E-01  3.5877E-01  3.1492E-01  2.7781E-01  3.7760E-01  8.0510E-01  6.9522E-01  8.6196E-01
       1.0260E+00  4.2245E-01  4.8549E-01  3.7758E-01  2.1947E-01  2.0942E-01  4.6718E-01  5.2088E-01  6.5102E-01  1.1757E+00
       1.1618E+00  6.5393E-01  3.7073E-01  4.9333E-01  2.2550E-01  2.6930E-01  3.0953E-01  5.9706E-01  7.5513E-01  9.4255E-01
       7.0055E-01  7.1365E-01  4.7032E-01  3.9276E-01  1.4144E-01  2.3498E-01  4.8923E-01  6.1213E-01  5.7955E-01  9.5127E-01
       8.2319E-01  8.0709E-01  5.9035E-01  3.5848E-01  2.6338E-01  2.4818E-01  3.7459E-01  4.8603E-01  7.8649E-01  8.8694E-01
       9.9192E-01  7.4429E-01  5.6658E-01  4.5158E-01  2.8616E-01  2.5775E-01  3.4838E-01  5.2180E-01  5.4785E-01  8.6493E-01
       9.4112E-01  7.1332E-01  7.0096E-01  3.8013E-01  2.8435E-01  3.2599E-01  4.4818E-01  6.5260E-01  8.2197E-01  1.2500E+00
       9.5904E-01  7.0387E-01  5.7157E-01  5.2648E-01  2.3663E-01  4.1201E-01  4.5013E-01  4.9505E-01  7.4811E-01  8.0756E-01
       1.2399E+00  8.3924E-01  6.3907E-01  4.1523E-01  3.4774E-01  3.0515E-01  4.3465E-01  6.3075E-01  8.4759E-01  1.3393E+00
       9.0964E-01  6.5339E-01  5.3017E-01  4.2826E-01  2.9933E-01  3.7225E-01  4.4507E-01  5.6915E-01  7.3074E-01  8.4379E-01
       9.2793E-01  6.3919E-01  6.0881E-01  3.4877E-01  3.0897E-01  1.8217E-01  4.9369E-01  8.2761E-01  8.9750E-01  9.3910E-01
       8.8770E-01  7.8928E-01  3.4795E-01  3.6499E-01  1.7062E-01  2.6938E-01  5.1514E-01  3.4221E-01  7.8576E-01  8.7512E-01
       7.4859E-01  5.8271E-01  5.6197E-01  3.0079E-01  2.4799E-01  2.5568E-01  2.9037E-01  7.9216E-01  9.1302E-01  1.0275E+00
       7.0827E-01  7.9214E-01  4.0202E-01  4.6316E-01  1.7827E-01  2.6769E-01  4.7388E-01  4.4056E-01  7.5989E-01  7.9783E-01
       8.2010E-01  7.6888E-01  6.3770E-01  3.5885E-01  2.3058E-01  2.4080E-01  3.3522E-01  6.1252E-01  9.3237E-01  8.4564E-01
       1.3975E+00  9.0974E-01  5.9538E-01  3.8025E-01  2.1594E-01  2.4617E-01  3.5207E-01  4.7595E-01  1.0184E+00  1.0409E+00
       1.4061E+00  8.0932E-01  6.2224E-01  5.1281E-01  2.9251E-01  2.6704E-01  5.6234E-01  6.3353E-01  7.6837E-01  1.1049E+00
       9.6348E-01  7.3565E-01  6.1607E-01  4.5256E-01  3.3619E-01  3.5069E-01  4.6987E-01  7.1802E-01  5.8066E-01  8.6538E-01
       1.3757E+00  7.6916E-01  6.6123E-01  4.4090E-01  3.4118E-01  2.9435E-01  4.7038E-01  6.5755E-01  9.8839E-01  8.3399E-01
       1.0895E+00  7.6128E-01  6.2515E-01  4.0347E-01  4.9558E-01  3.9483E-01  3.7466E-01  4.9605E-01  8.6648E-01  7.5219E-01
       1.1608E+00  7.6268E-01  4.7398E-01  4.3728E-01  2.9996E-01  2.6839E-01  4.9454E-01  6.1323E-01  9.0036E-01  9.7926E-01
       8.7858E-01  5.6388E-01  3.9646E-01  4.2519E-01  2.0637E-01  2.5719E-01  4.6848E-01  5.0122E-01  8.1735E-01  1.1239E+00
       1.0222E+00  7.6482E-01  4.6942E-01  3.8519E-01  2.6905E-01  3.2274E-01  3.7229E-01  6.7506E-01  8.6016E-01  1.4673E+00
       9.2962E-01  6.8186E-01  5.1854E-01  4.2896E-01  2.1076E-01  3.1469E-01  4.1886E-01  5.5359E-01  6.6287E-01  9.5921E-01
       8.3034E-01  6.3204E-01  5.0019E-01  3.7953E-01  2.2122E-01  2.2762E-01  4.0743E-01  5.8943E-01  7.6865E-01  8.5260E-01
       8.8447E-01  8.1750E-01  4.8166E-01  4.2970E-01  2.9927E-01  3.3200E-01  3.5019E-01  6.0003E-01  9.1201E-01  9.5097E-01
       8.6583E-01  1.1124E+00  7.4306E-01  6.0835E-01  2.8786E-01  3.3181E-01  5.6980E-01  5.9224E-01  7.7674E-01  9.3663E-01
       1.1434E+00  1.0124E+00  7.4403E-01  4.7256E-01  4.4597E-01  3.2801E-01  4.4699E-01  6.4441E-01  1.0814E+00  1.2853E+00
       7.0004E-01  6.5821E-01  6.4148E-01  5.2885E-01  4.4261E-01  4.2493E-01  5.5058E-01  7.5610E-01  1.0352E+00  8.3364E-01
       1.0289E+00  8.5564E-01  7.2505E-01  4.5546E-01  4.7962E-01  4.4224E-01  6.1535E-01  4.9558E-01  8.5824E-01  8.2671E-01
       1.2234E+00  6.2480E-01  4.6676E-01  4.0101E-01  2.2363E-01  3.1529E-01  4.6387E-01  6.5926E-01  8.3274E-01  8.7761E-01
       1.0925E+00  5.4417E-01  5.4693E-01  4.8343E-01  2.8414E-01  2.6842E-01  4.7966E-01  4.2469E-01  7.3069E-01  1.0270E+00
       1.2048E+00  6.8656E-01  6.1296E-01  4.1912E-01  2.5961E-01  2.7588E-01  4.6815E-01  5.6141E-01  7.2355E-01  1.3388E+00
       1.0906E+00  7.1122E-01  5.4803E-01  4.9517E-01  2.0626E-01  2.7486E-01  3.0237E-01  5.1389E-01  6.7029E-01  1.2842E+00
       1.0623E+00  6.9335E-01  5.4236E-01  4.7298E-01  2.5142E-01  2.7505E-01  4.2100E-01  4.2672E-01  8.2202E-01  1.1652E+00
       1.1011E+00  7.3265E-01  8.5147E-01  3.8894E-01  2.7913E-01  2.8218E-01  3.4387E-01  6.5559E-01  7.2459E-01  1.2484E+00
       1.5394E+00  8.8096E-01  6.1991E-01  6.2782E-01  3.1545E-01  4.6566E-01  4.7118E-01  4.3528E-01  8.5525E-01  1.3580E+00
       1.3590E+00  9.6589E-01  7.5051E-01  5.2571E-01  3.8298E-01  2.6949E-01  5.1125E-01  5.5542E-01  7.0063E-01  1.5234E+00
       9.6512E-01  7.3292E-01  5.7052E-01  6.9205E-01  4.4155E-01  5.4082E-01  5.4079E-01  8.2807E-01  8.5080E-01  1.4403E+00
       1.2915E+00  6.6776E-01  7.1501E-01  5.7916E-01  3.6325E-01  5.1059E-01  5.8723E-01  5.8556E-01  6.5423E-01  1.1328E+00
       1.0583E+00  9.1440E-01  6.8535E-01  5.1762E-01  4.2486E-01  3.3253E-01  5.7705E-01  5.2719E-01  7.4936E-01  7.5665E-01
       1.2356E+00  6.4892E-01  7.8119E-01  4.7248E-01  2.6488E-01  3.1275E-01  4.1725E-01  6.5668E-01  7.4029E-01  1.1671E+00
       1.4494E+00  9.4336E-01  5.8513E-01  4.6188E-01  3.4392E-01  2.9299E-01  5.0592E-01  4.7940E-01  7.8009E-01  1.3527E+00
       1.0462E+00  8.7909E-01  7.3537E-01  4.3349E-01  2.1866E-01  2.5251E-01  4.7754E-01  6.2574E-01  7.9500E-01  9.8059E-01
       1.1324E+00  8.0446E-01  9.2002E-01  4.0600E-01  2.1410E-01  3.8940E-01  4.3450E-01  6.7374E-01  9.2726E-01  1.2295E+00
       1.1019E+00  9.7452E-01  7.3591E-01  3.8587E-01  3.5267E-01  4.3352E-01  5.4264E-01  7.8478E-01  6.9099E-01  1.4222E+00
       1.2644E+00  5.8762E-01  7.0924E-01  4.6911E-01  3.8085E-01  5.1399E-01  5.6125E-01  5.4383E-01  8.7230E-01  1.2697E+00
       1.1378E+00  1.0483E+00  9.1072E-01  6.2376E-01  3.4470E-01  5.6493E-01  6.0746E-01  6.2744E-01  8.1971E-01  1.4038E+00
       1.4845E+00  5.7194E-01  5.9708E-01  5.9940E-01  5.2725E-01  5.8637E-01  5.9443E-01  5.8501E-01  7.5456E-01  1.5199E+00
       9.7243E-01  7.6395E-01  6.4660E-01  6.4279E-01  4.3791E-01  4.7837E-01  4.0319E-01  6.0038E-01  8.3903E-01  1.1969E+00
       1.1907E+00  8.8627E-01  6.6000E-01  7.7977E-01  4.4529E-01  3.7460E-01  4.3513E-01  6.1511E-01  1.0991E+00  1.2139E+00
       1.0762E+00  8.1300E-01  4.8336E-01  4.3756E-01  3.2715E-01  3.2025E-01  4.3493E-01  6.7151E-01  8.7765E-01  6.2308E-01
       1.2880E+00  8.7487E-01  6.7447E-01  5.1728E-01  4.2225E-01  2.6933E-01  4.3323E-01  7.3486E-01  9.7818E-01  1.1035E+00
       1.2106E+00  7.5297E-01  6.1425E-01  5.0318E-01  3.0322E-01  2.9211E-01  5.3401E-01  6.5769E-01  8.5816E-01  1.2974E+00
       8.3460E-01  1.0898E+00  6.2811E-01  4.5721E-01  3.0345E-01  4.5270E-01  4.5407E-01  7.8929E-01  5.7830E-01  1.2176E+00
       1.2399E+00  8.5753E-01  7.6556E-01  4.0643E-01  4.3090E-01  4.4213E-01  5.1240E-01  5.4589E-01  8.1282E-01  1.1937E+00
       1.4044E+00  6.7508E-01  7.6338E-01  4.0444E-01  5.6014E-01  4.4359E-01  6.9407E-01  6.7542E-01  1.0328E+00  1.1590E+00
       1.3207E+00  9.7334E-01  8.3357E-01  6.3585E-01  4.5684E-01  4.8249E-01  8.0845E-01  7.9283E-01  1.1497E+00  1.3385E+00
       1.1693E+00  8.9486E-01  7.6224E-01  6.6963E-01  6.5004E-01  5.7181E-01  6.8289E-01  7.5936E-01  7.9260E-01  1.4932E+00
       1.2042E+00  8.5701E-01  6.2996E-01  3.0948E-01  3.9256E-01  5.5969E-01  6.1490E-01  9.2309E-01  6.2993E-01  1.3784E+00
       1.2849E+00  1.3371E+00  6.0731E-01  6.3262E-01  3.9492E-01  5.0545E-01  5.7514E-01  8.7323E-01  7.6751E-01  1.0480E+00
       1.1423E+00  1.2072E+00  6.9535E-01  6.6212E-01  3.9268E-01  3.5725E-01  5.3233E-01  6.6394E-01  8.8514E-01  9.9803E-01
       1.2376E+00  1.1175E+00  7.2662E-01  7.6130E-01  4.8349E-01  2.7118E-01  4.2396E-01  4.3073E-01  9.1457E-01  8.8444E-01
       8.4106E-01  8.6004E-01  7.9634E-01  5.1933E-01  4.8020E-01  4.6189E-01  5.8492E-01  5.3671E-01  1.2049E+00  1.4211E+00
       1.4756E+00  9.4719E-01  5.8796E-01  6.2033E-01  3.4241E-01  4.3549E-01  4.8245E-01  6.4170E-01  9.0541E-01  1.2605E+00
       9.5197E-01  8.3034E-01  6.3854E-01  5.0228E-01  4.6551E-01  4.5140E-01  6.8712E-01  7.1602E-01  9.8318E-01  1.2842E+00
       1.0632E+00  7.4216E-01  5.8443E-01  5.4538E-01  5.0857E-01  4.5016E-01  6.4960E-01  6.8635E-01  1.0213E+00  1.1408E+00
       1.3075E+00  1.0680E+00  7.3028E-01  6.2014E-01  5.8732E-01  4.5756E-01  8.2125E-01  7.7903E-01  1.3047E+00  1.2784E+00
       1.8212E+00  9.4207E-01  9.6616E-01  7.3234E-01  6.5147E-01  9.1910E-01  7.2097E-01  8.3393E-01  9.7453E-01  1.4247E+00
       1.4668E+00  1.3131E+00  6.2160E-01  5.9753E-01  5.7483E-01  7.0872E-01  6.6998E-01  7.1723E-01  7.0913E-01  1.3798E+00
       1.1127E+00  1.0846E+00  7.6058E-01  7.5414E-01  5.8045E-01  4.9466E-01  7.2114E-01  7.1252E-01  9.0588E-01  1.2613E+00
       1.3785E+00  9.6620E-01  5.9898E-01  6.5977E-01  2.6632E-01  5.0040E-01  6.1132E-01  6.0012E-01  1.0641E+00  1.4651E+00
       1.0730E+00  1.1618E+00  6.3490E-01  4.9854E-01  6.5198E-01  4.3353E-01  6.5994E-01  6.1156E-01  1.0477E+00  1.1940E+00
       1.2598E+00  8.5608E-01  6.4681E-01  7.0206E-01  4.0821E-01  4.8554E-01  7.4529E-01  8.9120E-01  1.2198E+00  1.2633E+00
       1.2809E+00  1.0188E+00  5.0445E-01  5.1058E-01  5.2796E-01  5.5552E-01  4.6829E-01  9.7296E-01  6.8977E-01  1.1346E+00
       1.3624E+00  8.4496E-01  7.1285E-01  7.8211E-01  4.5435E-01  4.2135E-01  5.0327E-01  9.4597E-01  8.9505E-01  1.6312E+00
       1.3112E+00  6.1968E-01  9.5151E-01  5.8637E-01  5.5334E-01  5.7315E-01  6.6838E-01  9.7035E-01  1.0817E+00  1.6493E+00
       1.6237E+00  9.9701E-01  7.5859E-01  6.0700E-01  6.9603E-01  4.9428E-01  7.6466E-01  8.9208E-01  1.4526E+00  1.4355E+00
