1
   Cartesian binning n.   1  "DoseEq    " , generalized particle n.  240
      X coordinate: from -8.5000E+01 to  8.5000E+01 cm,    10 bins ( 1.7000E+01 cm wide)
      Y coordinate: from -2.5000E+01 to  2.5000E+01 cm,    10 bins ( 5.0000E+00 cm wide)
      Z coordinate: from  2.2500E+02 to  2.7500E+02 cm,    10 bins ( 5.0000E+00 cm wide)
      Data follow in a matrix A(ix,iy,iz), format (1(5x,1p,10(1x,e11.4)))

      accurate deposition along the tracks requested
      this is a track-length binning
       1.0075E-04  1.2202E-04  1.3707E-04  1.5382E-04  1.5490E-04  1.4863E-04  1.4295E-04  1.4288E-04  1.2109E-04  1.0824E-04
       1.0716E-04  1.3459E-04  1.6691E-04  1.7194E-04  1.7386E-04  1.6275E-04  1.7677E-04  1.6431E-04  1.3342E-04  1.1196E-04
       1.1176E-04  1.4077E-04  1.6367E-04  1.7135E-04  1.7714E-04  1.7982E-04  1.8009E-04  1.6132E-04  1.4238E-04  1.1912E-04
       1.1733E-04  1.3991E-04  1.5931E-04  1.8845E-04  1.9249E-04  2.0708E-04  1.9330E-04  1.5954E-04  1.4512E-04  1.1303E-04
       1.1922E-04  1.3726E-04  1.5914E-04  1.9998E-04  2.0146E-04  2.0249E-04  1.9693E-04  1.7578E-04  1.5075E-04  1.1145E-04
       1.1973E-04  1.5019E-04  1.7268E-04  1.8676E-04  1.9469E-04  2.0366E-04  1.8551E-04  1.7081E-04  1.4560E-04  1.2547E-04
       1.1244E-04  1.5047E-04  1.7806E-04  1.8588E-04  1.9223E-04  1.8647E-04  1.7722E-04  1.7807E-04  1.5409E-04  1.1127E-04
       1.2033E-04  1.4227E-04  1.7047E-04  1.7537E-04  1.9434E-04  1.7913E-04  1.7235E-04  1.6558E-04  1.4903E-04  1.2040E-04
       1.0465E-04  1.3629E-04  1.6010E-04  1.6507E-04  1.8122E-04  1.7304E-04  1.6617E-04  1.4913E-04  1.3739E-04  1.1735E-04
       1.0234E-04  1.1991E-04  1.3386E-04  1.4615E-04  1.4911E-04  1.5904E-04  1.4765E-04  1.5100E-04  1.2048E-04  1.0694E-04
       8.3428E-05  1.0073E-04  1.1869E-04  1.3526E-04  1.4026E-04  1.3514E-04  1.3922E-04  1.3313E-04  1.1402E-04  9.2959E-05
       9.3863E-05  1.3138E-04  1.5225E-04  1.5551E-04  1.5682E-04  1.6501E-04  1.6599E-04  1.6158E-04  1.3141E-04  1.0289E-04
       1.0641E-04  1.3759E-04  1.6432E-04  1.8386E-04  1.8136E-04  1.7525E-04  1.6689E-04  1.6535E-04  1.3436E-04  1.0987E-04
       1.1137E-04  1.2720E-04  1.5548E-04  1.8894E-04  1.8360E-04  2.0979E-04  1.9481E-04  1.7414E-04  1.4948E-04  1.1226E-04
       1.1322E-04  1.3865E-04  1.6680E-04  2.1346E-04  1.9927E-04  1.9932E-04  1.9766E-04  1.6846E-04  1.3628E-04  1.1164E-04
       1.1177E-04  1.5265E-04  1.7142E-04  2.0107E-04  2.0001E-04  1.9589E-04  1.8676E-04  1.7417E-04  1.4641E-04  1.1133E-04
       9.3657E-05  1.5563E-04  1.6315E-04  1.8027E-04  1.9333E-04  1.9742E-04  1.8336E-04  1.7565E-04  1.5190E-04  1.0755E-04
       1.0391E-04  1.4601E-04  1.6869E-04  1.6371E-04  1.7752E-04  1.7002E-04  1.7296E-04  1.6224E-04  1.4253E-04  1.0829E-04
       1.0221E-04  1.2454E-04  1.5957E-04  1.6053E-04  1.5671E-04  1.6158E-04  1.5344E-04  1.4097E-04  1.3517E-04  9.6032E-05
       7.9579E-05  1.0860E-04  1.2669E-04  1.2963E-04  1.3130E-04  1.3289E-04  1.2694E-04  1.2611E-04  9.9171E-05  8.9615E-05
       6.7899E-05  8.4061E-05  1.0770E-04  1.0961E-04  1.1427E-04  1.1431E-04  1.2135E-04  1.0113E-04  8.7267E-05  6.9484E-05
       7.7814E-05  1.1988E-04  1.3108E-04  1.3385E-04  1.5040E-04  1.4214E-04  1.4635E-04  1.3281E-04  1.0660E-04  8.8784E-05
       9.2993E-05  1.2284E-04  1.3306E-04  1.6592E-04  1.4911E-04  1.5876E-04  1.5009E-04  1.4818E-04  1.1410E-04  9.2403E-05
       9.1067E-05  1.2671E-04  1.4151E-04  1.6634E-04  1.7450E-04  1.7740E-04  1.7528E-04  1.6654E-04  1.1826E-04  9.3537E-05
       1.0065E-04  1.3462E-04  1.5917E-04  1.8707E-04  1.8461E-04  1.7292E-04  1.5818E-04  1.4672E-04  1.2616E-04  1.0104E-04
       9.3957E-05  1.3575E-04  1.5818E-04  1.7401E-04  1.8641E-04  1.8588E-04  1.5881E-04  1.4795E-04  1.4133E-04  1.0207E-04
       9.4828E-05  1.3939E-04  1.5884E-04  1.7713E-04  1.7718E-04  1.8857E-04  1.5721E-04  1.5732E-04  1.3945E-04  8.5939E-05
       9.4774E-05  1.2059E-04  1.5983E-04  1.4748E-04  1.6523E-04  1.5747E-04  1.4590E-04  1.3704E-04  1.2028E-04  8.3530E-05
       8.4787E-05  1.0690E-04  1.3830E-04  1.3650E-04  1.4051E-04  1.3981E-04  1.3615E-04  1.3406E-04  1.1319E-04  7.9057E-05
       7.2258E-05  9.1237E-05  9.8251E-05  1.0298E-04  1.0418E-04  1.1089E-04  1.1565E-04  1.0178E-04  8.4835E-05  6.9989E-05
       4.5659E-05  6.5913E-05  8.5202E-05  9.5112E-05  9.2250E-05  9.8232E-05  9.2108E-05  8.3444E-05  7.1587E-05  6.1352E-05
       6.8293E-05  1.0398E-04  1.1681E-04  1.1498E-04  1.3555E-04  1.2348E-04  1.2130E-04  1.1138E-04  8.0506E-05  6.7675E-05
       7.2628E-05  9.9739E-05  1.2418E-04  1.3890E-04  1.3747E-04  1.3326E-04  1.2158E-04  1.3134E-04  1.0176E-04  7.5352E-05
       8.3417E-05  1.0655E-04  1.2570E-04  1.4944E-04  1.5619E-04  1.5709E-04  1.5073E-04  1.2591E-04  1.1108E-04  6.7753E-05
       8.6306E-05  1.1503E-04  1.3667E-04  1.4734E-04  1.6791E-04  1.4999E-04  1.4731E-04  1.3938E-04  1.0707E-04  7.8749E-05
       7.6674E-05  1.2048E-04  1.2567E-04  1.5224E-04  1.6253E-04  1.5556E-04  1.4371E-04  1.2863E-04  1.2033E-04  7.8779E-05
       8.4505E-05  1.2302E-04  1.2671E-04  1.5698E-04  1.4633E-04  1.6872E-04  1.3083E-04  1.3016E-04  1.1799E-04  8.2437E-05
       7.1404E-05  1.0252E-04  1.2515E-04  1.2087E-04  1.3957E-04  1.4756E-04  1.2491E-04  1.1306E-04  1.0594E-04  7.7781E-05
       6.8764E-05  9.0381E-05  1.1281E-04  1.1063E-04  1.1833E-04  1.2800E-04  1.1010E-04  1.1267E-04  9.1838E-05  6.7700E-05
       5.6270E-05  7.2056E-05  7.7517E-05  8.6317E-05  9.0166E-05  9.7737E-05  8.5725E-05  8.9685E-05  6.7056E-05  5.6444E-05
       4.6655E-05  6.4181E-05  6.9569E-05  7.7359E-05  7.6174E-05  7.5672E-05  6.8276E-05  7.0771E-05  5.5616E-05  4.8156E-05
       5.9122E-05  8.1741E-05  9.4070E-05  9.9931E-05  9.8408E-05  9.1614E-05  9.2613E-05  8.5700E-05  6.8802E-05  5.4275E-05
       6.5179E-05  8.3999E-05  1.0278E-04  1.1481E-04  1.0939E-04  1.0990E-04  1.0475E-04  1.0511E-04  8.5794E-05  5.6383E-05
       7.2755E-05  8.5509E-05  9.9281E-05  1.2785E-04  1.3135E-04  1.2708E-04  1.2350E-04  1.0432E-04  8.9767E-05  5.9514E-05
       6.5412E-05  9.6995E-05  1.1059E-04  1.2865E-04  1.4177E-04  1.2431E-04  1.2450E-04  1.1647E-04  8.7184E-05  5.9175E-05
       5.9347E-05  1.0104E-04  1.0427E-04  1.3734E-04  1.3070E-04  1.2668E-04  1.2395E-04  1.0867E-04  8.8768E-05  6.2782E-05
       6.4955E-05  1.0806E-04  1.0843E-04  1.2677E-04  1.2977E-04  1.2615E-04  1.2391E-04  1.0915E-04  9.4584E-05  6.4541E-05
       5.8588E-05  7.8105E-05  9.6143E-05  9.7690E-05  1.2193E-04  1.2374E-04  1.0777E-04  1.0635E-04  9.2120E-05  6.5529E-05
       5.3184E-05  6.8556E-05  9.4693E-05  9.1439E-05  9.0466E-05  1.0221E-04  9.5591E-05  8.9201E-05  7.2820E-05  5.3626E-05
       4.2937E-05  5.5476E-05  6.2324E-05  6.8438E-05  7.4305E-05  7.0069E-05  7.0147E-05  7.2499E-05  5.3636E-05  4.5309E-05
       3.3907E-05  5.0948E-05  5.0455E-05  5.7874E-05  6.5757E-05  5.5751E-05  5.5733E-05  4.9891E-05  4.4205E-05  3.7634E-05
       4.6899E-05  6.5073E-05  7.7962E-05  8.6631E-05  8.0195E-05  7.8410E-05  8.5184E-05  7.2127E-05  5.6306E-05  3.8852E-05
       5.1930E-05  7.4050E-05  7.8234E-05  8.4370E-05  8.7678E-05  9.6377E-05  9.0214E-05  8.9501E-05  7.1760E-05  4.9170E-05
       4.5964E-05  7.5170E-05  8.3410E-05  1.0369E-04  1.0055E-04  1.0205E-04  1.0447E-04  8.4558E-05  7.7007E-05  5.2152E-05
       4.5279E-05  7.5201E-05  8.9565E-05  1.0597E-04  1.0904E-04  1.0126E-04  1.0505E-04  8.9299E-05  7.7608E-05  5.3512E-05
       4.8351E-05  7.7951E-05  8.7772E-05  1.1107E-04  1.1137E-04  1.0351E-04  1.0302E-04  8.5993E-05  7.1483E-05  5.4689E-05
       4.6343E-05  7.3790E-05  8.3100E-05  1.0210E-04  1.0478E-04  1.0431E-04  9.8425E-05  8.9070E-05  7.6491E-05  5.0512E-05
       4.6625E-05  7.0043E-05  7.8229E-05  8.9963E-05  9.8492E-05  1.0055E-04  9.5864E-05  8.2353E-05  6.4234E-05  4.8286E-05
       3.6919E-05  5.2173E-05  6.9099E-05  7.1144E-05  8.3008E-05  7.9237E-05  8.3399E-05  6.4676E-05  6.2307E-05  3.9753E-05
       2.9383E-05  4.1122E-05  4.5780E-05  5.8718E-05  5.9156E-05  6.1825E-05  6.1666E-05  4.7634E-05  4.3304E-05  2.8068E-05
       2.5588E-05  3.6713E-05  4.7254E-05  4.9604E-05  5.2879E-05  3.9437E-05  4.1018E-05  3.9303E-05  3.3363E-05  2.4864E-05
       3.3760E-05  4.0962E-05  6.2133E-05  5.5067E-05  6.0974E-05  6.3446E-05  6.5428E-05  5.7284E-05  4.6851E-05  3.2199E-05
       4.0542E-05  5.3184E-05  6.6247E-05  6.3936E-05  7.2784E-05  7.9109E-05  7.1780E-05  7.5675E-05  5.3149E-05  3.6974E-05
       3.1323E-05  5.8740E-05  8.1512E-05  8.0268E-05  7.9157E-05  8.8392E-05  8.4418E-05  7.6204E-05  5.5369E-05  4.1273E-05
       3.8275E-05  5.0651E-05  7.3560E-05  9.3243E-05  8.0158E-05  8.3287E-05  8.5127E-05  6.9404E-05  5.7589E-05  4.1023E-05
       3.8764E-05  5.7277E-05  7.4498E-05  8.3080E-05  7.9289E-05  8.9387E-05  8.3207E-05  6.5764E-05  6.3773E-05  4.4582E-05
       3.5977E-05  6.7138E-05  6.8222E-05  7.7486E-05  7.8416E-05  8.4539E-05  7.8866E-05  6.7863E-05  6.1489E-05  3.9519E-05
       3.9120E-05  5.5771E-05  5.8871E-05  7.5415E-05  7.5667E-05  7.7691E-05  7.4391E-05  6.3437E-05  4.8199E-05  3.6468E-05
       2.9813E-05  4.5985E-05  5.6180E-05  6.5747E-05  7.0294E-05  6.0763E-05  6.4323E-05  5.1721E-05  4.7632E-05  2.8660E-05
       2.3642E-05  3.5607E-05  4.2018E-05  4.8010E-05  4.7086E-05  5.3432E-05  5.2627E-05  3.4993E-05  3.2807E-05  2.1117E-05
       1.8631E-05  2.5386E-05  2.9250E-05  3.7663E-05  3.6353E-05  2.9782E-05  3.8606E-05  2.9206E-05  3.3157E-05  1.8138E-05
       2.8114E-05  3.5389E-05  4.0781E-05  4.1504E-05  4.7520E-05  5.5980E-05  5.8225E-05  4.3115E-05  3.5291E-05  2.2058E-05
       3.1717E-05  3.6778E-05  4.8469E-05  5.4713E-05  5.8882E-05  6.0337E-05  5.7859E-05  6.0386E-05  4.1918E-05  2.7226E-05
       3.0941E-05  4.3233E-05  5.5586E-05  6.4455E-05  6.4171E-05  7.6065E-05  6.0228E-05  6.0310E-05  4.6091E-05  3.7082E-05
       2.4807E-05  4.5890E-05  5.4674E-05  5.6774E-05  6.0072E-05  7.0007E-05  7.0296E-05  6.1413E-05  4.3992E-05  2.9983E-05
       3.1827E-05  4.3266E-05  5.7991E-05  6.9838E-05  6.5098E-05  7.1959E-05  7.7272E-05  5.3044E-05  4.3911E-05  2.9030E-05
       3.3181E-05  4.5483E-05  5.2572E-05  6.2491E-05  5.6069E-05  6.5459E-05  6.4200E-05  5.1075E-05  4.5587E-05  3.4336E-05
       2.7005E-05  4.5446E-05  5.3225E-05  4.6444E-05  6.5161E-05  6.5294E-05  5.7348E-05  4.8621E-05  4.1559E-05  2.8879E-05
       2.5728E-05  4.2307E-05  3.4878E-05  4.5173E-05  5.1609E-05  5.2742E-05  5.2180E-05  4.0848E-05  3.6164E-05  2.1864E-05
       1.8086E-05  2.7911E-05  3.2697E-05  3.6118E-05  3.6045E-05  4.0398E-05  3.9185E-05  3.3470E-05  2.6778E-05  1.8124E-05
       1.6425E-05  2.0553E-05  2.4227E-05  2.9389E-05  2.6267E-05  2.5997E-05  2.5961E-05  2.2792E-05  2.3326E-05  1.3332E-05
       2.3865E-05  2.6941E-05  3.0445E-05  3.1244E-05  3.6323E-05  3.9952E-05  4.0179E-05  3.8164E-05  3.0897E-05  1.9303E-05
       2.6563E-05  2.9323E-05  3.8388E-05  3.9931E-05  4.2420E-05  4.3430E-05  4.5013E-05  4.0824E-05  3.6670E-05  2.1655E-05
       2.5152E-05  3.1214E-05  3.8775E-05  5.2109E-05  4.9563E-05  5.7317E-05  4.7262E-05  4.4548E-05  3.6608E-05  2.6947E-05
       2.3457E-05  3.8498E-05  4.3692E-05  4.5847E-05  4.4441E-05  4.8884E-05  5.5163E-05  4.8470E-05  3.0694E-05  2.4268E-05
       2.1951E-05  3.2611E-05  4.2487E-05  5.3451E-05  4.5617E-05  5.2118E-05  4.6857E-05  4.8950E-05  3.1839E-05  2.0761E-05
       2.2644E-05  3.2488E-05  4.1323E-05  4.5586E-05  4.5753E-05  4.7393E-05  4.7566E-05  4.4270E-05  2.7516E-05  1.9812E-05
       2.6388E-05  2.9388E-05  4.0027E-05  4.1954E-05  4.6816E-05  4.9327E-05  4.6197E-05  3.6960E-05  3.1479E-05  2.2980E-05
       2.0914E-05  2.6965E-05  3.2725E-05  3.8566E-05  4.6748E-05  3.7509E-05  3.4478E-05  3.2321E-05  2.9765E-05  1.8571E-05
       1.6622E-05  1.6883E-05  2.5772E-05  2.4509E-05  2.8230E-05  2.5405E-05  2.6543E-05  2.7696E-05  1.9807E-05  1.2625E-05
       1.3144E-05  1.7257E-05  2.0543E-05  1.9434E-05  1.7997E-05  2.3368E-05  1.9831E-05  1.7076E-05  1.5923E-05  1.0313E-05
       1.5921E-05  2.0761E-05  2.7575E-05  2.8770E-05  3.0363E-05  2.5761E-05  2.2587E-05  2.4363E-05  2.0658E-05  1.4943E-05
       1.9042E-05  2.0795E-05  2.7483E-05  3.0604E-05  3.3824E-05  3.1952E-05  2.7132E-05  2.8454E-05  2.4668E-05  1.5960E-05
       1.4174E-05  2.5253E-05  2.7144E-05  3.4188E-05  3.2586E-05  3.7237E-05  3.4116E-05  2.7766E-05  2.5841E-05  1.9930E-05
       1.6867E-05  2.5182E-05  2.7728E-05  3.6889E-05  3.0366E-05  3.1606E-05  3.3737E-05  2.6345E-05  2.0498E-05  1.9657E-05
       2.0015E-05  2.4751E-05  3.2298E-05  3.0604E-05  3.3285E-05  3.2085E-05  3.2940E-05  3.4862E-05  2.0446E-05  1.9412E-05
       1.4447E-05  2.1998E-05  2.5119E-05  3.2884E-05  3.0285E-05  3.0845E-05  3.2940E-05  2.9481E-05  1.9820E-05  1.7165E-05
       1.6852E-05  2.0724E-05  2.3627E-05  2.6614E-05  3.7608E-05  3.4140E-05  3.0030E-05  2.3956E-05  1.8775E-05  1.6731E-05
       1.8011E-05  1.9390E-05  2.3462E-05  2.5855E-05  3.7641E-05  2.3549E-05  2.3072E-05  2.1598E-05  1.8785E-05  1.5254E-05
       1.3755E-05  1.3973E-05  2.2740E-05  2.0310E-05  2.1774E-05  1.9960E-05  1.7703E-05  1.6692E-05  1.8642E-05  9.2683E-06

      Percentage errors follow in a matrix A(ix,iy,iz), format (1(5x,1p,10(1x,e11.4)))

       4.6375E+00  5.3820E+00  3.9406E+00  4.0727E+00  3.5338E+00  3.9852E+00  5.7506E+00  4.1907E+00  5.0713E+00  5.7385E+00
       4.9610E+00  5.8426E+00  4.9381E+00  3.9338E+00  4.2528E+00  4.9272E+00  3.7045E+00  5.0643E+00  6.2928E+00  6.6112E+00
       5.9383E+00  4.7692E+00  4.3419E+00  3.6497E+00  3.5666E+00  4.1035E+00  4.1401E+00  4.9493E+00  5.3378E+00  4.0185E+00
       3.7342E+00  4.1855E+00  3.6864E+00  3.6378E+00  4.3360E+00  2.9455E+00  3.9531E+00  2.8614E+00  5.3737E+00  4.8408E+00
       4.8469E+00  5.4600E+00  4.8852E+00  3.1082E+00  4.7986E+00  3.0460E+00  3.0777E+00  4.3905E+00  5.0176E+00  5.4276E+00
       5.3873E+00  4.5211E+00  5.0614E+00  3.8920E+00  4.3989E+00  3.9252E+00  4.0855E+00  5.1811E+00  4.6023E+00  5.8907E+00
       6.9245E+00  5.3084E+00  4.0238E+00  3.6255E+00  4.6934E+00  5.2546E+00  3.9040E+00  4.4840E+00  5.0748E+00  5.8744E+00
       3.8446E+00  4.8335E+00  3.1620E+00  4.9676E+00  4.2967E+00  5.3208E+00  4.2133E+00  3.4743E+00  4.7178E+00  4.7185E+00
       5.9579E+00  4.1548E+00  4.2297E+00  5.0185E+00  4.6533E+00  4.8713E+00  3.9400E+00  4.5251E+00  5.1849E+00  6.2261E+00
       6.0452E+00  5.3123E+00  6.1325E+00  4.3030E+00  5.3921E+00  4.8526E+00  5.6545E+00  4.5864E+00  6.1165E+00  5.2401E+00
       5.8689E+00  4.9023E+00  4.0646E+00  3.7929E+00  5.1137E+00  4.5432E+00  5.2535E+00  3.4906E+00  6.1015E+00  7.5370E+00
       5.4307E+00  4.8552E+00  5.2786E+00  3.7464E+00  5.4871E+00  4.6676E+00  4.4512E+00  3.9058E+00  6.2310E+00  7.2473E+00
       5.5098E+00  5.1352E+00  5.2534E+00  3.8035E+00  4.5291E+00  4.2101E+00  3.9626E+00  4.0410E+00  5.1157E+00  7.1785E+00
       3.9041E+00  5.2119E+00  4.7321E+00  4.4363E+00  4.2028E+00  4.2834E+00  4.4933E+00  4.3214E+00  6.0467E+00  5.7149E+00
       5.4775E+00  5.2393E+00  5.6046E+00  4.7009E+00  4.4624E+00  4.5100E+00  3.5584E+00  4.8156E+00  5.0822E+00  5.0090E+00
       5.8567E+00  4.6410E+00  5.3849E+00  5.0292E+00  4.4006E+00  4.2998E+00  3.5952E+00  4.7989E+00  5.1544E+00  5.0284E+00
       6.4152E+00  5.2928E+00  4.6195E+00  4.5171E+00  5.2505E+00  4.0894E+00  3.7815E+00  5.0149E+00  5.9269E+00  6.6666E+00
       3.8024E+00  5.1357E+00  4.5727E+00  4.2198E+00  3.8823E+00  5.6471E+00  5.1055E+00  4.8752E+00  5.4000E+00  4.7105E+00
       5.8972E+00  4.1041E+00  3.6660E+00  5.0617E+00  4.9371E+00  4.2307E+00  4.3757E+00  5.4667E+00  5.2807E+00  7.1612E+00
       5.7854E+00  4.2003E+00  6.0664E+00  3.8970E+00  4.6787E+00  4.9157E+00  6.1316E+00  5.3330E+00  4.5669E+00  5.9396E+00
       6.8333E+00  5.4058E+00  4.8295E+00  3.5800E+00  6.9031E+00  5.2273E+00  6.0378E+00  6.3724E+00  6.2627E+00  6.8039E+00
       8.4146E+00  7.5743E+00  4.2247E+00  4.1770E+00  4.6129E+00  4.7496E+00  4.1936E+00  4.6413E+00  5.3503E+00  7.2897E+00
       5.7067E+00  5.7275E+00  5.1691E+00  3.5038E+00  4.2169E+00  4.7794E+00  5.4968E+00  5.2741E+00  5.9138E+00  5.9006E+00
       6.0309E+00  3.2792E+00  4.9415E+00  4.1803E+00  4.1626E+00  4.4957E+00  5.7704E+00  4.7870E+00  5.9428E+00  7.7052E+00
       5.1315E+00  5.0993E+00  3.8547E+00  4.8804E+00  3.3973E+00  4.4895E+00  3.6430E+00  5.1386E+00  6.5888E+00  5.0806E+00
       6.2995E+00  5.6313E+00  5.9219E+00  4.8239E+00  3.8594E+00  4.2920E+00  4.9719E+00  6.1008E+00  7.0910E+00  7.0537E+00
       6.6256E+00  6.5973E+00  4.6721E+00  5.6360E+00  5.2342E+00  4.3609E+00  4.4745E+00  5.1334E+00  5.8995E+00  6.1360E+00
       4.2986E+00  5.9749E+00  4.8703E+00  5.6893E+00  4.8128E+00  4.4923E+00  5.0756E+00  4.5078E+00  5.8579E+00  6.0915E+00
       6.7809E+00  5.4817E+00  3.2369E+00  5.0512E+00  4.7493E+00  4.1125E+00  4.7351E+00  4.2556E+00  4.2956E+00  7.4584E+00
       6.6287E+00  3.9814E+00  4.4627E+00  5.2710E+00  5.1231E+00  5.7965E+00  4.6469E+00  5.6762E+00  3.0299E+00  6.6407E+00
       7.0187E+00  6.1851E+00  7.2120E+00  4.0357E+00  4.8331E+00  4.9080E+00  5.5625E+00  5.9378E+00  6.3470E+00  6.9359E+00
       8.2721E+00  8.3699E+00  7.0896E+00  5.1788E+00  5.6296E+00  6.1893E+00  4.5986E+00  5.1415E+00  7.0520E+00  6.9023E+00
       5.7688E+00  5.9265E+00  5.5125E+00  5.4215E+00  5.5825E+00  4.7843E+00  4.6348E+00  6.6196E+00  4.3931E+00  6.5745E+00
       5.4672E+00  6.1256E+00  5.2027E+00  4.7894E+00  4.4801E+00  5.3100E+00  4.6436E+00  4.6629E+00  5.9654E+00  6.7933E+00
       7.1973E+00  5.5772E+00  5.3262E+00  3.9652E+00  4.0755E+00  5.7089E+00  3.9992E+00  6.1160E+00  5.8043E+00  6.6593E+00
       6.9656E+00  5.0409E+00  6.9930E+00  5.2072E+00  4.7850E+00  4.1152E+00  5.5978E+00  5.7484E+00  8.3784E+00  6.7142E+00
       6.9398E+00  4.9625E+00  5.3932E+00  4.4345E+00  5.4392E+00  3.4896E+00  4.6961E+00  4.9454E+00  6.8263E+00  5.0175E+00
       4.7997E+00  6.3164E+00  6.1356E+00  7.4090E+00  4.6932E+00  5.5303E+00  5.2601E+00  5.1888E+00  6.4224E+00  7.8221E+00
       9.1460E+00  5.3768E+00  5.0378E+00  6.8906E+00  5.0191E+00  6.3221E+00  5.8153E+00  6.4799E+00  6.3708E+00  8.4207E+00
       7.9533E+00  3.8116E+00  5.1672E+00  7.2384E+00  7.1105E+00  5.6753E+00  6.5689E+00  5.1603E+00  5.0580E+00  6.3837E+00
       9.6869E+00  7.3782E+00  9.5588E+00  5.6596E+00  4.6474E+00  5.9031E+00  5.2313E+00  7.2245E+00  7.6048E+00  9.7714E+00
       9.2011E+00  8.3439E+00  5.3300E+00  5.9460E+00  7.1222E+00  4.1352E+00  4.8381E+00  6.0968E+00  7.2269E+00  7.7470E+00
       5.4135E+00  8.1923E+00  6.0871E+00  4.6994E+00  6.3051E+00  4.7947E+00  5.0618E+00  5.2922E+00  4.9217E+00  7.9092E+00
       7.9163E+00  7.8712E+00  6.7193E+00  5.2746E+00  7.1074E+00  5.0879E+00  7.1321E+00  5.4291E+00  6.7514E+00  7.6507E+00
       6.1636E+00  6.2611E+00  5.6490E+00  5.9322E+00  2.9632E+00  6.3276E+00  6.0400E+00  5.8573E+00  6.0422E+00  8.1211E+00
       8.0143E+00  6.8898E+00  6.6917E+00  5.6297E+00  4.9755E+00  6.0354E+00  4.9381E+00  4.5846E+00  7.2192E+00  9.3370E+00
       8.6763E+00  5.8717E+00  6.5766E+00  4.4418E+00  5.4585E+00  4.4079E+00  5.4955E+00  4.1467E+00  5.5793E+00  7.1204E+00
       9.2868E+00  6.8013E+00  6.8712E+00  6.5915E+00  6.3442E+00  5.0732E+00  3.5447E+00  6.9669E+00  5.2140E+00  7.8040E+00
       9.2456E+00  5.7832E+00  7.1971E+00  5.8060E+00  7.9316E+00  4.8091E+00  5.3021E+00  5.4220E+00  4.6685E+00  7.7716E+00
       7.6101E+00  7.9844E+00  6.4855E+00  6.4624E+00  8.2545E+00  8.2245E+00  8.5020E+00  7.2069E+00  6.5335E+00  7.7584E+00
       8.9899E+00  8.5436E+00  6.1152E+00  6.8989E+00  6.3995E+00  7.5097E+00  7.9272E+00  9.6923E+00  7.3429E+00  7.0480E+00
       7.3460E+00  1.0036E+01  8.0625E+00  8.3476E+00  6.2551E+00  7.8525E+00  6.7191E+00  5.6615E+00  8.2507E+00  1.1059E+01
       9.6360E+00  6.0590E+00  6.1193E+00  7.3610E+00  6.0650E+00  5.6837E+00  7.4805E+00  4.5698E+00  7.4197E+00  8.2858E+00
       1.0869E+01  7.6499E+00  7.7348E+00  6.7639E+00  7.1912E+00  3.8523E+00  7.9147E+00  7.8774E+00  5.5940E+00  8.4137E+00
       8.8361E+00  8.3385E+00  7.6606E+00  8.6864E+00  5.0111E+00  5.9104E+00  6.0160E+00  6.8074E+00  6.3216E+00  9.5899E+00
       6.9586E+00  7.1835E+00  5.6560E+00  4.7925E+00  5.8501E+00  6.4863E+00  5.9120E+00  5.9220E+00  5.4945E+00  7.3763E+00
       7.1812E+00  5.8603E+00  6.8709E+00  6.1580E+00  5.5264E+00  4.8081E+00  6.6807E+00  6.2532E+00  7.8947E+00  5.4804E+00
       9.6855E+00  7.6101E+00  6.4275E+00  7.1619E+00  6.7567E+00  6.6186E+00  4.3367E+00  6.7870E+00  4.8637E+00  7.2769E+00
       9.9997E+00  7.6722E+00  5.3516E+00  7.3796E+00  6.9955E+00  7.0775E+00  5.7367E+00  8.2025E+00  7.0913E+00  6.8896E+00
       1.0888E+01  7.3472E+00  7.2255E+00  7.9558E+00  7.9380E+00  6.5363E+00  7.2012E+00  8.9171E+00  7.6354E+00  1.0951E+01
       1.1485E+01  9.4915E+00  7.5968E+00  6.9143E+00  8.1905E+00  9.0019E+00  9.4761E+00  8.6125E+00  1.1965E+01  8.4754E+00
       1.1104E+01  1.0187E+01  6.8054E+00  7.5358E+00  8.8211E+00  8.1145E+00  6.6126E+00  6.1353E+00  8.9400E+00  1.1986E+01
       1.0154E+01  8.9741E+00  6.1293E+00  5.6999E+00  7.3447E+00  7.0680E+00  8.3598E+00  5.9532E+00  8.3132E+00  9.0978E+00
       1.1032E+01  5.8509E+00  7.1604E+00  7.2648E+00  7.3938E+00  7.8127E+00  7.5402E+00  1.0145E+01  7.6519E+00  8.5535E+00
       9.3943E+00  9.0704E+00  7.9894E+00  7.9744E+00  7.2938E+00  8.0462E+00  5.7918E+00  6.2522E+00  8.2046E+00  9.3700E+00
       8.8556E+00  7.1010E+00  7.3142E+00  6.7295E+00  8.3333E+00  4.2187E+00  6.0789E+00  6.6921E+00  7.7079E+00  7.3710E+00
       1.1339E+01  6.6470E+00  7.7944E+00  5.9388E+00  5.9019E+00  5.8956E+00  7.1392E+00  7.5936E+00  7.6092E+00  8.1488E+00
       1.1743E+01  7.7437E+00  8.4136E+00  4.8713E+00  8.3829E+00  6.0370E+00  8.0573E+00  7.6464E+00  7.4344E+00  9.2047E+00
       1.1389E+01  1.0112E+01  6.3448E+00  8.5857E+00  5.6802E+00  7.4419E+00  7.1899E+00  8.4727E+00  6.7768E+00  1.0635E+01
       9.8140E+00  1.0997E+01  8.2849E+00  5.6955E+00  4.8706E+00  6.7260E+00  6.4702E+00  8.2147E+00  9.1525E+00  1.3803E+01
       1.2539E+01  1.0211E+01  1.2577E+01  8.0804E+00  1.0701E+01  7.9610E+00  1.2209E+01  9.2540E+00  1.1688E+01  8.7949E+00
       1.0053E+01  8.6327E+00  7.9289E+00  6.7264E+00  7.3110E+00  7.3054E+00  6.8284E+00  1.1016E+01  1.0604E+01  1.0802E+01
       1.1472E+01  1.0189E+01  6.9410E+00  8.5528E+00  8.3257E+00  7.5989E+00  8.5958E+00  8.6130E+00  7.8354E+00  1.0257E+01
       1.4099E+01  8.2342E+00  7.4745E+00  8.0586E+00  7.0086E+00  8.1038E+00  7.1154E+00  6.1120E+00  9.2185E+00  9.5921E+00
       1.3253E+01  6.8161E+00  9.8975E+00  6.4186E+00  6.2059E+00  7.1114E+00  7.5208E+00  5.3885E+00  8.6741E+00  5.7862E+00
       9.8392E+00  1.0028E+01  8.2284E+00  5.6142E+00  7.4539E+00  5.8421E+00  6.9042E+00  8.6261E+00  1.0422E+01  8.3419E+00
       1.0575E+01  8.5169E+00  6.9967E+00  7.2430E+00  3.8153E+00  7.0219E+00  5.4005E+00  9.7886E+00  1.1240E+01  1.1257E+01
       8.3641E+00  1.1530E+01  9.9965E+00  7.0095E+00  9.2007E+00  8.0709E+00  6.8996E+00  8.6584E+00  1.0085E+01  1.0436E+01
       1.0934E+01  1.1375E+01  9.4906E+00  7.1421E+00  1.0095E+01  1.0998E+01  9.2416E+00  8.3653E+00  7.3442E+00  1.3555E+01
       1.2276E+01  1.2679E+01  8.2044E+00  1.0529E+01  1.0203E+01  9.5179E+00  8.7869E+00  8.7537E+00  9.2974E+00  1.4597E+01
       1.3141E+01  9.8818E+00  1.2966E+01  1.1137E+01  1.2870E+01  1.0329E+01  1.2841E+01  9.5819E+00  1.5275E+01  1.3634E+01
       1.6475E+01  1.0706E+01  1.1354E+01  1.0995E+01  8.2444E+00  1.1097E+01  1.0975E+01  1.1970E+01  1.5202E+01  1.3043E+01
       9.6673E+00  1.1603E+01  6.7776E+00  1.2888E+01  1.1907E+01  1.2570E+01  1.0792E+01  9.9896E+00  8.7489E+00  7.2219E+00
       1.0505E+01  9.8702E+00  9.6142E+00  9.4451E+00  7.0605E+00  9.3955E+00  7.6747E+00  8.1203E+00  8.9905E+00  9.8132E+00
       1.3288E+01  8.9263E+00  9.6731E+00  7.7439E+00  8.2596E+00  7.8367E+00  9.4561E+00  8.5374E+00  9.8576E+00  9.6306E+00
       1.0832E+01  7.4894E+00  7.8943E+00  8.3419E+00  7.5854E+00  8.3044E+00  7.2384E+00  7.7604E+00  1.1066E+01  1.2518E+01
       1.5314E+01  1.2041E+01  9.9515E+00  7.7107E+00  1.1372E+01  9.4386E+00  9.0975E+00  7.1858E+00  1.1292E+01  1.2636E+01
       1.3221E+01  1.1100E+01  1.2028E+01  6.9879E+00  9.7767E+00  9.4655E+00  1.1867E+01  1.0252E+01  1.3481E+01  1.3996E+01
       7.8864E+00  1.1489E+01  1.0027E+01  1.1004E+01  9.5173E+00  8.9993E+00  9.0149E+00  1.0480E+01  8.9378E+00  1.0866E+01
       1.6610E+01  1.4289E+01  8.9895E+00  1.0505E+01  8.9024E+00  1.0247E+01  1.0349E+01  7.9254E+00  9.4596E+00  1.1431E+01
       1.1020E+01  1.6020E+01  1.2314E+01  1.2795E+01  1.1677E+01  1.0493E+01  1.5251E+01  1.3469E+01  1.3602E+01  1.3669E+01
       1.8957E+01  1.4264E+01  1.2657E+01  1.1708E+01  9.4729E+00  1.1031E+01  1.0068E+01  1.2621E+01  1.0129E+01  1.2150E+01
       1.0947E+01  1.1357E+01  8.6474E+00  1.0406E+01  9.7517E+00  1.0509E+01  1.3959E+01  1.0877E+01  1.2692E+01  1.2536E+01
       1.6995E+01  9.1232E+00  8.0349E+00  8.7847E+00  9.4376E+00  9.8201E+00  1.3310E+01  1.0418E+01  1.1818E+01  8.3210E+00
       1.1105E+01  9.6642E+00  9.6107E+00  9.3385E+00  8.3496E+00  1.2093E+01  9.6944E+00  9.6116E+00  1.1581E+01  1.2921E+01
       1.1872E+01  9.6872E+00  8.3194E+00  1.0583E+01  7.4432E+00  1.0400E+01  9.3698E+00  8.4714E+00  9.4221E+00  1.1886E+01
       1.5884E+01  1.0546E+01  8.7805E+00  1.0127E+01  9.0686E+00  1.4171E+01  1.1898E+01  7.8566E+00  1.0823E+01  1.3728E+01
       1.3640E+01  1.3925E+01  1.5018E+01  1.2560E+01  1.2072E+01  9.7793E+00  9.5386E+00  9.1520E+00  1.4741E+01  1.6538E+01
       1.3174E+01  9.5814E+00  1.2634E+01  1.1546E+01  1.1681E+01  1.0311E+01  9.3523E+00  7.8107E+00  1.3206E+01  1.3999E+01
       1.1668E+01  1.3983E+01  1.0851E+01  1.2969E+01  1.0633E+01  1.1955E+01  1.2504E+01  1.4628E+01  8.9552E+00  1.0705E+01
