1
   Cartesian binning n.   1  "DoseEq    " , generalized particle n.  240
      X coordinate: from -8.5000E+01 to  8.5000E+01 cm,    10 bins ( 1.7000E+01 cm wide)
      Y coordinate: from -2.5000E+01 to  2.5000E+01 cm,    10 bins ( 5.0000E+00 cm wide)
      Z coordinate: from  2.2500E+02 to  2.7500E+02 cm,    10 bins ( 5.0000E+00 cm wide)
      Data follow in a matrix A(ix,iy,iz), format (1(5x,1p,10(1x,e11.4)))

      accurate deposition along the tracks requested
      this is a track-length binning
       4.0631E-05  5.5053E-05  6.5101E-05  6.6951E-05  7.6234E-05  7.2247E-05  6.8902E-05  6.0528E-05  6.5606E-05  4.4172E-05
       5.3344E-05  6.0071E-05  7.6734E-05  7.7304E-05  7.7408E-05  7.8589E-05  7.3919E-05  7.3894E-05  6.3433E-05  4.8998E-05
       5.1550E-05  6.4178E-05  7.7816E-05  7.8167E-05  9.2133E-05  8.7111E-05  8.4609E-05  7.3811E-05  6.4758E-05  5.2786E-05
       6.0818E-05  7.1749E-05  7.8535E-05  8.8451E-05  9.3724E-05  8.5442E-05  8.4250E-05  8.1809E-05  7.4668E-05  5.4961E-05
       5.8013E-05  6.8895E-05  8.1336E-05  8.3965E-05  9.4270E-05  8.5139E-05  8.0897E-05  7.9710E-05  7.0306E-05  4.9478E-05
       5.6852E-05  6.4913E-05  7.5093E-05  8.1056E-05  9.3561E-05  9.0605E-05  8.1841E-05  7.7062E-05  7.0634E-05  5.4112E-05
       5.5159E-05  6.1892E-05  7.0017E-05  7.8138E-05  9.0270E-05  8.7707E-05  8.7149E-05  7.5838E-05  7.1141E-05  5.2018E-05
       5.7542E-05  6.3357E-05  7.8040E-05  7.4557E-05  9.2158E-05  8.5064E-05  7.7688E-05  7.7386E-05  6.4975E-05  6.1578E-05
       4.2826E-05  5.6173E-05  7.0514E-05  7.6785E-05  8.7799E-05  8.5140E-05  8.0289E-05  7.2850E-05  6.2706E-05  4.6307E-05
       4.4176E-05  5.3197E-05  6.0168E-05  6.2842E-05  7.7032E-05  7.5462E-05  6.6749E-05  5.8053E-05  6.2814E-05  4.0853E-05
       3.8164E-05  4.9272E-05  6.2167E-05  5.6167E-05  6.4643E-05  6.3214E-05  6.0221E-05  6.4912E-05  6.2173E-05  3.7279E-05
       5.4099E-05  6.8862E-05  7.4770E-05  7.8532E-05  7.6928E-05  8.0896E-05  7.1162E-05  7.0204E-05  5.8132E-05  4.6060E-05
       5.2575E-05  6.7818E-05  7.0427E-05  7.5458E-05  8.8406E-05  8.7313E-05  7.5792E-05  7.7842E-05  5.6942E-05  5.2129E-05
       5.7534E-05  6.2601E-05  8.0809E-05  7.6843E-05  9.6779E-05  8.6518E-05  7.4291E-05  7.5178E-05  7.1075E-05  6.2268E-05
       5.6552E-05  6.6048E-05  8.0268E-05  8.0414E-05  9.6264E-05  8.5645E-05  7.3624E-05  7.8472E-05  6.8581E-05  5.4854E-05
       5.2213E-05  6.3534E-05  7.9271E-05  8.1357E-05  8.5357E-05  8.6184E-05  8.1541E-05  6.6928E-05  6.8851E-05  5.3516E-05
       5.2313E-05  6.6444E-05  6.7533E-05  7.7177E-05  8.9741E-05  8.2932E-05  8.8017E-05  7.6991E-05  6.6987E-05  4.8570E-05
       5.0222E-05  6.7909E-05  7.4755E-05  7.3984E-05  9.0406E-05  8.0162E-05  8.6228E-05  7.5483E-05  6.5687E-05  4.8177E-05
       4.1282E-05  5.2976E-05  7.5282E-05  7.3258E-05  9.0127E-05  8.0164E-05  7.8299E-05  7.4545E-05  5.8984E-05  4.4043E-05
       4.2404E-05  4.4160E-05  5.7757E-05  5.6417E-05  6.6500E-05  6.8188E-05  6.2088E-05  4.9500E-05  5.3154E-05  3.8556E-05
       3.3943E-05  3.1625E-05  5.4459E-05  4.4785E-05  5.4409E-05  5.0249E-05  4.3864E-05  4.7476E-05  4.6557E-05  3.1977E-05
       4.8715E-05  6.6258E-05  5.4190E-05  6.1111E-05  6.3112E-05  5.8928E-05  5.6899E-05  5.5363E-05  4.4954E-05  3.7810E-05
       4.6920E-05  6.1907E-05  5.8643E-05  6.5315E-05  7.6734E-05  6.9095E-05  5.9952E-05  6.6800E-05  5.4715E-05  4.6129E-05
       4.8007E-05  5.5628E-05  7.1014E-05  7.3431E-05  7.7589E-05  7.8056E-05  7.1237E-05  6.5873E-05  6.0608E-05  4.7358E-05
       4.6715E-05  5.5886E-05  6.3049E-05  7.8210E-05  8.3480E-05  7.9428E-05  7.6434E-05  6.7625E-05  5.9915E-05  4.3911E-05
       3.8219E-05  6.6563E-05  6.9578E-05  7.3294E-05  7.8889E-05  7.8276E-05  7.9321E-05  7.1645E-05  6.0566E-05  4.0068E-05
       3.1895E-05  5.8365E-05  6.8035E-05  7.0794E-05  7.2050E-05  6.9890E-05  8.2478E-05  6.5092E-05  5.8511E-05  4.0236E-05
       3.7316E-05  5.8325E-05  6.3793E-05  6.6975E-05  7.5834E-05  7.1868E-05  7.9364E-05  6.0828E-05  6.3111E-05  4.1016E-05
       3.2722E-05  4.2244E-05  6.3460E-05  6.3619E-05  7.2127E-05  6.6164E-05  6.2269E-05  6.1754E-05  6.0193E-05  3.5007E-05
       3.1102E-05  3.5461E-05  4.2638E-05  4.7116E-05  5.4162E-05  4.9699E-05  4.6083E-05  4.7759E-05  4.5114E-05  2.9936E-05
       2.5513E-05  2.9001E-05  4.2837E-05  3.6939E-05  4.3863E-05  4.6010E-05  3.5162E-05  3.8170E-05  3.4199E-05  2.6679E-05
       3.5032E-05  4.8699E-05  4.8479E-05  4.9681E-05  5.4774E-05  5.3223E-05  4.7729E-05  4.9088E-05  3.5354E-05  2.7542E-05
       3.9142E-05  4.7809E-05  5.4207E-05  5.9167E-05  6.8829E-05  6.2372E-05  5.3477E-05  5.4828E-05  4.3566E-05  3.1507E-05
       3.8163E-05  5.0467E-05  6.0948E-05  6.2809E-05  5.8225E-05  6.5410E-05  5.6941E-05  6.0956E-05  5.2641E-05  4.1690E-05
       3.5111E-05  4.9741E-05  4.7398E-05  6.1978E-05  6.4077E-05  7.5238E-05  5.3907E-05  5.9055E-05  5.4082E-05  3.3668E-05
       3.1256E-05  4.9477E-05  5.2988E-05  5.8451E-05  6.9098E-05  6.7527E-05  5.7109E-05  6.0514E-05  5.1329E-05  2.8974E-05
       3.0807E-05  4.5231E-05  5.0312E-05  5.7104E-05  7.0136E-05  6.1801E-05  6.9186E-05  5.3691E-05  4.9487E-05  3.4190E-05
       3.3722E-05  4.6829E-05  5.2383E-05  5.4273E-05  5.9898E-05  6.3315E-05  6.7771E-05  5.1069E-05  5.2246E-05  3.1461E-05
       3.1407E-05  4.0166E-05  5.3998E-05  5.0507E-05  5.2284E-05  4.9370E-05  4.6217E-05  4.4918E-05  5.2153E-05  3.1976E-05
       2.7289E-05  2.8931E-05  3.3748E-05  3.6647E-05  3.9514E-05  4.0076E-05  3.7809E-05  3.7331E-05  3.6502E-05  2.5210E-05
       1.8476E-05  2.4136E-05  3.0802E-05  3.0600E-05  3.8836E-05  3.5091E-05  3.1146E-05  3.0704E-05  2.4565E-05  1.9744E-05
       2.5916E-05  3.6178E-05  4.1459E-05  3.9075E-05  4.6904E-05  4.6540E-05  4.2999E-05  4.2692E-05  2.6853E-05  1.9342E-05
       2.9172E-05  3.5854E-05  4.0961E-05  4.2904E-05  5.5515E-05  5.1679E-05  4.7072E-05  4.7585E-05  3.9563E-05  2.1000E-05
       3.1716E-05  4.1023E-05  4.2559E-05  4.5273E-05  5.3590E-05  4.9729E-05  4.9454E-05  5.2129E-05  4.1569E-05  3.0553E-05
       2.8780E-05  3.7209E-05  4.0147E-05  5.2193E-05  5.7021E-05  5.4542E-05  4.5819E-05  5.3448E-05  4.1828E-05  2.7243E-05
       2.5772E-05  3.7182E-05  4.3112E-05  5.7726E-05  5.4943E-05  5.6068E-05  5.1911E-05  5.7124E-05  4.2983E-05  2.7432E-05
       2.6641E-05  3.5663E-05  4.9674E-05  5.7089E-05  6.3231E-05  5.6574E-05  4.8308E-05  4.7893E-05  3.6930E-05  2.6026E-05
       2.4587E-05  4.3248E-05  4.5873E-05  4.5277E-05  5.3027E-05  5.9991E-05  4.8918E-05  4.0138E-05  3.7042E-05  2.7427E-05
       2.6345E-05  2.8778E-05  3.7654E-05  3.5835E-05  4.5271E-05  4.3321E-05  3.8514E-05  3.9580E-05  4.3715E-05  2.4109E-05
       1.8368E-05  2.2374E-05  3.0584E-05  3.1310E-05  3.3516E-05  3.5967E-05  3.1940E-05  3.2538E-05  2.7961E-05  2.1874E-05
       1.4679E-05  2.0806E-05  2.5237E-05  2.6804E-05  3.0017E-05  3.2180E-05  2.6938E-05  2.4370E-05  1.5835E-05  1.0643E-05
       1.9812E-05  2.7332E-05  3.3990E-05  3.1338E-05  3.7403E-05  3.6939E-05  2.9558E-05  3.5769E-05  2.4278E-05  1.3994E-05
       2.0791E-05  2.7418E-05  3.7271E-05  3.3973E-05  4.0556E-05  3.6787E-05  4.4200E-05  3.6822E-05  3.2834E-05  1.8003E-05
       2.1753E-05  3.1432E-05  3.4664E-05  4.1242E-05  4.5663E-05  3.9076E-05  4.7094E-05  4.0446E-05  3.2974E-05  2.2759E-05
       2.1564E-05  3.0655E-05  3.5233E-05  4.0346E-05  5.1114E-05  4.6687E-05  4.0922E-05  4.7362E-05  3.5667E-05  2.3287E-05
       1.8039E-05  3.2706E-05  3.9411E-05  4.8878E-05  4.4398E-05  4.7788E-05  4.3699E-05  4.3087E-05  3.7107E-05  1.9597E-05
       2.0830E-05  3.2423E-05  3.9681E-05  4.1843E-05  5.0954E-05  5.4252E-05  4.5590E-05  4.3023E-05  3.1711E-05  2.4536E-05
       2.1001E-05  3.5541E-05  3.4647E-05  3.8147E-05  4.2146E-05  5.1869E-05  4.0753E-05  3.3509E-05  2.8386E-05  2.4715E-05
       1.6489E-05  2.1381E-05  2.7534E-05  2.7926E-05  3.6702E-05  3.4389E-05  3.2205E-05  2.3103E-05  3.2745E-05  2.0385E-05
       1.2902E-05  1.8416E-05  2.2093E-05  2.3015E-05  2.5466E-05  2.7820E-05  2.7256E-05  2.5117E-05  1.8946E-05  1.7305E-05
       1.0646E-05  1.3742E-05  2.0251E-05  2.0682E-05  2.5983E-05  2.5489E-05  2.0848E-05  1.3708E-05  1.4149E-05  9.6422E-06
       1.3954E-05  2.0596E-05  3.3009E-05  2.9379E-05  3.1034E-05  2.7293E-05  2.6798E-05  2.8427E-05  1.9795E-05  1.3766E-05
       1.7908E-05  2.3048E-05  3.2996E-05  3.3369E-05  3.4235E-05  3.2233E-05  3.5374E-05  2.9983E-05  2.9043E-05  1.5840E-05
       1.9620E-05  2.6768E-05  3.4129E-05  3.1969E-05  3.9045E-05  3.3610E-05  3.8915E-05  3.1213E-05  2.7826E-05  1.8218E-05
       1.3179E-05  2.5964E-05  2.8450E-05  3.5241E-05  4.1358E-05  4.0242E-05  3.2957E-05  3.6661E-05  2.7428E-05  1.5009E-05
       1.5035E-05  2.2344E-05  2.8639E-05  3.4829E-05  3.7149E-05  3.9512E-05  3.2613E-05  3.1844E-05  2.8851E-05  1.9309E-05
       1.5437E-05  2.4426E-05  3.3791E-05  3.6950E-05  3.8694E-05  2.8705E-05  3.2551E-05  3.8793E-05  2.5725E-05  1.9804E-05
       1.5494E-05  2.3674E-05  2.7293E-05  3.6675E-05  4.0270E-05  3.7984E-05  2.8970E-05  3.3224E-05  2.9286E-05  1.6696E-05
       1.1358E-05  1.6972E-05  2.4714E-05  2.5308E-05  3.3136E-05  2.9262E-05  2.9305E-05  2.0644E-05  2.2465E-05  1.8535E-05
       9.6424E-06  1.6961E-05  1.8004E-05  2.3329E-05  2.1820E-05  2.5042E-05  2.2468E-05  1.7623E-05  2.0366E-05  1.3124E-05
       7.1020E-06  9.2948E-06  1.7348E-05  1.7043E-05  2.0786E-05  2.1316E-05  1.7649E-05  1.3625E-05  1.4859E-05  8.6944E-06
       9.2657E-06  1.4832E-05  2.3518E-05  2.1146E-05  2.7129E-05  2.5567E-05  1.9087E-05  2.2650E-05  1.8217E-05  8.0088E-06
       1.0865E-05  1.9534E-05  2.4107E-05  2.6931E-05  2.7855E-05  2.7852E-05  2.6702E-05  2.1680E-05  2.0038E-05  1.3431E-05
       1.3202E-05  1.7723E-05  2.4059E-05  2.5107E-05  2.9398E-05  3.1329E-05  3.1797E-05  2.3772E-05  1.8982E-05  1.1020E-05
       1.4886E-05  2.3218E-05  2.1345E-05  2.5733E-05  2.6482E-05  3.1504E-05  2.6442E-05  2.8845E-05  2.3450E-05  1.4494E-05
       1.1736E-05  1.6615E-05  2.4717E-05  2.6357E-05  3.0269E-05  2.9552E-05  2.6980E-05  2.5369E-05  1.7913E-05  1.4200E-05
       1.4578E-05  1.4810E-05  2.2054E-05  3.1610E-05  2.7586E-05  2.1327E-05  2.4673E-05  2.4098E-05  1.9444E-05  1.4538E-05
       1.6939E-05  1.3250E-05  2.5385E-05  2.8200E-05  2.9282E-05  2.1741E-05  2.0605E-05  2.2889E-05  1.9009E-05  1.0377E-05
       1.1242E-05  1.4116E-05  1.9607E-05  1.8049E-05  2.2684E-05  2.1622E-05  1.7283E-05  2.1616E-05  2.0165E-05  1.1826E-05
       7.9334E-06  1.3508E-05  1.5071E-05  1.6781E-05  1.8771E-05  1.8176E-05  1.5193E-05  1.8441E-05  1.3000E-05  8.5990E-06
       6.9299E-06  7.1683E-06  1.0398E-05  9.4766E-06  1.6521E-05  1.3457E-05  1.5324E-05  1.1446E-05  1.2990E-05  7.0905E-06
       7.5403E-06  9.8188E-06  1.5554E-05  1.7424E-05  1.6378E-05  1.9166E-05  1.5382E-05  1.8692E-05  1.4689E-05  9.5997E-06
       1.0009E-05  1.2644E-05  2.0443E-05  1.9349E-05  1.9519E-05  2.2285E-05  2.2356E-05  2.1582E-05  1.6613E-05  9.2377E-06
       1.2332E-05  1.6281E-05  1.8016E-05  2.1901E-05  2.0951E-05  2.6498E-05  2.1787E-05  1.8430E-05  1.6600E-05  1.0238E-05
       9.0731E-06  1.2555E-05  2.0025E-05  2.1763E-05  1.9076E-05  2.2933E-05  2.2511E-05  2.0194E-05  2.0153E-05  1.2898E-05
       1.1979E-05  1.3127E-05  1.8168E-05  2.0854E-05  1.7444E-05  2.2878E-05  2.2464E-05  2.0283E-05  1.6073E-05  1.2697E-05
       1.0928E-05  1.1307E-05  1.7054E-05  2.2281E-05  2.1195E-05  1.7045E-05  1.8646E-05  1.8521E-05  1.9265E-05  1.0475E-05
       8.9764E-06  1.0493E-05  1.8925E-05  2.3161E-05  1.8274E-05  1.6737E-05  1.9332E-05  1.3950E-05  1.4691E-05  9.3756E-06
       1.0192E-05  1.3165E-05  1.7876E-05  1.5510E-05  1.2999E-05  1.4053E-05  1.4015E-05  1.6386E-05  1.5828E-05  9.3323E-06
       7.5634E-06  1.0347E-05  1.3684E-05  1.2926E-05  1.0811E-05  1.3701E-05  1.2243E-05  1.2186E-05  1.0902E-05  4.5243E-06
       4.5997E-06  4.9398E-06  9.7653E-06  6.8220E-06  1.2045E-05  8.8070E-06  7.7422E-06  9.4636E-06  6.9799E-06  5.8520E-06
       4.4727E-06  9.1664E-06  1.3291E-05  1.2145E-05  1.0832E-05  1.1786E-05  9.1970E-06  1.0586E-05  1.0358E-05  5.7458E-06
       6.0952E-06  9.4243E-06  1.3300E-05  1.4865E-05  1.2020E-05  1.4305E-05  1.4614E-05  1.2603E-05  1.0457E-05  7.8005E-06
       7.8993E-06  1.1123E-05  1.3199E-05  1.9027E-05  1.4119E-05  1.3804E-05  1.6584E-05  1.4940E-05  1.2294E-05  9.0703E-06
       7.3552E-06  9.5898E-06  1.1589E-05  1.6344E-05  1.2015E-05  1.7721E-05  1.3263E-05  1.1959E-05  1.1376E-05  9.8934E-06
       8.4806E-06  7.9080E-06  1.1598E-05  1.3993E-05  1.3234E-05  1.4560E-05  1.1132E-05  1.1568E-05  1.3512E-05  1.0120E-05
       6.7097E-06  7.9283E-06  1.3866E-05  1.3431E-05  1.1202E-05  1.1438E-05  1.2181E-05  1.4061E-05  1.1541E-05  1.2436E-05
       6.5605E-06  9.9801E-06  1.1724E-05  1.5367E-05  1.0942E-05  9.9893E-06  1.1671E-05  1.2741E-05  1.0180E-05  8.8146E-06
       8.0088E-06  8.5376E-06  1.1096E-05  1.2186E-05  1.0352E-05  1.0079E-05  1.2802E-05  1.1944E-05  9.7311E-06  9.2809E-06
       6.1693E-06  9.3386E-06  7.6178E-06  9.5332E-06  9.6706E-06  7.1763E-06  9.9242E-06  8.7910E-06  1.1430E-05  4.7889E-06

      Percentage errors follow in a matrix A(ix,iy,iz), format (1(5x,1p,10(1x,e11.4)))

       1.1214E+01  7.3383E+00  6.4003E+00  4.4766E+00  5.1391E+00  7.1926E+00  6.0738E+00  6.4694E+00  8.1781E+00  8.1981E+00
       5.8592E+00  9.3507E+00  6.0552E+00  7.2597E+00  5.7792E+00  5.7849E+00  6.3339E+00  7.3989E+00  6.8125E+00  1.1867E+01
       8.0598E+00  5.7903E+00  8.5282E+00  7.4002E+00  5.4308E+00  6.4478E+00  5.8418E+00  7.1767E+00  8.1121E+00  7.2662E+00
       6.2685E+00  6.7570E+00  7.1346E+00  8.0992E+00  6.2563E+00  6.3547E+00  6.5412E+00  5.8270E+00  5.1481E+00  7.5753E+00
       6.8441E+00  6.9830E+00  5.0639E+00  5.9914E+00  6.3525E+00  5.6338E+00  5.6431E+00  6.9228E+00  7.5398E+00  7.4942E+00
       8.5214E+00  7.7959E+00  6.2121E+00  7.4615E+00  6.6286E+00  6.0222E+00  7.2137E+00  8.3649E+00  7.4246E+00  7.6352E+00
       7.6698E+00  5.5743E+00  6.1278E+00  6.6583E+00  5.3085E+00  5.1856E+00  6.2745E+00  6.2492E+00  7.4648E+00  5.7262E+00
       6.9015E+00  4.5140E+00  6.2083E+00  6.4704E+00  8.7379E+00  6.1131E+00  7.3002E+00  7.7338E+00  7.8806E+00  6.5187E+00
       6.7280E+00  6.4520E+00  6.4067E+00  6.0294E+00  5.6310E+00  5.7802E+00  6.1009E+00  6.3418E+00  7.0954E+00  1.0519E+01
       7.4796E+00  8.2032E+00  6.2887E+00  6.1434E+00  4.6415E+00  7.2860E+00  7.4257E+00  6.6668E+00  6.5447E+00  7.2047E+00
       8.5091E+00  8.0982E+00  7.7955E+00  6.4967E+00  6.3280E+00  6.8337E+00  6.5732E+00  7.5617E+00  7.9321E+00  8.5379E+00
       7.8237E+00  8.1460E+00  5.1466E+00  6.5807E+00  8.2340E+00  5.8262E+00  8.7690E+00  7.9424E+00  7.2948E+00  1.2959E+01
       7.2383E+00  5.1364E+00  8.0338E+00  6.8463E+00  6.0113E+00  7.6544E+00  5.5820E+00  5.7312E+00  5.6273E+00  6.2585E+00
       7.6715E+00  6.2113E+00  7.0223E+00  7.0886E+00  7.1815E+00  7.3352E+00  6.0677E+00  7.6155E+00  6.8288E+00  6.9697E+00
       7.8118E+00  5.3107E+00  7.1471E+00  6.4492E+00  5.9568E+00  7.4015E+00  5.6110E+00  7.0474E+00  6.8669E+00  6.6256E+00
       6.8294E+00  8.2207E+00  6.2131E+00  6.6609E+00  5.0751E+00  5.8997E+00  7.5061E+00  7.2286E+00  8.2097E+00  5.8394E+00
       1.0257E+01  7.3989E+00  6.9180E+00  5.6641E+00  5.6803E+00  6.3242E+00  6.6349E+00  7.7477E+00  1.1264E+01  5.5618E+00
       8.7465E+00  5.2247E+00  6.2167E+00  6.3352E+00  6.5993E+00  6.4334E+00  6.9178E+00  7.5983E+00  5.5448E+00  8.0649E+00
       7.9260E+00  5.8642E+00  8.1821E+00  7.5274E+00  7.5061E+00  5.5009E+00  5.4221E+00  4.7683E+00  5.1022E+00  9.1729E+00
       1.1796E+01  7.5712E+00  9.4585E+00  8.6013E+00  5.9992E+00  9.0354E+00  6.4729E+00  7.2948E+00  8.9055E+00  9.0324E+00
       9.9631E+00  1.1255E+01  7.4075E+00  8.6423E+00  1.0507E+01  7.3203E+00  1.0964E+01  8.5301E+00  9.3786E+00  7.4248E+00
       6.7982E+00  6.5148E+00  7.0816E+00  6.6269E+00  6.8766E+00  6.2559E+00  6.6280E+00  8.8016E+00  9.5082E+00  1.1022E+01
       8.6511E+00  7.1771E+00  6.6386E+00  6.3394E+00  6.9984E+00  6.7673E+00  9.0367E+00  5.7188E+00  6.8174E+00  8.8812E+00
       7.5908E+00  7.8449E+00  5.6594E+00  6.7754E+00  5.3973E+00  6.2093E+00  7.3253E+00  8.6323E+00  8.3919E+00  1.0209E+01
       1.0914E+01  9.1825E+00  6.8560E+00  7.9426E+00  6.4101E+00  7.0908E+00  7.2035E+00  6.3676E+00  6.8903E+00  8.2409E+00
       7.1955E+00  8.5714E+00  7.1861E+00  7.4637E+00  5.5156E+00  8.9766E+00  8.5230E+00  1.0017E+01  7.5705E+00  1.0519E+01
       1.2258E+01  7.3699E+00  9.2140E+00  6.0019E+00  7.2525E+00  8.3594E+00  7.4738E+00  8.3949E+00  9.0946E+00  8.5149E+00
       1.3033E+01  6.0092E+00  8.1515E+00  6.5724E+00  6.9364E+00  7.2208E+00  6.9684E+00  7.2353E+00  7.4407E+00  8.9129E+00
       9.8727E+00  8.2929E+00  8.5247E+00  6.9532E+00  7.5643E+00  7.8138E+00  7.8213E+00  7.7531E+00  8.4650E+00  8.4816E+00
       1.1387E+01  9.8407E+00  9.2908E+00  1.1062E+01  6.0615E+00  9.0063E+00  8.4414E+00  7.5709E+00  9.5238E+00  1.0054E+01
       1.2654E+01  1.0229E+01  7.8235E+00  8.0542E+00  8.4089E+00  8.7975E+00  1.1809E+01  1.0990E+01  1.1311E+01  1.2038E+01
       8.6675E+00  8.2757E+00  8.9452E+00  9.0052E+00  9.0021E+00  9.1974E+00  6.0145E+00  9.4972E+00  8.5813E+00  1.3658E+01
       7.1743E+00  7.1514E+00  9.2029E+00  6.1946E+00  5.9384E+00  7.1428E+00  1.1018E+01  1.0706E+01  1.1404E+01  1.2945E+01
       1.1062E+01  7.4275E+00  8.0776E+00  7.0061E+00  6.2780E+00  8.0011E+00  8.5175E+00  6.6668E+00  8.7578E+00  1.1200E+01
       1.0169E+01  6.9566E+00  8.9343E+00  8.8550E+00  6.9601E+00  6.0158E+00  6.4729E+00  5.9323E+00  8.6489E+00  8.9873E+00
       1.2688E+01  1.0898E+01  1.0266E+01  9.0844E+00  7.9929E+00  6.2675E+00  8.7436E+00  9.9100E+00  8.0842E+00  1.4106E+01
       1.0406E+01  8.7273E+00  8.3947E+00  6.1274E+00  5.6591E+00  7.7888E+00  6.7814E+00  1.0239E+01  9.7040E+00  9.5125E+00
       1.0078E+01  6.0095E+00  7.5341E+00  6.3488E+00  6.2254E+00  8.9738E+00  7.8469E+00  8.9385E+00  1.0084E+01  9.7386E+00
       8.1179E+00  1.0093E+01  7.1236E+00  8.4583E+00  6.9678E+00  8.3792E+00  1.0896E+01  8.6026E+00  9.1514E+00  9.5011E+00
       1.2259E+01  1.0164E+01  1.1234E+01  8.9140E+00  9.0057E+00  7.0759E+00  1.1853E+01  7.0120E+00  1.0170E+01  1.1547E+01
       1.5372E+01  1.1920E+01  8.7502E+00  1.1178E+01  1.0276E+01  8.5076E+00  1.1027E+01  9.9164E+00  1.1340E+01  1.3059E+01
       1.0358E+01  8.7249E+00  8.0082E+00  7.9031E+00  7.7464E+00  8.1918E+00  8.5952E+00  7.9748E+00  1.0575E+01  1.2010E+01
       9.2525E+00  7.4372E+00  8.6489E+00  9.2194E+00  7.2628E+00  8.2947E+00  5.2085E+00  9.2061E+00  1.3502E+01  1.1332E+01
       1.1730E+01  8.4572E+00  9.7064E+00  9.9655E+00  6.4328E+00  6.5685E+00  9.1681E+00  8.4765E+00  1.1438E+01  1.2683E+01
       1.1179E+01  9.4865E+00  8.4646E+00  8.4402E+00  8.3490E+00  6.6952E+00  8.2757E+00  9.9973E+00  9.7471E+00  1.2286E+01
       1.1226E+01  9.5190E+00  1.0031E+01  7.4452E+00  7.7904E+00  1.0143E+01  8.1980E+00  9.1416E+00  9.5228E+00  1.1937E+01
       1.1360E+01  9.9665E+00  1.0200E+01  9.4130E+00  8.3584E+00  1.0946E+01  9.7030E+00  8.8085E+00  1.4685E+01  1.1581E+01
       1.2354E+01  9.8209E+00  9.6848E+00  8.6144E+00  1.0549E+01  8.2264E+00  8.9609E+00  7.1178E+00  1.1332E+01  1.4830E+01
       1.2761E+01  9.0662E+00  1.0800E+01  8.5918E+00  8.0557E+00  9.7611E+00  1.0848E+01  9.0163E+00  9.1006E+00  1.1432E+01
       1.2118E+01  9.7457E+00  1.2663E+01  1.3509E+01  1.0371E+01  8.0893E+00  9.0161E+00  9.1511E+00  9.1729E+00  1.7886E+01
       1.5979E+01  1.2571E+01  9.8971E+00  1.2260E+01  9.5018E+00  1.0231E+01  9.1276E+00  1.1798E+01  1.2347E+01  1.5866E+01
       1.7250E+01  1.0382E+01  1.1702E+01  7.7818E+00  1.1835E+01  1.0683E+01  1.0989E+01  9.8423E+00  1.4129E+01  1.6315E+01
       8.7179E+00  1.0399E+01  7.0110E+00  1.1353E+01  9.5691E+00  1.0189E+01  9.5811E+00  1.1343E+01  1.2832E+01  1.3617E+01
       9.2444E+00  1.0423E+01  8.9358E+00  1.4658E+01  8.4443E+00  8.3175E+00  8.2168E+00  9.0345E+00  1.1219E+01  9.6022E+00
       1.2008E+01  1.0408E+01  9.2602E+00  8.3923E+00  8.7898E+00  8.4999E+00  9.3552E+00  9.9545E+00  7.4108E+00  1.0387E+01
       1.0819E+01  9.6484E+00  1.1526E+01  1.0875E+01  6.7763E+00  7.5395E+00  1.0722E+01  8.7081E+00  8.0083E+00  1.7595E+01
       1.3644E+01  1.0016E+01  1.0751E+01  8.1685E+00  7.6253E+00  1.0071E+01  7.4783E+00  1.2009E+01  1.0005E+01  1.4625E+01
       1.0432E+01  9.2957E+00  1.2657E+01  9.6072E+00  8.8400E+00  7.0033E+00  9.3816E+00  8.7730E+00  8.1497E+00  1.3809E+01
       1.4355E+01  1.2879E+01  9.5185E+00  7.7456E+00  8.6278E+00  1.1643E+01  1.2659E+01  1.0548E+01  1.1070E+01  1.3212E+01
       1.4286E+01  1.1124E+01  1.1679E+01  1.0575E+01  1.3887E+01  1.0905E+01  1.0826E+01  1.2550E+01  1.4639E+01  1.6920E+01
       1.6555E+01  1.6262E+01  1.3605E+01  1.3378E+01  1.0615E+01  1.1709E+01  1.2129E+01  1.3818E+01  1.6463E+01  1.7771E+01
       1.4028E+01  1.4501E+01  9.0097E+00  1.1885E+01  9.6716E+00  7.6271E+00  1.6014E+01  1.1670E+01  1.1887E+01  1.7609E+01
       8.9733E+00  8.7214E+00  1.0364E+01  1.6082E+01  7.2832E+00  1.3066E+01  1.0563E+01  1.0985E+01  1.0498E+01  1.2309E+01
       1.1412E+01  9.6471E+00  1.2785E+01  1.1276E+01  7.7453E+00  9.2685E+00  8.1015E+00  1.0201E+01  1.2536E+01  1.3038E+01
       1.1559E+01  1.1548E+01  1.3964E+01  9.0998E+00  9.2019E+00  8.1710E+00  1.1940E+01  1.0893E+01  8.2572E+00  1.5928E+01
       1.4593E+01  1.1177E+01  1.0042E+01  1.3354E+01  9.4653E+00  8.3336E+00  1.1016E+01  9.7513E+00  1.0464E+01  1.3828E+01
       1.7589E+01  1.0746E+01  8.6223E+00  7.2724E+00  9.7658E+00  1.1519E+01  9.9227E+00  1.1692E+01  1.0852E+01  1.4364E+01
       1.4591E+01  1.0612E+01  1.0319E+01  8.7064E+00  9.1496E+00  6.8289E+00  1.2034E+01  1.4015E+01  1.0124E+01  1.4087E+01
       1.7335E+01  1.1232E+01  1.1024E+01  9.4919E+00  1.0532E+01  9.7191E+00  1.2443E+01  1.3274E+01  1.1060E+01  1.1028E+01
       2.0113E+01  1.4690E+01  1.7482E+01  1.2653E+01  1.3615E+01  1.0263E+01  1.4594E+01  1.0757E+01  1.2283E+01  1.4940E+01
       2.0897E+01  1.3576E+01  1.2680E+01  1.7329E+01  1.0069E+01  1.4200E+01  1.4476E+01  1.1505E+01  1.6224E+01  1.1976E+01
       1.6201E+01  1.8123E+01  1.2092E+01  1.7041E+01  1.4245E+01  1.3197E+01  1.0638E+01  1.1383E+01  1.6724E+01  1.8674E+01
       1.7052E+01  1.3372E+01  1.3753E+01  1.2220E+01  1.2044E+01  1.1091E+01  9.7215E+00  1.0242E+01  1.1379E+01  1.9264E+01
       1.6461E+01  1.2228E+01  1.4378E+01  1.2773E+01  1.1292E+01  9.9858E+00  8.8782E+00  1.2886E+01  1.2257E+01  1.5499E+01
       1.7761E+01  1.2812E+01  1.6708E+01  1.5112E+01  1.2924E+01  1.1692E+01  9.4877E+00  1.3678E+01  9.2903E+00  1.3611E+01
       1.7603E+01  1.4471E+01  1.1588E+01  9.6003E+00  9.0688E+00  1.0704E+01  1.0809E+01  1.3097E+01  1.3395E+01  1.7066E+01
       1.9954E+01  1.0848E+01  1.3755E+01  1.1164E+01  1.1855E+01  1.0233E+01  1.0648E+01  1.5392E+01  1.4541E+01  1.7971E+01
       2.3136E+01  1.8243E+01  1.1261E+01  1.1067E+01  9.0984E+00  1.1528E+01  1.3446E+01  1.2560E+01  1.8511E+01  1.6232E+01
       1.3586E+01  1.5661E+01  1.0013E+01  7.7695E+00  1.1537E+01  1.1199E+01  1.3918E+01  8.6654E+00  1.6555E+01  1.6061E+01
       1.7896E+01  1.8580E+01  1.7388E+01  1.7610E+01  9.2459E+00  1.0710E+01  1.8109E+01  1.3484E+01  1.8858E+01  2.1623E+01
       1.8848E+01  1.9339E+01  1.8942E+01  1.6929E+01  1.6414E+01  1.5168E+01  1.4684E+01  1.1371E+01  2.5524E+01  1.5773E+01
       1.8631E+01  2.0401E+01  2.2047E+01  1.5107E+01  1.4741E+01  1.3978E+01  1.3907E+01  1.2945E+01  1.8928E+01  1.8469E+01
       2.0057E+01  2.1669E+01  1.7278E+01  1.6201E+01  1.3454E+01  1.3398E+01  1.1494E+01  1.1646E+01  1.3803E+01  2.3710E+01
       1.9820E+01  1.5231E+01  1.3240E+01  1.2427E+01  1.5668E+01  1.1001E+01  1.3126E+01  1.4098E+01  1.4062E+01  1.8587E+01
       1.8450E+01  1.5079E+01  1.5280E+01  1.1983E+01  1.1108E+01  1.4094E+01  1.6685E+01  1.5570E+01  1.1816E+01  1.3874E+01
       1.4678E+01  1.8554E+01  1.0206E+01  1.1645E+01  1.0436E+01  1.2808E+01  1.3297E+01  9.2520E+00  9.9816E+00  1.8975E+01
       1.9921E+01  1.5067E+01  1.6415E+01  1.3826E+01  1.5523E+01  1.3123E+01  1.0800E+01  1.2026E+01  2.0073E+01  2.0215E+01
       2.0915E+01  1.2977E+01  1.0459E+01  1.2029E+01  1.3357E+01  1.2755E+01  1.5097E+01  1.5597E+01  1.9957E+01  1.6920E+01
       1.9348E+01  1.3288E+01  1.0885E+01  1.3089E+01  1.5653E+01  1.1028E+01  1.4672E+01  1.1738E+01  2.0452E+01  2.0115E+01
       2.1878E+01  1.3586E+01  1.2599E+01  1.2913E+01  1.6423E+01  1.4056E+01  1.3987E+01  1.6705E+01  1.3694E+01  2.2781E+01
       1.9273E+01  2.5790E+01  1.9320E+01  2.2143E+01  1.6714E+01  1.7637E+01  1.1753E+01  1.1972E+01  2.7315E+01  1.9509E+01
       2.2790E+01  1.9890E+01  2.5402E+01  1.2383E+01  1.8112E+01  1.5334E+01  1.8828E+01  1.4926E+01  2.1582E+01  2.0799E+01
       2.1544E+01  2.2626E+01  1.9050E+01  1.2992E+01  1.4526E+01  1.3000E+01  1.6086E+01  1.5128E+01  1.7809E+01  1.5625E+01
       1.7683E+01  1.6205E+01  1.1419E+01  1.1760E+01  1.3972E+01  1.1584E+01  1.2147E+01  1.4283E+01  1.7322E+01  1.7309E+01
       3.2841E+01  1.5060E+01  1.3577E+01  1.2739E+01  1.3267E+01  1.6791E+01  2.0831E+01  1.9935E+01  1.5933E+01  1.9961E+01
       2.4146E+01  2.8797E+01  1.2651E+01  1.3220E+01  1.6214E+01  1.4802E+01  1.6209E+01  1.4908E+01  1.3284E+01  1.8350E+01
       2.0268E+01  1.2420E+01  1.5268E+01  1.7212E+01  1.1246E+01  1.9451E+01  1.4807E+01  1.7185E+01  1.9488E+01  1.9628E+01
       1.9162E+01  1.4984E+01  1.5693E+01  1.3845E+01  1.2925E+01  1.5863E+01  1.7369E+01  1.5748E+01  2.3036E+01  2.3695E+01
       1.7050E+01  1.8351E+01  1.6663E+01  1.2416E+01  1.7839E+01  1.4815E+01  1.7109E+01  1.6608E+01  1.4853E+01  2.0596E+01
       1.6855E+01  1.8991E+01  1.4749E+01  1.5423E+01  1.8649E+01  2.9472E+01  1.4362E+01  1.9000E+01  1.5887E+01  2.3519E+01
