1
   Cartesian binning n.   1  "DoseEq    " , generalized particle n.  240
      X coordinate: from -8.5000E+01 to  8.5000E+01 cm,    10 bins ( 1.7000E+01 cm wide)
      Y coordinate: from -2.5000E+01 to  2.5000E+01 cm,    10 bins ( 5.0000E+00 cm wide)
      Z coordinate: from  2.2500E+02 to  2.7500E+02 cm,    10 bins ( 5.0000E+00 cm wide)
      Data follow in a matrix A(ix,iy,iz), format (1(5x,1p,10(1x,e11.4)))

      accurate deposition along the tracks requested
      this is a track-length binning
       1.4589E-06  1.1649E-06  2.8058E-06  4.1677E-06  3.9794E-06  1.8537E-06  3.2135E-06  3.2503E-06  3.7378E-06  2.4453E-06
       2.0198E-06  2.0718E-06  1.6125E-06  3.7118E-06  2.7289E-06  2.5239E-06  1.6579E-06  2.7604E-06  2.6190E-06  1.8322E-06
       1.4564E-06  2.8771E-06  2.7518E-06  1.5997E-06  3.0202E-06  3.2743E-06  2.8257E-06  2.8891E-06  1.8969E-06  2.7376E-06
       2.7051E-06  3.2347E-06  3.5223E-06  4.4784E-06  4.7545E-06  4.7457E-06  2.7194E-06  1.3360E-06  2.2081E-06  1.3469E-06
       2.3923E-06  2.4728E-06  4.6581E-06  3.1528E-06  3.7972E-06  2.3124E-06  2.5784E-06  4.3938E-06  3.1579E-06  1.7197E-06
       1.6627E-06  3.3505E-06  3.6376E-06  4.4105E-06  5.6494E-06  2.5550E-06  4.0117E-06  3.6895E-06  2.5791E-06  2.7971E-06
       1.6266E-06  2.8434E-06  2.5815E-06  4.2437E-06  4.8572E-06  4.4622E-06  3.1929E-06  2.8809E-06  1.9001E-06  1.8845E-06
       1.2834E-06  3.0354E-06  3.2202E-06  3.8559E-06  3.3952E-06  2.4545E-06  3.0280E-06  2.7541E-06  3.4582E-06  1.0812E-06
       2.1582E-06  1.7665E-06  3.0351E-06  4.9835E-06  3.3927E-06  2.3245E-06  2.5879E-06  2.3568E-06  1.3436E-06  2.6074E-06
       1.0069E-06  1.7374E-06  2.2092E-06  2.1621E-06  1.9693E-06  2.3546E-06  2.3485E-06  3.1309E-06  2.0553E-06  2.7467E-06
       1.4932E-06  1.4913E-06  2.8933E-06  3.6818E-06  3.6060E-06  1.8167E-06  2.4869E-06  2.7963E-06  1.2502E-06  1.2512E-06
       1.8482E-06  2.2208E-06  2.5603E-06  2.5769E-06  4.0825E-06  3.2045E-06  1.6462E-06  2.9175E-06  2.0638E-06  2.4423E-06
       1.6940E-06  2.5188E-06  3.9603E-06  7.4292E-07  1.6683E-06  3.8998E-06  2.1295E-06  4.7364E-06  2.4881E-06  1.5660E-06
       2.2531E-06  2.7134E-06  2.9802E-06  2.8830E-06  2.7212E-06  2.2944E-06  2.9844E-06  1.6622E-06  2.0837E-06  2.1035E-06
       1.0829E-06  2.7534E-06  3.2164E-06  2.8273E-06  4.2203E-06  3.3651E-06  3.0045E-06  3.2099E-06  3.0984E-06  6.1069E-07
       4.4878E-07  3.7270E-06  4.5674E-06  3.7491E-06  5.8383E-06  2.8780E-06  2.9463E-06  3.5351E-06  1.6418E-06  1.3068E-06
       1.1394E-06  3.0314E-06  2.4252E-06  4.4748E-06  3.8910E-06  2.8496E-06  2.0089E-06  4.0695E-06  2.5173E-06  2.5942E-06
       1.3346E-06  2.1573E-06  2.7147E-06  3.3781E-06  3.7611E-06  2.7637E-06  2.6296E-06  2.5712E-06  2.4891E-06  8.1077E-07
       1.9168E-06  2.3891E-06  1.4226E-06  2.5109E-06  4.9353E-06  2.0644E-06  2.3312E-06  2.3866E-06  2.0355E-06  3.0934E-06
       1.1004E-06  1.3554E-06  2.3836E-06  1.5545E-06  3.4183E-06  2.1332E-06  2.3836E-06  2.2806E-06  1.1151E-06  1.8043E-06
       1.0221E-06  2.0265E-06  2.1890E-06  2.9094E-06  2.4553E-06  4.2339E-07  2.1461E-06  2.0467E-06  2.5775E-07  1.7794E-06
       1.4514E-06  1.1015E-06  3.0613E-06  1.9844E-06  2.2805E-06  8.9285E-07  1.6976E-06  3.3885E-06  1.7864E-06  8.8395E-07
       2.0892E-06  1.7488E-06  3.7069E-06  1.9657E-06  7.8618E-07  2.4957E-06  2.8704E-06  3.7291E-06  2.0066E-06  1.9821E-06
       1.2689E-06  3.0592E-06  3.5735E-06  1.8703E-06  1.6206E-06  1.2733E-06  2.8773E-06  1.1369E-06  1.7307E-06  1.9508E-06
       1.2563E-06  2.1389E-06  3.0126E-06  3.8050E-06  3.2647E-06  1.4968E-06  2.0179E-06  4.4317E-06  2.6720E-06  6.6545E-07
       9.1401E-07  2.8377E-06  2.6826E-06  4.5496E-06  3.5654E-06  2.0260E-06  2.7915E-06  3.3831E-06  3.1375E-06  1.0611E-06
       5.5736E-07  2.2272E-06  3.5326E-06  3.8739E-06  2.8947E-06  2.0852E-06  3.8435E-06  3.8243E-06  2.2211E-06  1.1739E-06
       4.8165E-07  1.3426E-06  3.4791E-06  3.1333E-06  2.7496E-06  1.4104E-06  3.2334E-06  1.3708E-06  2.4870E-06  1.5749E-06
       6.0262E-07  2.0710E-06  1.2795E-06  3.7050E-06  3.9766E-06  1.5767E-06  2.3841E-06  1.6955E-06  1.0553E-06  1.9507E-06
       7.2229E-07  1.7600E-06  2.9736E-06  1.5354E-06  1.1782E-06  2.0256E-06  2.0390E-06  1.0822E-06  3.5135E-07  2.1060E-06
       6.1131E-07  1.4080E-06  2.2376E-06  2.1280E-06  1.6652E-06  4.1867E-07  2.8111E-06  1.0140E-06  2.5504E-07  1.0826E-06
       1.3654E-06  3.1059E-07  1.7162E-06  1.6780E-06  1.7708E-06  4.1924E-07  1.8500E-06  1.4334E-06  1.9912E-06  6.6297E-07
       2.3707E-06  1.8594E-06  1.8894E-06  2.2464E-06  4.8379E-07  1.1647E-06  3.3611E-06  2.0661E-06  2.6792E-06  1.3587E-06
       9.2253E-07  2.1927E-06  1.8820E-06  9.0035E-07  1.1632E-06  9.6356E-07  2.1080E-06  1.5812E-06  9.3372E-07  1.7818E-06
       9.2860E-07  2.4239E-06  2.4973E-06  3.8094E-06  1.8921E-06  1.2757E-06  1.1835E-06  3.7719E-06  2.0470E-06  3.4043E-07
       4.6237E-07  2.1562E-06  1.4976E-06  3.5556E-06  1.9700E-06  1.8021E-06  2.3900E-06  3.2175E-06  2.3269E-06  1.8679E-06
       3.4456E-07  1.7460E-06  2.1104E-06  2.7359E-06  1.5149E-06  2.4544E-06  1.7833E-06  2.9986E-06  1.7789E-06  1.4489E-06
       6.5723E-07  1.7862E-06  2.5869E-06  6.6140E-06  5.0276E-06  2.2356E-06  2.0469E-06  5.9658E-07  1.1690E-06  4.9217E-07
       1.0625E-06  1.4004E-06  9.9676E-07  2.0352E-06  2.7311E-06  2.5354E-06  1.1594E-06  1.3658E-06  9.8729E-07  2.1753E-06
       1.0402E-06  8.9272E-07  1.4721E-06  1.1799E-06  1.0320E-06  1.4392E-06  3.1360E-06  1.6940E-07  9.6554E-07  2.4718E-06
       7.8347E-07  7.2321E-07  1.5450E-06  9.8638E-07  1.0469E-06  2.2475E-07  1.5583E-06  3.2431E-07  4.7709E-07  1.7566E-06
       1.0172E-06  4.3600E-07  2.1649E-06  9.8066E-07  1.7719E-06  7.1452E-08  1.1181E-06  8.4168E-07  1.0474E-06  1.5212E-06
       2.1754E-06  4.6903E-07  1.7690E-06  1.0018E-06  9.3275E-07  8.8641E-07  3.5441E-06  1.9453E-06  2.4034E-06  7.8660E-07
       7.8021E-07  2.3367E-06  1.3729E-06  2.4066E-06  6.6006E-07  1.5737E-06  2.0138E-06  8.7246E-07  2.5252E-06  2.4340E-06
       8.0979E-07  9.3443E-07  1.8560E-06  2.0522E-06  2.2122E-06  3.1637E-06  1.4879E-06  3.1775E-06  2.0754E-06  1.0849E-06
       1.6981E-07  1.4962E-06  3.0190E-06  1.4693E-06  1.8941E-06  2.7023E-06  1.1472E-06  2.5981E-06  1.0915E-06  1.3693E-06
       3.7891E-07  1.0645E-06  1.9271E-06  2.3679E-06  1.1410E-06  2.8455E-06  9.9022E-07  2.8245E-06  2.0904E-06  1.4729E-06
       2.8614E-07  1.3683E-06  1.7855E-06  3.7523E-06  1.8542E-06  1.9380E-06  9.5369E-07  6.8201E-07  1.5646E-06  9.5333E-07
       1.6158E-06  1.6654E-06  5.6422E-07  1.8724E-06  2.2042E-06  8.5368E-07  1.8664E-06  1.1019E-06  7.3014E-07  1.5702E-06
       7.2296E-07  9.6692E-07  8.2590E-07  6.0245E-07  1.0571E-06  1.8343E-06  1.9529E-06  2.6341E-07  4.9355E-07  1.5086E-06
       9.5217E-07  8.9321E-07  4.4202E-07  4.3312E-07  1.4748E-06  3.5820E-07  1.5309E-06  1.6630E-06  1.9037E-07  9.7733E-07
       6.5112E-07  1.6157E-06  4.3866E-07  7.7400E-07  1.2911E-06  2.1987E-07  1.9949E-06  1.4852E-06  3.6416E-07  5.5571E-07
       1.5983E-06  1.2706E-06  8.4343E-07  5.2536E-07  1.5965E-06  4.5064E-07  1.6867E-06  6.8723E-07  1.0901E-06  5.9452E-07
       3.9284E-07  1.6458E-06  9.5021E-07  1.8156E-06  1.0878E-06  5.6768E-07  2.1178E-06  9.9180E-07  1.0014E-06  1.9391E-06
       9.5354E-07  1.0288E-06  1.2485E-06  2.4721E-06  2.4463E-06  2.4076E-06  1.8534E-06  2.6028E-06  6.8265E-07  1.0355E-07
       8.6582E-07  1.3818E-06  1.7023E-06  1.4215E-06  1.5585E-06  7.6989E-07  1.3593E-06  1.7658E-06  9.4949E-07  2.6173E-07
       1.0777E-06  8.7337E-07  7.0024E-07  2.1659E-06  9.3010E-07  2.3205E-06  2.1529E-06  1.6685E-06  5.6001E-07  3.3064E-07
       1.1749E-06  8.6341E-07  5.8745E-07  1.5022E-06  1.4881E-06  1.9061E-06  1.2783E-06  1.1312E-06  5.2779E-07  1.8800E-07
       8.8957E-07  1.1492E-06  6.4719E-07  1.2976E-06  1.3839E-06  7.4764E-07  5.5197E-07  8.8503E-07  3.5857E-07  1.1855E-06
       4.9623E-07  4.0353E-07  1.7571E-07  1.6249E-07  1.7054E-07  1.2751E-06  9.3682E-07  3.8189E-07  3.8980E-07  5.4357E-07
       5.7842E-07  1.6033E-06  3.6741E-07  2.4585E-07  1.4825E-06  1.7028E-07  1.8542E-06  9.0669E-07  2.7941E-07  1.4368E-06
       1.2284E-06  1.9946E-06  4.9470E-07  9.4316E-07  1.7700E-06  1.0329E-06  1.1793E-06  1.3380E-06  2.3201E-07  4.1282E-07
       1.1944E-06  1.5825E-06  9.9216E-07  4.0532E-07  7.6595E-07  7.7255E-07  1.3473E-06  5.8576E-07  1.3659E-06  3.3156E-07
       7.0820E-07  1.3881E-06  1.2293E-06  7.4499E-07  1.2070E-06  1.8874E-06  1.6420E-06  1.1423E-06  4.6078E-07  1.0921E-06
       1.0583E-06  6.2057E-07  1.8994E-06  1.1798E-06  8.3843E-07  1.8709E-06  1.2059E-06  1.1467E-06  7.8233E-07  4.4219E-07
       8.2756E-07  6.8143E-07  8.0053E-07  1.0597E-06  1.9297E-06  1.3167E-06  1.2194E-06  1.3762E-06  9.2596E-07  2.5839E-07
       1.3148E-06  3.5139E-07  8.8605E-07  1.3437E-06  1.8527E-06  2.1725E-06  1.3226E-06  1.3451E-06  8.8386E-07  2.0070E-07
       1.5884E-06  3.0309E-07  4.2240E-07  1.2210E-06  8.3201E-07  2.5538E-06  1.5535E-07  7.3925E-07  9.1265E-07  7.0878E-08
       1.3325E-06  3.0956E-07  6.6569E-07  1.4678E-06  1.0008E-06  1.3554E-06  4.3051E-07  1.4082E-06  3.0542E-07  5.6071E-07
       5.1139E-07  6.3222E-07  1.2923E-07  5.3972E-07  7.5625E-07  1.0134E-06  3.9927E-07  1.1623E-06  3.7232E-07  3.0427E-07
       4.3661E-07  9.4253E-07  3.3050E-07  1.2587E-07  1.1299E-06  3.0294E-07  6.3588E-07  1.6741E-07  3.8033E-07  1.2733E-06
       2.0667E-06  1.1726E-06  5.9336E-07  7.3987E-07  9.5762E-07  1.1045E-06  9.9113E-07  1.1181E-06  2.2914E-07  2.6500E-07
       7.8986E-07  3.4369E-07  3.0478E-07  1.7608E-07  7.0903E-07  1.2405E-06  2.2287E-07  5.4778E-07  7.3581E-07  1.0042E-07
       9.6343E-07  1.4908E-06  3.8625E-07  6.8429E-07  2.0669E-07  2.8664E-06  1.5392E-06  8.2980E-07  9.5575E-08  3.9195E-07
       8.9362E-07  8.9082E-07  1.2197E-06  2.5763E-07  8.4044E-07  2.6470E-06  1.1523E-06  1.1341E-06  6.8111E-07  3.2966E-07
       9.9699E-07  6.3974E-07  1.1733E-06  2.3318E-07  1.3637E-06  1.5070E-06  7.3770E-07  1.5369E-06  7.3167E-07  1.5890E-07
       1.1021E-06  4.1239E-07  7.4680E-07  9.6083E-07  3.8161E-07  1.6438E-06  1.3508E-06  6.4202E-07  5.6875E-07  4.5027E-08
       3.8856E-07  4.1696E-07  5.3204E-07  1.3266E-06  3.2722E-07  2.2096E-06  3.8430E-07  2.8201E-07  2.8780E-07  7.7305E-07
       7.2580E-07  6.1846E-07  4.8098E-07  8.4690E-07  4.2264E-07  1.5320E-06  2.2626E-07  6.8968E-07  3.4356E-07  9.1576E-07
       4.1306E-07  1.0618E-06  4.2031E-07  3.9163E-07  1.1639E-07  9.7721E-07  3.8682E-07  6.7515E-07  4.8298E-07  1.9075E-07
       7.6993E-07  9.1401E-07  8.0450E-08  5.5855E-08  1.3639E-07  1.4738E-06  4.4984E-07  3.8077E-07  8.5831E-08  2.1221E-07
       8.2659E-07  8.3846E-07  9.2636E-07  7.3290E-07  3.5101E-07  7.9103E-07  3.7409E-08  1.7412E-06  1.2451E-07  4.2353E-07
       4.6282E-07  1.0214E-06  1.4848E-06  4.5245E-07  3.8215E-07  1.2940E-06  2.0797E-07  5.3422E-07  8.9957E-07  3.3260E-07
       4.2182E-07  5.2245E-07  2.5427E-07  5.9227E-07  4.1569E-07  3.0274E-06  7.9517E-07  2.1420E-07  6.1333E-07  4.5047E-07
       1.8901E-07  4.2782E-07  3.7030E-07  8.2930E-07  9.3738E-07  1.6184E-06  8.6732E-08  1.6466E-06  8.2790E-07  3.2199E-07
       5.0335E-07  3.0218E-07  2.6113E-07  8.6119E-07  9.2093E-07  2.8661E-06  2.8833E-07  8.2370E-07  1.1191E-06  1.8907E-07
       6.1748E-07  2.2102E-07  9.7166E-07  5.3532E-07  3.3695E-07  2.3184E-06  1.0314E-06  4.6657E-07  2.1103E-07  1.2063E-07
       2.9253E-07  3.4490E-07  8.3285E-07  6.8042E-07  3.4326E-07  7.1016E-07  1.7135E-07  1.7719E-07  4.5385E-07  1.2485E-07
       1.8350E-07  4.2036E-07  7.4919E-07  5.0542E-07  6.2034E-07  3.3299E-07  3.1517E-07  3.0979E-07  1.5769E-07  5.1691E-07
       3.4337E-07  8.4952E-07  7.9939E-07  1.3117E-07  6.3201E-08  1.4640E-08  4.0063E-07  4.3534E-07  7.7206E-07  1.0533E-07
       4.1730E-07  8.0448E-07  3.3011E-07  2.9612E-07  7.3212E-08  2.2126E-07  7.8233E-07  3.7506E-07  2.7556E-07  5.4087E-07
       7.6277E-07  4.4448E-07  3.5257E-07  1.2438E-06  2.6458E-07  4.6710E-07  4.8262E-08  1.0589E-06  4.5790E-07  5.9038E-07
       4.2008E-07  9.5213E-07  1.3112E-06  5.1620E-07  5.7386E-07  1.4060E-06  9.3317E-08  1.4747E-07  7.8738E-07  5.4096E-07
       5.9424E-08  7.2213E-07  1.3203E-06  1.9767E-07  7.9377E-07  1.5210E-06  5.0169E-07  1.8771E-07  4.9387E-07  6.4968E-07
       2.6448E-07  2.5410E-07  1.3027E-08  2.7948E-07  4.0783E-07  1.2483E-06  6.4525E-07  4.5111E-07  3.5253E-07  2.0174E-07
       1.8204E-07  4.1870E-07  2.0139E-07  6.8099E-07  5.0066E-07  1.4021E-06  5.2193E-07  2.1232E-07  3.4277E-07  1.2006E-07
       9.3718E-09  8.3407E-08  2.8374E-07  4.2380E-07  6.7616E-07  1.3907E-06  2.9049E-07  3.9919E-07  6.2388E-07  1.2655E-07
       4.6125E-08  3.5779E-07  1.2445E-06  1.2977E-07  3.6702E-07  3.9254E-07  4.1133E-07  5.3583E-08  2.6048E-07  3.7770E-07
       2.0953E-08  8.5725E-08  1.8521E-07  2.5725E-07  5.2083E-07  7.2048E-08  2.6673E-08  1.4341E-07  3.5368E-08  2.0631E-07
       4.9205E-07  1.2402E-07  4.3201E-07  0.0000E+00  2.2656E-08  4.2634E-08  2.7153E-07  9.2429E-07  3.9680E-07  2.9618E-07

      Percentage errors follow in a matrix A(ix,iy,iz), format (1(5x,1p,10(1x,e11.4)))

       3.6325E+01  3.5915E+01  3.6956E+01  2.4368E+01  3.0222E+01  3.4474E+01  2.5856E+01  3.8511E+01  2.6891E+01  5.1881E+01
       3.5473E+01  2.7900E+01  3.0396E+01  3.0620E+01  3.0726E+01  2.4902E+01  2.5505E+01  2.4753E+01  3.7509E+01  3.9545E+01
       4.0394E+01  3.7977E+01  3.3661E+01  2.9740E+01  3.3000E+01  2.8126E+01  2.9213E+01  2.6981E+01  3.9965E+01  2.8547E+01
       2.9987E+01  2.7355E+01  3.0699E+01  2.3171E+01  2.3040E+01  2.6244E+01  3.6697E+01  2.3960E+01  3.4184E+01  3.2711E+01
       3.8635E+01  2.4040E+01  2.5899E+01  2.3448E+01  2.3132E+01  2.8400E+01  2.4904E+01  2.6061E+01  2.5025E+01  4.9279E+01
       5.0492E+01  2.8031E+01  3.2278E+01  3.3117E+01  2.9559E+01  2.4014E+01  1.7684E+01  2.8741E+01  3.0639E+01  3.3331E+01
       5.3167E+01  3.4908E+01  2.6370E+01  2.5558E+01  2.8960E+01  2.6364E+01  2.8449E+01  3.4864E+01  2.7160E+01  4.1738E+01
       4.3868E+01  2.6122E+01  2.3421E+01  3.1043E+01  2.1194E+01  2.8467E+01  2.4617E+01  2.6917E+01  2.7546E+01  3.0806E+01
       3.5236E+01  3.0719E+01  2.6579E+01  2.5170E+01  2.6922E+01  3.6323E+01  3.0866E+01  1.9033E+01  3.9064E+01  3.6627E+01
       3.3300E+01  3.4704E+01  4.3718E+01  3.3618E+01  2.6151E+01  2.9686E+01  2.7716E+01  3.0671E+01  3.1233E+01  3.0195E+01
       4.4354E+01  3.3321E+01  2.9687E+01  3.3980E+01  3.6338E+01  4.8422E+01  3.1867E+01  3.3708E+01  4.1155E+01  4.0877E+01
       3.1366E+01  3.4441E+01  4.4519E+01  2.7110E+01  3.2714E+01  3.8213E+01  2.9594E+01  3.5021E+01  3.2132E+01  4.9929E+01
       3.3180E+01  3.9673E+01  3.0302E+01  3.4714E+01  3.1413E+01  3.3644E+01  3.1814E+01  3.1952E+01  3.1490E+01  3.5623E+01
       3.9878E+01  2.8857E+01  2.7920E+01  2.9387E+01  2.9918E+01  3.4890E+01  4.2003E+01  3.2354E+01  3.9259E+01  3.6770E+01
       4.1319E+01  2.6509E+01  2.6435E+01  2.1070E+01  2.5247E+01  2.8481E+01  2.4141E+01  2.0859E+01  4.0463E+01  5.0566E+01
       3.4020E+01  2.7303E+01  3.1958E+01  3.2576E+01  2.6097E+01  2.6079E+01  2.8561E+01  3.1320E+01  3.4869E+01  3.7272E+01
       5.6792E+01  3.9105E+01  3.3682E+01  2.9797E+01  3.4519E+01  3.6567E+01  3.5328E+01  3.4929E+01  3.4329E+01  5.7313E+01
       4.3880E+01  3.0095E+01  2.9669E+01  3.7018E+01  2.9175E+01  2.7901E+01  3.2630E+01  3.1459E+01  3.7707E+01  3.5769E+01
       4.7437E+01  3.5785E+01  2.8163E+01  2.4353E+01  3.3220E+01  3.0894E+01  2.7882E+01  2.2759E+01  3.5664E+01  4.8222E+01
       3.6325E+01  4.0187E+01  3.7171E+01  4.3948E+01  4.0395E+01  3.7382E+01  2.8777E+01  3.4575E+01  3.6672E+01  3.1396E+01
       4.3642E+01  3.6316E+01  3.2414E+01  2.9028E+01  4.1232E+01  3.0516E+01  3.5793E+01  3.3828E+01  3.0451E+01  5.2529E+01
       3.4364E+01  4.2190E+01  3.8188E+01  4.5665E+01  2.8664E+01  7.3574E+01  3.8784E+01  2.6256E+01  4.2860E+01  4.5851E+01
       4.0136E+01  4.2578E+01  3.2350E+01  3.9376E+01  5.0349E+01  3.4051E+01  4.1993E+01  3.5861E+01  3.0444E+01  4.5001E+01
       3.9457E+01  2.5467E+01  3.1206E+01  3.7650E+01  3.0163E+01  5.0467E+01  3.6808E+01  4.6961E+01  4.6503E+01  3.2072E+01
       5.1342E+01  4.5968E+01  3.2105E+01  2.9594E+01  3.0874E+01  3.3452E+01  3.5409E+01  2.5226E+01  3.3711E+01  4.4663E+01
       4.1905E+01  4.5752E+01  3.7851E+01  2.2721E+01  2.7763E+01  3.6784E+01  3.6738E+01  3.8904E+01  3.8756E+01  3.4494E+01
       7.0106E+01  3.3432E+01  2.9757E+01  3.1228E+01  4.5412E+01  3.4992E+01  2.7533E+01  3.9819E+01  5.0052E+01  4.5872E+01
       6.3472E+01  3.5714E+01  3.3244E+01  3.2410E+01  3.3463E+01  3.8861E+01  4.4938E+01  5.0487E+01  4.2386E+01  4.7895E+01
       4.9560E+01  4.1586E+01  3.5027E+01  3.0145E+01  3.0229E+01  4.7669E+01  3.9650E+01  3.5168E+01  4.0810E+01  3.7503E+01
       4.7398E+01  3.6219E+01  2.6693E+01  4.9405E+01  4.0477E+01  4.2077E+01  3.5326E+01  4.0297E+01  3.2309E+01  2.9445E+01
       4.6930E+01  3.8914E+01  4.4966E+01  4.6318E+01  2.9596E+01  3.7686E+01  2.7715E+01  5.8768E+01  2.9333E+01  4.5616E+01
       5.4129E+01  5.4772E+01  4.8190E+01  4.6038E+01  3.5974E+01  5.8327E+01  3.8913E+01  3.6314E+01  4.2199E+01  7.3513E+01
       6.2245E+01  3.7955E+01  3.7844E+01  4.8536E+01  5.1235E+01  4.4044E+01  4.0442E+01  2.7296E+01  3.2991E+01  4.2042E+01
       4.5161E+01  2.2606E+01  3.4629E+01  3.3274E+01  3.7123E+01  5.5203E+01  3.9958E+01  3.4836E+01  4.8305E+01  3.8065E+01
       4.5667E+01  3.2756E+01  3.2044E+01  4.1795E+01  3.5351E+01  4.4285E+01  4.6042E+01  2.8299E+01  3.6731E+01  3.1460E+01
       5.2266E+01  4.2220E+01  5.1021E+01  3.3203E+01  4.8180E+01  3.9198E+01  4.1054E+01  3.8983E+01  3.8323E+01  6.3952E+01
       6.7759E+01  4.2595E+01  4.4289E+01  4.1818E+01  4.5441E+01  4.7811E+01  4.6035E+01  4.0817E+01  6.2425E+01  6.5138E+01
       7.3952E+01  3.8369E+01  2.5149E+01  2.6563E+01  4.5470E+01  3.1102E+01  3.1537E+01  5.4863E+01  6.4586E+01  6.7056E+01
       5.0623E+01  3.9829E+01  6.4637E+01  2.5224E+01  4.7314E+01  4.7064E+01  4.8561E+01  3.1342E+01  4.3022E+01  5.1131E+01
       5.7348E+01  4.6795E+01  4.3091E+01  4.4765E+01  3.4062E+01  3.3303E+01  4.0378E+01  3.3329E+01  7.0629E+01  3.3490E+01
       6.1122E+01  5.3630E+01  3.1390E+01  6.2638E+01  4.2777E+01  3.1593E+01  3.8940E+01  6.0630E+01  5.3880E+01  3.8274E+01
       5.3400E+01  4.6236E+01  6.6718E+01  4.1637E+01  2.9984E+01  3.5738E+01  5.1410E+01  4.6441E+01  3.7243E+01  4.3547E+01
       5.1923E+01  3.7331E+01  3.7874E+01  7.3994E+01  4.3476E+01  4.4612E+01  4.0103E+01  5.4957E+01  3.1684E+01  4.1676E+01
       5.5912E+01  4.2028E+01  3.8879E+01  5.0487E+01  4.8366E+01  6.0962E+01  3.8692E+01  3.9838E+01  3.7502E+01  4.2157E+01
       5.6623E+01  3.8952E+01  3.9798E+01  3.8091E+01  4.1466E+01  5.0491E+01  3.8207E+01  2.6317E+01  3.3125E+01  3.7755E+01
       3.4314E+01  4.6121E+01  3.5671E+01  3.8553E+01  5.4036E+01  3.5945E+01  5.1845E+01  3.9789E+01  4.6913E+01  6.1373E+01
       8.1765E+01  4.5933E+01  4.4458E+01  4.9132E+01  5.1802E+01  2.7432E+01  4.7223E+01  3.8318E+01  4.6228E+01  5.3469E+01
       4.6699E+01  4.5933E+01  4.1038E+01  3.4526E+01  5.7272E+01  4.0716E+01  4.7563E+01  6.1660E+01  4.3108E+01  4.2377E+01
       3.9352E+01  3.6410E+01  6.7737E+01  3.8176E+01  4.1684E+01  6.3428E+01  5.2479E+01  3.5983E+01  4.5771E+01  4.3205E+01
       6.5062E+01  5.0360E+01  5.0242E+01  5.9760E+01  4.2519E+01  3.4708E+01  3.9559E+01  5.4329E+01  5.5338E+01  3.7240E+01
       4.6692E+01  4.3782E+01  3.3894E+01  6.2792E+01  3.9074E+01  6.5964E+01  4.8514E+01  5.4230E+01  5.3887E+01  5.6854E+01
       4.9936E+01  5.1002E+01  4.8099E+01  5.0535E+01  3.3811E+01  6.7377E+01  4.5842E+01  4.0003E+01  6.4872E+01  5.3993E+01
       4.4297E+01  4.7313E+01  5.8142E+01  5.3523E+01  4.9642E+01  6.2143E+01  3.8331E+01  5.7765E+01  5.4287E+01  6.8394E+01
       5.7851E+01  4.9003E+01  4.0010E+01  6.0617E+01  5.2945E+01  5.1923E+01  4.5753E+01  4.9391E+01  4.8579E+01  5.4755E+01
       4.8218E+01  6.7658E+01  3.6835E+01  3.6225E+01  5.5932E+01  3.7557E+01  4.9206E+01  2.6422E+01  3.9567E+01  4.0416E+01
       4.7998E+01  5.0170E+01  4.8658E+01  3.8562E+01  5.4189E+01  4.4145E+01  4.6946E+01  3.6271E+01  5.4825E+01  6.5610E+01
       3.7619E+01  4.9358E+01  5.4647E+01  4.1801E+01  5.5063E+01  3.9054E+01  4.4558E+01  4.0510E+01  5.4826E+01  7.3499E+01
       4.8863E+01  4.9628E+01  4.7990E+01  6.1744E+01  5.2692E+01  3.4240E+01  7.7681E+01  5.4096E+01  5.3389E+01  4.5781E+01
       3.9123E+01  4.2050E+01  6.5737E+01  4.4857E+01  5.7116E+01  5.6978E+01  5.2515E+01  4.7306E+01  6.2415E+01  4.8968E+01
       5.6826E+01  5.6021E+01  6.4080E+01  5.0581E+01  7.6545E+01  4.2344E+01  4.6632E+01  6.0748E+01  6.6101E+01  5.0037E+01
       8.5619E+01  5.3267E+01  5.0309E+01  7.0406E+01  3.8416E+01  7.0141E+01  5.6115E+01  4.4536E+01  6.8065E+01  7.1225E+01
       4.5115E+01  3.2337E+01  6.5285E+01  5.6336E+01  6.6389E+01  6.9683E+01  4.7014E+01  4.1545E+01  6.6189E+01  8.9711E+01
       4.7188E+01  4.2866E+01  4.9839E+01  4.7597E+01  4.8562E+01  6.6348E+01  4.6742E+01  6.7323E+01  7.6857E+01  7.9183E+01
       4.1514E+01  4.4387E+01  6.9748E+01  5.0975E+01  4.9590E+01  3.5416E+01  3.5396E+01  5.6982E+01  8.5014E+01  6.2763E+01
       8.2937E+01  5.7640E+01  5.5620E+01  4.4992E+01  5.2493E+01  3.4702E+01  3.5749E+01  3.6920E+01  5.8873E+01  5.9253E+01
       6.8078E+01  4.7225E+01  6.1135E+01  4.4917E+01  5.0410E+01  4.5596E+01  5.0947E+01  3.9896E+01  6.1805E+01  6.7016E+01
       4.4209E+01  7.6970E+01  4.0853E+01  4.5446E+01  5.1033E+01  3.4362E+01  6.5738E+01  5.3607E+01  5.0173E+01  9.1675E+01
       4.5180E+01  6.9285E+01  4.7885E+01  5.7770E+01  5.7601E+01  3.5094E+01  5.8112E+01  6.8027E+01  5.0694E+01  4.6443E+01
       3.8789E+01  8.7500E+01  6.1579E+01  5.2127E+01  5.6299E+01  6.1544E+01  5.9796E+01  4.5330E+01  5.4445E+01  5.5903E+01
       5.6100E+01  5.3339E+01  4.0891E+01  5.2464E+01  7.6420E+01  4.4644E+01  6.0395E+01  5.9025E+01  6.9755E+01  6.7723E+01
       8.1442E+01  4.6979E+01  7.4782E+01  4.9127E+01  5.3502E+01  7.3175E+01  4.7473E+01  4.3135E+01  6.8962E+01  5.7489E+01
       7.8931E+01  6.5770E+01  9.3657E+01  7.0265E+01  6.2680E+01  5.8022E+01  6.9504E+01  4.8590E+01  6.5368E+01  9.6791E+01
       6.3841E+01  6.1591E+01  6.4791E+01  6.9960E+01  5.9167E+01  3.6328E+01  7.1662E+01  6.0826E+01  6.2609E+01  5.5985E+01
       5.1895E+01  5.4769E+01  5.2420E+01  5.2499E+01  4.4588E+01  5.6281E+01  3.6465E+01  4.9902E+01  5.6117E+01  5.3546E+01
       8.2334E+01  5.2486E+01  6.8256E+01  5.2360E+01  4.8951E+01  3.7715E+01  7.6095E+01  5.0679E+01  5.5408E+01  6.6374E+01
       4.9730E+01  6.7910E+01  6.5208E+01  4.8181E+01  4.6965E+01  3.5693E+01  4.6103E+01  4.3876E+01  5.2876E+01  5.4854E+01
       4.9892E+01  5.7112E+01  4.9657E+01  4.4220E+01  5.3710E+01  3.0759E+01  5.4427E+01  4.6864E+01  5.9543E+01  6.6278E+01
       4.7452E+01  8.0783E+01  5.2317E+01  3.3859E+01  6.6678E+01  5.2455E+01  8.4231E+01  8.5481E+01  9.1596E+01  9.5991E+01
       4.5554E+01  6.1980E+01  7.2316E+01  7.1884E+01  6.0611E+01  5.5287E+01  4.1069E+01  5.5613E+01  8.3316E+01  5.1491E+01
       5.5429E+01  4.0789E+01  7.2984E+01  7.8813E+01  8.3305E+01  5.9399E+01  5.9958E+01  3.9844E+01  6.4190E+01  5.4413E+01
       7.8768E+01  6.5621E+01  4.7731E+01  7.0601E+01  8.4667E+01  5.5759E+01  6.5591E+01  7.6179E+01  6.1416E+01  4.9329E+01
       7.4343E+01  6.7129E+01  8.1179E+01  6.9227E+01  6.6104E+01  6.3285E+01  6.8868E+01  5.3560E+01  7.4186E+01  7.2075E+01
       6.1136E+01  7.6069E+01  4.4665E+01  7.5227E+01  9.3656E+01  5.2112E+01  6.8261E+01  5.9548E+01  5.2172E+01  7.0705E+01
       6.4295E+01  6.3722E+01  5.4706E+01  8.9722E+01  7.3228E+01  6.7197E+01  5.6925E+01  3.9483E+01  6.9171E+01  7.1032E+01
       6.1836E+01  4.8214E+01  7.6244E+01  4.9830E+01  4.6549E+01  4.7064E+01  4.3382E+01  7.0756E+01  5.6091E+01  7.1393E+01
       5.2606E+01  6.1389E+01  5.8489E+01  6.1953E+01  4.4108E+01  5.6416E+01  7.7051E+01  5.0706E+01  5.1888E+01  4.9481E+01
       6.9373E+01  5.4474E+01  5.0177E+01  5.0901E+01  6.2300E+01  5.8458E+01  5.7854E+01  6.4538E+01  9.5810E+01  5.2014E+01
       6.9623E+01  6.8053E+01  6.2873E+01  4.4371E+01  9.5464E+01  7.6268E+01  5.4524E+01  1.0000E+02  6.3873E+01  8.6217E+01
       5.8150E+01  8.0729E+01  9.5867E+01  6.1409E+01  4.8718E+01  5.8968E+01  7.8639E+01  6.7427E+01  4.4393E+01  5.3292E+01
       6.1517E+01  6.7623E+01  6.4440E+01  9.8361E+01  4.5509E+01  5.9820E+01  5.9039E+01  5.5394E+01  6.1885E+01  5.5847E+01
       7.9732E+01  5.1118E+01  5.5639E+01  5.1490E+01  5.6103E+01  6.2823E+01  7.7261E+01  7.2999E+01  5.8428E+01  6.2944E+01
       4.9947E+01  4.6952E+01  5.7488E+01  6.3569E+01  8.4194E+01  7.2425E+01  8.7052E+01  5.4641E+01  5.3884E+01  7.6053E+01
       7.2268E+01  6.4380E+01  6.2703E+01  7.2672E+01  9.5868E+01  5.7276E+01  7.2064E+01  6.0975E+01  4.8221E+01  5.8118E+01
       1.0000E+02  7.1069E+01  6.8448E+01  7.4614E+01  5.6263E+01  5.8957E+01  6.2240E+01  4.5049E+01  5.9679E+01  6.0009E+01
       9.0910E+01  7.0072E+01  5.3263E+01  7.5033E+01  6.6134E+01  5.2399E+01  7.2267E+01  6.3996E+01  8.4368E+01  6.5019E+01
       6.1640E+01  6.5557E+01  6.8639E+01  5.4570E+01  6.0766E+01  6.8713E+01  4.7481E+01  8.6333E+01  9.3621E+01  4.5437E+01
       5.6014E+01  5.3464E+01  5.4559E+01  5.8751E+01  6.5950E+01  5.9355E+01  5.8152E+01  8.6151E+01  8.8399E+01  9.3983E+01
       9.2013E+01  7.9947E+01  6.5333E+01  7.7527E+01  8.8891E+01  5.7317E+01  8.3593E+01  6.0524E+01  7.7277E+01  7.4908E+01
       5.8547E+01  4.7393E+01  5.9779E+01  8.1135E+01  5.3442E+01  5.6730E+01  8.1472E+01  8.5781E+01  6.3749E+01  1.0000E+02
       6.1819E+01  4.0135E+01  8.3410E+01  0.0000E+00  9.8809E+01  4.8328E+01  8.3890E+01  4.8238E+01  6.5905E+01  7.8753E+01
