1
   Cartesian binning n.   1  "DoseEq    " , generalized particle n.  240
      X coordinate: from -8.5000E+01 to  8.5000E+01 cm,    10 bins ( 1.7000E+01 cm wide)
      Y coordinate: from -2.5000E+01 to  2.5000E+01 cm,    10 bins ( 5.0000E+00 cm wide)
      Z coordinate: from  2.2500E+02 to  2.7500E+02 cm,    10 bins ( 5.0000E+00 cm wide)
      Data follow in a matrix A(ix,iy,iz), format (1(5x,1p,10(1x,e11.4)))

      accurate deposition along the tracks requested
      this is a track-length binning
       7.4917E-06  1.1843E-05  1.0062E-05  1.1882E-05  1.1944E-05  1.1248E-05  1.2991E-05  1.3348E-05  1.0656E-05  1.1065E-05
       1.0851E-05  9.5698E-06  1.0721E-05  1.8055E-05  1.4794E-05  1.4675E-05  1.7806E-05  1.4648E-05  8.9247E-06  7.3144E-06
       1.4355E-05  1.3078E-05  1.0643E-05  1.7379E-05  1.6461E-05  1.6429E-05  1.0263E-05  1.2402E-05  8.6932E-06  7.7972E-06
       1.0351E-05  1.4772E-05  1.1001E-05  1.7454E-05  1.3805E-05  1.5292E-05  1.1369E-05  1.0595E-05  1.1136E-05  1.0794E-05
       9.0997E-06  1.3100E-05  1.0416E-05  1.4511E-05  1.8368E-05  1.4012E-05  1.4310E-05  1.4531E-05  1.2589E-05  8.7064E-06
       1.0685E-05  1.2191E-05  9.0209E-06  1.5224E-05  1.6834E-05  1.5759E-05  1.3843E-05  1.1431E-05  1.2531E-05  8.7360E-06
       1.0524E-05  1.2240E-05  9.1156E-06  1.3709E-05  1.5282E-05  1.7162E-05  1.8256E-05  1.4394E-05  1.1047E-05  8.8304E-06
       7.6770E-06  1.0099E-05  1.4135E-05  1.5277E-05  1.3244E-05  1.3640E-05  2.1726E-05  1.3566E-05  1.5397E-05  1.0815E-05
       1.1520E-05  1.0761E-05  1.1311E-05  1.4537E-05  1.4245E-05  1.4278E-05  1.4656E-05  1.2902E-05  1.2904E-05  1.3519E-05
       1.1487E-05  8.2315E-06  1.0698E-05  1.4927E-05  1.0857E-05  1.6308E-05  1.3173E-05  1.0423E-05  1.1098E-05  1.0452E-05
       7.6081E-06  9.6693E-06  6.9056E-06  1.0390E-05  1.0738E-05  1.1258E-05  1.0868E-05  1.1732E-05  9.5520E-06  7.1240E-06
       9.7721E-06  1.2089E-05  1.2220E-05  1.3307E-05  1.1816E-05  1.2378E-05  1.4822E-05  1.2333E-05  9.5495E-06  7.8673E-06
       1.2382E-05  1.6055E-05  9.8541E-06  1.2337E-05  1.7719E-05  1.2023E-05  9.5642E-06  1.3374E-05  8.3342E-06  7.8601E-06
       8.5673E-06  1.4978E-05  1.1608E-05  1.2021E-05  1.4008E-05  1.3600E-05  9.6122E-06  1.2480E-05  8.7692E-06  1.2882E-05
       8.1779E-06  9.5709E-06  1.2149E-05  1.4598E-05  1.7785E-05  1.0513E-05  1.2436E-05  1.3723E-05  1.0038E-05  7.2436E-06
       1.0700E-05  1.1750E-05  9.7948E-06  1.7123E-05  1.9637E-05  1.7330E-05  1.8353E-05  1.2920E-05  1.0608E-05  9.9122E-06
       8.9094E-06  1.1090E-05  6.5658E-06  1.1146E-05  1.1992E-05  1.4650E-05  1.7154E-05  1.3881E-05  8.5339E-06  7.3159E-06
       9.9543E-06  9.8535E-06  1.1194E-05  1.3298E-05  1.3288E-05  1.4265E-05  1.9161E-05  1.2025E-05  1.4344E-05  1.2271E-05
       8.2856E-06  1.0486E-05  1.0290E-05  1.1506E-05  1.2231E-05  1.3527E-05  1.6218E-05  1.2090E-05  1.3023E-05  9.0790E-06
       8.9679E-06  6.1902E-06  7.9591E-06  1.0311E-05  1.0651E-05  1.2399E-05  1.1402E-05  8.3275E-06  9.8362E-06  9.0136E-06
       6.2977E-06  8.2304E-06  8.2381E-06  9.0063E-06  8.6460E-06  8.5956E-06  9.7056E-06  1.0559E-05  7.5115E-06  4.2376E-06
       6.5790E-06  1.0720E-05  9.1040E-06  1.3480E-05  6.8446E-06  1.0793E-05  1.2768E-05  8.2585E-06  6.1067E-06  5.3689E-06
       7.7632E-06  1.0023E-05  9.6083E-06  1.4991E-05  1.1977E-05  1.4425E-05  1.0231E-05  1.0103E-05  7.0219E-06  5.9263E-06
       6.8196E-06  9.5282E-06  1.0975E-05  1.3511E-05  1.2201E-05  1.0937E-05  1.2722E-05  8.0695E-06  1.0663E-05  6.9015E-06
       5.5254E-06  7.2343E-06  9.9328E-06  1.2742E-05  1.3465E-05  1.0555E-05  1.1730E-05  1.1520E-05  1.1693E-05  6.4828E-06
       1.0646E-05  1.1943E-05  9.1235E-06  1.4173E-05  1.6505E-05  1.6133E-05  1.5387E-05  1.3139E-05  1.0167E-05  9.4660E-06
       8.1438E-06  8.1572E-06  6.5367E-06  1.0510E-05  1.0542E-05  1.0997E-05  1.3044E-05  1.1120E-05  9.6164E-06  8.0492E-06
       8.7094E-06  1.0908E-05  1.0304E-05  1.1497E-05  1.0977E-05  1.0125E-05  1.4109E-05  1.2380E-05  8.5743E-06  8.2978E-06
       6.4121E-06  8.2674E-06  7.8548E-06  1.0541E-05  1.3841E-05  9.6658E-06  1.3417E-05  1.0219E-05  9.2755E-06  6.5337E-06
       7.9955E-06  3.6860E-06  4.3614E-06  8.1835E-06  7.8087E-06  1.1954E-05  9.5802E-06  8.3640E-06  4.1562E-06  6.1514E-06
       4.3271E-06  5.0288E-06  6.9229E-06  8.4082E-06  4.8368E-06  5.9138E-06  8.9953E-06  7.9019E-06  5.7747E-06  6.0262E-06
       3.3198E-06  7.7433E-06  7.1834E-06  1.2294E-05  7.4222E-06  1.0384E-05  9.9811E-06  6.6419E-06  7.1414E-06  5.6722E-06
       4.8400E-06  5.4388E-06  9.7331E-06  1.3800E-05  8.8023E-06  1.1996E-05  1.1809E-05  7.6697E-06  7.2086E-06  5.7040E-06
       6.1232E-06  7.4582E-06  7.5628E-06  9.0278E-06  1.0297E-05  1.0138E-05  1.1288E-05  1.0300E-05  9.8368E-06  4.1089E-06
       5.3393E-06  6.1976E-06  6.4985E-06  8.8519E-06  1.2467E-05  1.0231E-05  9.7523E-06  1.1053E-05  9.0253E-06  5.6513E-06
       6.5018E-06  8.8597E-06  7.8273E-06  1.3037E-05  1.5448E-05  1.0630E-05  1.0202E-05  1.0318E-05  8.8032E-06  8.7497E-06
       6.4988E-06  6.7132E-06  8.7266E-06  9.7576E-06  9.1313E-06  9.5648E-06  1.0526E-05  9.1748E-06  7.2400E-06  5.5988E-06
       1.0049E-05  1.1242E-05  1.1186E-05  9.1535E-06  8.2457E-06  1.1288E-05  1.1813E-05  1.1004E-05  9.0335E-06  7.2062E-06
       6.1683E-06  7.6395E-06  7.5677E-06  6.7559E-06  7.1032E-06  7.3206E-06  8.3598E-06  1.1034E-05  4.9692E-06  4.3900E-06
       6.7077E-06  3.0826E-06  4.0641E-06  8.3983E-06  7.0327E-06  8.0033E-06  5.8418E-06  5.9818E-06  2.7732E-06  2.4412E-06
       3.9144E-06  4.6032E-06  4.7749E-06  8.4479E-06  4.8006E-06  7.3159E-06  6.5785E-06  3.6876E-06  4.8998E-06  3.9735E-06
       4.5206E-06  5.6895E-06  6.6392E-06  1.4346E-05  8.3312E-06  1.0768E-05  7.8982E-06  4.4809E-06  5.2997E-06  4.4887E-06
       5.1684E-06  4.8011E-06  6.1632E-06  8.1141E-06  8.3762E-06  9.3038E-06  9.5052E-06  6.8778E-06  6.1166E-06  4.8222E-06
       7.6396E-06  6.3177E-06  5.6897E-06  6.5365E-06  5.8017E-06  8.9171E-06  9.6053E-06  7.7780E-06  6.8456E-06  4.9747E-06
       4.4818E-06  6.4892E-06  6.0958E-06  6.7712E-06  7.1697E-06  6.9646E-06  1.1956E-05  1.1890E-05  7.7403E-06  3.1961E-06
       5.3117E-06  4.8391E-06  7.8477E-06  8.1884E-06  9.7665E-06  7.4406E-06  1.0496E-05  9.4658E-06  9.0448E-06  4.9617E-06
       4.5853E-06  6.4526E-06  7.5073E-06  5.6040E-06  6.9591E-06  7.5304E-06  1.2609E-05  9.4235E-06  8.0480E-06  3.8076E-06
       7.3263E-06  6.2097E-06  9.3945E-06  5.7249E-06  7.2306E-06  6.1535E-06  1.0180E-05  8.7990E-06  6.1946E-06  5.4128E-06
       5.7781E-06  6.7003E-06  6.9540E-06  6.2082E-06  5.0672E-06  5.2350E-06  7.6785E-06  6.5067E-06  4.0209E-06  3.3748E-06
       3.3608E-06  2.0673E-06  4.2628E-06  5.2831E-06  4.4482E-06  6.3033E-06  7.6050E-06  4.9842E-06  4.6803E-06  2.3476E-06
       4.0929E-06  2.9903E-06  3.4892E-06  6.0439E-06  2.8849E-06  4.5301E-06  3.5561E-06  3.0333E-06  4.8245E-06  2.3044E-06
       2.6733E-06  5.5594E-06  5.4783E-06  8.7522E-06  5.8212E-06  7.5213E-06  5.8720E-06  4.0713E-06  5.5224E-06  2.8478E-06
       4.2237E-06  6.3899E-06  5.8412E-06  7.5841E-06  5.8296E-06  8.1619E-06  6.8620E-06  5.4852E-06  5.5905E-06  2.7092E-06
       5.5955E-06  3.7731E-06  7.4280E-06  6.8295E-06  4.5557E-06  7.9352E-06  6.6157E-06  6.2258E-06  5.7942E-06  3.0030E-06
       3.7000E-06  4.6564E-06  5.0242E-06  5.5048E-06  3.9146E-06  6.1730E-06  6.7197E-06  5.1971E-06  8.2793E-06  3.8310E-06
       3.5989E-06  3.8749E-06  5.3041E-06  7.8312E-06  7.3541E-06  5.4346E-06  7.0493E-06  9.6074E-06  7.6148E-06  3.0735E-06
       3.7187E-06  4.2463E-06  6.6323E-06  4.1511E-06  4.2209E-06  5.7761E-06  7.4798E-06  7.2659E-06  7.5236E-06  5.4365E-06
       3.7084E-06  5.1843E-06  5.9027E-06  6.9852E-06  8.3835E-06  6.3689E-06  7.8624E-06  5.9896E-06  3.8471E-06  3.2972E-06
       5.9435E-06  5.3602E-06  3.8563E-06  3.8950E-06  4.5246E-06  5.4374E-06  6.5510E-06  5.1251E-06  3.6805E-06  4.0048E-06
       2.9017E-06  2.6968E-06  3.9444E-06  4.2935E-06  3.7586E-06  5.1282E-06  7.5353E-06  4.4548E-06  2.8851E-06  2.8830E-06
       1.9799E-06  1.6263E-06  3.4929E-06  3.6272E-06  4.2879E-06  3.4856E-06  2.9367E-06  1.7751E-06  3.1555E-06  2.5473E-06
       2.4692E-06  4.4063E-06  5.2837E-06  4.8532E-06  4.8172E-06  4.7862E-06  6.0380E-06  3.3014E-06  3.8116E-06  2.3119E-06
       2.5055E-06  4.4411E-06  5.9097E-06  6.5093E-06  4.7245E-06  6.2144E-06  3.2160E-06  4.6057E-06  4.3844E-06  2.2792E-06
       2.2974E-06  3.2664E-06  5.4253E-06  4.4945E-06  5.1304E-06  6.7468E-06  4.5779E-06  4.8319E-06  7.2513E-06  3.0915E-06
       3.4649E-06  4.5450E-06  6.0636E-06  3.5433E-06  4.0360E-06  5.7860E-06  5.2517E-06  5.3522E-06  3.7064E-06  3.4687E-06
       3.9407E-06  4.4193E-06  4.1553E-06  5.5211E-06  5.3938E-06  5.1761E-06  4.8715E-06  6.8281E-06  4.7974E-06  2.9056E-06
       3.4450E-06  5.5354E-06  3.8666E-06  4.4811E-06  4.9047E-06  6.0025E-06  4.0380E-06  5.6126E-06  5.3303E-06  3.8616E-06
       2.5297E-06  2.7667E-06  1.8615E-06  4.1219E-06  4.8115E-06  5.6975E-06  6.1013E-06  4.1675E-06  4.0484E-06  3.0828E-06
       3.3001E-06  2.8528E-06  2.6977E-06  4.1483E-06  2.1294E-06  4.4919E-06  7.9434E-06  5.2178E-06  3.3156E-06  2.2722E-06
       3.5830E-06  1.8270E-06  2.5644E-06  3.8117E-06  2.5094E-06  3.8448E-06  3.8051E-06  4.1130E-06  2.1346E-06  2.9425E-06
       1.8691E-06  2.9100E-06  2.6472E-06  2.9760E-06  3.9356E-06  2.1779E-06  2.6197E-06  7.8093E-07  2.0160E-06  2.2766E-06
       2.0341E-06  4.2991E-06  4.2196E-06  4.7472E-06  3.3092E-06  3.8247E-06  4.2220E-06  2.1222E-06  2.2887E-06  1.9862E-06
       1.5231E-06  3.7861E-06  4.8709E-06  4.5950E-06  8.1608E-06  4.2336E-06  3.8512E-06  2.1945E-06  2.5828E-06  1.7315E-06
       3.1177E-06  3.7627E-06  3.8425E-06  5.7883E-06  5.0382E-06  3.8056E-06  3.8746E-06  6.0909E-06  4.5960E-06  4.7089E-06
       3.6864E-06  2.9469E-06  5.5413E-06  2.8415E-06  2.4227E-06  4.2873E-06  2.8864E-06  5.6952E-06  3.1783E-06  2.3515E-06
       3.6970E-06  4.0047E-06  3.0513E-06  5.7426E-06  4.0912E-06  4.0879E-06  4.1586E-06  4.8345E-06  4.4811E-06  2.8643E-06
       3.0876E-06  6.1601E-06  4.4266E-06  4.2503E-06  3.4086E-06  5.1884E-06  3.5879E-06  2.9386E-06  5.6443E-06  2.6010E-06
       2.7639E-06  3.1201E-06  2.1061E-06  5.0107E-06  3.9679E-06  5.4294E-06  6.6131E-06  4.9022E-06  3.1701E-06  2.0223E-06
       2.8429E-06  2.4652E-06  1.8371E-06  3.7939E-06  2.5429E-06  3.4255E-06  4.2534E-06  3.1662E-06  3.6462E-06  1.0828E-06
       2.6164E-06  2.2092E-06  1.2649E-06  2.5249E-06  1.9410E-06  2.5283E-06  2.4598E-06  3.7765E-06  2.7604E-06  2.1449E-06
       5.6711E-07  1.3989E-06  1.7724E-06  3.2879E-06  1.3051E-06  9.8095E-07  1.1753E-06  1.6875E-06  1.3983E-06  2.8716E-06
       3.7000E-07  1.8549E-06  1.8710E-06  3.8067E-06  1.9125E-06  2.7133E-06  2.0798E-06  2.2212E-06  1.0739E-06  7.2727E-07
       1.9099E-06  1.8578E-06  3.0474E-06  3.5241E-06  7.4178E-06  1.3944E-06  2.9731E-06  2.0224E-06  2.4151E-06  2.0390E-06
       2.1830E-06  1.2477E-06  2.9573E-06  4.3968E-06  4.1179E-06  3.5715E-06  2.8444E-06  4.8950E-06  2.9404E-06  3.4434E-06
       2.0692E-06  2.2400E-06  4.3871E-06  3.4463E-06  2.0487E-06  5.1436E-06  2.9194E-06  3.6534E-06  3.9720E-06  2.6621E-06
       1.8814E-06  3.6703E-06  4.9475E-06  3.7985E-06  3.1480E-06  3.3605E-06  2.6498E-06  4.0786E-06  4.0437E-06  2.8427E-06
       2.3915E-06  5.0643E-06  2.1824E-06  2.4711E-06  2.7866E-06  3.4072E-06  4.7183E-06  3.5498E-06  4.8658E-06  9.0486E-07
       3.7629E-06  2.3217E-06  2.6752E-06  2.5464E-06  2.0089E-06  4.0416E-06  2.4171E-06  3.2137E-06  2.1995E-06  9.6507E-07
       1.9566E-06  2.8906E-06  1.0707E-06  1.2377E-06  2.5780E-06  2.8543E-06  3.3250E-06  3.0458E-06  2.6895E-06  5.3070E-07
       3.1165E-06  1.2475E-06  6.3185E-07  2.9941E-06  2.5396E-06  3.4298E-06  1.9612E-06  2.0156E-06  2.2818E-06  1.8140E-06
       6.2712E-07  9.9956E-07  2.0412E-06  2.7911E-06  1.9058E-06  7.9168E-07  1.6300E-06  9.3306E-07  6.6317E-07  1.2578E-06
       8.6661E-07  1.0151E-06  1.2364E-06  3.9174E-06  2.6205E-06  1.1732E-06  8.5413E-07  8.5824E-07  7.8721E-07  1.0704E-06
       1.0005E-06  1.6275E-06  2.6997E-06  2.9737E-06  4.2040E-06  1.3326E-06  2.2680E-06  2.4840E-06  1.4166E-06  2.7461E-06
       1.6617E-06  1.9325E-06  3.0800E-06  4.3425E-06  2.9877E-06  2.9943E-06  2.7111E-06  2.1400E-06  1.9541E-06  3.1437E-06
       1.2162E-06  1.5016E-06  3.0700E-06  5.7045E-06  2.0634E-06  3.8698E-06  1.7303E-06  2.5136E-06  2.8540E-06  2.2994E-06
       1.3346E-06  2.3923E-06  2.6577E-06  3.7233E-06  2.3720E-06  2.6684E-06  1.5944E-06  1.7326E-06  2.3416E-06  1.2526E-06
       2.2752E-06  5.4591E-06  8.6300E-07  3.5194E-06  1.3266E-06  3.9992E-06  2.4396E-06  3.1274E-06  2.9646E-06  1.8218E-06
       2.3622E-06  1.4359E-06  1.5769E-06  2.0706E-06  1.3196E-06  3.7781E-06  1.7163E-06  2.4329E-06  1.9039E-06  7.5837E-07
       2.2409E-06  9.8702E-07  1.8211E-06  2.4778E-06  1.2900E-06  3.0776E-06  1.3626E-06  1.2583E-06  1.9858E-06  1.7804E-06
       1.2437E-06  1.0678E-06  3.9634E-07  2.3038E-06  8.9996E-07  2.2883E-06  2.1124E-06  1.2374E-06  1.9263E-06  6.2326E-07

      Percentage errors follow in a matrix A(ix,iy,iz), format (1(5x,1p,10(1x,e11.4)))

       1.7472E+01  2.1852E+01  1.9301E+01  1.5545E+01  1.4280E+01  1.2288E+01  1.3621E+01  1.3464E+01  1.5256E+01  1.3797E+01
       1.8344E+01  1.8250E+01  1.9228E+01  1.1286E+01  1.5057E+01  1.2479E+01  1.3189E+01  1.5685E+01  1.3106E+01  1.8072E+01
       1.5921E+01  1.7577E+01  1.6834E+01  1.7001E+01  1.3724E+01  1.2208E+01  1.1870E+01  1.5445E+01  2.4553E+01  1.7168E+01
       1.8879E+01  1.5478E+01  1.6638E+01  1.3701E+01  1.3660E+01  1.1836E+01  1.7512E+01  1.3077E+01  1.5907E+01  1.6612E+01
       1.8692E+01  1.5050E+01  1.2098E+01  1.4669E+01  1.1966E+01  1.6957E+01  1.2570E+01  1.1656E+01  1.4871E+01  1.8994E+01
       2.1281E+01  1.8235E+01  1.2418E+01  1.1322E+01  1.3300E+01  1.4470E+01  1.6065E+01  1.2483E+01  1.6243E+01  1.2483E+01
       1.9853E+01  1.0352E+01  1.4243E+01  1.5835E+01  1.9923E+01  1.4024E+01  1.2698E+01  1.6660E+01  1.3130E+01  1.6974E+01
       1.7196E+01  1.8031E+01  1.3383E+01  1.5261E+01  1.2117E+01  1.2008E+01  1.2677E+01  2.1731E+01  1.5426E+01  1.5984E+01
       1.4801E+01  1.5653E+01  1.8470E+01  1.6472E+01  1.4786E+01  1.3382E+01  1.3265E+01  1.6049E+01  1.8087E+01  1.6255E+01
       1.5537E+01  2.2639E+01  1.5045E+01  1.6109E+01  1.2663E+01  1.8192E+01  1.2416E+01  1.5679E+01  1.6245E+01  1.6139E+01
       2.1944E+01  1.8230E+01  1.9974E+01  1.9706E+01  1.3300E+01  1.7101E+01  1.3162E+01  1.5648E+01  1.7104E+01  2.1935E+01
       2.0944E+01  2.1771E+01  2.1749E+01  1.1487E+01  1.5089E+01  1.5361E+01  2.0701E+01  1.7179E+01  1.3329E+01  1.8400E+01
       1.5169E+01  1.8047E+01  1.6092E+01  1.0703E+01  1.6011E+01  1.1840E+01  1.6708E+01  1.7106E+01  1.9097E+01  2.0834E+01
       2.5256E+01  1.4446E+01  1.5041E+01  1.4332E+01  1.8127E+01  1.1588E+01  1.5436E+01  1.0018E+01  1.8723E+01  1.7159E+01
       2.1858E+01  1.5810E+01  1.2379E+01  1.5873E+01  1.3798E+01  1.6732E+01  1.4286E+01  1.7448E+01  1.7182E+01  2.5760E+01
       1.8813E+01  1.7359E+01  1.5871E+01  1.2517E+01  1.6566E+01  1.4470E+01  1.4208E+01  1.5245E+01  1.7674E+01  1.4168E+01
       1.7469E+01  1.8204E+01  1.4628E+01  1.7824E+01  1.1894E+01  1.3548E+01  1.6826E+01  1.4492E+01  2.1389E+01  2.0454E+01
       2.2407E+01  2.4133E+01  1.5486E+01  2.0258E+01  1.8760E+01  1.4915E+01  1.0799E+01  1.7583E+01  1.8438E+01  2.3760E+01
       1.3944E+01  1.7218E+01  1.9833E+01  1.9928E+01  1.4880E+01  1.0939E+01  1.2636E+01  1.7247E+01  1.5987E+01  1.7478E+01
       1.2854E+01  1.9101E+01  1.8812E+01  2.0214E+01  1.7020E+01  1.7050E+01  2.0591E+01  1.4541E+01  1.8091E+01  1.5978E+01
       2.7000E+01  1.8143E+01  1.9773E+01  2.1129E+01  1.9507E+01  1.7517E+01  1.5211E+01  1.1620E+01  1.6451E+01  1.9426E+01
       1.9230E+01  2.0236E+01  1.8025E+01  1.3958E+01  1.4914E+01  1.5528E+01  2.3400E+01  2.0491E+01  1.8675E+01  1.8146E+01
       1.6883E+01  1.9556E+01  1.3577E+01  1.2028E+01  1.4449E+01  1.5506E+01  1.5582E+01  1.7111E+01  1.9951E+01  2.3185E+01
       2.3935E+01  1.4249E+01  1.6643E+01  1.5084E+01  1.7080E+01  1.8084E+01  1.5714E+01  1.5329E+01  1.3559E+01  1.5909E+01
       2.6299E+01  1.8974E+01  1.8517E+01  1.1859E+01  1.6776E+01  1.9355E+01  1.9763E+01  1.4636E+01  2.3026E+01  3.1153E+01
       1.8835E+01  2.1512E+01  1.4589E+01  1.3693E+01  1.5008E+01  1.8419E+01  1.6990E+01  1.8902E+01  2.5907E+01  1.7370E+01
       2.0241E+01  1.7486E+01  1.9113E+01  1.8907E+01  1.1708E+01  1.9359E+01  1.5588E+01  1.2633E+01  1.8637E+01  2.2573E+01
       2.0245E+01  1.7880E+01  1.2508E+01  1.7697E+01  2.1965E+01  1.7112E+01  1.1921E+01  1.4190E+01  1.3115E+01  2.3844E+01
       1.9610E+01  1.4970E+01  1.4875E+01  2.1397E+01  2.5070E+01  1.7228E+01  1.6513E+01  1.8505E+01  1.8610E+01  2.1328E+01
       1.6243E+01  2.0153E+01  2.3378E+01  2.0150E+01  1.7007E+01  1.8338E+01  2.1882E+01  1.6110E+01  2.2844E+01  2.5368E+01
       3.1373E+01  2.0304E+01  1.8448E+01  1.7130E+01  2.2651E+01  1.9154E+01  1.6725E+01  1.7569E+01  3.3129E+01  2.8999E+01
       2.6820E+01  1.8226E+01  3.1291E+01  1.4801E+01  1.9091E+01  1.4562E+01  1.7293E+01  2.2223E+01  2.1908E+01  2.3765E+01
       1.9318E+01  2.3741E+01  2.3585E+01  1.9325E+01  1.3307E+01  1.3322E+01  1.9625E+01  2.1466E+01  1.8280E+01  2.3920E+01
       2.7913E+01  2.1659E+01  1.6932E+01  1.8538E+01  1.4268E+01  1.9116E+01  1.7775E+01  1.6863E+01  1.8256E+01  1.8734E+01
       2.2697E+01  1.5043E+01  1.7779E+01  1.7774E+01  1.7358E+01  1.5581E+01  1.9873E+01  2.4867E+01  2.0457E+01  1.8372E+01
       2.3560E+01  2.0663E+01  1.5844E+01  1.5849E+01  2.0024E+01  1.5564E+01  1.6403E+01  1.9446E+01  2.8000E+01  1.7943E+01
       2.7423E+01  2.5607E+01  1.6896E+01  2.1328E+01  2.0890E+01  2.2155E+01  1.5314E+01  1.6296E+01  1.5261E+01  2.4170E+01
       2.1502E+01  1.6214E+01  1.8414E+01  1.9084E+01  2.5482E+01  2.1404E+01  2.0956E+01  1.6142E+01  2.0219E+01  2.7029E+01
       2.1432E+01  1.8895E+01  1.6392E+01  1.5817E+01  3.2226E+01  2.3118E+01  1.5925E+01  1.6970E+01  1.7244E+01  2.7144E+01
       1.7196E+01  2.3791E+01  2.8429E+01  2.3846E+01  2.0063E+01  2.8789E+01  2.1687E+01  2.7632E+01  3.1596E+01  3.4042E+01
       2.6445E+01  3.2225E+01  2.2511E+01  1.6231E+01  2.7733E+01  2.0071E+01  2.9772E+01  1.6804E+01  2.7915E+01  2.9239E+01
       3.4064E+01  2.3396E+01  2.3870E+01  2.1641E+01  2.6403E+01  2.2708E+01  2.5123E+01  3.5992E+01  2.3803E+01  2.4312E+01
       2.8502E+01  2.3572E+01  1.9342E+01  1.8344E+01  1.7641E+01  1.7630E+01  2.0657E+01  2.9042E+01  2.1134E+01  2.9710E+01
       2.7914E+01  2.9264E+01  1.6610E+01  2.0396E+01  1.6305E+01  1.8718E+01  1.5925E+01  1.9668E+01  1.8030E+01  2.7340E+01
       2.9320E+01  1.9203E+01  1.8411E+01  1.9040E+01  1.4861E+01  1.8438E+01  2.1147E+01  1.8520E+01  1.9745E+01  2.4888E+01
       2.4863E+01  2.0802E+01  2.1308E+01  2.0522E+01  2.0328E+01  1.9230E+01  1.4487E+01  2.0070E+01  3.0053E+01  2.8934E+01
       2.5705E+01  2.4902E+01  2.5227E+01  2.5514E+01  2.8281E+01  2.5441E+01  1.4432E+01  1.7150E+01  1.9559E+01  2.5570E+01
       2.6954E+01  2.0400E+01  2.4564E+01  1.7220E+01  1.4535E+01  2.7906E+01  1.6526E+01  1.9620E+01  2.7972E+01  4.0248E+01
       2.6109E+01  2.1725E+01  2.2695E+01  2.6502E+01  3.2712E+01  2.9607E+01  2.0655E+01  2.0956E+01  2.2504E+01  3.5717E+01
       3.0714E+01  3.7676E+01  2.8144E+01  1.8881E+01  2.9792E+01  2.5200E+01  1.3989E+01  1.8976E+01  3.2762E+01  3.0155E+01
       3.4189E+01  2.3959E+01  3.2223E+01  2.2552E+01  2.4031E+01  3.5299E+01  2.6341E+01  2.5320E+01  2.9325E+01  3.0010E+01
       3.8405E+01  2.4598E+01  2.3913E+01  1.9585E+01  3.1410E+01  2.1871E+01  2.4510E+01  2.5305E+01  2.2431E+01  4.0543E+01
       2.2689E+01  2.3773E+01  2.3400E+01  2.0630E+01  2.1943E+01  2.1811E+01  2.1448E+01  2.2433E+01  2.0793E+01  2.6659E+01
       2.2516E+01  3.0753E+01  3.0180E+01  1.9791E+01  2.2273E+01  2.6801E+01  2.4476E+01  1.6653E+01  2.1911E+01  2.4787E+01
       3.0226E+01  2.0441E+01  2.5634E+01  1.9210E+01  1.8586E+01  1.7582E+01  1.5993E+01  2.1821E+01  2.6282E+01  2.7007E+01
       2.3937E+01  2.5519E+01  2.4944E+01  1.8063E+01  2.4638E+01  1.8757E+01  2.1330E+01  1.8891E+01  2.1151E+01  3.4490E+01
       4.5177E+01  2.5109E+01  2.7777E+01  2.3365E+01  2.8777E+01  1.9862E+01  1.6304E+01  2.4400E+01  1.9981E+01  3.0624E+01
       3.3657E+01  2.5913E+01  2.4790E+01  2.2788E+01  2.0924E+01  2.0171E+01  1.3049E+01  2.0406E+01  2.2734E+01  3.7802E+01
       2.3009E+01  2.5649E+01  2.9014E+01  2.8189E+01  3.0609E+01  2.6322E+01  2.6473E+01  1.9651E+01  2.8590E+01  2.4944E+01
       2.6182E+01  3.7506E+01  4.2274E+01  2.4530E+01  3.8330E+01  3.2064E+01  2.7779E+01  3.0820E+01  2.6902E+01  3.2953E+01
       3.9717E+01  3.6301E+01  3.1881E+01  2.9013E+01  3.2634E+01  2.9156E+01  3.5401E+01  3.0507E+01  2.9022E+01  2.5584E+01
       5.2694E+01  2.2670E+01  2.8159E+01  2.3000E+01  3.1663E+01  2.7602E+01  3.0071E+01  2.8028E+01  2.7959E+01  4.2771E+01
       3.4187E+01  2.9777E+01  2.3640E+01  2.3814E+01  2.9915E+01  2.8648E+01  3.5674E+01  2.8441E+01  2.2475E+01  3.7590E+01
       2.4585E+01  2.7315E+01  2.4584E+01  1.9129E+01  2.2772E+01  3.0257E+01  2.0099E+01  3.3912E+01  2.6276E+01  3.3217E+01
       2.7551E+01  2.9512E+01  2.1178E+01  2.4679E+01  2.5583E+01  2.1189E+01  2.2282E+01  2.0568E+01  2.4132E+01  2.4028E+01
       2.4599E+01  2.4333E+01  2.4771E+01  1.6131E+01  2.6173E+01  1.6066E+01  1.9097E+01  2.4506E+01  3.1119E+01  2.7619E+01
       3.0133E+01  3.9514E+01  3.6782E+01  1.9576E+01  2.6661E+01  2.4030E+01  2.1306E+01  2.2298E+01  2.1143E+01  2.6481E+01
       3.5826E+01  2.9559E+01  2.8112E+01  1.9282E+01  2.1606E+01  2.6974E+01  2.1879E+01  3.5447E+01  2.5183E+01  2.1731E+01
       3.3677E+01  4.0300E+01  3.2682E+01  2.9870E+01  2.9833E+01  2.0664E+01  1.8685E+01  2.1070E+01  2.6751E+01  3.1307E+01
       3.3113E+01  4.9931E+01  4.2368E+01  2.1308E+01  2.8689E+01  3.5696E+01  3.0111E+01  2.4540E+01  3.3637E+01  4.6966E+01
       3.4135E+01  4.4991E+01  3.2605E+01  3.2488E+01  2.3519E+01  4.3997E+01  3.8626E+01  4.4692E+01  3.3758E+01  4.3038E+01
       3.8820E+01  2.0617E+01  2.2773E+01  2.2657E+01  2.7870E+01  3.4159E+01  3.7064E+01  3.4787E+01  3.6680E+01  3.4175E+01
       4.5008E+01  2.8354E+01  2.4519E+01  2.4108E+01  2.4404E+01  3.3767E+01  2.8190E+01  3.2031E+01  4.2500E+01  3.4693E+01
       2.5357E+01  2.6440E+01  3.6195E+01  2.3176E+01  2.0418E+01  2.5553E+01  2.2074E+01  3.2523E+01  2.4605E+01  2.4749E+01
       3.0398E+01  2.9206E+01  2.7716E+01  3.1049E+01  3.5236E+01  2.6880E+01  3.3899E+01  2.3222E+01  3.0287E+01  2.7231E+01
       2.4905E+01  3.2667E+01  3.6935E+01  2.0244E+01  2.8546E+01  2.4614E+01  3.3323E+01  3.2071E+01  3.2608E+01  2.8094E+01
       3.0783E+01  2.8558E+01  4.2763E+01  2.2304E+01  3.9189E+01  2.7348E+01  2.9830E+01  2.7515E+01  2.8244E+01  4.2364E+01
       2.5649E+01  2.2479E+01  2.9148E+01  1.9928E+01  3.0235E+01  2.3805E+01  2.2974E+01  2.4365E+01  3.3117E+01  4.2971E+01
       4.3022E+01  4.9305E+01  3.9120E+01  2.8391E+01  2.6973E+01  2.8429E+01  2.6711E+01  4.0900E+01  3.8904E+01  5.4858E+01
       3.3460E+01  4.1276E+01  4.3609E+01  3.6283E+01  3.9686E+01  4.1048E+01  4.9675E+01  2.5341E+01  2.7272E+01  4.0057E+01
       4.6969E+01  4.4240E+01  3.2130E+01  2.9387E+01  4.3823E+01  3.3654E+01  4.5637E+01  4.3156E+01  4.3391E+01  3.3813E+01
       4.8650E+01  3.2240E+01  3.5718E+01  2.2314E+01  3.4721E+01  3.6058E+01  3.4319E+01  3.1142E+01  4.4328E+01  4.0036E+01
       5.2180E+01  4.2017E+01  3.3641E+01  2.0686E+01  1.9294E+01  4.6544E+01  2.8629E+01  3.4781E+01  3.9703E+01  3.2899E+01
       3.5504E+01  5.1912E+01  3.1698E+01  2.4179E+01  2.3562E+01  2.6866E+01  2.7920E+01  5.3951E+01  2.7442E+01  3.4744E+01
       4.7857E+01  4.9386E+01  3.4090E+01  2.6511E+01  3.7787E+01  2.4751E+01  3.0121E+01  2.7319E+01  3.0535E+01  3.0351E+01
       5.5365E+01  3.1903E+01  3.3523E+01  2.5972E+01  2.9664E+01  2.8831E+01  2.4052E+01  3.3712E+01  3.5660E+01  4.0254E+01
       4.3212E+01  2.5265E+01  3.3181E+01  3.0240E+01  4.8544E+01  2.9490E+01  3.0592E+01  3.6388E+01  2.8113E+01  5.2231E+01
       3.1121E+01  3.2666E+01  4.2191E+01  4.1317E+01  3.3344E+01  2.8518E+01  2.7166E+01  3.1378E+01  2.9299E+01  5.2970E+01
       3.2798E+01  3.1193E+01  4.3148E+01  3.8515E+01  3.0932E+01  2.0224E+01  3.7296E+01  3.5471E+01  3.4067E+01  4.7304E+01
       3.0556E+01  3.7235E+01  5.0268E+01  3.6917E+01  3.7160E+01  4.3682E+01  3.6566E+01  2.9312E+01  3.1761E+01  5.3333E+01
       4.1703E+01  4.0066E+01  3.1098E+01  3.4408E+01  4.3181E+01  5.0167E+01  3.4003E+01  3.9229E+01  4.7398E+01  5.1076E+01
       3.8411E+01  4.7019E+01  3.3850E+01  3.3341E+01  3.7471E+01  3.4687E+01  6.2837E+01  3.8389E+01  4.7391E+01  4.9685E+01
       4.2553E+01  3.9417E+01  2.7143E+01  2.6024E+01  2.6493E+01  4.1617E+01  3.4590E+01  4.2360E+01  3.4591E+01  3.8113E+01
       3.7870E+01  3.8232E+01  4.1895E+01  2.6621E+01  4.0684E+01  2.9696E+01  2.6902E+01  3.0318E+01  3.2586E+01  3.2677E+01
       6.3556E+01  5.0598E+01  3.7574E+01  2.0308E+01  2.9514E+01  2.6843E+01  3.9059E+01  3.0969E+01  3.1305E+01  2.7174E+01
       5.8588E+01  2.9091E+01  3.3704E+01  2.3172E+01  3.8433E+01  4.3039E+01  4.0908E+01  3.4089E+01  3.2731E+01  6.1105E+01
       2.7477E+01  2.6023E+01  4.3172E+01  3.0473E+01  6.4293E+01  2.9571E+01  2.9176E+01  3.7980E+01  3.0564E+01  3.8952E+01
       3.5674E+01  3.4844E+01  4.4177E+01  3.1799E+01  5.2165E+01  2.7175E+01  3.0128E+01  3.5205E+01  3.5221E+01  4.7610E+01
       2.8480E+01  4.0173E+01  3.5802E+01  3.9769E+01  3.7875E+01  3.4197E+01  3.9848E+01  3.7563E+01  4.7605E+01  4.1000E+01
       5.4954E+01  3.9651E+01  4.5915E+01  2.5861E+01  4.8184E+01  3.5321E+01  3.0466E+01  3.8681E+01  3.8556E+01  6.4653E+01
