1
   Cartesian binning n.   1  "DoseEq    " , generalized particle n.  240
      X coordinate: from -8.5000E+01 to  8.5000E+01 cm,    10 bins ( 1.7000E+01 cm wide)
      Y coordinate: from -2.5000E+01 to  2.5000E+01 cm,    10 bins ( 5.0000E+00 cm wide)
      Z coordinate: from  2.2500E+02 to  2.7500E+02 cm,    10 bins ( 5.0000E+00 cm wide)
      Data follow in a matrix A(ix,iy,iz), format (1(5x,1p,10(1x,e11.4)))

      accurate deposition along the tracks requested
      this is a track-length binning
       6.5759E-05  6.9892E-05  7.0240E-05  7.7942E-05  8.8937E-05  8.4572E-05  7.5363E-05  7.5245E-05  6.1157E-05  5.2054E-05
       5.7684E-05  7.7808E-05  8.1498E-05  8.4594E-05  1.0280E-04  9.7192E-05  1.0012E-04  8.1671E-05  7.6387E-05  5.2546E-05
       6.3818E-05  8.1516E-05  8.1053E-05  8.0992E-05  1.0290E-04  9.7043E-05  1.0480E-04  8.6842E-05  7.5506E-05  6.7683E-05
       6.1841E-05  7.6268E-05  8.9782E-05  9.3368E-05  1.0624E-04  1.0700E-04  9.7036E-05  9.2639E-05  8.4164E-05  6.1855E-05
       6.0114E-05  8.3303E-05  8.6563E-05  9.1292E-05  1.1417E-04  1.0393E-04  1.0388E-04  8.8731E-05  8.1971E-05  6.6762E-05
       5.9888E-05  8.2755E-05  9.5437E-05  8.9261E-05  9.8578E-05  9.6446E-05  1.0047E-04  8.3746E-05  8.4591E-05  6.6900E-05
       6.7625E-05  7.9835E-05  8.9874E-05  1.0256E-04  1.0230E-04  1.0890E-04  9.2470E-05  8.7936E-05  8.1732E-05  6.8197E-05
       6.1002E-05  7.9194E-05  8.9892E-05  9.5418E-05  9.7416E-05  1.0078E-04  9.0053E-05  8.2696E-05  8.2866E-05  5.5677E-05
       5.9892E-05  7.2992E-05  8.6690E-05  8.1863E-05  9.0235E-05  9.9706E-05  8.4692E-05  7.4496E-05  7.1585E-05  6.4454E-05
       5.2063E-05  6.9615E-05  7.5793E-05  8.0940E-05  7.9459E-05  7.5207E-05  7.2335E-05  6.3333E-05  6.4600E-05  5.0940E-05
       5.2346E-05  5.1896E-05  6.2239E-05  7.6409E-05  7.4844E-05  6.9308E-05  7.5195E-05  6.5650E-05  5.7032E-05  4.6898E-05
       4.8977E-05  6.8068E-05  8.3467E-05  8.5685E-05  9.4544E-05  9.6386E-05  8.9178E-05  8.0549E-05  6.6809E-05  5.1354E-05
       5.4930E-05  7.9383E-05  8.1939E-05  7.7378E-05  1.0518E-04  8.9328E-05  1.0042E-04  8.6634E-05  7.3561E-05  5.8613E-05
       5.6308E-05  7.4581E-05  9.3049E-05  8.8755E-05  1.0640E-04  9.7375E-05  9.9287E-05  9.1682E-05  7.1279E-05  6.5197E-05
       5.3969E-05  7.4378E-05  8.8748E-05  9.6271E-05  1.0951E-04  9.5730E-05  1.0614E-04  8.4464E-05  8.0852E-05  5.7215E-05
       5.5051E-05  8.0738E-05  1.0199E-04  9.5987E-05  1.0126E-04  9.1893E-05  9.5588E-05  9.0055E-05  8.7311E-05  6.2361E-05
       6.0128E-05  8.7477E-05  9.6703E-05  9.9436E-05  1.0246E-04  1.0828E-04  9.3744E-05  9.4898E-05  8.7062E-05  6.6485E-05
       5.7866E-05  7.7789E-05  8.9380E-05  9.3589E-05  9.3835E-05  9.3741E-05  8.7789E-05  8.2039E-05  7.3603E-05  5.2428E-05
       5.2849E-05  6.6435E-05  8.6517E-05  7.6979E-05  8.8872E-05  9.2408E-05  8.0971E-05  6.8655E-05  6.7332E-05  5.1574E-05
       4.6575E-05  5.6499E-05  7.1294E-05  6.8832E-05  7.2938E-05  6.9147E-05  6.3957E-05  5.7395E-05  5.3796E-05  3.9578E-05
       3.7562E-05  4.5580E-05  5.1659E-05  6.4741E-05  5.5727E-05  5.9622E-05  6.2815E-05  5.5471E-05  4.7585E-05  4.0054E-05
       4.7823E-05  5.5095E-05  7.2021E-05  7.5651E-05  7.6408E-05  7.7194E-05  7.9556E-05  6.4124E-05  5.2987E-05  4.4295E-05
       4.7158E-05  6.4789E-05  7.1839E-05  7.1211E-05  9.1164E-05  7.8307E-05  9.0623E-05  7.8088E-05  6.1296E-05  4.9146E-05
       4.9554E-05  6.7003E-05  8.6264E-05  8.6362E-05  8.7741E-05  9.0119E-05  9.0801E-05  8.0477E-05  6.2003E-05  5.7959E-05
       5.2774E-05  7.0598E-05  7.5698E-05  8.3109E-05  9.1380E-05  8.7991E-05  1.0045E-04  7.1884E-05  6.7452E-05  5.0833E-05
       4.7090E-05  7.1252E-05  8.8164E-05  8.2810E-05  9.2574E-05  8.4679E-05  8.4090E-05  7.9924E-05  8.1144E-05  4.5410E-05
       4.3404E-05  6.8264E-05  8.6091E-05  8.6785E-05  8.8696E-05  8.9456E-05  7.4930E-05  8.7027E-05  7.3362E-05  5.3306E-05
       4.3463E-05  6.7545E-05  7.7812E-05  7.9721E-05  8.4512E-05  8.6227E-05  8.6274E-05  8.0229E-05  5.7416E-05  4.7298E-05
       4.2235E-05  5.8289E-05  6.9779E-05  6.8344E-05  7.8865E-05  7.8074E-05  7.3413E-05  6.1503E-05  6.6280E-05  4.6450E-05
       3.2745E-05  4.0911E-05  6.1437E-05  5.2370E-05  6.5136E-05  5.7212E-05  5.2241E-05  4.5490E-05  4.9514E-05  3.5312E-05
       2.7407E-05  4.0835E-05  4.5519E-05  4.6468E-05  4.5879E-05  5.4049E-05  5.5514E-05  4.4316E-05  3.4386E-05  3.3274E-05
       3.3695E-05  5.0436E-05  5.8528E-05  6.6172E-05  6.3634E-05  6.2602E-05  6.4637E-05  5.1092E-05  5.0347E-05  3.7569E-05
       3.5721E-05  6.1913E-05  6.0875E-05  6.4862E-05  7.3785E-05  7.0610E-05  7.6639E-05  6.2544E-05  5.0472E-05  4.9951E-05
       4.1419E-05  5.8455E-05  7.1684E-05  6.9035E-05  8.1971E-05  8.3753E-05  7.7480E-05  6.4948E-05  5.2192E-05  4.9305E-05
       3.8457E-05  5.6848E-05  7.4603E-05  7.0063E-05  8.4551E-05  7.9607E-05  7.6412E-05  6.1633E-05  5.9067E-05  4.1674E-05
       3.4951E-05  5.4810E-05  7.9496E-05  7.5061E-05  8.2217E-05  8.2778E-05  7.6073E-05  7.0495E-05  6.6849E-05  3.7910E-05
       3.6797E-05  5.5288E-05  6.1847E-05  7.4661E-05  7.8452E-05  7.6265E-05  7.0124E-05  7.2872E-05  6.6457E-05  4.0310E-05
       4.0227E-05  5.8892E-05  5.8046E-05  6.6498E-05  7.1394E-05  7.5112E-05  6.9780E-05  6.0680E-05  5.3815E-05  4.0942E-05
       3.7208E-05  5.1484E-05  5.4635E-05  5.3128E-05  6.3410E-05  6.8359E-05  5.9393E-05  5.2563E-05  4.5931E-05  3.8142E-05
       2.7737E-05  3.7934E-05  4.9508E-05  4.4691E-05  4.9017E-05  5.0917E-05  4.2861E-05  3.2707E-05  3.6038E-05  2.6539E-05
       2.4332E-05  3.1676E-05  3.6135E-05  4.1827E-05  4.5078E-05  4.0581E-05  4.3278E-05  4.4385E-05  2.7887E-05  2.2536E-05
       2.5331E-05  3.8396E-05  4.6735E-05  4.7471E-05  5.2657E-05  5.1941E-05  4.7256E-05  4.8296E-05  4.0967E-05  2.8666E-05
       2.9044E-05  4.4970E-05  5.1803E-05  5.2866E-05  6.0424E-05  5.6700E-05  5.4172E-05  4.8985E-05  4.3449E-05  4.0892E-05
       3.3211E-05  4.6132E-05  6.6323E-05  6.1098E-05  6.6182E-05  7.2475E-05  6.0867E-05  5.1317E-05  4.1979E-05  4.1308E-05
       3.6310E-05  5.4381E-05  5.7879E-05  6.8016E-05  7.1005E-05  6.4433E-05  6.1948E-05  5.5658E-05  5.1002E-05  3.7818E-05
       3.0912E-05  5.0424E-05  5.8270E-05  5.8974E-05  7.0464E-05  6.9113E-05  6.5546E-05  5.7659E-05  5.7420E-05  3.2199E-05
       3.4568E-05  5.2547E-05  5.6028E-05  5.9599E-05  6.3105E-05  6.5279E-05  5.8809E-05  5.6554E-05  5.1368E-05  3.1729E-05
       3.6583E-05  4.6038E-05  5.4256E-05  5.0394E-05  5.8144E-05  6.3871E-05  5.4672E-05  4.7575E-05  4.5858E-05  3.1242E-05
       3.0775E-05  3.6002E-05  4.3135E-05  4.2693E-05  5.0565E-05  6.3226E-05  5.1101E-05  3.8403E-05  3.5503E-05  2.8698E-05
       2.1737E-05  2.5287E-05  3.7377E-05  3.6414E-05  4.5864E-05  4.4140E-05  3.6474E-05  2.9363E-05  2.7106E-05  2.2117E-05
       1.5772E-05  2.1730E-05  2.8225E-05  3.2968E-05  3.3715E-05  3.3389E-05  3.1593E-05  2.8940E-05  2.4732E-05  1.8521E-05
       2.2628E-05  2.6324E-05  3.7533E-05  3.5529E-05  4.0393E-05  4.3683E-05  4.4066E-05  3.7316E-05  3.3279E-05  2.1815E-05
       2.5175E-05  2.8741E-05  4.4829E-05  3.5985E-05  4.6391E-05  4.9672E-05  4.2652E-05  3.7581E-05  3.5553E-05  3.2059E-05
       2.5233E-05  3.4351E-05  4.7305E-05  4.8296E-05  5.2158E-05  5.3714E-05  4.9734E-05  4.5377E-05  3.7322E-05  3.1002E-05
       2.5119E-05  4.2021E-05  4.4005E-05  5.7120E-05  5.4809E-05  5.7357E-05  5.3972E-05  4.8540E-05  4.2713E-05  3.4750E-05
       2.5571E-05  4.2642E-05  4.2123E-05  5.6859E-05  4.9907E-05  5.1315E-05  4.8617E-05  4.5546E-05  4.2160E-05  2.9559E-05
       2.9646E-05  4.1587E-05  4.9177E-05  4.8962E-05  4.7258E-05  5.1922E-05  4.5600E-05  4.3359E-05  4.0182E-05  2.3856E-05
       3.2667E-05  4.1472E-05  4.5773E-05  4.2262E-05  4.8653E-05  5.3526E-05  4.7385E-05  4.2047E-05  3.8811E-05  2.4183E-05
       2.6222E-05  3.0100E-05  3.6342E-05  4.1538E-05  4.1899E-05  4.4046E-05  3.6081E-05  3.9734E-05  3.0923E-05  1.8303E-05
       1.7270E-05  1.9334E-05  2.8165E-05  2.9405E-05  3.3707E-05  3.4589E-05  2.9557E-05  2.3738E-05  2.3124E-05  1.6534E-05
       1.3312E-05  1.6347E-05  2.3847E-05  1.9760E-05  2.5427E-05  2.5660E-05  2.5878E-05  1.7821E-05  1.4658E-05  1.3791E-05
       2.1801E-05  2.1980E-05  3.0162E-05  2.5646E-05  3.3841E-05  3.3829E-05  3.6448E-05  2.8248E-05  2.4100E-05  1.4193E-05
       1.6476E-05  2.8257E-05  3.3280E-05  2.7786E-05  3.7403E-05  4.3419E-05  4.4134E-05  2.8022E-05  2.6968E-05  2.2429E-05
       1.7902E-05  2.7611E-05  3.2671E-05  4.1220E-05  4.2034E-05  4.6368E-05  3.7381E-05  3.8487E-05  3.2862E-05  2.6528E-05
       2.3546E-05  4.0610E-05  3.6163E-05  4.0510E-05  4.7808E-05  4.2646E-05  4.3152E-05  3.9384E-05  2.9187E-05  2.3856E-05
       2.2253E-05  3.4154E-05  3.6466E-05  4.0728E-05  4.0334E-05  4.0821E-05  3.7459E-05  4.0233E-05  3.1219E-05  2.3551E-05
       2.2033E-05  3.2738E-05  3.8443E-05  3.6891E-05  4.2530E-05  3.3422E-05  3.7624E-05  3.3283E-05  3.2828E-05  1.6661E-05
       2.4744E-05  3.1922E-05  3.9295E-05  3.3766E-05  4.0773E-05  4.0250E-05  3.8939E-05  3.5212E-05  3.0489E-05  1.5234E-05
       2.0265E-05  2.2305E-05  2.7910E-05  2.9633E-05  2.9313E-05  3.5384E-05  3.2029E-05  3.2190E-05  2.7058E-05  1.5563E-05
       1.2564E-05  1.6355E-05  1.8883E-05  2.1273E-05  2.6861E-05  2.4927E-05  2.5423E-05  2.1400E-05  2.0062E-05  1.2762E-05
       1.0058E-05  1.2624E-05  1.5154E-05  1.8203E-05  1.6532E-05  1.8474E-05  2.0808E-05  1.6231E-05  1.4587E-05  1.0656E-05
       1.6113E-05  1.8063E-05  2.3552E-05  2.0051E-05  2.3845E-05  2.4038E-05  2.4237E-05  2.3436E-05  1.8684E-05  8.1146E-06
       1.8493E-05  2.3782E-05  2.6272E-05  2.4511E-05  2.9356E-05  3.0317E-05  3.1721E-05  2.8233E-05  2.6983E-05  1.2619E-05
       1.6939E-05  2.8725E-05  2.5373E-05  2.8279E-05  3.6232E-05  3.1937E-05  3.1552E-05  3.2917E-05  2.7970E-05  1.5664E-05
       2.0526E-05  2.7053E-05  2.7757E-05  3.2483E-05  3.6022E-05  3.2067E-05  3.1352E-05  3.5471E-05  2.6878E-05  2.3347E-05
       1.8943E-05  2.2408E-05  3.3941E-05  3.2754E-05  3.4814E-05  3.3868E-05  2.6668E-05  3.2976E-05  2.7670E-05  1.6877E-05
       1.8625E-05  2.5089E-05  3.4254E-05  3.2395E-05  4.0114E-05  2.8857E-05  2.9790E-05  3.0121E-05  2.4060E-05  1.7900E-05
       2.0844E-05  2.4590E-05  2.8649E-05  2.4144E-05  3.0959E-05  3.5652E-05  3.4476E-05  2.9944E-05  2.5275E-05  1.3594E-05
       1.1569E-05  2.0624E-05  2.3573E-05  2.5603E-05  2.3767E-05  2.6051E-05  2.7963E-05  2.6814E-05  2.1839E-05  1.6119E-05
       1.1418E-05  1.2824E-05  1.8489E-05  1.3960E-05  1.4839E-05  2.0760E-05  1.5020E-05  1.6160E-05  1.2391E-05  9.0636E-06
       8.3183E-06  1.2672E-05  1.2589E-05  1.3080E-05  1.3240E-05  1.3202E-05  1.5923E-05  1.4019E-05  1.1639E-05  7.7333E-06
       9.2245E-06  1.4698E-05  1.8460E-05  1.4706E-05  1.3897E-05  1.7899E-05  1.8407E-05  2.4476E-05  1.4511E-05  8.4953E-06
       1.3284E-05  1.7392E-05  2.3368E-05  1.6721E-05  1.7439E-05  2.0631E-05  2.8095E-05  2.2288E-05  1.7460E-05  1.3711E-05
       1.2687E-05  1.8579E-05  2.1295E-05  2.0912E-05  2.7775E-05  2.3439E-05  2.8740E-05  2.2065E-05  2.0377E-05  1.2490E-05
       1.1612E-05  1.6526E-05  2.4515E-05  2.2287E-05  2.7131E-05  2.6342E-05  2.4329E-05  2.3668E-05  2.3075E-05  1.8646E-05
       1.3058E-05  1.5772E-05  2.3859E-05  2.1662E-05  2.5544E-05  2.6205E-05  2.0730E-05  2.3800E-05  2.1303E-05  1.4359E-05
       1.6129E-05  1.6501E-05  2.5886E-05  2.0545E-05  2.2279E-05  2.2592E-05  2.1948E-05  2.5130E-05  1.9693E-05  1.6279E-05
       1.6142E-05  1.3475E-05  2.1677E-05  2.2420E-05  2.3548E-05  2.5326E-05  2.7245E-05  2.1305E-05  1.8770E-05  1.4031E-05
       9.5500E-06  1.4489E-05  1.5150E-05  1.9200E-05  1.8363E-05  2.4225E-05  1.9014E-05  1.8352E-05  1.7646E-05  1.2372E-05
       8.1846E-06  1.0006E-05  1.6407E-05  1.6274E-05  1.2266E-05  1.6899E-05  1.3688E-05  1.5605E-05  8.4514E-06  6.9882E-06
       6.1830E-06  8.0147E-06  1.2096E-05  8.4219E-06  9.7284E-06  9.3532E-06  1.0543E-05  7.4009E-06  8.0951E-06  8.4201E-06
       6.1504E-06  1.0695E-05  1.1694E-05  1.3436E-05  1.3911E-05  1.3317E-05  1.4171E-05  1.2915E-05  9.7957E-06  7.1920E-06
       1.2844E-05  1.0427E-05  1.6466E-05  1.1682E-05  1.1823E-05  1.5507E-05  1.8669E-05  1.3143E-05  1.2429E-05  9.6486E-06
       9.3021E-06  1.3241E-05  1.6782E-05  1.2046E-05  1.6995E-05  1.3996E-05  1.5420E-05  1.6761E-05  1.4181E-05  1.2188E-05
       7.8758E-06  1.1052E-05  1.8838E-05  1.6928E-05  2.0256E-05  1.6138E-05  1.4247E-05  1.6967E-05  1.3472E-05  1.0948E-05
       9.7859E-06  1.0835E-05  1.6645E-05  1.6418E-05  1.9264E-05  1.8251E-05  1.8285E-05  1.5627E-05  1.2700E-05  1.1098E-05
       1.0768E-05  1.0274E-05  1.8777E-05  1.3771E-05  2.0782E-05  2.0985E-05  1.5564E-05  1.3095E-05  1.5631E-05  1.1973E-05
       1.0301E-05  9.5655E-06  1.6043E-05  1.7002E-05  1.6370E-05  1.8475E-05  1.7533E-05  1.3036E-05  1.4436E-05  1.3458E-05
       7.5420E-06  7.1245E-06  1.3222E-05  1.3121E-05  1.2376E-05  1.6808E-05  1.5913E-05  1.1023E-05  1.4254E-05  8.1254E-06
       6.6214E-06  7.2690E-06  1.1213E-05  1.0402E-05  8.0369E-06  1.1584E-05  8.5821E-06  8.8204E-06  6.6380E-06  5.7560E-06

      Percentage errors follow in a matrix A(ix,iy,iz), format (1(5x,1p,10(1x,e11.4)))

       7.8818E+00  6.3273E+00  6.6775E+00  5.2754E+00  4.8477E+00  6.6792E+00  7.6260E+00  5.2806E+00  7.1859E+00  7.2536E+00
       8.6907E+00  7.5136E+00  7.1417E+00  6.5879E+00  7.1562E+00  5.0991E+00  6.5557E+00  6.1833E+00  6.7942E+00  8.3645E+00
       6.5034E+00  6.9721E+00  6.8120E+00  4.0449E+00  5.1128E+00  5.6045E+00  6.6058E+00  6.3898E+00  8.5722E+00  8.0951E+00
       7.4547E+00  6.1680E+00  5.4821E+00  5.8056E+00  4.5969E+00  5.3869E+00  5.9388E+00  7.1552E+00  7.4631E+00  8.3640E+00
       8.3855E+00  6.5420E+00  6.0542E+00  6.0624E+00  6.6448E+00  6.7160E+00  4.9278E+00  5.2117E+00  5.9817E+00  7.6259E+00
       6.7974E+00  6.9504E+00  5.6455E+00  6.4739E+00  5.1743E+00  8.8855E+00  5.4154E+00  7.0488E+00  6.1810E+00  8.5409E+00
       5.9858E+00  4.8866E+00  4.9337E+00  6.9400E+00  5.5813E+00  4.2699E+00  5.2404E+00  6.4363E+00  5.9891E+00  8.1883E+00
       7.5221E+00  7.6404E+00  6.5050E+00  5.3224E+00  5.9624E+00  6.6776E+00  6.0966E+00  5.4629E+00  7.3973E+00  8.4024E+00
       8.3526E+00  5.7021E+00  5.6003E+00  5.4197E+00  8.1462E+00  5.1117E+00  6.7753E+00  5.8413E+00  7.1835E+00  7.3429E+00
       9.1929E+00  8.6664E+00  5.4155E+00  5.6100E+00  4.6315E+00  4.7938E+00  7.5399E+00  7.0952E+00  6.5621E+00  7.8206E+00
       7.3340E+00  6.0413E+00  7.4924E+00  5.3466E+00  5.6034E+00  7.7636E+00  7.8058E+00  6.9388E+00  7.7614E+00  9.7402E+00
       7.7932E+00  7.5035E+00  7.3520E+00  8.8034E+00  8.6551E+00  7.0941E+00  6.8531E+00  6.5089E+00  7.0762E+00  9.5041E+00
       7.5315E+00  7.3580E+00  7.0995E+00  7.2886E+00  4.6870E+00  4.4255E+00  6.6305E+00  5.5993E+00  8.6953E+00  7.2933E+00
       6.7556E+00  8.2638E+00  3.5521E+00  6.0106E+00  6.2810E+00  4.1857E+00  5.5805E+00  5.5425E+00  5.1287E+00  7.7627E+00
       7.3898E+00  6.0661E+00  6.8326E+00  7.9126E+00  7.2166E+00  6.5655E+00  5.7465E+00  7.0141E+00  5.8926E+00  5.9263E+00
       7.0420E+00  6.7344E+00  6.5074E+00  4.6203E+00  6.4516E+00  8.2406E+00  6.6100E+00  4.8114E+00  4.1953E+00  8.4479E+00
       7.8036E+00  7.6207E+00  6.3863E+00  7.7389E+00  5.7502E+00  4.5144E+00  5.8065E+00  6.3349E+00  5.5232E+00  8.8164E+00
       1.0149E+01  7.5579E+00  6.2093E+00  4.4674E+00  6.2482E+00  5.9481E+00  6.8122E+00  6.2208E+00  7.1933E+00  8.7578E+00
       9.7141E+00  6.4699E+00  4.7083E+00  5.1431E+00  7.6820E+00  5.4942E+00  7.9090E+00  7.0331E+00  7.9968E+00  7.1474E+00
       7.9184E+00  8.4889E+00  7.4360E+00  4.7772E+00  5.8302E+00  7.0207E+00  8.5001E+00  9.1569E+00  7.5487E+00  7.0777E+00
       1.0754E+01  5.0160E+00  8.2083E+00  8.5475E+00  6.3463E+00  7.5286E+00  6.3469E+00  7.3532E+00  7.7683E+00  8.4595E+00
       1.2836E+01  6.5752E+00  7.6800E+00  8.5926E+00  6.1050E+00  8.6696E+00  5.6810E+00  6.8824E+00  7.5181E+00  8.9125E+00
       8.6663E+00  7.8856E+00  8.0440E+00  7.0651E+00  6.9756E+00  6.9280E+00  6.4380E+00  6.6966E+00  7.2079E+00  9.2827E+00
       8.5729E+00  7.8307E+00  6.2457E+00  6.3062E+00  6.4693E+00  5.3323E+00  5.2333E+00  8.0930E+00  6.6184E+00  1.0542E+01
       7.3336E+00  6.4432E+00  7.1136E+00  6.9010E+00  6.3981E+00  7.0561E+00  5.8324E+00  6.2059E+00  6.8371E+00  8.9267E+00
       8.7849E+00  6.2641E+00  7.3196E+00  6.9120E+00  5.8480E+00  5.8205E+00  5.7483E+00  5.5538E+00  6.1719E+00  1.0453E+01
       9.8447E+00  6.3222E+00  8.5829E+00  6.7477E+00  4.1847E+00  5.4418E+00  6.4837E+00  5.6292E+00  6.1727E+00  1.0045E+01
       1.0651E+01  8.1371E+00  6.1432E+00  6.7400E+00  6.7227E+00  5.4827E+00  5.5387E+00  6.6686E+00  8.8328E+00  9.8208E+00
       1.1743E+01  7.0438E+00  5.0481E+00  7.0459E+00  6.7038E+00  6.1959E+00  6.6753E+00  5.7545E+00  9.2948E+00  9.2425E+00
       8.2328E+00  9.2518E+00  7.5438E+00  6.8945E+00  7.1645E+00  7.1938E+00  8.2757E+00  8.8841E+00  8.6037E+00  7.1149E+00
       1.1660E+01  8.3160E+00  9.7056E+00  7.0837E+00  6.9114E+00  1.0623E+01  7.3749E+00  8.0459E+00  8.7288E+00  7.3183E+00
       1.1060E+01  7.4142E+00  9.1316E+00  8.1966E+00  7.3518E+00  9.2636E+00  6.8579E+00  8.2583E+00  7.4902E+00  8.7937E+00
       1.0990E+01  7.0321E+00  6.9219E+00  7.3203E+00  6.6819E+00  6.0830E+00  8.5718E+00  1.0608E+01  1.0233E+01  8.6524E+00
       1.0987E+01  7.8594E+00  6.6417E+00  7.5136E+00  7.1901E+00  8.9184E+00  6.5812E+00  7.6409E+00  9.0984E+00  9.1036E+00
       9.3075E+00  7.4479E+00  7.6612E+00  8.4162E+00  6.9846E+00  6.3861E+00  6.9234E+00  8.5698E+00  8.8168E+00  1.1678E+01
       1.0915E+01  8.0076E+00  8.1760E+00  5.6673E+00  6.2601E+00  5.5843E+00  7.0259E+00  6.5826E+00  5.0885E+00  1.1744E+01
       6.5374E+00  5.9014E+00  7.0943E+00  6.6267E+00  7.3319E+00  6.1709E+00  6.2464E+00  7.1928E+00  7.2005E+00  1.1044E+01
       8.0536E+00  9.8914E+00  5.5529E+00  6.2938E+00  5.8283E+00  7.2556E+00  6.5254E+00  6.0511E+00  7.4621E+00  9.9077E+00
       8.4580E+00  8.7233E+00  9.5793E+00  6.1888E+00  7.8053E+00  7.9534E+00  5.1888E+00  8.4597E+00  7.8873E+00  9.5977E+00
       9.1942E+00  7.9863E+00  8.2470E+00  1.0033E+01  9.5883E+00  7.0506E+00  8.0717E+00  8.6805E+00  1.4121E+01  8.8003E+00
       1.3565E+01  9.5369E+00  9.0981E+00  7.7093E+00  8.9416E+00  1.1227E+01  7.8603E+00  9.5625E+00  9.9971E+00  1.2036E+01
       1.3674E+01  9.5501E+00  1.0128E+01  8.1496E+00  9.6219E+00  7.4190E+00  8.2280E+00  7.4092E+00  1.1790E+01  1.0097E+01
       8.0211E+00  1.0933E+01  7.2097E+00  8.3171E+00  9.0997E+00  5.6628E+00  6.6683E+00  8.0825E+00  8.0288E+00  9.3292E+00
       9.4320E+00  5.9815E+00  8.7600E+00  6.6755E+00  6.1072E+00  8.4982E+00  8.8925E+00  6.9180E+00  1.0854E+01  1.0069E+01
       1.0675E+01  6.1721E+00  1.1626E+01  7.6333E+00  8.4261E+00  5.7255E+00  8.6713E+00  7.8929E+00  6.4836E+00  1.0125E+01
       1.1106E+01  8.3385E+00  6.3236E+00  6.6567E+00  5.7400E+00  7.4545E+00  8.5723E+00  9.3498E+00  6.2085E+00  1.0495E+01
       5.9157E+00  1.1571E+01  7.1884E+00  6.6544E+00  8.3303E+00  9.8181E+00  7.2036E+00  1.0053E+01  8.3680E+00  1.1963E+01
       8.0565E+00  9.4652E+00  7.9470E+00  9.0872E+00  7.3211E+00  7.0256E+00  7.4659E+00  8.1458E+00  9.3522E+00  1.0171E+01
       9.3753E+00  1.1988E+01  1.0601E+01  7.4135E+00  8.1760E+00  8.0060E+00  6.8643E+00  8.7246E+00  7.4909E+00  9.6029E+00
       1.3700E+01  1.1246E+01  1.0735E+01  9.7480E+00  8.4887E+00  7.7698E+00  9.5594E+00  1.1574E+01  1.4966E+01  1.0763E+01
       1.2292E+01  1.4179E+01  1.1291E+01  9.4606E+00  9.8600E+00  1.0541E+01  6.2410E+00  9.5874E+00  1.1277E+01  8.3984E+00
       1.0362E+01  1.0271E+01  1.1050E+01  9.9750E+00  1.0588E+01  1.0865E+01  9.0480E+00  7.6623E+00  1.2457E+01  9.2224E+00
       1.0061E+01  7.6046E+00  8.8390E+00  1.0954E+01  1.0130E+01  8.9896E+00  7.1376E+00  1.1678E+01  8.8990E+00  1.3656E+01
       9.5784E+00  8.1450E+00  8.2572E+00  6.4122E+00  5.2839E+00  7.8026E+00  9.2758E+00  7.4675E+00  1.0141E+01  1.1854E+01
       1.3762E+01  7.8670E+00  8.6946E+00  8.4881E+00  5.5035E+00  6.0402E+00  8.5867E+00  7.6001E+00  7.9685E+00  1.1303E+01
       1.2783E+01  8.1825E+00  9.7051E+00  9.7423E+00  6.1735E+00  7.6127E+00  6.9559E+00  9.3182E+00  8.4206E+00  1.0619E+01
       6.1325E+00  9.3581E+00  6.8897E+00  6.9664E+00  8.2586E+00  9.7536E+00  4.4299E+00  1.0066E+01  9.9028E+00  8.3650E+00
       8.1293E+00  1.1170E+01  9.3025E+00  8.2813E+00  9.5544E+00  7.2815E+00  9.0752E+00  1.1331E+01  1.0603E+01  1.1746E+01
       1.1297E+01  1.0218E+01  9.9995E+00  9.2253E+00  9.4450E+00  7.7336E+00  9.2752E+00  8.9365E+00  1.0610E+01  1.2828E+01
       1.2569E+01  1.1170E+01  9.4051E+00  1.1806E+01  9.6509E+00  8.5432E+00  8.4498E+00  1.2294E+01  1.0494E+01  8.8706E+00
       1.9049E+01  1.4879E+01  1.5603E+01  1.2303E+01  1.2528E+01  1.1632E+01  9.9740E+00  1.1961E+01  1.4925E+01  1.4617E+01
       1.1299E+01  1.3217E+01  9.9379E+00  1.0184E+01  1.0778E+01  1.2156E+01  9.1594E+00  1.0808E+01  1.3075E+01  1.9104E+01
       1.4818E+01  1.3154E+01  8.7610E+00  1.2156E+01  1.0435E+01  9.6756E+00  8.6874E+00  1.0843E+01  1.0795E+01  1.6888E+01
       1.6417E+01  1.0630E+01  1.1461E+01  9.5169E+00  8.5592E+00  6.6787E+00  1.1740E+01  8.0818E+00  1.0757E+01  1.5414E+01
       1.1912E+01  9.2901E+00  8.1363E+00  9.8121E+00  8.4268E+00  1.0141E+01  8.9010E+00  9.1265E+00  9.1904E+00  1.3223E+01
       1.1059E+01  1.3153E+01  1.1066E+01  1.3258E+01  7.5128E+00  8.9659E+00  8.4942E+00  8.8897E+00  1.2377E+01  1.1956E+01
       1.3109E+01  9.8160E+00  1.2323E+01  8.6515E+00  8.3592E+00  8.5407E+00  9.2311E+00  1.1041E+01  9.3608E+00  1.2396E+01
       1.4253E+01  8.4756E+00  1.1339E+01  7.7252E+00  9.7236E+00  9.8944E+00  7.8773E+00  1.1418E+01  1.2553E+01  1.7634E+01
       1.3966E+01  9.7523E+00  1.1205E+01  9.4475E+00  1.1492E+01  1.0321E+01  1.0982E+01  1.4138E+01  1.2008E+01  2.1623E+01
       1.2161E+01  1.0142E+01  1.3265E+01  1.7099E+01  1.2325E+01  1.0594E+01  9.3211E+00  1.2526E+01  8.9701E+00  1.4315E+01
       1.7337E+01  1.3196E+01  1.1695E+01  1.4080E+01  8.8369E+00  1.2498E+01  1.2275E+01  1.2608E+01  1.2935E+01  1.3609E+01
       1.2604E+01  1.6802E+01  1.0062E+01  1.4689E+01  1.0981E+01  9.6679E+00  1.0336E+01  1.3035E+01  1.2633E+01  1.6731E+01
       1.0857E+01  1.0613E+01  1.1101E+01  1.3379E+01  8.2936E+00  1.1091E+01  1.0746E+01  1.1454E+01  1.1889E+01  1.6341E+01
       1.2134E+01  1.2629E+01  1.2246E+01  1.2007E+01  9.9321E+00  1.0327E+01  1.1541E+01  1.0966E+01  9.1781E+00  1.4509E+01
       1.4325E+01  1.1222E+01  1.0004E+01  1.5174E+01  9.4230E+00  8.5044E+00  1.2680E+01  9.0182E+00  1.0114E+01  9.7615E+00
       1.1752E+01  9.9342E+00  8.8358E+00  1.0494E+01  1.0805E+01  1.3398E+01  1.0060E+01  1.1834E+01  1.3560E+01  1.5855E+01
       1.3983E+01  1.2220E+01  1.2387E+01  1.2046E+01  1.0877E+01  1.0497E+01  1.0199E+01  1.0959E+01  1.4204E+01  1.5533E+01
       1.2605E+01  1.2379E+01  1.4372E+01  9.1640E+00  1.4367E+01  1.1177E+01  1.1817E+01  1.0483E+01  1.1542E+01  1.9458E+01
       1.4151E+01  1.3446E+01  1.3531E+01  9.3697E+00  1.4163E+01  1.3101E+01  1.2538E+01  1.2361E+01  1.2993E+01  1.7950E+01
       1.6507E+01  2.1346E+01  1.6673E+01  1.9693E+01  1.4942E+01  1.3689E+01  1.3560E+01  1.3158E+01  1.8293E+01  1.4975E+01
       2.1208E+01  1.5453E+01  1.5535E+01  1.5416E+01  1.1351E+01  1.1472E+01  1.3167E+01  1.4424E+01  1.9260E+01  1.6975E+01
       1.7895E+01  1.3888E+01  1.2280E+01  1.6373E+01  1.0183E+01  9.0550E+00  1.2948E+01  1.4318E+01  1.0065E+01  1.6388E+01
       7.8400E+00  1.4148E+01  1.1389E+01  1.4930E+01  1.3033E+01  1.4576E+01  1.1310E+01  1.3422E+01  1.6125E+01  1.7279E+01
       1.1121E+01  9.1795E+00  1.1879E+01  1.4080E+01  1.0633E+01  1.2491E+01  1.4724E+01  1.1530E+01  1.1078E+01  1.4830E+01
       1.6733E+01  1.4185E+01  1.1382E+01  1.6347E+01  1.1281E+01  1.0009E+01  1.3122E+01  1.0823E+01  1.6886E+01  1.4732E+01
       1.3154E+01  1.0505E+01  1.0687E+01  1.1676E+01  1.0168E+01  1.2670E+01  1.3107E+01  1.1742E+01  1.1344E+01  1.2262E+01
       1.6315E+01  1.2888E+01  1.2211E+01  1.4556E+01  1.3784E+01  1.1069E+01  1.3302E+01  1.4163E+01  1.2579E+01  1.4737E+01
       1.3329E+01  1.4153E+01  1.2228E+01  1.5543E+01  1.7505E+01  1.0148E+01  1.4614E+01  1.1597E+01  1.4446E+01  1.6749E+01
       1.4429E+01  1.6257E+01  1.5145E+01  1.2750E+01  1.5231E+01  1.1104E+01  1.1729E+01  1.3578E+01  1.7090E+01  1.0892E+01
       2.1156E+01  1.5911E+01  1.6461E+01  2.0561E+01  1.8435E+01  1.2982E+01  2.0655E+01  1.4961E+01  1.9827E+01  1.9180E+01
       1.8835E+01  2.1682E+01  1.5357E+01  2.9071E+01  1.6281E+01  1.3212E+01  1.5859E+01  1.9478E+01  1.9385E+01  1.8409E+01
       1.7256E+01  1.6469E+01  1.7731E+01  1.3045E+01  1.0773E+01  1.4527E+01  1.9670E+01  1.6896E+01  1.4851E+01  2.2160E+01
       1.7506E+01  1.7445E+01  1.6505E+01  1.1966E+01  1.4695E+01  1.1631E+01  1.3718E+01  1.5526E+01  1.3932E+01  2.1720E+01
       1.8477E+01  1.2675E+01  1.4840E+01  1.6938E+01  1.4127E+01  1.1188E+01  1.6352E+01  1.2937E+01  1.4491E+01  1.1736E+01
       1.8234E+01  1.6115E+01  1.1122E+01  1.1844E+01  1.2626E+01  1.4224E+01  1.5007E+01  1.5875E+01  1.5870E+01  1.6665E+01
       1.5334E+01  1.6020E+01  1.5962E+01  1.5021E+01  1.6437E+01  1.8463E+01  1.7473E+01  1.3091E+01  1.5497E+01  1.3945E+01
       1.4168E+01  1.7414E+01  1.0298E+01  1.4024E+01  9.8718E+00  1.3504E+01  1.3731E+01  1.6305E+01  1.7800E+01  1.6671E+01
       1.5877E+01  1.8993E+01  1.5910E+01  1.6356E+01  1.5710E+01  1.3657E+01  1.6152E+01  1.3758E+01  2.3665E+01  1.4463E+01
       1.6742E+01  1.9311E+01  1.2301E+01  1.3153E+01  1.8220E+01  1.1956E+01  1.5568E+01  1.0723E+01  1.4655E+01  1.4798E+01
       2.5183E+01  1.6692E+01  1.9058E+01  1.5117E+01  2.4181E+01  2.0347E+01  1.4795E+01  1.5647E+01  2.1040E+01  2.3501E+01
