1
   Cartesian binning n.   1  "DoseEq    " , generalized particle n.  240
      X coordinate: from -8.5000E+01 to  8.5000E+01 cm,    10 bins ( 1.7000E+01 cm wide)
      Y coordinate: from -2.5000E+01 to  2.5000E+01 cm,    10 bins ( 5.0000E+00 cm wide)
      Z coordinate: from  2.2500E+02 to  2.7500E+02 cm,    10 bins ( 5.0000E+00 cm wide)
      Data follow in a matrix A(ix,iy,iz), format (1(5x,1p,10(1x,e11.4)))

      accurate deposition along the tracks requested
      this is a track-length binning
       2.8949E-05  3.4265E-05  3.8777E-05  4.4032E-05  4.2147E-05  5.0117E-05  4.4876E-05  3.7665E-05  3.9796E-05  2.6957E-05
       2.9549E-05  4.1790E-05  4.7911E-05  4.7514E-05  5.6948E-05  5.1361E-05  4.7006E-05  4.1347E-05  3.9448E-05  2.9543E-05
       3.4630E-05  4.5600E-05  5.0181E-05  5.9478E-05  6.2509E-05  5.2565E-05  5.3424E-05  4.7361E-05  4.0619E-05  3.1697E-05
       3.1647E-05  4.6421E-05  5.6003E-05  5.5501E-05  6.1636E-05  5.2262E-05  4.8295E-05  5.0000E-05  4.0501E-05  3.4305E-05
       2.9313E-05  4.4188E-05  4.1825E-05  6.4880E-05  5.8026E-05  6.1550E-05  5.4622E-05  5.7621E-05  3.7464E-05  2.9359E-05
       2.9818E-05  3.9447E-05  5.0591E-05  5.6850E-05  5.3514E-05  5.4299E-05  5.3600E-05  4.8973E-05  4.1370E-05  3.6744E-05
       3.9230E-05  4.2310E-05  4.8400E-05  5.3693E-05  5.5628E-05  5.5403E-05  5.7120E-05  4.8572E-05  4.3359E-05  3.4475E-05
       3.5504E-05  4.6794E-05  4.9663E-05  5.6135E-05  5.5672E-05  5.5278E-05  5.2807E-05  4.8858E-05  3.9390E-05  2.8764E-05
       3.7193E-05  4.1449E-05  5.2357E-05  5.6799E-05  4.5416E-05  5.6225E-05  5.9431E-05  4.6026E-05  4.1070E-05  3.6245E-05
       3.1411E-05  4.1949E-05  4.0103E-05  4.5848E-05  4.9438E-05  4.8297E-05  3.9822E-05  4.4506E-05  3.5792E-05  2.5584E-05
       2.1843E-05  3.1241E-05  3.4740E-05  3.4055E-05  3.5762E-05  4.5087E-05  4.1669E-05  3.6228E-05  3.5782E-05  2.1310E-05
       2.7707E-05  3.6717E-05  5.3349E-05  4.5037E-05  4.9507E-05  4.9360E-05  4.8918E-05  4.0183E-05  3.4012E-05  2.7986E-05
       3.2600E-05  5.2084E-05  5.7826E-05  5.3151E-05  5.3844E-05  4.6976E-05  4.9537E-05  4.8087E-05  3.2619E-05  2.5959E-05
       2.6612E-05  4.5097E-05  5.5976E-05  5.4481E-05  5.7509E-05  4.9375E-05  4.9701E-05  4.8699E-05  3.8079E-05  2.9209E-05
       3.1505E-05  4.1269E-05  4.4060E-05  5.6373E-05  5.7110E-05  6.1222E-05  4.9498E-05  5.4877E-05  3.1830E-05  3.2163E-05
       3.0561E-05  4.1444E-05  4.7144E-05  6.1476E-05  5.8395E-05  5.6921E-05  5.1126E-05  4.7719E-05  3.6793E-05  3.2695E-05
       3.4255E-05  4.4204E-05  5.2255E-05  5.9199E-05  5.8463E-05  6.2125E-05  5.4950E-05  4.5352E-05  3.5637E-05  3.4330E-05
       3.4212E-05  4.3156E-05  4.7577E-05  6.0287E-05  4.8677E-05  5.5928E-05  5.3810E-05  4.4721E-05  3.4376E-05  3.0201E-05
       2.9936E-05  3.8937E-05  4.9122E-05  5.8335E-05  4.6777E-05  4.7367E-05  4.6264E-05  3.7934E-05  2.9266E-05  3.1083E-05
       2.7487E-05  3.5669E-05  3.2717E-05  3.8592E-05  3.9578E-05  4.6012E-05  3.3437E-05  3.2396E-05  3.0130E-05  2.0809E-05
       1.9506E-05  2.3191E-05  3.0080E-05  3.0346E-05  2.7543E-05  3.4623E-05  3.5501E-05  3.0154E-05  2.6537E-05  1.7005E-05
       2.2783E-05  3.6670E-05  4.7283E-05  3.9941E-05  3.9558E-05  4.0589E-05  3.6600E-05  3.7845E-05  2.7674E-05  2.0111E-05
       2.7324E-05  3.7162E-05  4.6566E-05  4.4723E-05  4.4796E-05  3.9881E-05  4.2745E-05  4.5242E-05  2.7371E-05  1.9794E-05
       2.6371E-05  4.0919E-05  4.3822E-05  4.3342E-05  5.6075E-05  4.3230E-05  4.5602E-05  4.5682E-05  3.4828E-05  2.4540E-05
       2.4931E-05  3.7214E-05  4.9151E-05  4.3986E-05  5.1910E-05  5.2948E-05  4.0000E-05  4.4997E-05  3.3240E-05  2.8711E-05
       2.5074E-05  3.5028E-05  4.0662E-05  4.9391E-05  5.7117E-05  4.7214E-05  4.1443E-05  3.7404E-05  3.6475E-05  2.6818E-05
       2.8493E-05  3.8386E-05  4.1481E-05  5.1424E-05  5.8756E-05  5.2125E-05  4.4115E-05  3.8438E-05  3.3073E-05  2.8910E-05
       3.0913E-05  3.3435E-05  4.4859E-05  5.3665E-05  4.3747E-05  4.5845E-05  4.5949E-05  4.6974E-05  2.7619E-05  2.6631E-05
       2.5783E-05  3.3088E-05  3.9616E-05  5.2114E-05  3.5158E-05  3.6624E-05  3.8139E-05  2.8979E-05  2.6114E-05  2.5283E-05
       2.5159E-05  2.9091E-05  3.2027E-05  3.3432E-05  3.3513E-05  3.5764E-05  2.6626E-05  2.4950E-05  2.7735E-05  1.8318E-05
       1.3750E-05  1.8606E-05  2.3969E-05  2.9267E-05  2.7741E-05  2.7146E-05  2.8673E-05  2.2127E-05  2.3581E-05  1.2925E-05
       1.7847E-05  2.8507E-05  3.5394E-05  3.4321E-05  4.1649E-05  3.1186E-05  3.1551E-05  2.9470E-05  2.2106E-05  1.8306E-05
       2.1399E-05  2.7839E-05  3.6202E-05  3.7465E-05  4.4992E-05  3.4678E-05  3.6924E-05  3.6746E-05  2.5320E-05  1.9885E-05
       1.8252E-05  3.3111E-05  3.6200E-05  4.1775E-05  4.5966E-05  3.7182E-05  3.9710E-05  4.1747E-05  3.1575E-05  2.4057E-05
       2.2489E-05  2.7386E-05  3.9194E-05  3.6730E-05  4.7623E-05  3.9403E-05  4.1253E-05  3.9966E-05  2.9486E-05  1.9703E-05
       2.2777E-05  2.5687E-05  3.7365E-05  3.9539E-05  4.7288E-05  3.3771E-05  3.4827E-05  3.5196E-05  2.7249E-05  2.2824E-05
       2.6207E-05  2.7201E-05  3.5338E-05  4.4369E-05  4.7851E-05  3.9794E-05  3.7019E-05  3.4848E-05  2.9204E-05  2.6266E-05
       2.3513E-05  2.9614E-05  3.6896E-05  3.9105E-05  3.9792E-05  3.8531E-05  3.6764E-05  3.5586E-05  2.2111E-05  1.9931E-05
       1.9751E-05  2.7817E-05  3.5294E-05  4.1486E-05  3.0650E-05  3.2045E-05  3.4608E-05  2.5991E-05  2.0337E-05  1.9155E-05
       1.6571E-05  2.1450E-05  2.6718E-05  2.9371E-05  3.4657E-05  2.3613E-05  2.4664E-05  2.1929E-05  1.8997E-05  1.7094E-05
       1.2820E-05  1.5637E-05  1.9399E-05  1.9706E-05  2.5517E-05  1.8717E-05  2.1022E-05  1.9603E-05  1.7025E-05  9.3977E-06
       1.6318E-05  2.5248E-05  2.6190E-05  2.9624E-05  3.0426E-05  2.8430E-05  2.6933E-05  2.3141E-05  1.9670E-05  1.3438E-05
       1.2796E-05  2.6327E-05  2.6454E-05  2.9693E-05  2.9507E-05  2.8162E-05  2.4898E-05  2.5376E-05  2.2770E-05  1.8339E-05
       1.3374E-05  2.4444E-05  2.7645E-05  3.0377E-05  3.3087E-05  2.9963E-05  3.2575E-05  3.1416E-05  3.0321E-05  2.3766E-05
       1.9125E-05  2.2650E-05  3.1312E-05  3.1287E-05  4.3092E-05  3.7730E-05  2.9959E-05  3.2876E-05  2.4267E-05  1.5477E-05
       2.2145E-05  2.9163E-05  3.0550E-05  3.8321E-05  3.9785E-05  3.0089E-05  3.6234E-05  2.9985E-05  2.2854E-05  1.7269E-05
       1.9471E-05  2.3862E-05  3.0647E-05  3.1144E-05  3.8761E-05  2.9446E-05  3.3215E-05  3.0477E-05  2.0615E-05  1.9383E-05
       2.1361E-05  2.4923E-05  2.8663E-05  2.9192E-05  2.6382E-05  3.7421E-05  3.4421E-05  3.0489E-05  2.1840E-05  1.4974E-05
       1.7582E-05  2.3058E-05  2.7574E-05  3.2317E-05  2.5421E-05  2.6663E-05  2.9197E-05  2.6089E-05  1.4335E-05  1.3316E-05
       1.5012E-05  1.8403E-05  2.1957E-05  2.2560E-05  2.1873E-05  1.7924E-05  2.1073E-05  2.0047E-05  1.3286E-05  9.4743E-06
       1.0540E-05  1.1072E-05  1.6420E-05  1.6571E-05  1.8863E-05  1.3526E-05  1.5531E-05  1.1835E-05  1.3687E-05  7.9536E-06
       1.2780E-05  1.8035E-05  1.7265E-05  2.4878E-05  2.0478E-05  2.1724E-05  2.1372E-05  1.8214E-05  1.8148E-05  1.3672E-05
       8.2820E-06  1.8983E-05  2.0393E-05  2.6676E-05  2.5720E-05  2.6496E-05  2.2688E-05  2.3273E-05  2.5379E-05  1.7607E-05
       1.3047E-05  2.3016E-05  2.5666E-05  2.6937E-05  2.5938E-05  2.5340E-05  2.8033E-05  2.2043E-05  2.0649E-05  1.7791E-05
       1.4644E-05  1.7327E-05  2.0575E-05  2.8667E-05  2.8554E-05  2.8980E-05  2.7435E-05  2.3672E-05  1.9183E-05  1.3748E-05
       1.9200E-05  2.2207E-05  2.4543E-05  3.0245E-05  3.1260E-05  2.9001E-05  2.6156E-05  2.7161E-05  2.0127E-05  1.7140E-05
       1.6889E-05  2.4400E-05  2.4179E-05  3.0890E-05  2.9929E-05  2.5694E-05  1.9592E-05  2.4385E-05  2.1395E-05  1.5083E-05
       1.5970E-05  2.3150E-05  2.5325E-05  1.9211E-05  2.2087E-05  2.3862E-05  2.4513E-05  1.8678E-05  2.0641E-05  1.6229E-05
       1.7111E-05  2.2990E-05  2.3595E-05  2.3726E-05  2.0884E-05  2.4270E-05  2.1037E-05  1.6231E-05  1.5996E-05  1.4042E-05
       1.0722E-05  1.5557E-05  1.6583E-05  1.7405E-05  1.7286E-05  1.6378E-05  1.4666E-05  1.5819E-05  1.1843E-05  9.2237E-06
       8.7173E-06  8.2833E-06  1.2683E-05  1.1462E-05  1.3181E-05  1.3043E-05  1.2733E-05  1.0581E-05  9.2800E-06  8.2446E-06
       1.1582E-05  1.5787E-05  1.0568E-05  1.6653E-05  1.6830E-05  1.6187E-05  1.5625E-05  1.9458E-05  1.8669E-05  1.0574E-05
       9.7298E-06  1.5597E-05  1.2400E-05  2.1003E-05  1.8292E-05  1.6913E-05  1.8277E-05  1.9997E-05  1.7273E-05  1.1633E-05
       9.5001E-06  2.0747E-05  1.7222E-05  1.7996E-05  2.2086E-05  1.8367E-05  1.9072E-05  1.8112E-05  1.9657E-05  1.3258E-05
       1.3247E-05  1.7287E-05  1.6111E-05  2.1276E-05  2.6069E-05  2.2518E-05  2.0859E-05  2.3574E-05  1.5747E-05  1.5520E-05
       1.5751E-05  2.0249E-05  2.0032E-05  2.2752E-05  2.3659E-05  2.3691E-05  2.3125E-05  2.1211E-05  1.5051E-05  1.2539E-05
       1.5704E-05  1.7238E-05  2.0360E-05  2.2095E-05  2.3840E-05  1.7693E-05  2.0612E-05  2.2081E-05  1.4385E-05  1.5316E-05
       1.1509E-05  1.6350E-05  2.0960E-05  1.3973E-05  2.0744E-05  1.7651E-05  2.2396E-05  1.6068E-05  1.5088E-05  1.2551E-05
       1.8010E-05  2.1936E-05  1.8331E-05  1.9305E-05  1.8777E-05  1.6156E-05  1.9893E-05  1.1581E-05  1.3536E-05  1.2467E-05
       1.1666E-05  1.4216E-05  1.2107E-05  1.1878E-05  1.2565E-05  1.3312E-05  1.1185E-05  1.3379E-05  9.9444E-06  6.7548E-06
       1.0383E-05  5.3392E-06  1.1060E-05  1.0276E-05  9.8502E-06  1.3708E-05  9.5118E-06  1.2340E-05  6.6215E-06  6.2202E-06
       8.9286E-06  1.1500E-05  8.1089E-06  1.2099E-05  1.0450E-05  1.5849E-05  1.3240E-05  1.5328E-05  1.1466E-05  5.6620E-06
       8.0618E-06  1.3504E-05  1.1552E-05  1.8162E-05  1.3929E-05  1.0219E-05  1.6180E-05  2.0579E-05  1.0560E-05  5.3502E-06
       7.3215E-06  1.6911E-05  1.4102E-05  1.6014E-05  1.5411E-05  1.5761E-05  1.5530E-05  1.4021E-05  1.3630E-05  7.4935E-06
       9.3452E-06  1.6156E-05  1.1421E-05  1.9857E-05  1.9236E-05  1.2049E-05  1.5833E-05  1.6988E-05  1.0610E-05  9.9564E-06
       1.1080E-05  1.4943E-05  1.5245E-05  2.1333E-05  1.6353E-05  1.5843E-05  1.6887E-05  1.7002E-05  1.1413E-05  9.2561E-06
       1.4135E-05  1.5787E-05  1.6038E-05  1.9360E-05  2.0195E-05  1.5827E-05  1.8465E-05  1.6603E-05  1.1920E-05  9.6496E-06
       1.4886E-05  1.2693E-05  1.5086E-05  1.6262E-05  1.5468E-05  1.7258E-05  1.7606E-05  1.3056E-05  1.2335E-05  1.0667E-05
       1.3573E-05  1.6421E-05  1.5005E-05  1.7486E-05  1.1960E-05  1.4964E-05  1.6090E-05  1.1909E-05  1.2423E-05  8.5271E-06
       1.1028E-05  8.6232E-06  1.2871E-05  1.1338E-05  1.0213E-05  9.8749E-06  1.0538E-05  8.9167E-06  9.0642E-06  4.8975E-06
       3.8988E-06  3.0175E-06  7.2790E-06  9.2882E-06  8.0292E-06  9.5088E-06  9.3579E-06  8.9813E-06  1.0106E-05  3.2353E-06
       3.9128E-06  8.1477E-06  7.4976E-06  1.0090E-05  9.2700E-06  1.0261E-05  8.0818E-06  1.1875E-05  9.0193E-06  4.8409E-06
       6.6046E-06  8.2419E-06  9.6353E-06  1.3115E-05  1.2992E-05  9.2425E-06  1.2973E-05  1.5809E-05  8.1071E-06  3.7539E-06
       5.5341E-06  7.7071E-06  1.1387E-05  1.0514E-05  1.2169E-05  1.3069E-05  1.3965E-05  1.1717E-05  6.2599E-06  5.8955E-06
       6.0210E-06  7.4088E-06  1.3538E-05  1.4206E-05  1.6183E-05  1.1847E-05  1.0687E-05  1.1372E-05  7.5366E-06  7.2622E-06
       4.8865E-06  1.0687E-05  1.2061E-05  1.4564E-05  1.3222E-05  1.0610E-05  1.0294E-05  1.2763E-05  6.6339E-06  4.8989E-06
       7.8484E-06  1.4632E-05  1.2886E-05  1.3956E-05  1.6330E-05  1.4006E-05  1.4379E-05  9.3569E-06  7.9443E-06  1.0134E-05
       1.0347E-05  1.0668E-05  1.4725E-05  1.5230E-05  9.5180E-06  1.4268E-05  1.4856E-05  1.0761E-05  1.0986E-05  1.0832E-05
       9.2182E-06  1.2624E-05  1.1774E-05  1.5543E-05  1.1467E-05  1.1705E-05  1.3162E-05  9.4729E-06  6.6617E-06  5.9847E-06
       6.7885E-06  8.1740E-06  7.7719E-06  9.0080E-06  7.3851E-06  7.9460E-06  8.8344E-06  9.9833E-06  5.3651E-06  3.8279E-06
       4.7490E-06  6.1468E-06  6.1101E-06  5.6124E-06  6.1560E-06  6.7485E-06  7.1724E-06  6.2703E-06  6.4892E-06  3.5553E-06
       2.7447E-06  7.5344E-06  5.2119E-06  9.4616E-06  6.1192E-06  1.0812E-05  8.5648E-06  8.1686E-06  6.7482E-06  2.9081E-06
       5.5595E-06  6.9310E-06  9.2592E-06  1.0694E-05  8.1286E-06  6.0832E-06  1.1212E-05  1.1357E-05  6.0873E-06  2.6959E-06
       3.9871E-06  6.7141E-06  9.0431E-06  7.0404E-06  9.7860E-06  8.7250E-06  9.8225E-06  8.7838E-06  6.1122E-06  2.7979E-06
       4.6271E-06  4.5477E-06  8.5669E-06  9.2473E-06  1.1661E-05  9.9172E-06  9.9338E-06  1.0047E-05  6.3646E-06  3.3049E-06
       5.5899E-06  6.3894E-06  1.0676E-05  9.3813E-06  1.3012E-05  1.0004E-05  9.5112E-06  7.3857E-06  5.3055E-06  4.5715E-06
       5.8012E-06  1.0932E-05  9.1045E-06  9.3318E-06  9.9195E-06  1.0299E-05  1.0449E-05  1.0638E-05  7.2471E-06  8.3453E-06
       6.6645E-06  8.7370E-06  9.3904E-06  7.4806E-06  9.6352E-06  7.5447E-06  1.0259E-05  1.0082E-05  7.6011E-06  5.6681E-06
       6.8951E-06  7.8556E-06  9.0912E-06  1.1373E-05  9.1990E-06  7.4991E-06  9.3366E-06  5.8402E-06  4.6556E-06  4.5092E-06
       6.9407E-06  6.7817E-06  7.4244E-06  9.7292E-06  4.9396E-06  5.4978E-06  5.0882E-06  7.4336E-06  4.7616E-06  3.8751E-06

      Percentage errors follow in a matrix A(ix,iy,iz), format (1(5x,1p,10(1x,e11.4)))

       1.2578E+01  1.0696E+01  7.7995E+00  9.8962E+00  1.0025E+01  8.3031E+00  8.2933E+00  7.7701E+00  9.3263E+00  1.1613E+01
       7.9765E+00  1.2734E+01  7.6578E+00  9.1598E+00  7.4022E+00  8.1863E+00  7.5065E+00  7.3645E+00  9.5711E+00  1.1674E+01
       1.2537E+01  6.4796E+00  7.3680E+00  8.8371E+00  7.2241E+00  7.9668E+00  1.0118E+01  9.7818E+00  9.8002E+00  7.8976E+00
       1.2094E+01  6.0923E+00  7.7800E+00  8.5192E+00  7.2022E+00  8.1585E+00  9.2019E+00  7.8241E+00  8.0361E+00  9.4648E+00
       1.1445E+01  9.8111E+00  7.6160E+00  5.6069E+00  6.5842E+00  6.8234E+00  7.9987E+00  6.9601E+00  1.0437E+01  9.8947E+00
       1.1186E+01  6.2305E+00  5.6722E+00  7.9181E+00  6.6948E+00  1.1808E+01  8.3935E+00  7.6576E+00  9.9812E+00  8.4020E+00
       1.1576E+01  1.0124E+01  7.9068E+00  7.3485E+00  6.9829E+00  8.4574E+00  1.0508E+01  8.3147E+00  7.2509E+00  9.2849E+00
       8.8771E+00  1.0198E+01  6.5678E+00  6.2911E+00  8.4910E+00  8.5427E+00  9.1774E+00  7.8023E+00  1.0295E+01  8.0509E+00
       7.8884E+00  7.1282E+00  6.5239E+00  7.1398E+00  6.3411E+00  6.9947E+00  8.0448E+00  8.1665E+00  1.0378E+01  7.5007E+00
       8.4766E+00  9.5383E+00  8.9538E+00  9.2343E+00  6.8156E+00  8.0016E+00  9.7274E+00  7.1648E+00  8.7918E+00  1.2508E+01
       1.3603E+01  1.2394E+01  1.0611E+01  1.1495E+01  9.8383E+00  8.1746E+00  8.9413E+00  9.2239E+00  1.1964E+01  1.3476E+01
       1.2408E+01  1.1105E+01  7.9815E+00  8.1115E+00  6.4516E+00  7.2163E+00  7.1715E+00  8.0731E+00  8.4609E+00  1.0087E+01
       9.2074E+00  8.1262E+00  8.2833E+00  7.2639E+00  9.2671E+00  8.5337E+00  8.4929E+00  1.2050E+01  1.0756E+01  1.2230E+01
       1.0365E+01  8.0916E+00  8.2134E+00  7.1299E+00  1.2815E+01  1.0728E+01  8.6659E+00  6.8307E+00  7.7781E+00  7.4607E+00
       8.7120E+00  9.0307E+00  7.6589E+00  9.3142E+00  7.9694E+00  7.8517E+00  5.7321E+00  6.6918E+00  9.4852E+00  1.3350E+01
       1.2020E+01  8.0589E+00  8.6162E+00  8.1768E+00  9.4822E+00  1.0097E+01  7.8238E+00  5.6415E+00  1.0530E+01  1.0734E+01
       9.8322E+00  1.0424E+01  7.2513E+00  7.4743E+00  6.4746E+00  8.9599E+00  9.0144E+00  7.0519E+00  8.2710E+00  7.7670E+00
       8.9282E+00  7.0239E+00  8.3739E+00  8.6118E+00  8.5004E+00  9.6466E+00  9.8548E+00  8.0061E+00  1.1588E+01  7.2293E+00
       1.2018E+01  9.5148E+00  7.3092E+00  9.0937E+00  7.5145E+00  7.5749E+00  7.2206E+00  9.9078E+00  1.1282E+01  1.0938E+01
       1.1646E+01  7.8151E+00  7.8696E+00  8.8820E+00  7.5731E+00  9.9752E+00  1.4307E+01  8.2651E+00  8.6117E+00  1.6722E+01
       1.3581E+01  1.6102E+01  1.0082E+01  1.2133E+01  7.9698E+00  1.0360E+01  9.2902E+00  1.1200E+01  1.1071E+01  9.7066E+00
       1.3936E+01  1.0658E+01  8.4592E+00  1.0035E+01  8.1601E+00  8.0396E+00  7.2949E+00  8.8019E+00  1.0149E+01  1.1117E+01
       1.5099E+01  1.3625E+01  8.1355E+00  9.3298E+00  1.2406E+01  9.9304E+00  9.1161E+00  7.6124E+00  8.2944E+00  1.0680E+01
       1.1643E+01  1.0547E+01  5.1192E+00  9.0681E+00  9.1873E+00  7.0189E+00  6.2643E+00  8.9339E+00  9.6605E+00  1.0814E+01
       1.2482E+01  8.3070E+00  8.8169E+00  7.4550E+00  5.8732E+00  4.3834E+00  6.7811E+00  6.8070E+00  1.3088E+01  1.4612E+01
       1.3150E+01  1.0610E+01  7.7845E+00  6.6345E+00  8.1801E+00  8.5509E+00  7.9296E+00  7.6415E+00  1.0258E+01  1.0540E+01
       1.0105E+01  1.0104E+01  7.7528E+00  5.2809E+00  7.0354E+00  7.6480E+00  6.7932E+00  8.3289E+00  7.0551E+00  8.6907E+00
       1.1002E+01  1.0647E+01  8.9901E+00  1.0249E+01  7.3966E+00  7.6397E+00  1.0108E+01  9.8956E+00  1.1547E+01  1.1497E+01
       1.4762E+01  1.0507E+01  8.9663E+00  7.2224E+00  8.9669E+00  9.2701E+00  1.1081E+01  1.2920E+01  1.1122E+01  1.1599E+01
       1.3788E+01  8.5973E+00  9.5720E+00  8.4551E+00  7.2087E+00  8.3317E+00  1.2812E+01  1.3247E+01  1.2903E+01  1.4845E+01
       1.5710E+01  1.1117E+01  1.2342E+01  1.2784E+01  1.0847E+01  9.8831E+00  1.0054E+01  1.2030E+01  1.1840E+01  1.3969E+01
       1.4533E+01  8.1613E+00  1.3146E+01  1.3424E+01  9.4190E+00  1.0602E+01  1.0486E+01  1.2078E+01  1.0608E+01  1.3291E+01
       9.9934E+00  1.1780E+01  1.0818E+01  8.5059E+00  8.6744E+00  1.2244E+01  1.0037E+01  1.0975E+01  1.1868E+01  6.6260E+00
       1.4952E+01  1.3993E+01  1.0025E+01  9.6715E+00  9.5271E+00  9.3127E+00  6.8414E+00  9.4374E+00  1.3336E+01  1.0689E+01
       1.3936E+01  9.2372E+00  8.5702E+00  9.3444E+00  8.1657E+00  6.4736E+00  6.6468E+00  6.6290E+00  1.4999E+01  1.2715E+01
       1.4558E+01  9.8264E+00  7.7921E+00  8.2409E+00  9.1173E+00  8.6897E+00  1.0009E+01  1.1610E+01  1.4377E+01  1.1439E+01
       1.2220E+01  1.6221E+01  9.0821E+00  9.0761E+00  8.0939E+00  5.1787E+00  9.2074E+00  8.1965E+00  7.3010E+00  1.2295E+01
       1.1614E+01  1.2607E+01  8.1050E+00  9.3533E+00  8.7086E+00  1.1144E+01  9.2856E+00  1.1127E+01  1.4646E+01  1.2299E+01
       1.2779E+01  1.5441E+01  6.8212E+00  1.0923E+01  8.9626E+00  9.3848E+00  8.9687E+00  1.1840E+01  1.0383E+01  1.1544E+01
       1.5035E+01  9.5685E+00  8.8850E+00  9.9273E+00  1.0648E+01  1.2436E+01  1.1954E+01  1.2875E+01  1.4445E+01  1.5909E+01
       1.6167E+01  9.2794E+00  1.6081E+01  1.2127E+01  1.3281E+01  9.9492E+00  1.1668E+01  1.0894E+01  1.4890E+01  1.4210E+01
       1.3918E+01  1.3453E+01  9.7109E+00  1.1567E+01  1.1498E+01  1.0289E+01  9.5462E+00  1.1808E+01  1.2944E+01  1.7688E+01
       1.4615E+01  1.1381E+01  1.6448E+01  1.0537E+01  1.0532E+01  1.1365E+01  9.8148E+00  1.1318E+01  1.5562E+01  1.4259E+01
       2.4389E+01  1.2469E+01  9.5369E+00  1.1047E+01  1.1336E+01  1.3063E+01  1.0704E+01  1.3937E+01  1.3802E+01  1.1056E+01
       1.7331E+01  1.0921E+01  7.0477E+00  6.9811E+00  9.1813E+00  1.0687E+01  1.2354E+01  9.6238E+00  1.1620E+01  1.3175E+01
       9.6643E+00  1.2209E+01  8.6392E+00  8.1431E+00  1.0566E+01  6.9269E+00  9.6920E+00  1.2556E+01  1.0241E+01  1.2000E+01
       1.1307E+01  1.2475E+01  1.0568E+01  8.5329E+00  1.0759E+01  8.5097E+00  1.1994E+01  9.6550E+00  1.0436E+01  1.4112E+01
       1.3154E+01  1.3005E+01  1.1315E+01  8.5585E+00  9.6084E+00  1.0460E+01  1.0477E+01  1.1966E+01  1.5241E+01  1.7582E+01
       1.4920E+01  1.0859E+01  1.1553E+01  1.0438E+01  1.0930E+01  1.0565E+01  1.0690E+01  9.9676E+00  1.3535E+01  1.2288E+01
       1.6963E+01  1.6618E+01  1.3198E+01  1.2174E+01  1.3523E+01  1.3558E+01  1.1074E+01  1.3923E+01  1.6373E+01  1.8188E+01
       2.1386E+01  1.3186E+01  1.6335E+01  1.3082E+01  1.4627E+01  1.1428E+01  1.7217E+01  1.6888E+01  1.2875E+01  1.7083E+01
       1.2584E+01  1.7183E+01  1.2355E+01  9.4766E+00  1.1395E+01  1.5295E+01  1.0822E+01  8.7888E+00  1.5879E+01  1.8270E+01
       1.4946E+01  1.4569E+01  1.0090E+01  1.5489E+01  1.5833E+01  1.1706E+01  1.2604E+01  1.0299E+01  1.3538E+01  1.5268E+01
       1.4432E+01  1.3531E+01  1.4673E+01  1.0029E+01  1.1150E+01  1.3147E+01  9.8998E+00  1.5536E+01  1.3395E+01  1.5440E+01
       1.5090E+01  1.3418E+01  1.1307E+01  1.0000E+01  9.6615E+00  1.2296E+01  1.4544E+01  1.4666E+01  9.0412E+00  1.5930E+01
       1.4517E+01  1.2772E+01  1.0960E+01  8.0503E+00  1.0668E+01  1.1328E+01  1.3811E+01  1.0086E+01  1.2541E+01  1.7427E+01
       1.6660E+01  1.2764E+01  1.2422E+01  8.7784E+00  1.3845E+01  7.2522E+00  1.0579E+01  1.0765E+01  1.1740E+01  1.1169E+01
       1.6535E+01  1.6374E+01  1.0324E+01  1.3302E+01  1.1996E+01  1.0356E+01  1.0191E+01  1.2851E+01  1.4738E+01  1.5446E+01
       1.5119E+01  1.2200E+01  9.8806E+00  9.5341E+00  8.5464E+00  1.4598E+01  1.0251E+01  1.3579E+01  1.4974E+01  1.4335E+01
       1.2637E+01  1.8585E+01  1.4726E+01  1.3910E+01  9.9249E+00  1.3982E+01  1.5173E+01  1.4370E+01  1.4129E+01  1.7091E+01
       1.8117E+01  1.5305E+01  1.5935E+01  1.5448E+01  1.6783E+01  1.1297E+01  1.6059E+01  1.5172E+01  1.9988E+01  2.0237E+01
       1.1599E+01  1.8500E+01  1.7123E+01  1.1361E+01  1.4863E+01  1.2045E+01  1.6866E+01  1.2440E+01  1.5451E+01  1.9433E+01
       1.1301E+01  1.3642E+01  1.2184E+01  1.4733E+01  1.3613E+01  1.6794E+01  1.3438E+01  1.3540E+01  1.2747E+01  1.7956E+01
       2.3238E+01  1.3617E+01  1.2540E+01  1.2365E+01  1.3672E+01  1.5843E+01  1.0046E+01  1.3441E+01  1.2812E+01  1.7287E+01
       1.3500E+01  1.6464E+01  1.3366E+01  1.4034E+01  9.8980E+00  1.3793E+01  1.1272E+01  1.2306E+01  1.6779E+01  2.2299E+01
       1.8707E+01  1.5902E+01  9.8562E+00  1.2799E+01  1.0515E+01  1.1741E+01  1.1800E+01  1.2349E+01  1.2237E+01  1.8320E+01
       2.1024E+01  1.3138E+01  1.2388E+01  1.3374E+01  1.1239E+01  1.0740E+01  1.5281E+01  1.4412E+01  1.2938E+01  1.3880E+01
       1.5228E+01  1.0412E+01  1.3120E+01  1.0778E+01  1.4215E+01  1.4876E+01  1.1336E+01  1.3673E+01  1.3697E+01  1.6201E+01
       1.1512E+01  7.8844E+00  8.1731E+00  1.1521E+01  1.1129E+01  9.2847E+00  1.0583E+01  1.5468E+01  1.5341E+01  1.8344E+01
       1.6086E+01  1.6753E+01  1.4874E+01  1.6624E+01  1.1546E+01  1.7796E+01  1.5609E+01  1.9361E+01  2.2685E+01  1.8045E+01
       1.6581E+01  2.2521E+01  1.9390E+01  2.0481E+01  1.6316E+01  1.4656E+01  1.2716E+01  1.5763E+01  2.1494E+01  1.8158E+01
       1.8288E+01  1.6695E+01  1.9056E+01  1.5013E+01  1.2315E+01  1.1486E+01  1.2278E+01  1.3049E+01  1.3815E+01  2.2085E+01
       1.7005E+01  1.6520E+01  1.9946E+01  1.3242E+01  1.1261E+01  1.8183E+01  1.4947E+01  1.6583E+01  1.5905E+01  1.8685E+01
       2.0377E+01  1.4459E+01  1.2591E+01  1.4342E+01  1.2697E+01  1.7024E+01  9.1462E+00  1.2015E+01  1.2433E+01  1.9524E+01
       2.0022E+01  1.5645E+01  1.2354E+01  1.2070E+01  1.3769E+01  1.6858E+01  1.2163E+01  1.2206E+01  1.9679E+01  2.0480E+01
       1.7431E+01  1.3930E+01  1.4204E+01  1.7755E+01  1.3146E+01  1.4135E+01  1.4109E+01  1.0725E+01  1.8090E+01  2.3591E+01
       2.1071E+01  1.2469E+01  8.7394E+00  1.3220E+01  1.1219E+01  1.3065E+01  1.2890E+01  1.3045E+01  2.4636E+01  1.7317E+01
       2.4747E+01  1.6767E+01  1.4372E+01  1.6172E+01  1.7533E+01  2.0570E+01  1.3047E+01  1.1732E+01  1.9628E+01  1.9305E+01
       1.6738E+01  1.6041E+01  1.5566E+01  1.1799E+01  1.8897E+01  1.4723E+01  1.5134E+01  1.2709E+01  1.2299E+01  2.1317E+01
       1.2761E+01  1.6680E+01  1.3586E+01  1.5545E+01  1.3315E+01  1.8632E+01  1.6665E+01  1.9607E+01  2.3462E+01  2.2041E+01
       2.4738E+01  3.0733E+01  2.4624E+01  2.4865E+01  2.1207E+01  1.7063E+01  1.5113E+01  1.4473E+01  1.5851E+01  2.7403E+01
       2.5832E+01  1.2908E+01  1.8243E+01  1.5660E+01  1.7902E+01  1.6219E+01  1.5234E+01  1.6096E+01  1.8143E+01  3.1127E+01
       2.2255E+01  1.9233E+01  1.7096E+01  1.3726E+01  2.3101E+01  1.8626E+01  1.1227E+01  1.5439E+01  2.1645E+01  2.2749E+01
       2.1043E+01  2.2617E+01  1.4832E+01  1.5103E+01  1.7821E+01  1.8191E+01  1.1589E+01  1.5771E+01  2.0832E+01  2.4796E+01
       2.6000E+01  2.0951E+01  1.9803E+01  1.7332E+01  1.5976E+01  1.4656E+01  1.4205E+01  1.1902E+01  1.6054E+01  2.2557E+01
       2.1765E+01  1.5844E+01  1.4997E+01  1.8525E+01  2.1585E+01  1.3709E+01  1.6856E+01  1.0560E+01  2.0947E+01  2.1464E+01
       2.7132E+01  1.2193E+01  1.6286E+01  1.6689E+01  1.4589E+01  1.7117E+01  1.5248E+01  1.2129E+01  1.8661E+01  2.1716E+01
       1.4363E+01  1.8392E+01  1.8196E+01  1.4981E+01  1.8230E+01  2.0301E+01  1.5935E+01  1.7993E+01  1.8381E+01  1.8740E+01
       2.5937E+01  1.8173E+01  1.6339E+01  1.2706E+01  1.3825E+01  1.7667E+01  1.7580E+01  1.8899E+01  1.7843E+01  1.9310E+01
       2.0418E+01  1.5832E+01  1.3934E+01  2.0383E+01  2.0385E+01  1.6553E+01  1.5039E+01  1.6410E+01  2.5488E+01  2.3195E+01
       2.9764E+01  3.1308E+01  2.7072E+01  2.1220E+01  2.0257E+01  2.2156E+01  2.0321E+01  2.2136E+01  1.6709E+01  2.8369E+01
       2.0667E+01  2.1361E+01  2.3926E+01  2.4326E+01  2.0253E+01  1.7817E+01  1.9880E+01  2.4232E+01  1.7920E+01  2.6263E+01
       2.6165E+01  2.5221E+01  1.6318E+01  1.4966E+01  2.8712E+01  2.2180E+01  1.9412E+01  1.7349E+01  2.4196E+01  2.4773E+01
       2.2694E+01  2.4633E+01  1.6662E+01  1.5864E+01  1.7265E+01  1.7329E+01  1.6277E+01  1.8834E+01  2.3860E+01  3.7091E+01
       2.4748E+01  2.6358E+01  1.8619E+01  1.6100E+01  1.7190E+01  1.9320E+01  1.6610E+01  1.8270E+01  1.6928E+01  2.5910E+01
       2.3787E+01  2.1639E+01  1.7692E+01  1.7666E+01  1.6021E+01  1.5033E+01  1.9167E+01  1.7835E+01  3.3602E+01  2.6529E+01
       2.7620E+01  1.7340E+01  1.2241E+01  1.2634E+01  1.7145E+01  1.1087E+01  2.0288E+01  1.7484E+01  1.7084E+01  2.0663E+01
       1.9045E+01  2.5331E+01  1.5332E+01  2.2382E+01  1.9748E+01  2.0154E+01  1.6292E+01  1.4909E+01  2.3252E+01  2.3131E+01
       2.1847E+01  1.9698E+01  1.6708E+01  1.7570E+01  1.8954E+01  1.8672E+01  2.4260E+01  2.3183E+01  2.2362E+01  3.4003E+01
       2.5923E+01  1.9971E+01  1.2968E+01  2.4277E+01  2.0220E+01  2.6863E+01  2.3053E+01  2.1859E+01  2.1783E+01  2.2847E+01
