1
   Cartesian binning n.   1  "DoseEq    " , generalized particle n.  240
      X coordinate: from -8.5000E+01 to  8.5000E+01 cm,    10 bins ( 1.7000E+01 cm wide)
      Y coordinate: from -2.5000E+01 to  2.5000E+01 cm,    10 bins ( 5.0000E+00 cm wide)
      Z coordinate: from  2.2500E+02 to  2.7500E+02 cm,    10 bins ( 5.0000E+00 cm wide)
      Data follow in a matrix A(ix,iy,iz), format (1(5x,1p,10(1x,e11.4)))

      accurate deposition along the tracks requested
      this is a track-length binning
       1.7240E-05  2.1512E-05  2.2586E-05  2.9530E-05  3.3282E-05  3.6368E-05  3.1480E-05  2.5160E-05  2.0482E-05  2.1067E-05
       2.1991E-05  2.3007E-05  2.8813E-05  3.1537E-05  3.7036E-05  3.7489E-05  2.5684E-05  3.0495E-05  2.6339E-05  1.6823E-05
       2.2498E-05  2.7172E-05  3.5669E-05  3.1441E-05  3.3245E-05  3.6200E-05  3.2569E-05  3.1616E-05  2.9108E-05  2.3967E-05
       2.2735E-05  3.1137E-05  3.4031E-05  2.7761E-05  3.7007E-05  3.7054E-05  3.0006E-05  2.9002E-05  2.5303E-05  2.4065E-05
       2.0935E-05  2.9468E-05  3.2573E-05  3.1867E-05  4.2654E-05  3.4574E-05  3.7756E-05  2.9601E-05  2.9391E-05  2.3961E-05
       2.4422E-05  2.8579E-05  3.0375E-05  3.0177E-05  3.7727E-05  3.9877E-05  3.8166E-05  3.4302E-05  3.3746E-05  2.5771E-05
       1.8954E-05  2.9152E-05  2.8976E-05  2.7513E-05  3.7524E-05  3.5367E-05  3.4920E-05  3.3665E-05  2.8839E-05  2.7029E-05
       2.1478E-05  2.5771E-05  2.6460E-05  2.8487E-05  3.5174E-05  4.1664E-05  3.8683E-05  2.9022E-05  2.5669E-05  2.4680E-05
       1.8439E-05  2.5711E-05  3.0750E-05  3.3183E-05  3.3850E-05  3.4761E-05  3.2236E-05  3.0301E-05  2.5031E-05  2.0773E-05
       2.2454E-05  2.4472E-05  2.7229E-05  2.5672E-05  2.7527E-05  3.5146E-05  3.0079E-05  2.5708E-05  1.9417E-05  1.5291E-05
       1.3930E-05  1.6785E-05  2.2105E-05  2.2447E-05  3.3445E-05  2.8141E-05  3.2135E-05  2.2710E-05  1.8002E-05  1.7580E-05
       1.6836E-05  2.3836E-05  2.7533E-05  2.5349E-05  2.8256E-05  3.7842E-05  2.7466E-05  2.4958E-05  2.1474E-05  1.9275E-05
       2.0390E-05  2.7912E-05  3.3054E-05  3.0332E-05  3.2219E-05  3.4804E-05  2.8499E-05  2.9244E-05  2.6394E-05  2.1537E-05
       2.1765E-05  3.3412E-05  3.0353E-05  3.2145E-05  4.0612E-05  3.4091E-05  2.5814E-05  2.8323E-05  2.7186E-05  2.6153E-05
       2.1181E-05  2.6305E-05  3.1316E-05  3.3478E-05  3.7290E-05  4.0919E-05  2.9947E-05  2.9863E-05  2.8870E-05  2.3554E-05
       2.4393E-05  2.6839E-05  2.9602E-05  2.9591E-05  3.6565E-05  3.6741E-05  3.4669E-05  3.5220E-05  3.1688E-05  2.4587E-05
       1.6490E-05  3.3523E-05  2.7659E-05  3.0929E-05  3.8970E-05  3.5866E-05  3.2730E-05  3.0975E-05  2.7062E-05  2.1689E-05
       1.8585E-05  2.3722E-05  2.3258E-05  2.9853E-05  3.6449E-05  3.9090E-05  3.6336E-05  3.3287E-05  2.2554E-05  1.9705E-05
       1.6334E-05  2.0499E-05  2.4681E-05  2.7104E-05  3.1916E-05  3.1608E-05  2.5650E-05  3.5394E-05  2.4013E-05  1.7995E-05
       1.7466E-05  1.8244E-05  2.2190E-05  2.4383E-05  2.3738E-05  2.5860E-05  2.2599E-05  2.3434E-05  1.8007E-05  1.2933E-05
       1.2955E-05  1.4318E-05  1.5433E-05  1.6611E-05  2.3143E-05  2.3229E-05  2.7430E-05  2.0480E-05  1.8947E-05  1.6011E-05
       1.5185E-05  2.1040E-05  2.4309E-05  2.4282E-05  2.3715E-05  3.4775E-05  2.5594E-05  2.2933E-05  1.7651E-05  1.7079E-05
       1.6315E-05  2.0924E-05  2.9605E-05  2.6029E-05  3.0651E-05  3.0786E-05  2.4346E-05  2.3871E-05  2.3958E-05  1.8370E-05
       1.8648E-05  2.4214E-05  2.6729E-05  3.0964E-05  3.8634E-05  2.6921E-05  2.3019E-05  2.2404E-05  2.2042E-05  1.7727E-05
       1.8171E-05  2.0847E-05  2.6354E-05  2.6414E-05  3.0803E-05  3.3438E-05  3.0513E-05  2.2279E-05  2.1657E-05  1.4500E-05
       1.9295E-05  1.9959E-05  2.1193E-05  2.9417E-05  3.1974E-05  3.9296E-05  3.1894E-05  2.5824E-05  2.4061E-05  2.0603E-05
       1.6468E-05  2.6160E-05  2.2877E-05  2.7982E-05  3.1225E-05  3.4163E-05  3.2679E-05  2.3881E-05  2.0207E-05  1.7141E-05
       1.8089E-05  2.1392E-05  2.2238E-05  2.7267E-05  2.9071E-05  3.1695E-05  3.8628E-05  2.8948E-05  2.3826E-05  1.3120E-05
       1.5575E-05  2.0045E-05  2.3114E-05  2.5305E-05  2.6692E-05  2.4766E-05  2.7686E-05  2.8719E-05  2.1529E-05  1.3824E-05
       1.3031E-05  1.5803E-05  1.4587E-05  2.3955E-05  2.1804E-05  1.9283E-05  2.0367E-05  2.2821E-05  1.7213E-05  8.7819E-06
       1.1239E-05  1.3285E-05  1.3326E-05  1.7337E-05  1.9690E-05  1.6159E-05  1.7011E-05  1.8454E-05  1.3950E-05  9.5264E-06
       1.0514E-05  1.3240E-05  1.8103E-05  2.1341E-05  2.2671E-05  2.6413E-05  2.4844E-05  2.0143E-05  1.3199E-05  1.4658E-05
       1.4299E-05  1.9545E-05  2.7866E-05  2.4917E-05  2.6768E-05  2.4942E-05  1.8708E-05  1.7643E-05  1.7605E-05  1.5071E-05
       1.3566E-05  1.8614E-05  2.8587E-05  2.9146E-05  2.8449E-05  1.9030E-05  2.3173E-05  1.9429E-05  2.2992E-05  1.6474E-05
       1.6397E-05  2.2738E-05  2.1281E-05  2.5584E-05  2.9422E-05  2.7162E-05  2.4217E-05  2.0660E-05  2.1375E-05  1.3096E-05
       1.4570E-05  1.8119E-05  1.8845E-05  2.7091E-05  3.2420E-05  2.5475E-05  2.7978E-05  2.1069E-05  1.8327E-05  1.7934E-05
       1.3022E-05  2.1847E-05  2.3271E-05  2.2867E-05  2.5354E-05  2.5638E-05  2.8927E-05  2.0869E-05  2.0667E-05  1.5673E-05
       1.7914E-05  1.6845E-05  1.9714E-05  2.2152E-05  2.4502E-05  2.4252E-05  3.0048E-05  2.5249E-05  2.0675E-05  1.3272E-05
       1.2758E-05  1.4888E-05  1.7071E-05  2.1054E-05  2.3166E-05  2.3891E-05  1.8855E-05  2.2000E-05  1.5634E-05  1.1963E-05
       1.1139E-05  1.5003E-05  1.2049E-05  1.8299E-05  1.8684E-05  1.8759E-05  1.8149E-05  1.8608E-05  1.3493E-05  9.4817E-06
       5.6431E-06  1.0911E-05  1.1080E-05  1.4017E-05  1.4072E-05  1.1943E-05  1.1815E-05  1.2495E-05  1.2465E-05  9.8793E-06
       8.5386E-06  1.2666E-05  1.6294E-05  2.2010E-05  1.8394E-05  2.3162E-05  1.4503E-05  1.4276E-05  1.3009E-05  1.0960E-05
       1.2469E-05  1.6960E-05  1.9137E-05  2.3210E-05  2.3224E-05  2.0310E-05  1.6301E-05  1.4215E-05  1.3606E-05  1.0541E-05
       1.3046E-05  1.6375E-05  2.2650E-05  2.0959E-05  2.5691E-05  1.6143E-05  1.7989E-05  1.3881E-05  1.6322E-05  1.1892E-05
       1.2104E-05  1.8163E-05  2.0787E-05  1.9705E-05  2.9498E-05  2.0911E-05  1.9736E-05  1.8196E-05  1.4235E-05  1.1799E-05
       1.0367E-05  1.4336E-05  1.4263E-05  2.7436E-05  2.5217E-05  2.6329E-05  1.8831E-05  2.1832E-05  2.0080E-05  1.6867E-05
       1.1059E-05  1.8197E-05  1.8872E-05  2.2835E-05  2.0983E-05  1.9920E-05  2.2014E-05  1.5908E-05  1.6878E-05  1.3042E-05
       1.3303E-05  1.3514E-05  1.5952E-05  1.9601E-05  2.1126E-05  2.1623E-05  1.8777E-05  1.7969E-05  1.9829E-05  1.0375E-05
       1.2144E-05  1.3679E-05  1.6400E-05  1.7678E-05  1.6838E-05  2.1128E-05  1.6365E-05  1.7176E-05  1.0612E-05  1.0444E-05
       9.9045E-06  1.0301E-05  1.2061E-05  1.4475E-05  1.4955E-05  1.5378E-05  1.6912E-05  1.3769E-05  9.4247E-06  6.4919E-06
       5.3536E-06  7.0722E-06  8.7887E-06  1.0472E-05  1.5510E-05  1.1568E-05  1.0097E-05  8.9384E-06  1.0727E-05  6.7226E-06
       6.2919E-06  1.1231E-05  1.1445E-05  1.6204E-05  1.6027E-05  2.0138E-05  1.3003E-05  1.2103E-05  1.2126E-05  7.4418E-06
       7.6208E-06  1.5087E-05  1.8219E-05  1.8315E-05  2.1204E-05  1.8980E-05  1.2756E-05  1.0424E-05  1.1932E-05  7.4301E-06
       1.0514E-05  1.5977E-05  2.2005E-05  1.8922E-05  2.1450E-05  1.5397E-05  1.8725E-05  1.2177E-05  1.0920E-05  1.0040E-05
       9.3770E-06  1.4054E-05  1.4439E-05  2.3432E-05  2.5964E-05  2.1162E-05  1.6034E-05  1.4212E-05  1.1421E-05  1.2891E-05
       8.7752E-06  1.7459E-05  1.6109E-05  1.9325E-05  1.7222E-05  2.2739E-05  1.4679E-05  1.4435E-05  1.4862E-05  1.0681E-05
       1.0314E-05  1.5358E-05  1.5470E-05  1.6625E-05  1.6021E-05  1.8425E-05  1.8115E-05  1.4410E-05  1.4177E-05  1.1462E-05
       1.0433E-05  1.3709E-05  1.3790E-05  1.8407E-05  1.7195E-05  1.8441E-05  1.4833E-05  1.4094E-05  1.3109E-05  9.6489E-06
       9.9646E-06  1.1235E-05  1.1418E-05  1.8182E-05  1.3456E-05  1.5486E-05  1.3255E-05  1.5213E-05  1.1300E-05  8.8131E-06
       5.1482E-06  8.9812E-06  9.8708E-06  1.3047E-05  1.1313E-05  1.1518E-05  1.5197E-05  1.0175E-05  7.4464E-06  5.9909E-06
       3.4070E-06  6.8282E-06  7.2899E-06  5.9933E-06  8.6107E-06  9.7854E-06  7.6923E-06  8.2328E-06  7.7005E-06  6.9646E-06
       6.6685E-06  6.8373E-06  1.0719E-05  1.1410E-05  1.0244E-05  1.4044E-05  7.6848E-06  1.2178E-05  8.7765E-06  4.6460E-06
       7.2511E-06  7.9446E-06  1.1878E-05  1.5666E-05  1.1543E-05  1.5750E-05  1.2869E-05  1.1753E-05  9.6741E-06  8.6962E-06
       8.4471E-06  1.2602E-05  1.7626E-05  1.5699E-05  1.4521E-05  1.4547E-05  1.4861E-05  1.1223E-05  8.4133E-06  7.5065E-06
       8.1043E-06  1.1837E-05  1.2230E-05  1.9945E-05  1.8959E-05  1.8100E-05  1.4806E-05  1.0858E-05  1.1584E-05  7.3468E-06
       7.4411E-06  1.5079E-05  9.9185E-06  1.2550E-05  1.4151E-05  1.5415E-05  1.3806E-05  8.8886E-06  1.2735E-05  9.3727E-06
       9.3979E-06  1.4948E-05  1.0574E-05  1.3171E-05  1.4732E-05  1.5660E-05  1.4505E-05  1.2305E-05  1.3154E-05  6.0247E-06
       9.3662E-06  9.6175E-06  9.5289E-06  1.3268E-05  1.5133E-05  1.4050E-05  1.3268E-05  1.3099E-05  1.0070E-05  6.2232E-06
       7.7723E-06  8.5663E-06  1.2771E-05  1.5123E-05  1.2395E-05  9.9932E-06  1.2092E-05  1.3521E-05  6.3586E-06  8.3632E-06
       6.5064E-06  8.0272E-06  7.6774E-06  8.9152E-06  1.1576E-05  1.0338E-05  1.2135E-05  6.4230E-06  3.7597E-06  5.1705E-06
       4.2956E-06  5.4873E-06  7.4822E-06  5.5338E-06  6.4925E-06  7.0196E-06  1.0399E-05  5.7175E-06  3.7295E-06  5.2977E-06
       4.5269E-06  8.5235E-06  7.7993E-06  9.9730E-06  8.2022E-06  8.4885E-06  7.5233E-06  7.9598E-06  7.4696E-06  4.7395E-06
       4.1825E-06  6.4022E-06  1.0684E-05  1.2848E-05  1.0598E-05  1.0910E-05  8.5166E-06  8.8504E-06  4.9477E-06  4.7046E-06
       6.0935E-06  8.2990E-06  1.0510E-05  1.0498E-05  1.0600E-05  1.0109E-05  1.2831E-05  6.8144E-06  7.2531E-06  7.2021E-06
       4.6857E-06  8.5256E-06  8.5859E-06  1.2413E-05  1.3726E-05  1.4297E-05  1.0305E-05  9.6971E-06  1.0671E-05  8.6809E-06
       5.4542E-06  9.9606E-06  8.3239E-06  1.3331E-05  1.4837E-05  1.4152E-05  1.0489E-05  7.8421E-06  1.3427E-05  6.9777E-06
       8.2245E-06  1.0361E-05  9.3339E-06  9.1828E-06  1.2733E-05  1.2875E-05  1.2560E-05  7.7130E-06  1.2654E-05  5.7293E-06
       5.9290E-06  1.0042E-05  7.6471E-06  1.0243E-05  1.1296E-05  1.0828E-05  1.1043E-05  9.5906E-06  8.3239E-06  4.4612E-06
       6.5694E-06  7.7568E-06  6.1788E-06  1.0546E-05  1.0546E-05  1.0223E-05  9.9835E-06  1.1889E-05  5.5319E-06  6.8778E-06
       4.3323E-06  6.7657E-06  8.1787E-06  8.1400E-06  9.9352E-06  6.2752E-06  1.0166E-05  5.5471E-06  2.3185E-06  3.8583E-06
       3.1346E-06  5.8142E-06  5.3035E-06  4.9986E-06  5.0406E-06  5.9683E-06  8.0116E-06  5.4804E-06  2.4229E-06  3.8996E-06
       3.7192E-06  7.2858E-06  3.7532E-06  8.6236E-06  7.4355E-06  8.8697E-06  6.5335E-06  4.3258E-06  4.4335E-06  4.7845E-06
       4.4325E-06  3.9099E-06  5.3086E-06  1.1420E-05  8.2161E-06  7.2165E-06  6.0042E-06  5.1727E-06  6.5531E-06  3.2514E-06
       5.4130E-06  7.7647E-06  8.9743E-06  8.2347E-06  9.1211E-06  9.9769E-06  6.1439E-06  5.6977E-06  3.2811E-06  6.3367E-06
       3.6824E-06  6.9667E-06  6.6853E-06  1.2478E-05  1.0962E-05  1.0814E-05  9.6946E-06  8.5964E-06  9.6000E-06  6.5107E-06
       3.7428E-06  6.5685E-06  7.2312E-06  1.1507E-05  1.0313E-05  1.1043E-05  7.0337E-06  6.4864E-06  9.7495E-06  4.7984E-06
       5.4666E-06  8.4823E-06  7.8678E-06  1.1184E-05  1.1005E-05  1.1159E-05  8.6081E-06  7.8164E-06  1.0225E-05  3.6867E-06
       4.3231E-06  7.3182E-06  9.0299E-06  7.4529E-06  7.0109E-06  1.0373E-05  7.8695E-06  8.7756E-06  6.9187E-06  3.5003E-06
       5.1932E-06  5.6363E-06  5.8778E-06  7.9186E-06  6.0761E-06  7.5065E-06  6.6967E-06  6.1525E-06  3.2039E-06  4.1348E-06
       3.3089E-06  4.6415E-06  3.8513E-06  4.0720E-06  5.0811E-06  4.5478E-06  6.7640E-06  4.2404E-06  4.1639E-06  2.6871E-06
       1.6170E-06  2.6690E-06  4.1755E-06  4.2437E-06  3.4045E-06  6.2554E-06  4.2409E-06  4.2825E-06  1.6985E-06  1.6661E-06
       2.0697E-06  3.4553E-06  3.3717E-06  4.6905E-06  5.6080E-06  5.4768E-06  4.1721E-06  3.7363E-06  4.0076E-06  3.2593E-06
       2.3321E-06  4.3210E-06  3.1278E-06  6.8438E-06  3.9452E-06  6.4247E-06  4.9190E-06  4.3113E-06  3.3280E-06  2.6379E-06
       3.4977E-06  5.3571E-06  3.5205E-06  8.0504E-06  5.8804E-06  9.3812E-06  6.0511E-06  6.4300E-06  3.6558E-06  3.0607E-06
       2.6706E-06  4.4251E-06  5.2397E-06  9.6847E-06  7.1506E-06  1.0108E-05  6.5043E-06  6.2383E-06  8.1231E-06  4.3375E-06
       4.2450E-06  5.2188E-06  4.6778E-06  9.3280E-06  6.3527E-06  8.2899E-06  6.5097E-06  6.8028E-06  6.9549E-06  4.4185E-06
       2.5111E-06  7.2911E-06  5.9870E-06  7.3916E-06  5.9861E-06  9.1551E-06  7.0746E-06  4.6534E-06  6.2261E-06  3.4050E-06
       4.0811E-06  6.1516E-06  5.4932E-06  4.3858E-06  5.8878E-06  6.3722E-06  5.4346E-06  6.3820E-06  3.9069E-06  3.7104E-06
       4.7877E-06  3.1150E-06  2.8903E-06  5.2382E-06  5.0737E-06  4.1060E-06  4.5803E-06  4.1070E-06  3.0842E-06  2.0680E-06
       3.1545E-06  2.5589E-06  2.4776E-06  2.8752E-06  6.1558E-06  4.5621E-06  5.0999E-06  4.1394E-06  2.8620E-06  2.2912E-06

      Percentage errors follow in a matrix A(ix,iy,iz), format (1(5x,1p,10(1x,e11.4)))

       1.1765E+01  1.2805E+01  9.5192E+00  9.3526E+00  1.2114E+01  1.0122E+01  1.0662E+01  1.3028E+01  1.3793E+01  1.2432E+01
       1.1452E+01  1.0033E+01  9.2686E+00  9.9806E+00  8.8794E+00  1.1932E+01  1.0276E+01  7.9408E+00  1.3802E+01  1.1874E+01
       1.3311E+01  1.0184E+01  6.9269E+00  8.3213E+00  1.1244E+01  9.6850E+00  1.0989E+01  9.0956E+00  1.0380E+01  1.0167E+01
       1.3336E+01  8.9179E+00  9.1442E+00  7.7601E+00  1.0473E+01  1.0846E+01  1.1550E+01  9.7075E+00  9.1683E+00  9.1765E+00
       1.3373E+01  1.2092E+01  9.4216E+00  7.5701E+00  7.0504E+00  9.1697E+00  1.0701E+01  1.0694E+01  1.0346E+01  1.1657E+01
       1.5291E+01  8.3272E+00  6.7645E+00  8.4707E+00  1.0940E+01  9.9537E+00  1.1418E+01  9.5302E+00  9.9767E+00  1.0497E+01
       1.5083E+01  8.1447E+00  1.0890E+01  1.1219E+01  9.0275E+00  8.1768E+00  8.4441E+00  1.1350E+01  9.4826E+00  9.8467E+00
       1.0652E+01  1.2018E+01  8.7264E+00  9.3232E+00  9.2684E+00  9.9584E+00  8.9205E+00  1.0599E+01  1.1901E+01  1.2261E+01
       1.3126E+01  1.1076E+01  1.0073E+01  7.3968E+00  6.6969E+00  7.8519E+00  9.1632E+00  1.0195E+01  1.3662E+01  1.2201E+01
       1.2946E+01  1.0780E+01  1.2079E+01  9.5582E+00  1.3029E+01  8.5116E+00  9.2386E+00  1.3016E+01  1.2317E+01  1.4185E+01
       1.4704E+01  1.2112E+01  1.1116E+01  1.2870E+01  1.1749E+01  1.1636E+01  1.0447E+01  1.2621E+01  9.9914E+00  8.9124E+00
       1.1992E+01  8.4904E+00  9.5342E+00  1.0201E+01  7.9491E+00  8.9258E+00  1.0071E+01  1.0970E+01  1.2803E+01  1.4953E+01
       1.9604E+01  1.1590E+01  9.7271E+00  1.0867E+01  9.1813E+00  8.6394E+00  1.0627E+01  1.1031E+01  1.2030E+01  1.0629E+01
       1.3220E+01  1.0831E+01  1.0603E+01  1.0126E+01  1.0146E+01  9.0883E+00  9.7064E+00  8.6852E+00  9.5427E+00  1.3500E+01
       1.3880E+01  9.0084E+00  1.0507E+01  6.6364E+00  9.3711E+00  9.5192E+00  1.0608E+01  8.6948E+00  1.0183E+01  1.6333E+01
       1.1994E+01  8.5300E+00  9.9745E+00  1.0647E+01  9.0094E+00  9.6539E+00  8.7670E+00  9.1895E+00  1.0928E+01  1.1541E+01
       1.7685E+01  1.2562E+01  1.5177E+01  1.0267E+01  8.8684E+00  8.7080E+00  1.1985E+01  1.0591E+01  1.0168E+01  1.3057E+01
       1.4697E+01  1.1008E+01  1.1197E+01  1.1292E+01  7.2835E+00  9.1017E+00  1.0235E+01  1.3920E+01  1.2386E+01  1.1466E+01
       1.9357E+01  1.3822E+01  1.0214E+01  9.4268E+00  9.1300E+00  6.0095E+00  1.1264E+01  9.8276E+00  1.3841E+01  1.1307E+01
       1.7110E+01  1.0903E+01  1.1230E+01  1.2414E+01  1.1984E+01  1.1081E+01  1.4033E+01  1.3689E+01  1.3249E+01  1.4399E+01
       1.7326E+01  1.4810E+01  1.7297E+01  1.1901E+01  1.1901E+01  9.7650E+00  1.0244E+01  1.3043E+01  1.5131E+01  1.2684E+01
       1.9572E+01  1.3023E+01  1.0414E+01  1.0655E+01  8.4802E+00  1.1238E+01  1.1097E+01  1.2493E+01  1.6226E+01  1.4029E+01
       1.6505E+01  1.0292E+01  1.1054E+01  1.0539E+01  1.0248E+01  1.2392E+01  1.3099E+01  1.1569E+01  1.6108E+01  1.1121E+01
       1.5364E+01  1.2342E+01  1.1488E+01  1.4488E+01  1.2466E+01  1.0706E+01  1.1455E+01  1.2065E+01  1.7556E+01  1.4451E+01
       1.6549E+01  9.9159E+00  1.3800E+01  6.1482E+00  1.0812E+01  8.0329E+00  8.0511E+00  9.3580E+00  1.3782E+01  1.5876E+01
       1.6132E+01  1.1427E+01  9.5521E+00  1.1714E+01  1.3542E+01  1.1303E+01  1.1830E+01  1.0780E+01  1.0875E+01  1.7840E+01
       1.9074E+01  1.2121E+01  1.4201E+01  1.0262E+01  8.6823E+00  7.6651E+00  1.0579E+01  1.3232E+01  9.4005E+00  1.4299E+01
       1.4098E+01  1.3280E+01  1.0904E+01  1.2896E+01  1.0090E+01  8.7648E+00  1.0328E+01  8.6343E+00  1.1814E+01  1.3487E+01
       1.8313E+01  1.4928E+01  1.2210E+01  1.0018E+01  9.5000E+00  9.2549E+00  1.4387E+01  7.9034E+00  1.4066E+01  1.4882E+01
       1.7587E+01  1.3430E+01  1.4236E+01  8.7479E+00  1.3064E+01  1.3597E+01  1.3823E+01  1.3387E+01  1.2232E+01  1.9568E+01
       1.9676E+01  1.8505E+01  1.3451E+01  1.6963E+01  1.2309E+01  1.2292E+01  1.1170E+01  1.4964E+01  1.4026E+01  1.0936E+01
       1.9696E+01  1.3908E+01  1.7252E+01  1.3485E+01  1.4463E+01  1.3519E+01  8.5340E+00  1.1293E+01  1.8672E+01  1.3989E+01
       1.6709E+01  1.1721E+01  1.2194E+01  1.2966E+01  1.2666E+01  1.4041E+01  1.3996E+01  1.2573E+01  1.4598E+01  1.5582E+01
       1.8186E+01  1.6684E+01  1.2519E+01  1.1598E+01  1.1533E+01  1.1399E+01  1.1627E+01  1.1333E+01  1.7882E+01  1.4771E+01
       1.6862E+01  1.2222E+01  1.3877E+01  1.2104E+01  1.1623E+01  1.0115E+01  8.4906E+00  1.4374E+01  1.3234E+01  1.3938E+01
       1.6274E+01  1.1773E+01  1.3830E+01  1.2971E+01  1.2555E+01  1.0056E+01  1.1483E+01  1.2909E+01  1.1269E+01  1.7458E+01
       1.3319E+01  1.1267E+01  9.5498E+00  1.3203E+01  1.0312E+01  1.1227E+01  1.0152E+01  1.0518E+01  1.3130E+01  1.4082E+01
       1.4484E+01  1.4139E+01  1.0889E+01  1.1276E+01  9.3633E+00  1.0987E+01  1.1419E+01  1.0901E+01  1.2247E+01  1.3715E+01
       1.3220E+01  1.7589E+01  1.0533E+01  1.2175E+01  9.6373E+00  1.2148E+01  1.6375E+01  1.1252E+01  1.5163E+01  1.3935E+01
       1.8084E+01  1.5003E+01  1.5024E+01  1.0223E+01  1.3999E+01  9.6847E+00  1.3935E+01  1.3678E+01  1.5071E+01  2.0599E+01
       2.1607E+01  1.8938E+01  1.4774E+01  1.6228E+01  1.2159E+01  2.2906E+01  1.8700E+01  1.0713E+01  1.4798E+01  1.6749E+01
       2.0010E+01  1.5040E+01  1.4207E+01  1.3560E+01  1.2637E+01  1.5307E+01  1.0572E+01  1.3700E+01  1.5393E+01  1.5474E+01
       1.6848E+01  1.2386E+01  1.5432E+01  1.5424E+01  1.3660E+01  1.5575E+01  2.0414E+01  1.3418E+01  1.3410E+01  2.0018E+01
       2.0548E+01  1.4668E+01  1.3355E+01  1.2105E+01  1.2290E+01  1.4193E+01  1.3159E+01  1.5850E+01  1.5759E+01  1.7730E+01
       2.1580E+01  1.3093E+01  1.1905E+01  1.5660E+01  1.0136E+01  9.8581E+00  1.1175E+01  1.6237E+01  1.3535E+01  1.4409E+01
       1.9492E+01  1.0726E+01  1.6214E+01  1.2765E+01  1.2745E+01  1.0892E+01  1.3537E+01  1.7006E+01  1.5183E+01  1.5783E+01
       1.5800E+01  1.4523E+01  1.0510E+01  1.4922E+01  1.0999E+01  1.4658E+01  9.2199E+00  1.6191E+01  1.4620E+01  2.1472E+01
       1.7235E+01  1.6991E+01  1.4372E+01  9.5600E+00  1.3963E+01  1.7476E+01  1.2553E+01  1.3475E+01  1.2382E+01  1.8338E+01
       1.2426E+01  1.5784E+01  1.3447E+01  1.1021E+01  7.5307E+00  1.4770E+01  1.8773E+01  1.6236E+01  1.4966E+01  1.6644E+01
       1.6181E+01  1.7629E+01  1.1834E+01  1.1942E+01  1.3999E+01  9.5780E+00  1.8572E+01  1.0203E+01  1.6691E+01  2.5298E+01
       2.5938E+01  1.3883E+01  1.7218E+01  1.7931E+01  1.3813E+01  1.9388E+01  1.7930E+01  1.5384E+01  2.1241E+01  1.6548E+01
       2.1522E+01  1.7559E+01  1.4099E+01  1.9574E+01  1.3820E+01  1.9578E+01  1.5314E+01  1.7278E+01  1.8792E+01  2.1861E+01
       1.7229E+01  1.1042E+01  1.5745E+01  1.7793E+01  1.3485E+01  1.5881E+01  1.4950E+01  1.7844E+01  1.5362E+01  1.9516E+01
       2.1810E+01  1.9210E+01  1.2740E+01  1.7378E+01  1.3977E+01  1.6793E+01  1.4816E+01  2.0351E+01  2.2790E+01  1.7635E+01
       1.9276E+01  1.4795E+01  1.7005E+01  1.6078E+01  9.5177E+00  1.1394E+01  1.6177E+01  1.5509E+01  1.4583E+01  2.3466E+01
       2.1285E+01  1.6006E+01  1.9625E+01  1.1590E+01  1.0899E+01  9.3848E+00  1.5050E+01  1.5666E+01  1.6686E+01  1.4793E+01
       1.7979E+01  1.5678E+01  1.6311E+01  1.3297E+01  1.2450E+01  8.5983E+00  1.5605E+01  1.6139E+01  1.5210E+01  1.5105E+01
       1.8085E+01  1.5394E+01  1.2735E+01  1.0619E+01  1.2185E+01  1.4495E+01  1.7319E+01  1.3852E+01  1.8437E+01  1.7503E+01
       1.4699E+01  1.9021E+01  1.4202E+01  1.7621E+01  1.5818E+01  1.4046E+01  1.6278E+01  1.8032E+01  2.1920E+01  2.2597E+01
       2.2681E+01  1.5551E+01  1.8121E+01  1.3830E+01  1.4773E+01  1.6353E+01  2.1819E+01  1.6617E+01  2.6013E+01  2.0471E+01
       2.0442E+01  2.0418E+01  1.7704E+01  2.2074E+01  1.8503E+01  1.3152E+01  1.8354E+01  2.1596E+01  1.8751E+01  2.4527E+01
       1.9873E+01  2.0867E+01  1.5659E+01  1.6558E+01  1.9512E+01  1.7286E+01  1.6877E+01  1.9284E+01  1.8767E+01  2.6979E+01
       2.0631E+01  2.1133E+01  1.3366E+01  1.7970E+01  1.4916E+01  1.7795E+01  1.2438E+01  1.7007E+01  1.2436E+01  1.9466E+01
       2.3793E+01  1.5301E+01  1.2196E+01  1.4317E+01  1.1798E+01  1.5244E+01  1.5106E+01  1.7461E+01  1.8242E+01  1.6581E+01
       2.3448E+01  1.6918E+01  1.3458E+01  1.8855E+01  1.4717E+01  1.0096E+01  1.7340E+01  2.2067E+01  1.5770E+01  2.0711E+01
       1.9531E+01  1.3248E+01  1.5773E+01  1.4784E+01  1.4278E+01  1.3543E+01  1.3869E+01  2.0730E+01  1.6424E+01  2.0135E+01
       2.0185E+01  1.8747E+01  1.7357E+01  1.4019E+01  1.4575E+01  1.2047E+01  1.2818E+01  1.7045E+01  1.5445E+01  2.0759E+01
       1.4290E+01  1.5457E+01  1.8905E+01  1.6885E+01  1.3416E+01  1.7405E+01  1.7475E+01  1.5790E+01  2.1510E+01  2.4070E+01
       1.1709E+01  3.0206E+01  1.4847E+01  1.7004E+01  1.7986E+01  1.5956E+01  1.8661E+01  1.9049E+01  2.6689E+01  2.4032E+01
       1.9310E+01  1.9515E+01  1.8763E+01  1.8600E+01  1.3869E+01  1.4930E+01  1.9956E+01  2.4534E+01  3.0998E+01  2.2617E+01
       1.9453E+01  2.2517E+01  1.5788E+01  1.8864E+01  2.1454E+01  2.0490E+01  1.9454E+01  1.8870E+01  3.1017E+01  2.0396E+01
       2.9133E+01  2.0993E+01  1.8358E+01  1.2392E+01  1.8216E+01  2.0665E+01  2.0796E+01  1.7207E+01  2.1330E+01  2.9383E+01
       2.0737E+01  2.1714E+01  1.4764E+01  1.7088E+01  2.0345E+01  1.6761E+01  1.6433E+01  2.2480E+01  2.5068E+01  2.0160E+01
       2.8725E+01  2.0092E+01  2.2581E+01  1.5496E+01  1.5039E+01  1.9540E+01  1.3310E+01  1.8610E+01  2.6251E+01  1.7368E+01
       2.1613E+01  1.4347E+01  1.9640E+01  1.2025E+01  1.6371E+01  1.3217E+01  1.5173E+01  2.3930E+01  1.8423E+01  2.0704E+01
       2.4740E+01  1.8198E+01  2.2565E+01  1.4717E+01  1.3231E+01  1.3022E+01  1.8147E+01  2.1880E+01  1.1661E+01  1.9607E+01
       2.4017E+01  1.7675E+01  1.5316E+01  2.0058E+01  1.0673E+01  1.5082E+01  1.4248E+01  1.8760E+01  1.6989E+01  1.9963E+01
       2.3617E+01  2.0059E+01  1.3712E+01  1.5456E+01  1.3871E+01  1.8718E+01  1.5445E+01  1.5457E+01  2.7457E+01  2.6953E+01
       2.4887E+01  1.9133E+01  1.6879E+01  1.7742E+01  1.8198E+01  1.2959E+01  2.7487E+01  1.9827E+01  2.4187E+01  2.3526E+01
       2.0469E+01  2.3016E+01  1.9816E+01  2.3621E+01  1.8889E+01  1.7738E+01  1.8666E+01  2.6745E+01  3.0372E+01  2.8849E+01
       2.3656E+01  2.4446E+01  1.7347E+01  1.8894E+01  2.9289E+01  1.8780E+01  2.2062E+01  2.7294E+01  2.7950E+01  2.9183E+01
       3.4951E+01  1.8931E+01  2.2670E+01  2.3716E+01  1.5624E+01  1.9802E+01  2.3912E+01  2.3349E+01  1.8639E+01  1.9065E+01
       2.7887E+01  2.8410E+01  2.0063E+01  2.2567E+01  2.3217E+01  2.1338E+01  2.2498E+01  2.4881E+01  2.0700E+01  2.1789E+01
       2.4988E+01  2.3603E+01  1.9361E+01  2.1361E+01  1.9976E+01  2.1153E+01  1.9743E+01  2.1584E+01  3.2804E+01  2.1923E+01
       2.7029E+01  1.9214E+01  2.1358E+01  1.7287E+01  2.0372E+01  1.7043E+01  2.2513E+01  2.7757E+01  1.9712E+01  2.4464E+01
       3.5001E+01  2.4440E+01  2.4580E+01  1.5454E+01  1.5872E+01  1.6136E+01  2.1608E+01  1.9935E+01  1.7021E+01  2.0865E+01
       2.5799E+01  1.6608E+01  1.5836E+01  2.2319E+01  1.2557E+01  1.5913E+01  2.2749E+01  2.1696E+01  1.8346E+01  2.4004E+01
       2.2638E+01  2.3701E+01  1.5905E+01  2.1216E+01  1.6857E+01  2.0123E+01  2.0261E+01  1.9574E+01  2.5718E+01  2.4516E+01
       2.6041E+01  2.1105E+01  2.6462E+01  1.6931E+01  2.5057E+01  2.5850E+01  2.2481E+01  3.2352E+01  2.7627E+01  2.5266E+01
       2.6734E+01  2.6464E+01  2.3814E+01  2.7448E+01  2.0961E+01  2.8436E+01  2.0414E+01  2.3833E+01  2.7291E+01  4.4182E+01
       3.6231E+01  2.3060E+01  3.1475E+01  3.2816E+01  3.0923E+01  2.2583E+01  2.6540E+01  2.2570E+01  4.0515E+01  3.7707E+01
       2.5993E+01  2.3512E+01  2.0672E+01  2.3151E+01  1.5653E+01  3.1330E+01  2.7466E+01  2.3382E+01  2.9636E+01  3.0749E+01
       3.7681E+01  3.3187E+01  2.8921E+01  2.3568E+01  2.6265E+01  2.2153E+01  2.5270E+01  2.3683E+01  2.5248E+01  2.9867E+01
       2.6593E+01  2.2799E+01  2.7031E+01  2.2565E+01  2.0838E+01  2.2428E+01  3.2706E+01  3.1901E+01  2.8336E+01  2.7181E+01
       2.9188E+01  2.3222E+01  2.1428E+01  1.7996E+01  2.4284E+01  2.2069E+01  2.9479E+01  3.1466E+01  1.9733E+01  3.4806E+01
       3.6298E+01  2.1671E+01  2.1252E+01  1.6630E+01  1.8117E+01  2.2152E+01  1.8296E+01  2.3381E+01  2.1649E+01  3.2130E+01
       3.3619E+01  1.8754E+01  1.9634E+01  1.5105E+01  2.1069E+01  1.9573E+01  2.2989E+01  2.2981E+01  2.6401E+01  3.4115E+01
       2.3827E+01  1.8507E+01  1.8346E+01  2.1029E+01  2.7178E+01  2.0374E+01  1.9343E+01  1.8646E+01  2.7267E+01  2.8668E+01
       1.9443E+01  2.3479E+01  2.7764E+01  1.7213E+01  3.1809E+01  2.9909E+01  2.2642E+01  2.6358E+01  2.4905E+01  2.6079E+01
       3.2707E+01  2.4870E+01  2.3385E+01  2.6679E+01  2.3175E+01  2.8608E+01  1.8302E+01  3.5347E+01  3.5185E+01  3.0643E+01
