1
   Cartesian binning n.   1  "DoseEq    " , generalized particle n.  240
      X coordinate: from -8.5000E+01 to  8.5000E+01 cm,    10 bins ( 1.7000E+01 cm wide)
      Y coordinate: from -2.5000E+01 to  2.5000E+01 cm,    10 bins ( 5.0000E+00 cm wide)
      Z coordinate: from  2.2500E+02 to  2.7500E+02 cm,    10 bins ( 5.0000E+00 cm wide)
      Data follow in a matrix A(ix,iy,iz), format (1(5x,1p,10(1x,e11.4)))

      accurate deposition along the tracks requested
      this is a track-length binning
       2.8555E-04  3.3335E-04  3.6145E-04  3.8606E-04  4.2553E-04  4.2860E-04  4.0133E-04  3.7539E-04  3.2778E-04  2.7335E-04
       3.0581E-04  3.7850E-04  4.4243E-04  4.4170E-04  4.7376E-04  5.0092E-04  4.8865E-04  4.5508E-04  3.7761E-04  2.9557E-04
       3.0721E-04  4.1213E-04  4.5228E-04  4.7224E-04  5.0540E-04  5.2506E-04  5.3442E-04  4.3621E-04  3.9281E-04  3.2592E-04
       3.5393E-04  4.2366E-04  4.6350E-04  5.0259E-04  5.5173E-04  5.3100E-04  4.9731E-04  4.5481E-04  4.1875E-04  3.4696E-04
       3.4944E-04  4.2127E-04  4.7348E-04  5.2551E-04  5.4530E-04  5.3800E-04  5.1651E-04  4.6201E-04  4.1921E-04  3.4428E-04
       3.3822E-04  4.2559E-04  4.7437E-04  5.0777E-04  5.3305E-04  5.3080E-04  5.0419E-04  4.7538E-04  4.0657E-04  3.3341E-04
       3.2969E-04  4.1624E-04  4.6333E-04  5.0475E-04  5.3279E-04  5.2002E-04  4.9430E-04  4.6468E-04  4.2521E-04  3.3803E-04
       3.3831E-04  4.0430E-04  4.4109E-04  4.8636E-04  5.1594E-04  4.9078E-04  4.9026E-04  4.5952E-04  4.2008E-04  3.3627E-04
       3.2418E-04  3.7662E-04  4.0356E-04  4.7685E-04  5.0810E-04  4.6924E-04  4.5940E-04  4.2691E-04  3.7107E-04  3.1978E-04
       2.7754E-04  3.2731E-04  3.6300E-04  4.2363E-04  4.2672E-04  4.1511E-04  3.9866E-04  3.6991E-04  3.4617E-04  2.7919E-04
       2.2938E-04  2.6854E-04  3.1541E-04  3.2817E-04  3.4689E-04  3.5913E-04  3.4906E-04  3.1765E-04  2.8239E-04  2.2235E-04
       2.7009E-04  3.4966E-04  3.7002E-04  4.0502E-04  4.3113E-04  4.6122E-04  4.4124E-04  4.0210E-04  3.5326E-04  2.6396E-04
       2.7259E-04  3.4232E-04  4.2744E-04  4.6159E-04  4.6797E-04  4.8533E-04  4.9169E-04  3.9842E-04  3.6189E-04  2.8322E-04
       3.0189E-04  3.6260E-04  4.3860E-04  4.8175E-04  5.0025E-04  4.9805E-04  4.6940E-04  4.1794E-04  3.6974E-04  3.1215E-04
       3.0263E-04  3.9210E-04  4.2731E-04  4.9617E-04  5.1566E-04  5.0824E-04  4.6986E-04  4.1599E-04  3.6811E-04  3.0742E-04
       3.0656E-04  3.8895E-04  4.4912E-04  4.7050E-04  4.9534E-04  4.9459E-04  4.7095E-04  4.4094E-04  3.6718E-04  3.0292E-04
       2.8354E-04  3.7374E-04  4.4602E-04  4.6453E-04  5.0260E-04  4.8255E-04  4.6259E-04  4.2758E-04  3.9185E-04  3.0057E-04
       2.9215E-04  3.5916E-04  4.2222E-04  4.4870E-04  4.6572E-04  4.6426E-04  4.4810E-04  4.1276E-04  3.6015E-04  2.8746E-04
       2.8094E-04  3.2442E-04  3.7245E-04  4.2260E-04  4.5478E-04  4.2290E-04  4.1743E-04  3.7298E-04  3.3276E-04  2.7942E-04
       2.2305E-04  2.5596E-04  2.9532E-04  3.1858E-04  3.6746E-04  3.3845E-04  3.2089E-04  3.1065E-04  2.7524E-04  2.0728E-04
       1.6389E-04  2.1109E-04  2.4191E-04  2.6080E-04  2.7256E-04  2.9750E-04  2.4772E-04  2.5244E-04  2.1117E-04  1.6048E-04
       2.1959E-04  2.6871E-04  3.0212E-04  3.4245E-04  3.6672E-04  3.7715E-04  3.3686E-04  3.1359E-04  2.7697E-04  2.1294E-04
       2.1826E-04  2.9770E-04  3.5655E-04  3.8615E-04  4.0770E-04  3.8722E-04  4.0432E-04  3.3807E-04  2.8330E-04  2.2118E-04
       2.2893E-04  3.0451E-04  3.7227E-04  3.9976E-04  4.2806E-04  4.3319E-04  3.9602E-04  3.4132E-04  3.1600E-04  2.3811E-04
       2.4300E-04  3.0857E-04  3.6842E-04  4.2092E-04  4.3135E-04  4.4606E-04  4.1790E-04  3.4650E-04  3.0374E-04  2.3592E-04
       2.3307E-04  3.0903E-04  3.7768E-04  4.0299E-04  4.1389E-04  4.1173E-04  4.1021E-04  3.7892E-04  3.1608E-04  2.3840E-04
       2.4237E-04  2.9985E-04  3.7114E-04  3.8387E-04  4.0355E-04  4.1273E-04  3.9713E-04  3.7114E-04  3.2798E-04  2.3386E-04
       2.3177E-04  3.0397E-04  3.3474E-04  3.5405E-04  3.8418E-04  3.9681E-04  3.7053E-04  3.5726E-04  2.9806E-04  2.3042E-04
       1.9227E-04  2.6428E-04  3.1802E-04  3.3916E-04  3.5662E-04  3.5390E-04  3.1183E-04  2.9173E-04  2.7011E-04  2.0166E-04
       1.5790E-04  2.0032E-04  2.3413E-04  2.5055E-04  2.8032E-04  2.7477E-04  2.5833E-04  2.2843E-04  2.1656E-04  1.5167E-04
       1.2047E-04  1.4925E-04  1.8883E-04  2.0430E-04  2.2247E-04  2.1434E-04  2.0624E-04  1.8195E-04  1.5360E-04  1.2267E-04
       1.7228E-04  2.1083E-04  2.4962E-04  2.6822E-04  2.8428E-04  2.9304E-04  2.5722E-04  2.4469E-04  2.0937E-04  1.6310E-04
       1.7980E-04  2.4763E-04  2.8032E-04  2.9040E-04  3.4024E-04  3.2024E-04  3.0927E-04  2.8367E-04  2.3667E-04  1.8987E-04
       1.7179E-04  2.4559E-04  2.8794E-04  3.0921E-04  3.2560E-04  3.5349E-04  3.0864E-04  3.0030E-04  2.4570E-04  1.8452E-04
       1.7999E-04  2.5551E-04  3.1430E-04  3.2574E-04  3.4043E-04  3.4883E-04  3.3910E-04  2.9824E-04  2.5226E-04  1.9180E-04
       1.9369E-04  2.4405E-04  3.0630E-04  3.1868E-04  3.3885E-04  3.3799E-04  3.3922E-04  3.0035E-04  2.5161E-04  1.8336E-04
       1.8935E-04  2.3255E-04  3.0564E-04  3.1163E-04  3.3788E-04  3.2111E-04  3.3372E-04  2.9092E-04  2.6310E-04  1.8203E-04
       1.7320E-04  2.5004E-04  2.7507E-04  2.9797E-04  3.0367E-04  3.1066E-04  2.9172E-04  2.5945E-04  2.4139E-04  1.6847E-04
       1.5103E-04  2.1052E-04  2.5089E-04  2.6863E-04  2.7067E-04  2.8578E-04  2.5965E-04  2.3925E-04  2.0430E-04  1.6154E-04
       1.2275E-04  1.5854E-04  1.8226E-04  1.9447E-04  2.1888E-04  2.1767E-04  1.9864E-04  1.8200E-04  1.5401E-04  1.0657E-04
       9.2811E-05  1.2727E-04  1.4639E-04  1.6193E-04  1.7407E-04  1.7227E-04  1.6408E-04  1.4989E-04  1.1875E-04  8.7245E-05
       1.2450E-04  1.6879E-04  1.9574E-04  2.1011E-04  2.2026E-04  2.2117E-04  2.1493E-04  2.0747E-04  1.6537E-04  1.3058E-04
       1.3673E-04  1.9556E-04  2.1523E-04  2.2151E-04  2.5541E-04  2.5397E-04  2.5750E-04  2.1976E-04  1.8658E-04  1.3825E-04
       1.3604E-04  2.0187E-04  2.3395E-04  2.5116E-04  2.6525E-04  2.7963E-04  2.5713E-04  2.4578E-04  1.9889E-04  1.4317E-04
       1.3847E-04  2.0062E-04  2.4625E-04  2.4123E-04  2.7802E-04  2.7120E-04  2.6559E-04  2.3703E-04  2.1458E-04  1.4033E-04
       1.4899E-04  1.9466E-04  2.5087E-04  2.5910E-04  2.8381E-04  2.5531E-04  2.6112E-04  2.3251E-04  2.1204E-04  1.3899E-04
       1.3640E-04  1.9661E-04  2.3683E-04  2.6170E-04  2.7542E-04  2.7411E-04  2.4997E-04  2.1784E-04  2.0517E-04  1.4217E-04
       1.2462E-04  2.0362E-04  2.1746E-04  2.2390E-04  2.4528E-04  2.5967E-04  2.2956E-04  2.1009E-04  2.0440E-04  1.3354E-04
       1.1792E-04  1.6374E-04  1.9203E-04  2.0610E-04  2.1369E-04  2.1599E-04  2.0932E-04  1.7783E-04  1.6567E-04  1.0961E-04
       8.6782E-05  1.1508E-04  1.3879E-04  1.5027E-04  1.6820E-04  1.6883E-04  1.4950E-04  1.4524E-04  1.2403E-04  8.2708E-05
       6.8353E-05  9.4718E-05  1.0403E-04  1.2059E-04  1.2837E-04  1.3556E-04  1.2522E-04  1.1031E-04  9.2030E-05  6.8639E-05
       8.9786E-05  1.3217E-04  1.3985E-04  1.5921E-04  1.6849E-04  1.7663E-04  1.7703E-04  1.4167E-04  1.1592E-04  8.5959E-05
       1.1022E-04  1.6714E-04  1.6957E-04  1.8838E-04  2.0430E-04  2.0033E-04  1.9456E-04  1.7616E-04  1.4578E-04  1.0695E-04
       9.9103E-05  1.5506E-04  1.8578E-04  2.0773E-04  2.1008E-04  2.0550E-04  2.0598E-04  1.7952E-04  1.6008E-04  1.0672E-04
       1.1397E-04  1.6324E-04  1.9639E-04  2.1060E-04  2.1756E-04  2.0456E-04  2.1299E-04  1.9347E-04  1.7595E-04  1.0845E-04
       1.1597E-04  1.5764E-04  2.0171E-04  1.9326E-04  2.0751E-04  2.0925E-04  1.9733E-04  1.9701E-04  1.7330E-04  1.0859E-04
       1.0093E-04  1.5592E-04  1.8873E-04  1.9756E-04  2.0649E-04  2.1363E-04  1.8996E-04  1.7461E-04  1.5381E-04  1.2051E-04
       1.0176E-04  1.5419E-04  1.6676E-04  1.8105E-04  1.9276E-04  1.9836E-04  1.8822E-04  1.6528E-04  1.3922E-04  1.1338E-04
       8.9052E-05  1.2370E-04  1.3880E-04  1.5768E-04  1.5985E-04  1.7682E-04  1.5968E-04  1.4166E-04  1.2193E-04  8.3590E-05
       6.8053E-05  8.8703E-05  1.0162E-04  1.1258E-04  1.3984E-04  1.2803E-04  1.1364E-04  1.1552E-04  1.0352E-04  6.0965E-05
       5.4387E-05  7.3462E-05  7.8654E-05  9.7929E-05  1.0340E-04  9.7910E-05  9.6733E-05  8.2252E-05  6.9945E-05  5.4362E-05
       6.6089E-05  1.0421E-04  1.0932E-04  1.2329E-04  1.2383E-04  1.3417E-04  1.3160E-04  1.1174E-04  9.3787E-05  7.0348E-05
       7.9328E-05  1.1319E-04  1.4116E-04  1.4364E-04  1.5210E-04  1.5352E-04  1.3835E-04  1.4232E-04  1.0009E-04  7.9108E-05
       7.8584E-05  1.1498E-04  1.4349E-04  1.5955E-04  1.6658E-04  1.6851E-04  1.5994E-04  1.4075E-04  1.2404E-04  8.5655E-05
       8.9164E-05  1.2641E-04  1.5829E-04  1.5572E-04  1.6028E-04  1.7445E-04  1.7093E-04  1.4560E-04  1.2410E-04  8.3965E-05
       8.4100E-05  1.2378E-04  1.5161E-04  1.5612E-04  1.7716E-04  1.7047E-04  1.5477E-04  1.5044E-04  1.4080E-04  8.6340E-05
       8.0422E-05  1.1296E-04  1.4296E-04  1.4784E-04  1.6851E-04  1.6432E-04  1.4618E-04  1.3306E-04  1.2279E-04  8.7644E-05
       7.3831E-05  1.1268E-04  1.2653E-04  1.3749E-04  1.5021E-04  1.6312E-04  1.4036E-04  1.2047E-04  1.0488E-04  8.8268E-05
       8.0996E-05  9.8785E-05  1.1926E-04  1.1874E-04  1.3484E-04  1.2837E-04  1.1507E-04  1.1051E-04  9.2185E-05  6.6193E-05
       5.4475E-05  7.1152E-05  7.8685E-05  9.3511E-05  1.0222E-04  1.0345E-04  8.6211E-05  9.0802E-05  6.3106E-05  5.0945E-05
       4.6417E-05  5.4033E-05  6.3827E-05  7.0891E-05  8.2540E-05  7.8716E-05  8.0840E-05  7.0286E-05  5.5586E-05  4.2321E-05
       5.5130E-05  7.5813E-05  8.2992E-05  9.5666E-05  9.4784E-05  9.9690E-05  9.9149E-05  9.7013E-05  7.6515E-05  5.3632E-05
       6.6786E-05  7.8830E-05  1.0435E-04  1.1411E-04  1.2276E-04  1.1359E-04  1.0631E-04  1.0974E-04  8.5605E-05  5.8129E-05
       6.6207E-05  8.6173E-05  1.1177E-04  1.2118E-04  1.2049E-04  1.2076E-04  1.3079E-04  1.1996E-04  9.2818E-05  6.1866E-05
       6.6380E-05  9.5144E-05  1.0561E-04  1.2206E-04  1.2302E-04  1.3488E-04  1.3375E-04  1.1221E-04  9.7055E-05  5.8445E-05
       7.4358E-05  9.7449E-05  1.0755E-04  1.2091E-04  1.3379E-04  1.3783E-04  1.1870E-04  1.1696E-04  1.0017E-04  6.9646E-05
       6.2419E-05  8.6104E-05  1.0976E-04  1.2527E-04  1.2646E-04  1.2760E-04  1.1557E-04  9.9949E-05  8.1105E-05  6.5950E-05
       5.7923E-05  9.0935E-05  9.7027E-05  1.1215E-04  1.1155E-04  1.2103E-04  1.0478E-04  9.3646E-05  8.0705E-05  6.4252E-05
       5.7465E-05  7.7021E-05  9.7913E-05  8.3789E-05  8.8148E-05  9.9229E-05  9.1322E-05  8.3921E-05  6.8307E-05  5.0970E-05
       3.7870E-05  5.2309E-05  7.4581E-05  6.3260E-05  7.2868E-05  8.2323E-05  6.9001E-05  7.1997E-05  4.6292E-05  3.6400E-05
       3.5133E-05  4.3293E-05  4.1261E-05  5.3496E-05  5.6548E-05  6.0402E-05  5.6142E-05  5.0755E-05  4.7049E-05  3.4999E-05
       4.4706E-05  5.6800E-05  6.2133E-05  7.3602E-05  7.4341E-05  7.1246E-05  7.2492E-05  6.6515E-05  6.2153E-05  4.3162E-05
       4.8898E-05  6.0975E-05  7.2279E-05  7.3882E-05  8.6582E-05  8.4988E-05  8.7988E-05  7.6978E-05  6.6680E-05  4.4350E-05
       4.6404E-05  6.5961E-05  8.2641E-05  8.9641E-05  9.3977E-05  9.5925E-05  9.0315E-05  9.0880E-05  6.5686E-05  5.0480E-05
       4.4753E-05  7.3361E-05  8.1806E-05  9.0801E-05  9.4966E-05  1.0711E-04  1.0317E-04  9.1653E-05  7.9372E-05  4.5947E-05
       6.0294E-05  7.2059E-05  7.2154E-05  9.3596E-05  1.1104E-04  1.0612E-04  8.8875E-05  9.0487E-05  7.9157E-05  4.6068E-05
       4.7067E-05  6.2038E-05  7.4858E-05  8.4607E-05  8.7696E-05  9.8711E-05  8.1323E-05  8.1478E-05  6.4514E-05  5.3279E-05
       4.7645E-05  6.3411E-05  6.5984E-05  8.5527E-05  8.2089E-05  9.0537E-05  8.4955E-05  7.4522E-05  6.2456E-05  5.0729E-05
       4.4665E-05  5.6497E-05  6.6014E-05  6.2312E-05  6.8076E-05  7.5775E-05  7.1518E-05  6.3998E-05  5.3088E-05  4.2332E-05
       3.1893E-05  4.2726E-05  5.5989E-05  5.3838E-05  5.5818E-05  6.2272E-05  6.0993E-05  4.9130E-05  4.3331E-05  2.9690E-05
       2.5285E-05  3.2451E-05  3.5111E-05  3.8453E-05  4.4998E-05  4.1067E-05  4.1824E-05  3.9035E-05  3.9966E-05  2.5894E-05
       2.8647E-05  3.7219E-05  4.6759E-05  5.2501E-05  5.2187E-05  6.0934E-05  4.9567E-05  4.4794E-05  4.7293E-05  2.9949E-05
       3.0653E-05  3.9556E-05  5.6546E-05  5.7662E-05  6.0107E-05  6.2680E-05  5.4633E-05  4.9844E-05  4.0880E-05  3.1206E-05
       3.9679E-05  5.2213E-05  5.4213E-05  6.5830E-05  6.0522E-05  7.0965E-05  6.3480E-05  5.6594E-05  5.2027E-05  3.7590E-05
       4.2709E-05  5.2461E-05  5.9766E-05  6.3137E-05  6.5202E-05  6.9472E-05  7.3092E-05  6.0678E-05  5.6323E-05  3.6106E-05
       3.9632E-05  5.1529E-05  6.0038E-05  6.3814E-05  7.2476E-05  7.2974E-05  5.8477E-05  6.4208E-05  5.9131E-05  3.6253E-05
       3.4134E-05  4.7218E-05  5.1381E-05  6.0314E-05  6.5142E-05  6.4912E-05  5.6429E-05  5.4700E-05  5.7648E-05  3.5760E-05
       3.4175E-05  4.6794E-05  4.9608E-05  5.9657E-05  5.9014E-05  6.4921E-05  6.2105E-05  5.8342E-05  4.7310E-05  3.8902E-05
       3.2573E-05  3.6073E-05  4.9622E-05  4.5616E-05  5.8024E-05  5.3213E-05  5.5881E-05  4.9460E-05  3.9140E-05  3.2168E-05
       2.6224E-05  3.1417E-05  3.8340E-05  4.5357E-05  5.5730E-05  4.9010E-05  4.2723E-05  3.9048E-05  3.0108E-05  3.1333E-05

      Percentage errors follow in a matrix A(ix,iy,iz), format (1(5x,1p,10(1x,e11.4)))

       3.3487E+00  3.4579E+00  3.1759E+00  3.0882E+00  3.2085E+00  2.5618E+00  2.8546E+00  2.9302E+00  3.2854E+00  3.1848E+00
       3.3333E+00  3.2824E+00  2.7782E+00  3.6900E+00  2.7586E+00  2.7761E+00  2.6872E+00  2.8760E+00  3.0088E+00  2.8878E+00
       3.1835E+00  2.2027E+00  2.2501E+00  3.0521E+00  3.0281E+00  2.8819E+00  3.0588E+00  2.5638E+00  4.0811E+00  4.2318E+00
       3.2001E+00  2.5475E+00  2.7813E+00  2.3018E+00  2.7655E+00  2.5219E+00  2.6789E+00  2.5456E+00  2.7815E+00  2.7085E+00
       3.7091E+00  2.7984E+00  2.6604E+00  2.0844E+00  2.3852E+00  2.2534E+00  2.4863E+00  2.8633E+00  3.5603E+00  3.6742E+00
       2.4683E+00  2.6251E+00  2.8741E+00  2.9293E+00  2.7214E+00  2.2891E+00  2.0773E+00  2.0215E+00  3.0829E+00  3.1452E+00
       3.2058E+00  2.8143E+00  2.8359E+00  2.6553E+00  2.6949E+00  2.7747E+00  1.9934E+00  2.2274E+00  3.1910E+00  2.8360E+00
       3.8285E+00  3.2279E+00  2.2739E+00  3.2198E+00  3.0100E+00  2.7029E+00  3.1650E+00  2.8090E+00  2.7523E+00  2.8830E+00
       3.4884E+00  2.5703E+00  2.5494E+00  2.8679E+00  2.2728E+00  1.9117E+00  2.2432E+00  3.2454E+00  3.5937E+00  3.2283E+00
       3.8835E+00  3.1080E+00  2.9885E+00  2.3837E+00  3.2264E+00  2.6871E+00  3.3873E+00  2.7052E+00  3.6233E+00  2.9894E+00
       3.9775E+00  2.9999E+00  2.7672E+00  3.9467E+00  4.2509E+00  2.6825E+00  3.3371E+00  3.1058E+00  4.0340E+00  2.8263E+00
       3.2355E+00  2.9825E+00  2.7491E+00  3.7086E+00  2.9751E+00  2.5428E+00  3.5399E+00  2.5993E+00  2.9975E+00  3.5047E+00
       3.8908E+00  2.4114E+00  2.6620E+00  3.5321E+00  3.2749E+00  3.0876E+00  3.0410E+00  3.5028E+00  3.4016E+00  4.4873E+00
       2.7529E+00  3.5570E+00  2.6134E+00  3.2491E+00  2.1101E+00  2.6504E+00  2.9139E+00  2.7164E+00  3.2157E+00  3.6760E+00
       3.0844E+00  3.3961E+00  2.4045E+00  2.4489E+00  1.9887E+00  2.8759E+00  2.6494E+00  2.2122E+00  3.0805E+00  3.7446E+00
       3.9079E+00  3.3461E+00  2.6627E+00  3.1574E+00  2.1880E+00  3.1648E+00  2.7282E+00  2.4302E+00  3.6760E+00  2.8408E+00
       4.3499E+00  2.9710E+00  3.5162E+00  3.4778E+00  2.3262E+00  3.0882E+00  2.9111E+00  2.7863E+00  3.4741E+00  2.2855E+00
       3.2339E+00  2.7651E+00  3.6660E+00  3.3405E+00  2.9658E+00  2.7736E+00  3.1455E+00  3.5634E+00  3.1898E+00  2.7608E+00
       4.3950E+00  3.2780E+00  2.7817E+00  3.3663E+00  2.7121E+00  2.8643E+00  2.7416E+00  3.6996E+00  3.1053E+00  3.6960E+00
       4.8580E+00  3.8425E+00  2.9682E+00  3.1326E+00  3.1154E+00  2.8210E+00  4.3467E+00  3.5535E+00  3.4616E+00  3.6557E+00
       3.9714E+00  3.2277E+00  3.4353E+00  3.8942E+00  4.2137E+00  2.9365E+00  3.9447E+00  4.0610E+00  3.6813E+00  3.0833E+00
       4.2772E+00  3.8631E+00  2.7774E+00  3.4634E+00  3.8481E+00  3.4857E+00  3.9439E+00  3.0102E+00  3.0002E+00  2.8405E+00
       4.0762E+00  2.8201E+00  2.3210E+00  3.8512E+00  2.8466E+00  2.6651E+00  2.3281E+00  2.7662E+00  4.0170E+00  4.0606E+00
       3.8980E+00  2.8257E+00  2.4906E+00  3.0589E+00  2.9349E+00  2.3058E+00  4.2051E+00  3.0718E+00  4.5015E+00  3.5544E+00
       4.0194E+00  3.8948E+00  3.0963E+00  2.2689E+00  3.0239E+00  3.0551E+00  3.1949E+00  3.1329E+00  2.3224E+00  3.8867E+00
       3.5682E+00  3.2887E+00  3.7156E+00  3.2853E+00  2.2637E+00  2.1284E+00  2.3416E+00  2.3644E+00  3.7767E+00  3.6955E+00
       3.6281E+00  2.8618E+00  3.5959E+00  3.2356E+00  3.6940E+00  2.4841E+00  3.0117E+00  2.8806E+00  2.7445E+00  4.0065E+00
       4.1256E+00  3.3978E+00  4.4702E+00  2.5662E+00  2.9220E+00  3.1303E+00  3.2014E+00  4.6238E+00  3.7829E+00  4.7208E+00
       4.3218E+00  3.5619E+00  4.1763E+00  3.3540E+00  2.6927E+00  2.7038E+00  3.5795E+00  4.2463E+00  2.9816E+00  3.8826E+00
       4.3776E+00  3.3891E+00  3.9767E+00  3.2835E+00  2.5633E+00  3.2048E+00  3.6151E+00  4.4824E+00  4.1275E+00  5.1219E+00
       7.6379E+00  4.6146E+00  3.4800E+00  4.9262E+00  3.8642E+00  3.4009E+00  4.7189E+00  4.0570E+00  4.5119E+00  5.3433E+00
       5.4781E+00  3.9686E+00  3.5353E+00  3.8299E+00  3.9511E+00  3.5600E+00  4.9670E+00  2.8722E+00  3.8604E+00  5.4085E+00
       6.3592E+00  3.0739E+00  3.5320E+00  3.7029E+00  2.4757E+00  3.6275E+00  3.1103E+00  4.4242E+00  4.1720E+00  4.0122E+00
       4.1111E+00  3.8153E+00  3.0064E+00  3.1526E+00  3.1994E+00  3.3524E+00  2.4425E+00  4.2666E+00  4.8217E+00  4.0790E+00
       4.0090E+00  3.6365E+00  3.5384E+00  3.7089E+00  2.7095E+00  3.0474E+00  2.8303E+00  3.8043E+00  2.4901E+00  5.9184E+00
       3.7269E+00  3.5952E+00  3.4221E+00  3.8105E+00  2.9716E+00  2.6790E+00  2.2723E+00  4.6319E+00  4.1121E+00  3.5390E+00
       3.3497E+00  3.5687E+00  3.6491E+00  3.7640E+00  4.2701E+00  3.3921E+00  3.3697E+00  4.1360E+00  4.6213E+00  2.6020E+00
       4.2618E+00  2.9336E+00  3.9241E+00  2.9109E+00  2.9186E+00  3.0046E+00  2.6146E+00  2.4566E+00  4.5569E+00  4.8764E+00
       6.3480E+00  3.5979E+00  4.0678E+00  3.9391E+00  4.7374E+00  3.9321E+00  4.5651E+00  3.7295E+00  3.9539E+00  6.0481E+00
       3.7131E+00  5.7086E+00  4.3124E+00  4.0970E+00  4.2304E+00  4.0821E+00  4.0003E+00  5.0020E+00  3.9351E+00  5.7006E+00
       6.3564E+00  4.2841E+00  5.5181E+00  4.3316E+00  4.7051E+00  4.0668E+00  4.3280E+00  6.0208E+00  5.6706E+00  6.2725E+00
       5.3598E+00  3.7440E+00  4.7665E+00  5.0912E+00  4.0810E+00  3.0936E+00  4.1478E+00  3.7775E+00  4.8666E+00  4.2981E+00
       5.8274E+00  4.2321E+00  3.8855E+00  4.8877E+00  2.9887E+00  3.8994E+00  4.1537E+00  3.9352E+00  5.5782E+00  4.7036E+00
       5.5098E+00  3.9067E+00  2.9126E+00  3.5001E+00  4.4108E+00  3.3981E+00  2.5412E+00  3.5662E+00  4.8663E+00  3.0855E+00
       6.4215E+00  5.1699E+00  3.3321E+00  3.7036E+00  3.5453E+00  4.3452E+00  3.8418E+00  3.6593E+00  4.1732E+00  4.2026E+00
       5.1573E+00  3.3341E+00  3.6760E+00  3.0260E+00  3.0733E+00  3.1139E+00  3.0863E+00  4.0596E+00  5.4118E+00  6.1744E+00
       3.7588E+00  4.2861E+00  4.0201E+00  4.6305E+00  3.0381E+00  3.5441E+00  2.6489E+00  5.3838E+00  3.9591E+00  3.5978E+00
       6.0299E+00  3.3585E+00  5.2434E+00  4.0569E+00  3.6675E+00  4.2148E+00  3.1127E+00  5.0890E+00  5.2401E+00  4.3444E+00
       6.4129E+00  4.2904E+00  5.2818E+00  4.3826E+00  4.5369E+00  3.8379E+00  2.9803E+00  4.9853E+00  5.9317E+00  3.6171E+00
       5.7401E+00  6.3731E+00  4.1498E+00  4.8529E+00  6.1370E+00  4.0946E+00  4.2717E+00  5.8044E+00  3.9207E+00  5.8736E+00
       7.2045E+00  6.3637E+00  5.2043E+00  4.0908E+00  4.6439E+00  4.9252E+00  5.7207E+00  7.3051E+00  6.0325E+00  5.7222E+00
       5.6413E+00  4.7267E+00  5.0510E+00  4.6336E+00  3.8568E+00  4.4495E+00  5.2365E+00  5.3714E+00  4.7983E+00  5.4828E+00
       6.1172E+00  5.8615E+00  4.3036E+00  4.3788E+00  4.6399E+00  3.2553E+00  2.5214E+00  5.8820E+00  6.5755E+00  6.0323E+00
       7.1996E+00  4.5918E+00  3.6229E+00  4.3750E+00  4.5064E+00  3.9214E+00  2.5680E+00  5.1502E+00  5.0061E+00  5.9927E+00
       4.8741E+00  6.1205E+00  4.1067E+00  4.6905E+00  3.2358E+00  4.2947E+00  4.7577E+00  3.3040E+00  4.4262E+00  7.1304E+00
       5.8969E+00  5.0159E+00  3.9781E+00  4.3568E+00  3.4809E+00  4.1220E+00  4.2250E+00  3.0694E+00  5.4982E+00  5.5344E+00
       4.8210E+00  4.3932E+00  4.1413E+00  3.9479E+00  4.5722E+00  2.6752E+00  3.7517E+00  5.3737E+00  5.6602E+00  5.5647E+00
       6.4311E+00  4.2824E+00  4.4573E+00  5.1557E+00  4.1226E+00  4.6329E+00  3.3289E+00  5.4755E+00  5.1378E+00  5.6949E+00
       4.7189E+00  4.9839E+00  5.7777E+00  5.2311E+00  3.9152E+00  4.9613E+00  3.6115E+00  4.3230E+00  6.3668E+00  5.4519E+00
       8.1091E+00  4.0286E+00  5.7656E+00  5.3710E+00  5.6174E+00  4.2228E+00  3.7699E+00  5.1472E+00  3.0646E+00  8.5203E+00
       7.1852E+00  5.9226E+00  7.6264E+00  5.7258E+00  7.1492E+00  5.2243E+00  4.9295E+00  7.6886E+00  8.6805E+00  7.4776E+00
       7.3858E+00  6.0023E+00  5.5731E+00  5.9567E+00  4.2644E+00  4.5817E+00  4.3423E+00  4.5369E+00  5.7423E+00  9.9621E+00
       4.3805E+00  6.2480E+00  5.8290E+00  5.1004E+00  3.8562E+00  4.5039E+00  6.1152E+00  4.9116E+00  5.7418E+00  7.7968E+00
       5.8270E+00  5.8260E+00  5.2893E+00  5.2985E+00  5.2420E+00  3.4344E+00  4.0119E+00  5.1921E+00  5.9459E+00  6.3728E+00
       5.1870E+00  5.9009E+00  4.0515E+00  5.1116E+00  4.2376E+00  3.8890E+00  4.0237E+00  3.6129E+00  4.2087E+00  6.4515E+00
       7.8939E+00  3.5936E+00  4.9735E+00  3.1874E+00  5.4189E+00  5.4397E+00  3.8774E+00  4.1386E+00  5.8104E+00  8.5002E+00
       5.6460E+00  6.1721E+00  4.9906E+00  5.3611E+00  4.7390E+00  4.8946E+00  4.4903E+00  4.3822E+00  6.0269E+00  6.0176E+00
       6.1150E+00  7.8024E+00  6.4858E+00  5.5911E+00  5.4691E+00  5.3053E+00  3.5469E+00  5.2232E+00  6.4993E+00  8.0304E+00
       6.0662E+00  5.6921E+00  6.2010E+00  5.8578E+00  4.1204E+00  6.0617E+00  6.5987E+00  5.0473E+00  4.6536E+00  7.4489E+00
       8.4467E+00  5.1400E+00  7.0899E+00  5.4057E+00  5.0216E+00  6.2865E+00  5.0018E+00  5.7862E+00  5.1120E+00  7.9553E+00
       6.8056E+00  8.4517E+00  6.3404E+00  5.5886E+00  5.7845E+00  4.8479E+00  5.1153E+00  6.8743E+00  9.3023E+00  8.8894E+00
       1.0831E+01  5.9475E+00  6.4710E+00  4.2852E+00  5.2555E+00  6.7055E+00  4.4100E+00  6.4406E+00  7.3215E+00  8.9260E+00
       5.5188E+00  6.8839E+00  6.1328E+00  7.1228E+00  6.2265E+00  5.5878E+00  4.2483E+00  5.4978E+00  8.1857E+00  5.9135E+00
       5.6984E+00  6.7300E+00  5.3663E+00  4.6787E+00  6.0250E+00  3.8785E+00  5.1591E+00  5.0071E+00  5.6742E+00  6.6312E+00
       5.7224E+00  6.8135E+00  6.1199E+00  6.0692E+00  5.5739E+00  5.5220E+00  5.1545E+00  6.0895E+00  5.7093E+00  9.1446E+00
       6.7800E+00  5.4354E+00  4.9642E+00  4.9691E+00  4.4542E+00  5.3184E+00  9.4376E+00  5.5563E+00  5.1866E+00  6.6755E+00
       6.2940E+00  7.2080E+00  7.8213E+00  6.1177E+00  5.6194E+00  4.9700E+00  4.7150E+00  6.0206E+00  5.2124E+00  5.9925E+00
       8.3684E+00  6.3395E+00  7.5851E+00  7.6549E+00  6.5120E+00  6.3248E+00  6.6187E+00  6.7917E+00  8.1882E+00  5.9611E+00
       8.4636E+00  5.7324E+00  4.0732E+00  8.7194E+00  5.5078E+00  8.0084E+00  7.0371E+00  8.3702E+00  6.7314E+00  8.0959E+00
       9.3600E+00  8.2249E+00  8.5037E+00  5.7992E+00  6.0474E+00  6.7615E+00  6.8922E+00  7.1970E+00  7.9060E+00  1.0640E+01
       1.0122E+01  1.1611E+01  8.4143E+00  8.9682E+00  6.4301E+00  6.0524E+00  8.0023E+00  6.0767E+00  8.4609E+00  1.1552E+01
       9.9951E+00  7.8224E+00  7.1548E+00  6.6276E+00  7.0044E+00  7.9622E+00  6.3503E+00  8.3550E+00  6.4062E+00  8.4873E+00
       7.8217E+00  7.4711E+00  8.2149E+00  3.9123E+00  7.2473E+00  7.4135E+00  5.0844E+00  8.1844E+00  8.6765E+00  8.7656E+00
       5.9327E+00  9.1954E+00  8.1488E+00  7.0900E+00  7.0816E+00  7.4355E+00  5.4095E+00  7.6244E+00  7.3407E+00  8.0158E+00
       9.1132E+00  7.3750E+00  6.7665E+00  6.9915E+00  7.1434E+00  6.7495E+00  5.0367E+00  5.8193E+00  6.4590E+00  8.9525E+00
       6.6039E+00  7.2419E+00  6.0591E+00  6.6248E+00  4.6177E+00  5.8721E+00  6.0298E+00  6.1569E+00  6.8378E+00  7.4084E+00
       9.3713E+00  6.3947E+00  7.7344E+00  8.3127E+00  5.8091E+00  3.7670E+00  7.5675E+00  6.7402E+00  7.7487E+00  8.7947E+00
       1.2223E+01  6.2900E+00  7.5441E+00  8.2143E+00  7.6866E+00  6.3391E+00  5.4564E+00  7.2779E+00  9.1255E+00  1.0416E+01
       9.7130E+00  8.1055E+00  7.3039E+00  6.1608E+00  1.0827E+01  7.1674E+00  6.1550E+00  7.0561E+00  6.3915E+00  9.0345E+00
       8.7617E+00  1.1289E+01  7.2982E+00  6.5290E+00  9.5048E+00  8.5625E+00  7.8298E+00  8.9210E+00  1.0239E+01  1.1053E+01
       1.1934E+01  1.0511E+01  7.0536E+00  1.0147E+01  1.0333E+01  7.6210E+00  6.6467E+00  6.2912E+00  1.1560E+01  1.2270E+01
       1.4046E+01  9.7144E+00  6.1598E+00  6.8814E+00  7.9961E+00  8.3763E+00  8.1003E+00  8.6003E+00  8.0375E+00  1.0322E+01
       1.0538E+01  7.7207E+00  8.2753E+00  6.9979E+00  6.6804E+00  6.0670E+00  6.5531E+00  7.7222E+00  8.5542E+00  1.1670E+01
       9.4841E+00  1.2071E+01  7.2809E+00  6.6318E+00  8.0253E+00  6.9910E+00  7.2842E+00  7.3858E+00  8.1720E+00  8.6365E+00
       9.4362E+00  7.9184E+00  6.9171E+00  6.5857E+00  6.1912E+00  6.8464E+00  7.0689E+00  1.0154E+01  7.9222E+00  8.5263E+00
       1.0546E+01  7.8389E+00  9.3218E+00  7.2914E+00  5.2612E+00  7.0326E+00  6.7917E+00  9.7418E+00  9.5661E+00  9.6599E+00
       9.0011E+00  8.6680E+00  5.5779E+00  9.0127E+00  6.4402E+00  5.0031E+00  6.4241E+00  8.7533E+00  9.1021E+00  8.9140E+00
       8.3002E+00  7.9824E+00  8.6402E+00  9.7148E+00  8.0095E+00  5.9793E+00  6.3357E+00  5.5042E+00  1.0323E+01  1.0917E+01
       8.6475E+00  9.4396E+00  8.5965E+00  6.6524E+00  8.5410E+00  7.8527E+00  8.5175E+00  7.3077E+00  1.0592E+01  1.1912E+01
       6.6166E+00  1.1038E+01  7.5481E+00  7.8718E+00  8.8119E+00  7.8940E+00  7.4334E+00  8.9101E+00  1.1581E+01  1.0600E+01
