1
   Cartesian binning n.   1  "DoseEq    " , generalized particle n.  240
      X coordinate: from -8.5000E+01 to  8.5000E+01 cm,    10 bins ( 1.7000E+01 cm wide)
      Y coordinate: from -2.5000E+01 to  2.5000E+01 cm,    10 bins ( 5.0000E+00 cm wide)
      Z coordinate: from  2.2500E+02 to  2.7500E+02 cm,    10 bins ( 5.0000E+00 cm wide)
      Data follow in a matrix A(ix,iy,iz), format (1(5x,1p,10(1x,e11.4)))

      accurate deposition along the tracks requested
      this is a track-length binning
       2.6502E-04  3.2824E-04  3.9098E-04  3.9968E-04  4.2786E-04  4.5900E-04  4.1328E-04  3.9632E-04  3.5530E-04  3.1492E-04
       3.3473E-04  3.9045E-04  4.4516E-04  4.8034E-04  5.1023E-04  5.4487E-04  5.0668E-04  4.4224E-04  4.1123E-04  3.3011E-04
       3.4194E-04  4.0520E-04  4.8780E-04  5.0378E-04  5.3787E-04  5.4900E-04  5.3053E-04  4.9078E-04  4.0119E-04  3.4839E-04
       3.4364E-04  4.1777E-04  4.9423E-04  5.3280E-04  5.5009E-04  5.4573E-04  5.5431E-04  4.9794E-04  4.2911E-04  3.4987E-04
       3.5019E-04  4.2784E-04  4.8653E-04  5.3234E-04  5.5719E-04  5.7043E-04  5.8665E-04  4.8878E-04  4.5622E-04  3.4718E-04
       3.4137E-04  4.2302E-04  4.9388E-04  5.3728E-04  5.7829E-04  5.3897E-04  5.5173E-04  4.9094E-04  4.5107E-04  3.4532E-04
       3.5812E-04  4.5560E-04  4.9537E-04  5.3299E-04  5.8035E-04  5.5794E-04  5.3860E-04  4.7524E-04  4.2946E-04  3.2162E-04
       3.3652E-04  4.2315E-04  4.8425E-04  5.2697E-04  5.8515E-04  5.4803E-04  5.1730E-04  4.6033E-04  4.0752E-04  3.3894E-04
       3.2636E-04  4.0491E-04  4.5289E-04  4.9594E-04  5.2123E-04  5.1371E-04  4.8041E-04  4.4515E-04  3.7885E-04  3.1305E-04
       2.8958E-04  3.4548E-04  3.9292E-04  3.9997E-04  4.3233E-04  4.4454E-04  4.0944E-04  3.6914E-04  3.3690E-04  2.8613E-04
       2.0962E-04  2.6540E-04  3.2790E-04  3.2886E-04  3.5412E-04  3.7524E-04  3.5047E-04  3.2674E-04  2.7546E-04  2.4461E-04
       2.7011E-04  3.6193E-04  4.0256E-04  4.1667E-04  4.4898E-04  4.6246E-04  4.3227E-04  4.0355E-04  3.3439E-04  2.8104E-04
       2.8872E-04  3.7586E-04  4.3905E-04  4.5105E-04  4.8937E-04  4.8332E-04  4.8984E-04  4.5296E-04  3.6809E-04  3.0287E-04
       3.0104E-04  3.8138E-04  4.5268E-04  4.7767E-04  5.1824E-04  5.3689E-04  5.1224E-04  4.6689E-04  3.8030E-04  3.0968E-04
       2.9412E-04  3.9406E-04  4.5813E-04  4.9021E-04  5.3129E-04  5.5294E-04  5.1170E-04  4.7052E-04  4.1174E-04  3.0517E-04
       3.0553E-04  3.9410E-04  4.7273E-04  4.9324E-04  5.2857E-04  5.2635E-04  5.0249E-04  4.7596E-04  4.1796E-04  3.0242E-04
       3.1218E-04  4.1720E-04  4.7284E-04  4.8269E-04  5.4356E-04  5.1472E-04  5.1065E-04  4.4806E-04  3.9282E-04  2.8797E-04
       2.9470E-04  3.8841E-04  4.5361E-04  4.7707E-04  5.4376E-04  5.0384E-04  4.6589E-04  4.1580E-04  3.7712E-04  2.9954E-04
       2.6849E-04  3.5451E-04  4.0963E-04  4.5563E-04  4.6641E-04  4.6707E-04  4.2019E-04  4.0912E-04  3.4228E-04  2.5958E-04
       2.2984E-04  2.8874E-04  3.2895E-04  3.6228E-04  3.7080E-04  3.6559E-04  3.4235E-04  3.0495E-04  2.8437E-04  2.1238E-04
       1.6061E-04  2.0756E-04  2.6253E-04  2.5978E-04  2.6667E-04  2.9687E-04  2.6182E-04  2.5061E-04  2.3223E-04  1.7608E-04
       2.0989E-04  2.8626E-04  3.1976E-04  3.4845E-04  3.5050E-04  3.7645E-04  3.6170E-04  3.3363E-04  2.7906E-04  2.0355E-04
       2.3820E-04  3.0715E-04  3.6874E-04  3.6173E-04  4.2176E-04  4.1645E-04  3.9735E-04  3.6437E-04  3.0692E-04  2.2884E-04
       2.4787E-04  3.2240E-04  3.7453E-04  4.1949E-04  4.2974E-04  4.3968E-04  4.1764E-04  3.6960E-04  3.2507E-04  2.4198E-04
       2.5246E-04  3.3030E-04  3.9196E-04  4.2835E-04  4.6011E-04  4.5399E-04  4.2667E-04  4.1253E-04  3.3432E-04  2.6754E-04
       2.4068E-04  3.3528E-04  4.0239E-04  4.2484E-04  4.4907E-04  4.2735E-04  4.1078E-04  3.9962E-04  3.5708E-04  2.5583E-04
       2.3077E-04  3.4273E-04  3.8716E-04  4.0444E-04  4.6352E-04  4.3008E-04  4.0509E-04  3.6357E-04  3.4797E-04  2.4761E-04
       2.2342E-04  3.2569E-04  3.6089E-04  4.0294E-04  4.2097E-04  4.1655E-04  3.8289E-04  3.6194E-04  3.0080E-04  2.1586E-04
       2.0391E-04  2.9240E-04  3.3221E-04  3.6709E-04  3.6800E-04  3.8490E-04  3.6162E-04  3.2709E-04  2.7026E-04  2.0351E-04
       1.7125E-04  2.1723E-04  2.4868E-04  2.6542E-04  2.9154E-04  2.8402E-04  2.7023E-04  2.4250E-04  2.2044E-04  1.6576E-04
       1.2677E-04  1.6274E-04  1.9559E-04  2.1092E-04  2.1415E-04  2.2450E-04  2.0185E-04  1.9709E-04  1.7313E-04  1.3571E-04
       1.6123E-04  2.2480E-04  2.6872E-04  2.6589E-04  2.8175E-04  3.0570E-04  2.6965E-04  2.5360E-04  2.0645E-04  1.6215E-04
       1.7259E-04  2.5535E-04  3.0746E-04  3.1688E-04  3.1828E-04  3.3591E-04  3.1826E-04  2.9170E-04  2.5497E-04  1.8616E-04
       1.8217E-04  2.5813E-04  3.0799E-04  3.4303E-04  3.6813E-04  3.5838E-04  3.4078E-04  3.1699E-04  2.6683E-04  1.9038E-04
       1.9681E-04  2.6477E-04  3.2652E-04  3.6336E-04  3.8221E-04  3.4918E-04  3.3569E-04  3.1867E-04  2.7503E-04  1.9776E-04
       1.8495E-04  2.7613E-04  3.3083E-04  3.4951E-04  3.7691E-04  3.6706E-04  3.1374E-04  3.1304E-04  2.7336E-04  1.8726E-04
       1.8630E-04  2.7509E-04  3.0417E-04  3.3346E-04  3.7595E-04  3.3458E-04  3.2922E-04  2.9500E-04  2.8109E-04  1.9931E-04
       1.8061E-04  2.6320E-04  2.8143E-04  3.3252E-04  3.2699E-04  3.3304E-04  3.0872E-04  2.9769E-04  2.4976E-04  1.7387E-04
       1.5540E-04  2.2933E-04  2.3921E-04  2.7588E-04  2.8802E-04  3.0807E-04  2.6610E-04  2.5472E-04  2.0754E-04  1.5523E-04
       1.2656E-04  1.6661E-04  1.8636E-04  1.9927E-04  2.3236E-04  2.2163E-04  2.0718E-04  1.8323E-04  1.5858E-04  1.3614E-04
       8.8107E-05  1.2883E-04  1.4426E-04  1.5526E-04  1.6948E-04  1.7437E-04  1.6060E-04  1.4409E-04  1.3110E-04  9.6896E-05
       1.2530E-04  1.7523E-04  2.1638E-04  2.2197E-04  2.2537E-04  2.4321E-04  2.1942E-04  1.8609E-04  1.5892E-04  1.2331E-04
       1.3501E-04  2.0057E-04  2.3633E-04  2.4237E-04  2.4595E-04  2.6194E-04  2.6087E-04  2.2353E-04  2.0163E-04  1.4127E-04
       1.4343E-04  2.1343E-04  2.4458E-04  2.5771E-04  2.8205E-04  2.8450E-04  2.6788E-04  2.5103E-04  2.2311E-04  1.3881E-04
       1.5035E-04  2.2417E-04  2.2892E-04  2.8145E-04  2.9219E-04  2.7999E-04  2.7751E-04  2.3938E-04  2.3039E-04  1.4781E-04
       1.6161E-04  2.1194E-04  2.4331E-04  2.8295E-04  3.0585E-04  2.9085E-04  2.6391E-04  2.4682E-04  1.9659E-04  1.5960E-04
       1.4756E-04  2.3257E-04  2.2653E-04  2.5873E-04  2.7311E-04  2.8654E-04  2.5361E-04  2.3735E-04  2.0915E-04  1.5611E-04
       1.3184E-04  1.9835E-04  2.2522E-04  2.7110E-04  2.4791E-04  2.4196E-04  2.3355E-04  2.3610E-04  1.8200E-04  1.2711E-04
       1.2094E-04  1.7736E-04  1.9219E-04  2.2209E-04  2.2404E-04  2.2941E-04  2.2005E-04  1.9203E-04  1.6454E-04  1.2685E-04
       8.3964E-05  1.2831E-04  1.3217E-04  1.5435E-04  1.8768E-04  1.8069E-04  1.6164E-04  1.5007E-04  1.1787E-04  9.4082E-05
       6.6908E-05  9.3959E-05  1.1112E-04  1.1742E-04  1.2909E-04  1.3691E-04  1.2318E-04  1.0438E-04  8.8509E-05  7.9353E-05
       9.4528E-05  1.3064E-04  1.5099E-04  1.6228E-04  1.8001E-04  1.7846E-04  1.6422E-04  1.4609E-04  1.2445E-04  9.9130E-05
       1.0839E-04  1.4639E-04  1.7812E-04  1.8778E-04  1.9162E-04  2.1084E-04  2.0342E-04  1.8371E-04  1.5518E-04  1.1447E-04
       1.1171E-04  1.6766E-04  1.8744E-04  1.9691E-04  2.2090E-04  2.1309E-04  2.1733E-04  1.9510E-04  1.6477E-04  1.0790E-04
       1.2433E-04  1.7088E-04  1.8026E-04  2.1745E-04  2.1962E-04  2.1916E-04  2.2320E-04  1.8851E-04  1.7388E-04  1.1647E-04
       1.1519E-04  1.7399E-04  1.9374E-04  2.1528E-04  2.1449E-04  2.2188E-04  2.1507E-04  2.0481E-04  1.5871E-04  1.1686E-04
       1.1204E-04  1.7009E-04  1.8079E-04  2.0241E-04  2.2289E-04  2.2474E-04  2.0974E-04  2.0204E-04  1.5724E-04  1.2515E-04
       1.0610E-04  1.5885E-04  1.8335E-04  2.1489E-04  1.9713E-04  1.9718E-04  1.9061E-04  1.8218E-04  1.4750E-04  1.1119E-04
       1.0057E-04  1.4853E-04  1.4835E-04  1.7616E-04  1.7886E-04  1.7115E-04  1.6856E-04  1.5005E-04  1.3723E-04  1.0615E-04
       7.2632E-05  9.7618E-05  1.1208E-04  1.3301E-04  1.3081E-04  1.4076E-04  1.2668E-04  1.1851E-04  9.4093E-05  7.0225E-05
       5.3331E-05  7.1738E-05  8.5688E-05  1.0396E-04  1.0486E-04  1.1150E-04  9.7815E-05  8.1709E-05  7.1776E-05  5.3630E-05
       7.2344E-05  1.0600E-04  1.1883E-04  1.3215E-04  1.5923E-04  1.3724E-04  1.2992E-04  1.2554E-04  1.0409E-04  7.4917E-05
       8.6245E-05  1.2098E-04  1.3690E-04  1.4369E-04  1.6272E-04  1.6873E-04  1.6092E-04  1.4785E-04  1.1637E-04  7.9555E-05
       9.3010E-05  1.2869E-04  1.4572E-04  1.4980E-04  1.7447E-04  1.6501E-04  1.6395E-04  1.4573E-04  1.2348E-04  9.2664E-05
       8.7190E-05  1.3651E-04  1.4875E-04  1.7547E-04  1.7524E-04  1.6481E-04  1.5980E-04  1.4635E-04  1.2644E-04  9.7157E-05
       8.8288E-05  1.3100E-04  1.4365E-04  1.6678E-04  1.7527E-04  1.8158E-04  1.6757E-04  1.5935E-04  1.3032E-04  1.0015E-04
       8.2155E-05  1.3871E-04  1.4949E-04  1.6194E-04  1.6310E-04  1.7691E-04  1.6675E-04  1.4733E-04  1.2710E-04  1.0003E-04
       8.1570E-05  1.2573E-04  1.3397E-04  1.4729E-04  1.6382E-04  1.6346E-04  1.5686E-04  1.4688E-04  1.2086E-04  9.4560E-05
       7.4065E-05  1.0419E-04  1.1060E-04  1.3101E-04  1.4235E-04  1.4042E-04  1.3415E-04  1.2362E-04  1.0117E-04  7.3814E-05
       5.3135E-05  7.1490E-05  9.2531E-05  9.7581E-05  1.0648E-04  1.0375E-04  9.2308E-05  8.7419E-05  7.1898E-05  5.8494E-05
       4.5820E-05  6.0569E-05  7.0922E-05  7.5033E-05  8.5064E-05  8.1775E-05  7.7712E-05  7.3577E-05  6.0936E-05  4.4441E-05
       6.6275E-05  7.3491E-05  9.3753E-05  9.6663E-05  1.2176E-04  1.1177E-04  1.0438E-04  9.9589E-05  7.5343E-05  5.2119E-05
       6.5709E-05  9.9401E-05  9.7885E-05  1.0881E-04  1.1507E-04  1.4083E-04  1.3040E-04  1.1843E-04  9.2083E-05  6.0868E-05
       7.1899E-05  9.3537E-05  1.0339E-04  1.1206E-04  1.2568E-04  1.2357E-04  1.2840E-04  1.1445E-04  1.0030E-04  7.6091E-05
       6.1971E-05  9.8217E-05  1.1728E-04  1.3863E-04  1.3409E-04  1.2804E-04  1.2221E-04  1.0406E-04  9.8478E-05  7.6637E-05
       7.0310E-05  1.0529E-04  1.1957E-04  1.2052E-04  1.3077E-04  1.2382E-04  1.3528E-04  1.2127E-04  1.0002E-04  7.0910E-05
       6.4915E-05  1.0020E-04  1.1716E-04  1.2484E-04  1.2166E-04  1.2553E-04  1.2276E-04  1.0292E-04  9.2234E-05  7.1804E-05
       6.5677E-05  1.0037E-04  9.9948E-05  1.2270E-04  1.1816E-04  1.1250E-04  1.1504E-04  1.0157E-04  8.5214E-05  7.5819E-05
       5.8416E-05  7.2887E-05  9.1132E-05  9.6713E-05  1.1210E-04  1.1006E-04  1.0807E-04  1.0086E-04  7.8791E-05  5.6747E-05
       4.4416E-05  5.6252E-05  6.9286E-05  6.4477E-05  8.1523E-05  7.7236E-05  7.4175E-05  7.2115E-05  5.7717E-05  4.1328E-05
       3.1820E-05  4.3062E-05  5.5834E-05  5.7767E-05  5.6653E-05  6.4597E-05  5.8200E-05  6.3137E-05  4.3658E-05  3.7206E-05
       4.3323E-05  6.0917E-05  6.9613E-05  7.0989E-05  7.9099E-05  7.8934E-05  7.0414E-05  7.8499E-05  6.1873E-05  3.7897E-05
       4.6272E-05  6.4604E-05  7.8146E-05  8.1375E-05  8.5636E-05  9.6588E-05  1.0349E-04  8.7851E-05  6.5330E-05  5.2413E-05
       5.0207E-05  7.0319E-05  8.0285E-05  8.5295E-05  9.1547E-05  1.0233E-04  9.2352E-05  8.8876E-05  6.8171E-05  5.7505E-05
       5.5441E-05  7.6327E-05  8.9188E-05  9.4771E-05  9.4784E-05  1.0711E-04  9.6991E-05  7.9967E-05  7.5087E-05  5.6160E-05
       5.1994E-05  7.7463E-05  8.2742E-05  8.7782E-05  9.8789E-05  9.6299E-05  1.0204E-04  8.5295E-05  7.3153E-05  5.5278E-05
       5.0893E-05  7.0358E-05  8.1726E-05  9.5091E-05  9.7785E-05  9.8309E-05  1.0138E-04  9.2498E-05  7.1147E-05  5.4640E-05
       4.9959E-05  7.1676E-05  8.4177E-05  9.6613E-05  8.5284E-05  9.1245E-05  8.9424E-05  8.2260E-05  6.6918E-05  5.2646E-05
       4.5319E-05  6.2759E-05  7.5207E-05  7.9446E-05  8.5753E-05  8.8587E-05  8.1309E-05  7.5704E-05  5.4578E-05  4.8203E-05
       3.7563E-05  4.9059E-05  5.2794E-05  5.2840E-05  7.4010E-05  5.8164E-05  6.5260E-05  5.8438E-05  4.5265E-05  4.0653E-05
       2.5101E-05  4.1761E-05  4.7023E-05  3.7780E-05  4.0968E-05  4.4567E-05  4.5107E-05  4.3448E-05  3.3543E-05  2.4493E-05
       2.9991E-05  4.3355E-05  5.5435E-05  5.1117E-05  5.4195E-05  5.4425E-05  5.7847E-05  5.1699E-05  5.0028E-05  2.5007E-05
       3.6379E-05  4.3911E-05  4.6732E-05  6.0790E-05  6.3316E-05  6.5139E-05  6.6609E-05  5.4995E-05  4.2170E-05  3.4503E-05
       3.6228E-05  5.0851E-05  5.3743E-05  6.4964E-05  7.0448E-05  6.5864E-05  6.6477E-05  5.4980E-05  5.1631E-05  3.6730E-05
       3.7979E-05  5.0671E-05  6.2845E-05  6.0977E-05  6.4583E-05  6.9126E-05  6.3069E-05  5.3022E-05  5.4328E-05  4.0562E-05
       4.5700E-05  5.4358E-05  6.3552E-05  6.9265E-05  5.9977E-05  7.0006E-05  6.7352E-05  5.6982E-05  4.7769E-05  3.9971E-05
       4.4359E-05  5.5710E-05  6.1802E-05  6.6332E-05  5.8600E-05  6.3494E-05  6.5824E-05  6.5004E-05  5.4493E-05  3.7906E-05
       3.7008E-05  4.8664E-05  5.6674E-05  6.3584E-05  6.8828E-05  5.8423E-05  6.3907E-05  4.7762E-05  4.4062E-05  3.8426E-05
       2.6270E-05  4.2998E-05  5.5212E-05  5.6606E-05  6.2306E-05  5.9807E-05  5.6328E-05  5.5502E-05  4.4715E-05  3.5419E-05
       2.9904E-05  3.8184E-05  4.5776E-05  4.1298E-05  4.5852E-05  4.8835E-05  4.2273E-05  3.8938E-05  3.3220E-05  3.5602E-05

      Percentage errors follow in a matrix A(ix,iy,iz), format (1(5x,1p,10(1x,e11.4)))

       3.9672E+00  2.9123E+00  3.3922E+00  2.6492E+00  2.6869E+00  3.7202E+00  2.2996E+00  3.3378E+00  4.2589E+00  4.3092E+00
       2.6692E+00  2.5998E+00  3.7006E+00  2.9651E+00  2.3052E+00  2.3373E+00  2.7268E+00  2.4997E+00  3.6285E+00  3.4278E+00
       4.6351E+00  2.5427E+00  2.4191E+00  2.4805E+00  1.7949E+00  2.0604E+00  2.8389E+00  3.0368E+00  3.3273E+00  3.4191E+00
       3.0811E+00  2.7952E+00  2.1078E+00  2.5953E+00  2.3102E+00  2.2614E+00  2.8725E+00  2.6191E+00  3.1680E+00  2.6760E+00
       3.2960E+00  2.3180E+00  2.6209E+00  2.4833E+00  2.3653E+00  1.6940E+00  2.0592E+00  2.6388E+00  2.9296E+00  3.1378E+00
       3.3753E+00  2.4969E+00  2.8828E+00  2.7663E+00  1.9230E+00  1.8691E+00  1.8419E+00  2.4624E+00  3.0412E+00  3.2930E+00
       3.5413E+00  3.5216E+00  3.2795E+00  3.1134E+00  1.9319E+00  2.4669E+00  1.7584E+00  1.9202E+00  3.6678E+00  2.7487E+00
       3.2419E+00  2.2811E+00  2.1026E+00  2.8327E+00  1.9057E+00  2.4586E+00  2.5304E+00  2.4154E+00  2.5544E+00  3.5938E+00
       3.4916E+00  3.0113E+00  3.1400E+00  2.5266E+00  1.9237E+00  2.1417E+00  2.2040E+00  2.6282E+00  2.9603E+00  2.4844E+00
       3.0600E+00  2.8977E+00  2.4215E+00  3.2483E+00  1.8378E+00  3.5633E+00  2.7715E+00  3.3705E+00  4.7546E+00  4.0253E+00
       4.9181E+00  3.0976E+00  3.4753E+00  3.1014E+00  2.9496E+00  3.3406E+00  2.8482E+00  3.2920E+00  3.2932E+00  3.8161E+00
       3.7428E+00  2.6965E+00  3.3956E+00  2.5570E+00  2.3817E+00  3.3828E+00  3.0861E+00  3.0803E+00  3.4398E+00  3.5115E+00
       4.4632E+00  2.4690E+00  2.5272E+00  3.4055E+00  2.9150E+00  3.1266E+00  2.6435E+00  3.7632E+00  3.5768E+00  2.7770E+00
       3.7382E+00  2.5376E+00  2.3526E+00  2.7885E+00  2.7566E+00  3.2997E+00  2.7163E+00  2.9389E+00  3.5865E+00  3.0042E+00
       4.3002E+00  3.3913E+00  2.4864E+00  2.0295E+00  3.0035E+00  2.0069E+00  1.6172E+00  2.4826E+00  3.2634E+00  2.6483E+00
       4.4494E+00  2.9325E+00  3.1814E+00  2.6883E+00  2.2460E+00  2.2239E+00  2.4379E+00  2.2448E+00  3.4630E+00  4.0858E+00
       4.6525E+00  3.3459E+00  4.1399E+00  2.7602E+00  1.7451E+00  2.5413E+00  2.7170E+00  2.8315E+00  2.8639E+00  4.6131E+00
       3.1837E+00  3.2298E+00  3.5823E+00  2.2471E+00  2.7493E+00  3.1986E+00  2.8161E+00  3.0021E+00  3.4988E+00  2.9562E+00
       4.0673E+00  3.6448E+00  2.8024E+00  2.4977E+00  2.0498E+00  2.8675E+00  2.9430E+00  2.6373E+00  2.6068E+00  4.1291E+00
       3.2163E+00  3.9738E+00  2.6618E+00  2.7439E+00  3.0056E+00  2.7272E+00  2.6839E+00  2.8743E+00  4.2646E+00  3.6570E+00
       4.6413E+00  3.9296E+00  4.4045E+00  3.6817E+00  2.9365E+00  3.4976E+00  3.3467E+00  4.8491E+00  3.5569E+00  4.3363E+00
       4.7859E+00  3.3556E+00  3.5002E+00  2.8288E+00  3.6555E+00  3.1573E+00  4.5624E+00  3.7845E+00  4.3996E+00  3.0164E+00
       4.0475E+00  3.3772E+00  3.1233E+00  2.7625E+00  3.5023E+00  2.8147E+00  1.6986E+00  2.8481E+00  4.5023E+00  2.4551E+00
       3.0918E+00  3.7367E+00  3.6592E+00  3.0663E+00  3.1889E+00  2.7422E+00  3.3116E+00  3.7012E+00  3.6688E+00  4.5576E+00
       4.5667E+00  3.7829E+00  3.2908E+00  2.8477E+00  2.8491E+00  3.4451E+00  2.7870E+00  3.0537E+00  3.4224E+00  3.8923E+00
       4.4388E+00  3.5335E+00  3.3854E+00  2.5720E+00  2.9771E+00  2.8915E+00  2.2858E+00  2.8066E+00  2.9223E+00  3.3886E+00
       4.3174E+00  2.7531E+00  5.3310E+00  2.8626E+00  2.0148E+00  3.7383E+00  2.5444E+00  2.7931E+00  3.0748E+00  3.6155E+00
       3.4884E+00  3.7206E+00  3.1853E+00  3.0432E+00  2.8446E+00  1.9952E+00  3.0154E+00  3.5677E+00  4.2873E+00  5.0563E+00
       4.2338E+00  4.2980E+00  3.3027E+00  3.1853E+00  3.1742E+00  3.2252E+00  2.2157E+00  3.4503E+00  4.5991E+00  4.8741E+00
       2.9834E+00  3.9684E+00  3.1275E+00  3.0623E+00  3.0826E+00  2.7825E+00  3.3568E+00  3.1486E+00  4.1380E+00  3.4335E+00
       5.7948E+00  4.1274E+00  5.3618E+00  4.0183E+00  3.6073E+00  4.4521E+00  4.4988E+00  2.5014E+00  4.4982E+00  4.1089E+00
       4.4767E+00  3.6668E+00  4.2728E+00  3.7816E+00  3.4631E+00  3.6930E+00  3.2915E+00  3.7671E+00  3.4225E+00  4.3909E+00
       4.5140E+00  3.5458E+00  3.6381E+00  2.7953E+00  3.4544E+00  3.3525E+00  2.6148E+00  3.5094E+00  4.4234E+00  4.1956E+00
       3.3902E+00  3.7372E+00  2.9505E+00  3.4750E+00  2.9882E+00  3.2730E+00  3.2887E+00  4.1915E+00  3.9060E+00  5.1863E+00
       5.3167E+00  5.2960E+00  2.9021E+00  3.1912E+00  3.4635E+00  2.4976E+00  3.5318E+00  3.1393E+00  4.7862E+00  4.9091E+00
       3.7953E+00  3.3538E+00  3.8288E+00  2.8029E+00  3.6375E+00  3.3782E+00  2.6212E+00  2.9655E+00  3.3131E+00  4.2782E+00
       3.7661E+00  3.8222E+00  4.9507E+00  3.6551E+00  2.6109E+00  2.9871E+00  3.4000E+00  3.1176E+00  5.1406E+00  3.7415E+00
       3.7682E+00  3.7246E+00  3.6177E+00  3.0391E+00  3.1418E+00  3.2580E+00  3.4039E+00  2.8635E+00  3.5927E+00  4.3733E+00
       4.3895E+00  4.0990E+00  4.1512E+00  4.3244E+00  2.2320E+00  3.0748E+00  3.5116E+00  2.7314E+00  5.0797E+00  5.6256E+00
       4.4436E+00  4.7073E+00  3.4666E+00  3.6288E+00  2.9820E+00  3.6243E+00  3.2467E+00  3.3641E+00  5.1570E+00  5.5222E+00
       6.2313E+00  5.3805E+00  5.0941E+00  3.3042E+00  4.2871E+00  5.5620E+00  3.6360E+00  3.1240E+00  5.4404E+00  4.8253E+00
       5.9383E+00  3.7813E+00  3.6704E+00  3.5298E+00  3.8512E+00  3.2164E+00  3.3501E+00  5.5372E+00  4.4623E+00  5.5142E+00
       4.9479E+00  4.6424E+00  3.0291E+00  4.5119E+00  2.5039E+00  3.4780E+00  3.3965E+00  4.1882E+00  4.1645E+00  3.8811E+00
       5.3914E+00  4.2502E+00  3.2306E+00  4.1141E+00  2.7173E+00  3.6112E+00  4.5529E+00  5.0849E+00  4.3370E+00  5.2929E+00
       6.3001E+00  3.9180E+00  3.7485E+00  2.9699E+00  2.6211E+00  3.5293E+00  4.1271E+00  3.8888E+00  2.8487E+00  5.5935E+00
       3.5816E+00  3.5523E+00  4.1259E+00  3.5363E+00  3.5304E+00  3.2745E+00  4.1057E+00  3.3911E+00  3.8264E+00  3.8094E+00
       3.9413E+00  4.3347E+00  5.1594E+00  4.0905E+00  2.8819E+00  4.0334E+00  4.0457E+00  3.6062E+00  4.4963E+00  4.3585E+00
       5.2466E+00  4.0497E+00  4.6642E+00  3.1158E+00  3.4587E+00  3.7060E+00  4.4741E+00  3.4991E+00  4.2702E+00  5.7773E+00
       4.3378E+00  3.9360E+00  4.3923E+00  4.5440E+00  4.8088E+00  3.6149E+00  4.0998E+00  4.3282E+00  5.0938E+00  5.0743E+00
       4.3618E+00  4.8750E+00  5.4440E+00  4.9823E+00  3.4419E+00  3.5477E+00  4.4664E+00  4.0576E+00  6.2198E+00  5.0138E+00
       6.5320E+00  5.6199E+00  6.7707E+00  5.3279E+00  5.5033E+00  5.9690E+00  5.9514E+00  4.8052E+00  7.2285E+00  5.6332E+00
       6.3191E+00  4.6323E+00  4.2366E+00  3.6777E+00  5.3503E+00  4.4840E+00  4.2812E+00  5.8117E+00  5.3246E+00  5.8626E+00
       5.2264E+00  4.6510E+00  3.6458E+00  3.7172E+00  3.6520E+00  4.6128E+00  4.1741E+00  3.7446E+00  4.4125E+00  6.0232E+00
       6.6171E+00  5.8236E+00  4.8251E+00  3.9352E+00  3.7223E+00  5.2309E+00  4.1346E+00  3.9410E+00  6.0335E+00  6.1242E+00
       6.2878E+00  6.0064E+00  4.7437E+00  3.6599E+00  3.8830E+00  4.3739E+00  3.9425E+00  4.0774E+00  4.2399E+00  5.4736E+00
       5.6812E+00  4.9014E+00  3.7443E+00  3.1584E+00  3.4441E+00  3.5851E+00  3.8457E+00  5.2562E+00  4.2679E+00  4.9027E+00
       5.5193E+00  3.8113E+00  5.4655E+00  3.2970E+00  4.1727E+00  4.7386E+00  2.8138E+00  4.8893E+00  6.4812E+00  6.0247E+00
       4.3463E+00  4.7339E+00  4.2376E+00  4.3110E+00  5.2501E+00  4.3741E+00  5.4456E+00  4.7883E+00  5.8672E+00  5.7372E+00
       5.8516E+00  4.0117E+00  4.8133E+00  5.7293E+00  6.3417E+00  4.4969E+00  4.7237E+00  4.7299E+00  6.6357E+00  5.9970E+00
       5.6061E+00  5.2130E+00  5.3342E+00  4.5832E+00  5.2290E+00  5.3118E+00  4.4154E+00  5.5958E+00  7.1368E+00  5.9047E+00
       9.6648E+00  7.1316E+00  5.9201E+00  6.3753E+00  4.7061E+00  5.5151E+00  5.2354E+00  7.0015E+00  8.3775E+00  6.4423E+00
       6.0022E+00  6.6455E+00  6.5180E+00  6.0694E+00  4.1058E+00  3.9401E+00  4.6272E+00  5.0497E+00  6.7013E+00  6.0589E+00
       6.7968E+00  6.0464E+00  5.0276E+00  5.2943E+00  4.0915E+00  4.6711E+00  3.6451E+00  4.1957E+00  6.8369E+00  9.4941E+00
       6.7253E+00  6.1666E+00  4.3049E+00  4.1643E+00  4.6178E+00  5.0828E+00  5.6366E+00  5.3421E+00  5.5980E+00  6.3920E+00
       5.9562E+00  5.4120E+00  5.5526E+00  3.4393E+00  4.2880E+00  3.6152E+00  4.5469E+00  4.2382E+00  6.4865E+00  5.8330E+00
       6.3921E+00  5.8432E+00  5.1084E+00  3.7827E+00  4.2908E+00  5.8333E+00  5.6861E+00  4.2868E+00  5.0397E+00  6.1535E+00
       6.9871E+00  5.3453E+00  4.8356E+00  4.0781E+00  3.4266E+00  4.4283E+00  5.2165E+00  4.7653E+00  7.0211E+00  4.6497E+00
       5.6855E+00  6.0351E+00  4.2420E+00  4.4322E+00  5.9298E+00  5.1051E+00  5.3538E+00  4.4608E+00  4.0384E+00  6.0293E+00
       8.7059E+00  7.0910E+00  6.4175E+00  4.3567E+00  6.1173E+00  5.5728E+00  5.3791E+00  7.4227E+00  9.6527E+00  5.9712E+00
       8.6483E+00  7.3546E+00  6.3494E+00  8.1566E+00  5.2571E+00  6.1382E+00  5.1269E+00  6.6519E+00  9.9610E+00  7.2648E+00
       6.5198E+00  7.1166E+00  6.2679E+00  7.4918E+00  7.1482E+00  7.2083E+00  5.8916E+00  7.6184E+00  6.4349E+00  6.7710E+00
       7.4939E+00  6.2094E+00  6.2502E+00  6.2500E+00  6.5482E+00  5.4046E+00  5.8909E+00  6.0130E+00  5.8814E+00  8.8176E+00
       7.4171E+00  5.6135E+00  5.2761E+00  5.7858E+00  4.9376E+00  6.2602E+00  5.1721E+00  5.5274E+00  4.5887E+00  7.5614E+00
       5.7696E+00  5.7170E+00  3.6571E+00  5.2188E+00  5.5025E+00  5.8556E+00  5.2994E+00  6.5959E+00  5.1584E+00  5.8222E+00
       8.1749E+00  5.7492E+00  4.8706E+00  4.5981E+00  5.4581E+00  5.3678E+00  5.3186E+00  5.6058E+00  7.6607E+00  6.5885E+00
       7.5528E+00  6.5867E+00  3.3171E+00  5.5428E+00  5.7726E+00  5.7686E+00  4.1918E+00  4.8270E+00  4.9913E+00  6.3461E+00
       5.4835E+00  7.2779E+00  3.7147E+00  5.1650E+00  5.3285E+00  4.6878E+00  6.0960E+00  5.4339E+00  6.9174E+00  5.3802E+00
       5.5086E+00  6.1619E+00  5.6311E+00  5.3493E+00  6.7614E+00  3.4082E+00  5.3933E+00  6.5481E+00  5.8523E+00  7.0643E+00
       5.5524E+00  8.0643E+00  6.2754E+00  5.9697E+00  5.2718E+00  5.5563E+00  7.6655E+00  8.1689E+00  7.5328E+00  9.3905E+00
       9.2764E+00  5.4924E+00  6.7378E+00  7.1360E+00  6.6304E+00  7.1053E+00  6.2402E+00  7.5863E+00  7.6643E+00  9.5024E+00
       6.4910E+00  9.2354E+00  6.4338E+00  7.6699E+00  9.1014E+00  8.7140E+00  8.9846E+00  7.2863E+00  7.9986E+00  8.2787E+00
       7.9305E+00  8.0778E+00  4.4361E+00  6.6920E+00  5.9325E+00  6.4941E+00  5.2038E+00  8.1195E+00  5.6398E+00  8.6986E+00
       9.2057E+00  6.0340E+00  4.9699E+00  9.0184E+00  5.4669E+00  6.5607E+00  4.5685E+00  6.1285E+00  8.0015E+00  7.6025E+00
       7.9088E+00  6.4533E+00  6.5572E+00  6.4145E+00  6.2822E+00  7.0538E+00  6.2290E+00  7.5097E+00  7.4752E+00  8.9495E+00
       6.8646E+00  7.6084E+00  7.5486E+00  4.3037E+00  6.6663E+00  5.7437E+00  5.3463E+00  5.5718E+00  6.0248E+00  7.9029E+00
       5.9768E+00  6.2760E+00  5.3618E+00  4.4551E+00  6.4700E+00  5.3144E+00  4.8855E+00  7.3156E+00  4.7607E+00  8.7663E+00
       7.9714E+00  6.7465E+00  6.2222E+00  6.0972E+00  7.8660E+00  5.1649E+00  4.1004E+00  5.9027E+00  5.6694E+00  8.8552E+00
       7.0822E+00  7.6281E+00  9.3346E+00  7.2569E+00  7.8476E+00  5.6419E+00  5.6739E+00  7.9945E+00  6.6569E+00  9.0959E+00
       8.4537E+00  6.9523E+00  7.8742E+00  9.6185E+00  8.2959E+00  7.0652E+00  5.4470E+00  7.9475E+00  7.1686E+00  1.1051E+01
       8.9695E+00  1.1005E+01  8.3641E+00  8.3866E+00  7.3241E+00  6.6900E+00  6.0728E+00  6.0474E+00  7.5014E+00  9.2123E+00
       1.1742E+01  7.3032E+00  9.8785E+00  9.7038E+00  8.7379E+00  7.4612E+00  6.9887E+00  9.2323E+00  8.7064E+00  1.0132E+01
       9.0874E+00  1.0597E+01  6.8263E+00  5.9254E+00  8.1273E+00  7.9153E+00  7.3179E+00  8.7691E+00  7.8299E+00  1.0097E+01
       9.3412E+00  1.0698E+01  7.2145E+00  7.6638E+00  7.2343E+00  7.1009E+00  6.8358E+00  5.5895E+00  6.7846E+00  7.6177E+00
       9.0211E+00  7.6508E+00  8.5560E+00  5.9052E+00  7.5956E+00  6.3938E+00  7.6759E+00  7.5814E+00  7.8621E+00  1.1349E+01
       9.8578E+00  7.5273E+00  5.5727E+00  7.9016E+00  5.5354E+00  8.0777E+00  8.5847E+00  8.0922E+00  6.3950E+00  9.7935E+00
       9.0918E+00  7.7595E+00  7.2094E+00  5.6501E+00  6.6194E+00  7.6287E+00  7.8683E+00  7.0437E+00  5.9341E+00  9.6742E+00
       1.0264E+01  7.4401E+00  6.5943E+00  7.8863E+00  1.0001E+01  7.6020E+00  4.7429E+00  6.7081E+00  6.5238E+00  8.1727E+00
       9.8729E+00  6.9056E+00  8.1638E+00  4.6007E+00  7.8764E+00  7.1053E+00  8.3391E+00  8.7766E+00  8.5399E+00  8.3280E+00
       1.1510E+01  9.1956E+00  7.2827E+00  7.0002E+00  7.7314E+00  7.4444E+00  7.0829E+00  7.0852E+00  8.4208E+00  6.7305E+00
       1.2640E+01  1.1138E+01  8.2586E+00  9.3526E+00  7.9632E+00  6.9975E+00  1.0165E+01  8.1013E+00  9.9633E+00  5.9197E+00
