1
   Cartesian binning n.   1  "DoseEq    " , generalized particle n.  240
      X coordinate: from -8.5000E+01 to  8.5000E+01 cm,    10 bins ( 1.7000E+01 cm wide)
      Y coordinate: from -2.5000E+01 to  2.5000E+01 cm,    10 bins ( 5.0000E+00 cm wide)
      Z coordinate: from  2.2500E+02 to  2.7500E+02 cm,    10 bins ( 5.0000E+00 cm wide)
      Data follow in a matrix A(ix,iy,iz), format (1(5x,1p,10(1x,e11.4)))

      accurate deposition along the tracks requested
      this is a track-length binning
       2.2492E-04  2.4249E-04  2.8550E-04  3.1211E-04  3.2237E-04  3.1066E-04  2.9666E-04  2.7201E-04  2.6880E-04  2.0721E-04
       2.5097E-04  2.9395E-04  3.2683E-04  3.5412E-04  3.6735E-04  3.7362E-04  3.5773E-04  3.2000E-04  2.9208E-04  2.4413E-04
       2.6690E-04  3.1027E-04  3.4830E-04  3.6293E-04  3.7591E-04  3.7577E-04  3.4925E-04  3.3111E-04  3.1512E-04  2.7471E-04
       2.6487E-04  3.1031E-04  3.4424E-04  3.8029E-04  3.8157E-04  3.8880E-04  3.7108E-04  3.4779E-04  3.0806E-04  2.6503E-04
       2.5934E-04  3.1569E-04  3.4261E-04  3.6561E-04  3.8835E-04  3.8040E-04  3.7736E-04  3.4825E-04  3.1511E-04  2.7848E-04
       2.6553E-04  3.1137E-04  3.6019E-04  3.6846E-04  3.8324E-04  3.8970E-04  3.8074E-04  3.3958E-04  3.2500E-04  2.8842E-04
       2.5402E-04  3.0127E-04  3.4579E-04  3.6199E-04  3.9558E-04  3.8765E-04  3.9118E-04  3.4475E-04  3.2887E-04  2.7486E-04
       2.6154E-04  3.0257E-04  3.2929E-04  3.4126E-04  3.8096E-04  3.7627E-04  3.5438E-04  3.2914E-04  3.2077E-04  2.6013E-04
       2.6435E-04  2.9967E-04  3.1643E-04  3.4103E-04  3.6741E-04  3.4107E-04  3.5227E-04  3.2205E-04  3.0035E-04  2.4690E-04
       2.2977E-04  2.6613E-04  2.6901E-04  2.9536E-04  2.9542E-04  3.0943E-04  3.0052E-04  2.7132E-04  2.6392E-04  2.0685E-04
       1.7370E-04  1.9842E-04  2.3241E-04  2.6205E-04  2.6402E-04  2.5672E-04  2.5326E-04  2.2148E-04  2.2687E-04  1.6711E-04
       2.1199E-04  2.6915E-04  2.8814E-04  3.1588E-04  3.3915E-04  3.3215E-04  3.3354E-04  2.7796E-04  2.7926E-04  2.0188E-04
       2.3076E-04  2.8388E-04  3.3237E-04  3.3266E-04  3.5098E-04  3.6697E-04  3.3877E-04  3.1034E-04  2.8027E-04  2.2902E-04
       2.4106E-04  2.7059E-04  3.1259E-04  3.5351E-04  3.7446E-04  3.8543E-04  3.6663E-04  3.3031E-04  2.9104E-04  2.3274E-04
       2.1489E-04  2.8632E-04  3.2258E-04  3.4713E-04  3.5832E-04  3.6262E-04  3.4787E-04  3.2089E-04  2.9921E-04  2.4052E-04
       2.3651E-04  2.9544E-04  3.1952E-04  3.4907E-04  3.4957E-04  3.6425E-04  3.4952E-04  3.1299E-04  3.0264E-04  2.3605E-04
       2.3856E-04  2.9227E-04  3.2239E-04  3.5598E-04  3.6184E-04  3.5518E-04  3.5812E-04  3.1524E-04  2.9844E-04  2.3342E-04
       2.3935E-04  2.6830E-04  3.0497E-04  3.2419E-04  3.5816E-04  3.3867E-04  3.3702E-04  3.0497E-04  2.8031E-04  2.2093E-04
       2.1907E-04  2.7140E-04  2.8454E-04  3.2028E-04  3.3118E-04  3.0182E-04  3.2649E-04  2.8965E-04  2.7377E-04  2.1229E-04
       1.7830E-04  2.1460E-04  2.4090E-04  2.5651E-04  2.5899E-04  2.5640E-04  2.4464E-04  2.3674E-04  2.1671E-04  1.6517E-04
       1.3305E-04  1.5466E-04  1.7989E-04  1.9833E-04  2.0233E-04  1.9234E-04  1.9568E-04  1.7505E-04  1.7165E-04  1.2314E-04
       1.5755E-04  2.0647E-04  2.3027E-04  2.4916E-04  2.7727E-04  2.6380E-04  2.5787E-04  2.3350E-04  2.1616E-04  1.5001E-04
       1.8145E-04  2.4191E-04  2.5781E-04  2.7591E-04  2.8766E-04  3.0039E-04  2.8144E-04  2.5720E-04  2.3793E-04  1.7902E-04
       1.8091E-04  2.3825E-04  2.7271E-04  2.9056E-04  3.1812E-04  3.2080E-04  3.0951E-04  2.6983E-04  2.4479E-04  1.8861E-04
       1.7206E-04  2.4069E-04  2.7724E-04  2.8667E-04  3.1643E-04  3.0677E-04  2.9980E-04  2.6741E-04  2.4378E-04  1.8983E-04
       1.8647E-04  2.4569E-04  2.7147E-04  3.0684E-04  3.0443E-04  3.1697E-04  2.9445E-04  2.7053E-04  2.5458E-04  1.8453E-04
       1.8001E-04  2.3537E-04  2.7364E-04  2.9654E-04  3.0769E-04  2.9582E-04  3.0494E-04  2.8855E-04  2.4406E-04  1.7978E-04
       1.9015E-04  2.2501E-04  2.5735E-04  2.9055E-04  2.8840E-04  2.8809E-04  2.7474E-04  2.6967E-04  2.3625E-04  1.8544E-04
       1.6054E-04  2.0479E-04  2.1934E-04  2.4357E-04  2.7160E-04  2.5022E-04  2.7311E-04  2.2805E-04  2.0963E-04  1.7398E-04
       1.3764E-04  1.6092E-04  1.8010E-04  1.9043E-04  2.0784E-04  1.9586E-04  2.0013E-04  1.9577E-04  1.5876E-04  1.2217E-04
       9.8568E-05  1.1889E-04  1.3438E-04  1.6041E-04  1.3681E-04  1.5094E-04  1.4879E-04  1.4180E-04  1.2813E-04  9.7599E-05
       1.1913E-04  1.5585E-04  1.9696E-04  2.0063E-04  2.0593E-04  2.1390E-04  2.0360E-04  1.7297E-04  1.6968E-04  1.1952E-04
       1.3238E-04  1.8735E-04  2.0476E-04  2.2879E-04  2.3461E-04  2.4686E-04  2.2419E-04  2.0539E-04  1.7283E-04  1.3685E-04
       1.3486E-04  1.9397E-04  2.2198E-04  2.3150E-04  2.6092E-04  2.5332E-04  2.3419E-04  2.3105E-04  1.9785E-04  1.5426E-04
       1.4108E-04  1.9331E-04  2.1739E-04  2.4145E-04  2.6298E-04  2.4179E-04  2.3865E-04  2.2276E-04  1.9502E-04  1.5760E-04
       1.4497E-04  1.9118E-04  2.1891E-04  2.5877E-04  2.5201E-04  2.7778E-04  2.4373E-04  2.2532E-04  1.9552E-04  1.5055E-04
       1.4820E-04  1.9891E-04  2.1139E-04  2.3188E-04  2.2832E-04  2.4055E-04  2.3958E-04  2.3222E-04  1.9108E-04  1.5505E-04
       1.4396E-04  1.9328E-04  1.8562E-04  2.2423E-04  2.2030E-04  2.1596E-04  2.1427E-04  2.1896E-04  2.0068E-04  1.3594E-04
       1.2067E-04  1.6142E-04  1.8462E-04  1.9673E-04  2.0866E-04  1.8947E-04  1.9453E-04  1.9690E-04  1.6477E-04  1.1897E-04
       9.7720E-05  1.3033E-04  1.3258E-04  1.4967E-04  1.5909E-04  1.5549E-04  1.4693E-04  1.4117E-04  1.2718E-04  9.7888E-05
       7.3583E-05  9.1854E-05  1.0260E-04  1.3385E-04  1.1378E-04  1.1620E-04  1.0770E-04  1.0825E-04  9.4489E-05  6.9686E-05
       9.8070E-05  1.2432E-04  1.4373E-04  1.4690E-04  1.6421E-04  1.7278E-04  1.4707E-04  1.4145E-04  1.3576E-04  8.7546E-05
       1.0664E-04  1.5047E-04  1.7536E-04  1.7349E-04  1.8409E-04  1.8965E-04  1.7626E-04  1.6702E-04  1.4549E-04  1.0714E-04
       1.0989E-04  1.5410E-04  1.7803E-04  1.8770E-04  2.0028E-04  2.0242E-04  1.9214E-04  1.7224E-04  1.5746E-04  1.0255E-04
       1.0762E-04  1.6093E-04  1.7747E-04  1.9783E-04  2.1104E-04  2.0459E-04  1.9375E-04  1.7324E-04  1.5401E-04  1.1778E-04
       1.1509E-04  1.6054E-04  1.7079E-04  2.0896E-04  2.1694E-04  2.2219E-04  1.9814E-04  1.9412E-04  1.6123E-04  1.1149E-04
       1.1562E-04  1.5369E-04  1.6361E-04  1.8783E-04  1.9585E-04  2.0282E-04  2.0115E-04  1.8356E-04  1.5744E-04  1.1501E-04
       1.1196E-04  1.4373E-04  1.4884E-04  1.7470E-04  1.7488E-04  1.8363E-04  1.7420E-04  1.7162E-04  1.4684E-04  1.0008E-04
       9.6641E-05  1.1832E-04  1.4857E-04  1.5365E-04  1.6048E-04  1.5085E-04  1.4933E-04  1.4292E-04  1.4046E-04  9.1829E-05
       7.1702E-05  1.0290E-04  1.1799E-04  1.2465E-04  1.2630E-04  1.1486E-04  1.1846E-04  1.0573E-04  1.0213E-04  7.2979E-05
       5.8594E-05  7.2693E-05  8.4758E-05  9.8052E-05  8.5760E-05  9.2810E-05  8.5828E-05  7.7583E-05  7.2498E-05  5.4330E-05
       7.7530E-05  9.7047E-05  1.1220E-04  1.0750E-04  1.3323E-04  1.4842E-04  1.1482E-04  1.0950E-04  1.0736E-04  6.4092E-05
       8.0784E-05  1.2125E-04  1.2938E-04  1.2812E-04  1.4401E-04  1.4818E-04  1.4148E-04  1.3126E-04  1.2389E-04  8.4602E-05
       8.9151E-05  1.2498E-04  1.3829E-04  1.5273E-04  1.6094E-04  1.6198E-04  1.4633E-04  1.3954E-04  1.2929E-04  8.7260E-05
       8.3397E-05  1.3260E-04  1.4751E-04  1.6331E-04  1.6444E-04  1.6167E-04  1.6418E-04  1.4163E-04  1.1450E-04  8.5844E-05
       8.7563E-05  1.3182E-04  1.4447E-04  1.6303E-04  1.5350E-04  1.7041E-04  1.6212E-04  1.4922E-04  1.2833E-04  8.5469E-05
       9.2336E-05  1.2179E-04  1.3543E-04  1.5627E-04  1.5311E-04  1.5590E-04  1.5919E-04  1.5120E-04  1.2429E-04  8.6051E-05
       8.5275E-05  1.1718E-04  1.2239E-04  1.3394E-04  1.3859E-04  1.3759E-04  1.4223E-04  1.3724E-04  1.1334E-04  7.4056E-05
       7.5231E-05  9.9925E-05  1.0522E-04  1.1880E-04  1.2933E-04  1.3529E-04  1.2494E-04  1.1563E-04  1.0378E-04  6.9270E-05
       5.7574E-05  7.6017E-05  8.1011E-05  8.8184E-05  9.6124E-05  9.1841E-05  8.2676E-05  8.4187E-05  8.4553E-05  5.6382E-05
       4.3805E-05  5.9038E-05  5.7422E-05  6.8036E-05  7.9594E-05  7.8295E-05  6.5854E-05  5.4784E-05  5.8153E-05  4.2933E-05
       6.1889E-05  7.1921E-05  8.0955E-05  9.4690E-05  1.0745E-04  1.1117E-04  8.4314E-05  8.2802E-05  8.3907E-05  5.7391E-05
       7.0563E-05  8.9198E-05  9.3614E-05  1.1266E-04  1.1708E-04  1.2252E-04  1.1336E-04  1.0177E-04  1.0141E-04  6.4081E-05
       7.0619E-05  9.8808E-05  1.0771E-04  1.1755E-04  1.2416E-04  1.2972E-04  1.2180E-04  1.1447E-04  1.0082E-04  6.6177E-05
       6.4689E-05  1.0201E-04  1.1068E-04  1.2328E-04  1.2806E-04  1.1557E-04  1.2145E-04  1.1989E-04  9.7132E-05  7.3126E-05
       7.2662E-05  1.0252E-04  1.0785E-04  1.2918E-04  1.1880E-04  1.2934E-04  1.2514E-04  1.1694E-04  9.1786E-05  6.9357E-05
       6.6384E-05  9.5812E-05  1.0650E-04  1.2276E-04  1.2386E-04  1.2615E-04  1.2225E-04  1.2179E-04  9.8388E-05  7.2462E-05
       7.8713E-05  8.8373E-05  9.4679E-05  1.1122E-04  1.1482E-04  1.1208E-04  1.1792E-04  1.0166E-04  1.0383E-04  5.9707E-05
       6.0638E-05  7.9730E-05  7.1970E-05  8.4861E-05  8.8891E-05  9.3262E-05  9.5885E-05  8.8748E-05  8.9278E-05  5.3710E-05
       4.8310E-05  6.2488E-05  6.1722E-05  6.5883E-05  6.9639E-05  7.3278E-05  7.3955E-05  6.6982E-05  6.4448E-05  4.4982E-05
       3.7745E-05  4.5131E-05  4.9038E-05  5.6184E-05  7.0645E-05  6.3094E-05  5.1790E-05  5.1694E-05  4.6195E-05  3.6701E-05
       5.5258E-05  5.9431E-05  6.1964E-05  7.8416E-05  8.5270E-05  8.3778E-05  6.8586E-05  6.0408E-05  5.9298E-05  4.6375E-05
       5.6119E-05  6.6834E-05  7.9402E-05  9.2507E-05  9.5385E-05  8.5193E-05  7.5159E-05  7.7177E-05  7.6459E-05  4.8525E-05
       5.9666E-05  7.3474E-05  8.6882E-05  9.8022E-05  9.6899E-05  9.4385E-05  8.7981E-05  8.4576E-05  7.3310E-05  5.3043E-05
       4.7668E-05  6.9750E-05  7.6935E-05  9.9874E-05  9.8627E-05  9.3569E-05  9.2781E-05  9.3925E-05  7.0229E-05  6.5608E-05
       4.7145E-05  7.0551E-05  8.4903E-05  1.0691E-04  1.0348E-04  9.9435E-05  9.4721E-05  9.6340E-05  8.3275E-05  5.1898E-05
       5.3176E-05  7.0575E-05  8.0285E-05  9.3298E-05  8.8878E-05  1.0503E-04  9.8541E-05  9.9327E-05  8.0679E-05  5.3638E-05
       5.2135E-05  7.1663E-05  7.0907E-05  8.5789E-05  8.5819E-05  8.3393E-05  8.7410E-05  8.2379E-05  7.8854E-05  5.7040E-05
       4.7827E-05  5.9710E-05  7.0711E-05  7.6008E-05  6.7793E-05  7.7642E-05  8.3221E-05  7.6363E-05  6.0313E-05  4.3277E-05
       3.6432E-05  4.9333E-05  5.2955E-05  5.0012E-05  5.2538E-05  5.5507E-05  5.1091E-05  5.0926E-05  4.7474E-05  3.8818E-05
       3.1145E-05  4.3276E-05  4.1886E-05  4.3800E-05  4.8235E-05  4.6045E-05  3.9872E-05  3.8758E-05  3.9806E-05  2.6659E-05
       3.0886E-05  4.8163E-05  5.2443E-05  6.3620E-05  6.5252E-05  6.0502E-05  5.3849E-05  4.9301E-05  4.7119E-05  3.6405E-05
       3.4284E-05  5.8964E-05  5.8418E-05  7.3097E-05  6.6541E-05  6.2970E-05  6.1328E-05  6.1407E-05  5.4485E-05  3.4675E-05
       4.6014E-05  5.3102E-05  6.3635E-05  7.2685E-05  7.4227E-05  6.6186E-05  6.5012E-05  7.2453E-05  5.7088E-05  3.6968E-05
       4.5061E-05  4.8252E-05  6.6844E-05  7.2972E-05  6.7796E-05  7.4068E-05  6.4564E-05  7.1538E-05  5.5195E-05  4.5114E-05
       4.1448E-05  4.8609E-05  5.6097E-05  7.2945E-05  6.6447E-05  7.4379E-05  7.0544E-05  7.2838E-05  5.3174E-05  3.7790E-05
       3.7279E-05  5.2536E-05  5.3801E-05  6.5645E-05  7.0874E-05  7.2705E-05  7.8892E-05  6.3846E-05  6.0248E-05  3.5173E-05
       4.2933E-05  4.8602E-05  5.0102E-05  5.8902E-05  6.1741E-05  6.3433E-05  7.5427E-05  5.9706E-05  5.6441E-05  3.8533E-05
       3.6430E-05  4.5526E-05  5.1119E-05  6.0965E-05  5.0824E-05  5.9253E-05  5.8596E-05  5.1153E-05  4.8476E-05  3.8816E-05
       3.1514E-05  3.8403E-05  3.8435E-05  3.8602E-05  3.6142E-05  4.5048E-05  4.4541E-05  4.1717E-05  3.7741E-05  2.7798E-05
       2.0199E-05  2.8089E-05  2.4666E-05  2.8726E-05  3.3107E-05  3.4095E-05  3.0965E-05  2.9501E-05  2.8077E-05  2.4433E-05
       2.2740E-05  3.5918E-05  3.4919E-05  4.1192E-05  3.8721E-05  4.3977E-05  4.1757E-05  3.7513E-05  3.1920E-05  2.4127E-05
       3.2567E-05  4.3112E-05  4.3132E-05  4.4805E-05  4.4096E-05  4.9122E-05  4.7357E-05  4.4388E-05  3.9127E-05  2.8108E-05
       3.2440E-05  3.9472E-05  5.0849E-05  5.4004E-05  5.1761E-05  5.0033E-05  5.1318E-05  4.7030E-05  4.0314E-05  2.8317E-05
       3.3015E-05  3.1959E-05  4.2390E-05  5.2644E-05  5.3744E-05  4.9476E-05  4.8904E-05  4.6486E-05  3.9249E-05  2.4432E-05
       3.2963E-05  3.5631E-05  3.8053E-05  4.8178E-05  4.9997E-05  5.7287E-05  4.8440E-05  4.1162E-05  3.8316E-05  3.0085E-05
       2.4832E-05  3.2023E-05  4.1635E-05  4.6402E-05  4.6615E-05  4.7443E-05  4.5357E-05  4.7985E-05  4.2639E-05  2.6609E-05
       2.8669E-05  3.6120E-05  3.6113E-05  4.3109E-05  4.0296E-05  4.0910E-05  4.6543E-05  4.1948E-05  3.7009E-05  2.6756E-05
       3.0854E-05  3.3887E-05  3.6612E-05  4.4220E-05  4.2272E-05  4.5960E-05  4.0429E-05  3.7582E-05  3.0354E-05  2.6521E-05
       2.2343E-05  2.5854E-05  3.1704E-05  3.4315E-05  3.7053E-05  3.1162E-05  3.3162E-05  3.3194E-05  3.0656E-05  2.1630E-05

      Percentage errors follow in a matrix A(ix,iy,iz), format (1(5x,1p,10(1x,e11.4)))

       3.9394E+00  3.3216E+00  3.1606E+00  3.6860E+00  2.9789E+00  2.6456E+00  2.9554E+00  2.7667E+00  3.8717E+00  4.3628E+00
       3.8336E+00  3.6909E+00  2.7177E+00  2.9655E+00  3.8049E+00  2.5011E+00  3.6598E+00  2.9267E+00  3.6345E+00  4.4121E+00
       2.6350E+00  4.1023E+00  3.5311E+00  3.3468E+00  2.3389E+00  3.3208E+00  3.1176E+00  2.7492E+00  3.2746E+00  2.5079E+00
       3.0861E+00  3.2274E+00  2.8177E+00  3.1334E+00  2.9246E+00  3.1630E+00  2.4393E+00  3.8359E+00  4.1738E+00  3.9984E+00
       3.0966E+00  3.3265E+00  2.5902E+00  2.5584E+00  3.7743E+00  2.1812E+00  3.3204E+00  2.8428E+00  3.2019E+00  2.6392E+00
       2.8916E+00  3.3842E+00  2.0036E+00  2.4764E+00  2.8971E+00  3.0957E+00  3.0604E+00  2.6358E+00  2.8296E+00  3.9329E+00
       3.2076E+00  3.5341E+00  3.6637E+00  2.7273E+00  2.9143E+00  2.6943E+00  2.8745E+00  2.8413E+00  2.7560E+00  2.2508E+00
       3.4238E+00  3.6346E+00  2.7708E+00  2.6209E+00  2.5598E+00  3.4679E+00  2.3602E+00  2.8366E+00  3.6621E+00  3.6471E+00
       3.8899E+00  3.3963E+00  4.6838E+00  3.2024E+00  2.7996E+00  3.2637E+00  3.6186E+00  2.9899E+00  3.8826E+00  3.4513E+00
       3.8916E+00  4.3412E+00  3.4664E+00  3.4826E+00  3.3937E+00  2.4879E+00  4.1907E+00  3.0623E+00  4.4105E+00  3.9505E+00
       4.4901E+00  3.3028E+00  3.7513E+00  4.5816E+00  3.6289E+00  3.1712E+00  3.5107E+00  2.3955E+00  3.2708E+00  3.9344E+00
       3.8538E+00  3.5784E+00  3.6412E+00  2.8348E+00  3.1509E+00  2.8448E+00  3.6399E+00  3.5027E+00  4.3280E+00  4.6693E+00
       3.6488E+00  3.7243E+00  3.0919E+00  3.7078E+00  2.3164E+00  3.4682E+00  3.4068E+00  4.1544E+00  3.5465E+00  3.2267E+00
       2.4443E+00  2.6459E+00  3.4884E+00  3.7282E+00  3.5643E+00  2.8888E+00  3.6132E+00  3.8222E+00  3.2038E+00  4.3798E+00
       4.1664E+00  2.7551E+00  2.7215E+00  3.6854E+00  3.9517E+00  2.6969E+00  3.3459E+00  3.6033E+00  4.0142E+00  3.7594E+00
       3.6956E+00  2.7592E+00  3.9943E+00  3.7379E+00  3.7874E+00  2.3597E+00  3.5017E+00  3.2082E+00  3.5318E+00  3.6820E+00
       3.1323E+00  2.6495E+00  3.7970E+00  2.8867E+00  2.6713E+00  2.5453E+00  3.3130E+00  3.5310E+00  3.9006E+00  3.9485E+00
       4.1683E+00  2.5199E+00  3.4698E+00  2.3593E+00  2.5377E+00  3.1338E+00  2.6968E+00  3.6366E+00  2.2776E+00  4.5644E+00
       3.8099E+00  4.0753E+00  4.3034E+00  3.3211E+00  3.8892E+00  3.3338E+00  3.7192E+00  3.7071E+00  2.9079E+00  3.3275E+00
       4.3168E+00  5.0949E+00  4.3077E+00  3.8277E+00  3.4134E+00  2.9169E+00  3.2291E+00  4.1730E+00  4.4477E+00  3.9182E+00
       4.9428E+00  4.7799E+00  4.3657E+00  4.8703E+00  4.3738E+00  3.1514E+00  4.4594E+00  3.0715E+00  3.8574E+00  4.8433E+00
       3.9543E+00  3.3648E+00  3.5081E+00  2.7803E+00  3.2573E+00  3.8315E+00  3.5305E+00  3.2293E+00  3.4302E+00  4.3343E+00
       4.5437E+00  4.0401E+00  3.5741E+00  3.8638E+00  3.6803E+00  3.9200E+00  3.8963E+00  3.4682E+00  2.8766E+00  3.1389E+00
       3.9986E+00  3.8518E+00  3.8462E+00  3.5968E+00  3.5269E+00  3.4865E+00  4.2284E+00  4.1435E+00  2.8672E+00  3.7935E+00
       4.8111E+00  3.7360E+00  4.4805E+00  3.1486E+00  3.5619E+00  3.5708E+00  3.1046E+00  3.3450E+00  3.5459E+00  4.2515E+00
       4.3924E+00  3.0529E+00  3.4111E+00  3.3903E+00  4.7018E+00  2.2911E+00  2.9954E+00  3.8643E+00  5.2375E+00  4.0211E+00
       3.4877E+00  4.4484E+00  3.0913E+00  3.1649E+00  3.5607E+00  3.0586E+00  3.1213E+00  3.7933E+00  5.2830E+00  4.3370E+00
       4.2253E+00  3.4249E+00  4.1254E+00  3.4379E+00  3.8238E+00  3.5077E+00  2.9702E+00  4.4678E+00  3.3897E+00  4.4511E+00
       5.1219E+00  3.3534E+00  3.9901E+00  3.7968E+00  3.2720E+00  3.7801E+00  2.7055E+00  3.8372E+00  3.5932E+00  3.8865E+00
       5.3526E+00  4.0152E+00  3.9419E+00  4.2086E+00  2.9394E+00  4.2867E+00  4.0915E+00  3.3981E+00  6.6168E+00  6.1231E+00
       7.3594E+00  4.8962E+00  5.3657E+00  4.9315E+00  4.2704E+00  4.3299E+00  4.1945E+00  4.6398E+00  5.0020E+00  4.4931E+00
       5.0947E+00  4.8907E+00  3.4825E+00  4.2732E+00  3.9738E+00  3.8017E+00  4.5572E+00  3.9330E+00  4.3221E+00  6.7160E+00
       5.2255E+00  4.3678E+00  5.0521E+00  5.2012E+00  4.8787E+00  2.6368E+00  4.4528E+00  5.1884E+00  3.7346E+00  3.7764E+00
       4.5119E+00  3.7119E+00  3.8119E+00  4.5206E+00  4.8771E+00  3.9116E+00  2.9908E+00  4.0210E+00  2.8929E+00  5.1272E+00
       6.2994E+00  4.0627E+00  5.5945E+00  4.3683E+00  4.0053E+00  4.4476E+00  4.1102E+00  3.5722E+00  4.6025E+00  4.7169E+00
       4.6888E+00  4.3489E+00  4.5439E+00  5.0154E+00  4.8735E+00  3.6723E+00  3.4679E+00  3.1300E+00  5.6666E+00  4.4600E+00
       5.6547E+00  5.1911E+00  4.2193E+00  3.4946E+00  3.5522E+00  3.5764E+00  3.2884E+00  4.1016E+00  4.1196E+00  4.7060E+00
       5.8812E+00  4.1508E+00  3.8773E+00  3.7787E+00  5.3492E+00  3.4408E+00  3.0877E+00  5.2401E+00  3.7659E+00  5.1277E+00
       5.9721E+00  4.4946E+00  4.7080E+00  4.1575E+00  3.5681E+00  4.8462E+00  4.4434E+00  3.4203E+00  4.8425E+00  4.7890E+00
       4.1785E+00  5.2483E+00  5.2381E+00  5.8962E+00  4.4610E+00  4.7177E+00  4.8574E+00  3.0344E+00  6.9678E+00  6.7857E+00
       6.9501E+00  4.9801E+00  5.2669E+00  3.9830E+00  5.3826E+00  5.5604E+00  5.9257E+00  5.5023E+00  5.3130E+00  8.2935E+00
       4.6108E+00  3.8649E+00  5.5309E+00  3.4149E+00  4.9257E+00  2.6190E+00  6.0291E+00  4.7272E+00  4.7439E+00  6.0808E+00
       6.9355E+00  3.5404E+00  4.5137E+00  5.2350E+00  3.9040E+00  5.0544E+00  4.2506E+00  6.0414E+00  3.5804E+00  5.4284E+00
       4.9453E+00  5.9908E+00  5.6264E+00  3.9260E+00  4.2398E+00  3.9007E+00  3.1748E+00  5.7486E+00  4.6968E+00  7.1157E+00
       5.4454E+00  5.0191E+00  3.8309E+00  4.4043E+00  3.6294E+00  4.8033E+00  4.6738E+00  3.4283E+00  5.4698E+00  7.1606E+00
       5.5308E+00  5.1688E+00  3.2517E+00  4.8655E+00  3.2463E+00  4.6997E+00  5.1783E+00  4.0021E+00  5.8634E+00  5.1475E+00
       4.9522E+00  4.4686E+00  4.2037E+00  3.4266E+00  4.6726E+00  4.0992E+00  5.6799E+00  4.4709E+00  4.3400E+00  4.4764E+00
       7.8073E+00  5.3897E+00  4.0513E+00  4.2788E+00  5.1939E+00  4.2826E+00  4.5933E+00  4.5258E+00  3.8051E+00  6.2393E+00
       7.0983E+00  3.9282E+00  5.6015E+00  6.3809E+00  3.9024E+00  4.5836E+00  4.6146E+00  3.7500E+00  4.5634E+00  6.8416E+00
       7.1538E+00  5.6187E+00  4.5022E+00  6.7934E+00  6.2789E+00  5.2207E+00  5.1748E+00  4.5706E+00  4.9415E+00  7.0771E+00
       5.5027E+00  6.5166E+00  5.7030E+00  4.4012E+00  6.6979E+00  6.7106E+00  6.3610E+00  4.5714E+00  5.5396E+00  5.7745E+00
       7.0305E+00  7.3938E+00  5.0699E+00  4.7590E+00  6.5122E+00  5.0103E+00  5.6139E+00  5.0105E+00  7.0403E+00  5.9655E+00
       7.0163E+00  5.0841E+00  4.6343E+00  5.1883E+00  5.7529E+00  4.1432E+00  4.2522E+00  4.4303E+00  6.1444E+00  5.8190E+00
       5.9787E+00  5.1791E+00  5.9319E+00  5.7754E+00  4.6151E+00  5.2775E+00  4.1403E+00  5.5497E+00  5.0086E+00  5.0447E+00
       6.3709E+00  4.7440E+00  6.3075E+00  3.4965E+00  3.8283E+00  4.3117E+00  5.1833E+00  4.3366E+00  4.8595E+00  4.3097E+00
       7.2542E+00  6.0260E+00  5.5577E+00  3.5702E+00  4.9342E+00  5.4633E+00  6.0150E+00  4.9883E+00  4.4584E+00  6.1626E+00
       6.8378E+00  4.9266E+00  5.2080E+00  4.0439E+00  4.7910E+00  5.4547E+00  6.6339E+00  3.9446E+00  4.6927E+00  5.3088E+00
       5.1018E+00  6.2575E+00  3.2920E+00  5.5085E+00  5.2366E+00  4.5345E+00  4.0958E+00  5.1213E+00  5.4728E+00  7.8349E+00
       6.8088E+00  6.1717E+00  5.6714E+00  6.6645E+00  6.3334E+00  4.7380E+00  5.1817E+00  6.8053E+00  3.8185E+00  7.4749E+00
       5.3536E+00  5.3503E+00  6.2281E+00  7.1274E+00  4.2698E+00  5.9494E+00  6.2916E+00  6.9629E+00  6.4522E+00  6.5734E+00
       1.1501E+01  8.1205E+00  5.7554E+00  6.6057E+00  8.0735E+00  6.0114E+00  6.3621E+00  5.5476E+00  7.9814E+00  7.5954E+00
       5.3060E+00  6.4278E+00  6.1577E+00  6.9147E+00  7.9299E+00  5.5960E+00  7.9178E+00  7.8590E+00  5.0460E+00  6.3879E+00
       8.0518E+00  6.4157E+00  5.3833E+00  5.9714E+00  6.2196E+00  5.3699E+00  4.4672E+00  6.4012E+00  4.9907E+00  6.2748E+00
       6.1776E+00  6.8236E+00  5.1099E+00  5.3473E+00  5.6872E+00  5.1359E+00  4.6740E+00  4.1488E+00  4.1762E+00  6.6258E+00
       9.4804E+00  5.1909E+00  6.0517E+00  4.9719E+00  5.3625E+00  5.8604E+00  5.8571E+00  4.5905E+00  5.5589E+00  5.8597E+00
       7.3422E+00  7.2821E+00  4.2200E+00  4.9740E+00  4.5842E+00  7.0925E+00  6.5593E+00  5.2240E+00  4.7696E+00  6.1677E+00
       7.3380E+00  8.4148E+00  6.0161E+00  6.6351E+00  4.1516E+00  4.8209E+00  6.0346E+00  2.8301E+00  5.8273E+00  7.2622E+00
       5.6144E+00  5.7267E+00  3.4417E+00  6.2259E+00  5.7728E+00  4.4635E+00  5.3655E+00  4.2586E+00  8.3961E+00  8.1472E+00
       7.4042E+00  5.6239E+00  7.5950E+00  6.1286E+00  5.7829E+00  6.4240E+00  6.6898E+00  6.8258E+00  5.7342E+00  7.1787E+00
       6.1336E+00  6.5292E+00  6.8664E+00  6.8950E+00  6.0118E+00  6.5938E+00  7.3254E+00  6.8922E+00  6.3012E+00  9.1721E+00
       1.1750E+01  7.1521E+00  1.1168E+01  6.1020E+00  8.8194E+00  6.5352E+00  6.0765E+00  6.9348E+00  1.0079E+01  8.5424E+00
       5.5553E+00  8.1991E+00  5.3402E+00  5.6723E+00  8.5862E+00  5.1228E+00  7.2657E+00  9.0796E+00  8.3006E+00  8.5260E+00
       1.0968E+01  6.5307E+00  8.4662E+00  6.6001E+00  6.4944E+00  4.5638E+00  4.7431E+00  6.8536E+00  6.7137E+00  6.6739E+00
       9.4091E+00  5.6085E+00  7.5504E+00  7.0736E+00  5.4502E+00  5.2643E+00  7.8976E+00  5.7893E+00  6.9888E+00  8.4083E+00
       7.9775E+00  9.1097E+00  8.0979E+00  6.7225E+00  5.0469E+00  7.2232E+00  6.1803E+00  5.6614E+00  7.5781E+00  7.3594E+00
       6.8204E+00  9.1307E+00  4.2567E+00  3.9996E+00  6.3673E+00  7.3417E+00  6.4393E+00  7.3896E+00  7.5573E+00  5.0792E+00
       8.6977E+00  5.6475E+00  7.6559E+00  4.6541E+00  7.0323E+00  6.1427E+00  7.3737E+00  4.2728E+00  8.1056E+00  9.4741E+00
       6.9981E+00  9.4639E+00  8.6343E+00  8.6720E+00  5.8062E+00  6.5438E+00  6.3853E+00  6.5919E+00  7.7774E+00  6.0872E+00
       1.0181E+01  8.7872E+00  6.6281E+00  7.3151E+00  8.3231E+00  7.9813E+00  5.4067E+00  8.2062E+00  6.2889E+00  9.9266E+00
       7.2571E+00  1.0026E+01  7.5084E+00  8.4553E+00  6.9111E+00  8.4951E+00  8.2486E+00  9.2597E+00  8.7764E+00  8.8476E+00
       8.6558E+00  6.9569E+00  9.7718E+00  6.7305E+00  1.0228E+01  8.8817E+00  8.9727E+00  9.5837E+00  5.8796E+00  1.2709E+01
       7.3760E+00  8.7427E+00  7.1083E+00  6.6004E+00  8.0275E+00  6.4783E+00  1.0876E+01  8.7370E+00  1.0173E+01  1.1698E+01
       1.1393E+01  8.3451E+00  9.6713E+00  7.8253E+00  6.2749E+00  8.1453E+00  8.1789E+00  8.9173E+00  8.1839E+00  1.1635E+01
       1.1212E+01  1.0185E+01  6.9748E+00  7.0603E+00  8.7570E+00  4.2333E+00  7.6520E+00  7.3751E+00  8.6149E+00  1.1105E+01
       1.0982E+01  9.9114E+00  7.2724E+00  6.4122E+00  7.5587E+00  7.5890E+00  5.3669E+00  6.8690E+00  7.8129E+00  8.6783E+00
       9.6842E+00  9.4028E+00  7.9672E+00  5.4921E+00  6.1876E+00  4.6052E+00  6.2854E+00  5.2792E+00  7.8412E+00  9.1998E+00
       9.6289E+00  9.7611E+00  7.4150E+00  6.3826E+00  7.8367E+00  6.5605E+00  7.6687E+00  5.7690E+00  1.0062E+01  9.8573E+00
       9.6398E+00  1.1460E+01  9.3899E+00  7.5777E+00  6.7508E+00  5.0542E+00  7.2852E+00  4.4140E+00  9.1308E+00  9.6772E+00
       9.9149E+00  1.1497E+01  9.8040E+00  1.0808E+01  6.6997E+00  9.8601E+00  7.5633E+00  8.7044E+00  7.4771E+00  1.2608E+01
       9.4088E+00  8.9451E+00  8.9359E+00  1.1055E+01  8.0077E+00  8.3333E+00  9.5276E+00  1.0352E+01  8.0423E+00  9.2404E+00
       1.0649E+01  8.8745E+00  7.9565E+00  9.2207E+00  1.2481E+01  1.2584E+01  1.2707E+01  8.7457E+00  1.0333E+01  1.1790E+01
       1.1002E+01  1.0667E+01  1.0957E+01  6.1390E+00  1.0002E+01  9.9658E+00  6.4862E+00  7.1180E+00  8.0821E+00  1.2635E+01
       8.9467E+00  5.2029E+00  9.2892E+00  1.0064E+01  6.1102E+00  8.8441E+00  8.2907E+00  6.6659E+00  1.1092E+01  1.3004E+01
       1.0944E+01  6.7680E+00  9.6298E+00  9.3176E+00  6.3349E+00  7.2368E+00  9.0479E+00  8.2756E+00  8.4611E+00  1.2474E+01
       1.1067E+01  8.6621E+00  9.3816E+00  8.0815E+00  8.6066E+00  6.8667E+00  7.2445E+00  9.1534E+00  8.6374E+00  1.1037E+01
       1.0925E+01  9.5036E+00  1.0446E+01  9.0964E+00  9.1787E+00  6.5905E+00  1.0405E+01  7.5394E+00  8.8527E+00  9.9073E+00
       1.1204E+01  9.0889E+00  1.1842E+01  6.7141E+00  1.1047E+01  8.6327E+00  7.1985E+00  9.5081E+00  1.2159E+01  1.0855E+01
       9.0819E+00  8.3005E+00  1.0364E+01  7.5060E+00  1.0032E+01  6.9846E+00  9.4101E+00  7.4362E+00  9.4913E+00  1.4146E+01
       8.3368E+00  7.9775E+00  9.4313E+00  7.7931E+00  6.2956E+00  8.1743E+00  1.3983E+01  1.1217E+01  8.0207E+00  1.3431E+01
       1.3168E+01  6.8293E+00  1.2873E+01  8.5455E+00  9.5581E+00  8.5656E+00  9.7456E+00  8.1699E+00  1.0888E+01  1.0169E+01
