1
   Cartesian binning n.   1  "DoseEq    " , generalized particle n.  240
      X coordinate: from -8.5000E+01 to  8.5000E+01 cm,    10 bins ( 1.7000E+01 cm wide)
      Y coordinate: from -2.5000E+01 to  2.5000E+01 cm,    10 bins ( 5.0000E+00 cm wide)
      Z coordinate: from  2.2500E+02 to  2.7500E+02 cm,    10 bins ( 5.0000E+00 cm wide)
      Data follow in a matrix A(ix,iy,iz), format (1(5x,1p,10(1x,e11.4)))

      accurate deposition along the tracks requested
      this is a track-length binning
       2.5850E-04  3.1318E-04  3.3977E-04  3.7639E-04  4.1325E-04  4.1185E-04  3.8688E-04  3.5872E-04  3.1579E-04  2.7144E-04
       2.8637E-04  3.6548E-04  4.0758E-04  4.2963E-04  4.5598E-04  4.6630E-04  4.3210E-04  3.9540E-04  3.6111E-04  3.0077E-04
       2.9827E-04  3.9179E-04  4.3235E-04  4.6723E-04  5.2404E-04  5.1332E-04  4.6843E-04  4.3941E-04  3.7081E-04  3.1734E-04
       3.1731E-04  3.9211E-04  4.2752E-04  4.8448E-04  5.2903E-04  5.0624E-04  4.8373E-04  4.3841E-04  3.9362E-04  3.2685E-04
       3.2317E-04  4.1572E-04  4.5033E-04  5.1780E-04  5.1688E-04  5.2502E-04  4.9500E-04  4.5031E-04  4.2306E-04  3.4195E-04
       3.3134E-04  4.0401E-04  4.6711E-04  4.8989E-04  5.2057E-04  5.1719E-04  5.0052E-04  4.3907E-04  4.2604E-04  3.1192E-04
       3.3580E-04  4.0298E-04  4.4332E-04  4.7397E-04  5.0987E-04  5.1299E-04  4.9158E-04  4.4758E-04  4.1583E-04  3.1694E-04
       3.3576E-04  4.0931E-04  4.4725E-04  4.7677E-04  5.0176E-04  4.9999E-04  4.6507E-04  4.2954E-04  3.9113E-04  3.4212E-04
       3.2163E-04  3.7256E-04  4.2050E-04  4.3171E-04  4.6993E-04  4.6334E-04  4.2269E-04  3.9626E-04  3.6945E-04  3.1611E-04
       2.6775E-04  3.3466E-04  3.6444E-04  3.7798E-04  4.0112E-04  3.9161E-04  3.6266E-04  3.4943E-04  3.2107E-04  2.6624E-04
       2.0170E-04  2.5931E-04  2.8920E-04  3.0819E-04  3.4671E-04  3.3034E-04  3.2533E-04  2.9777E-04  2.6431E-04  2.1643E-04
       2.5096E-04  3.1072E-04  3.7165E-04  3.9629E-04  4.1365E-04  4.1302E-04  3.8937E-04  3.5081E-04  3.2301E-04  2.5914E-04
       2.7090E-04  3.5251E-04  4.0909E-04  4.2990E-04  4.6568E-04  4.2680E-04  4.2054E-04  4.0611E-04  3.4550E-04  2.8305E-04
       2.9234E-04  3.6239E-04  4.1819E-04  4.5379E-04  5.0520E-04  4.6540E-04  4.5064E-04  4.1903E-04  3.5083E-04  2.7903E-04
       2.7611E-04  4.0399E-04  4.4163E-04  4.6208E-04  4.9618E-04  5.0402E-04  4.5706E-04  4.1032E-04  3.7913E-04  2.9968E-04
       3.0354E-04  3.7771E-04  4.4421E-04  4.4203E-04  4.9543E-04  4.9782E-04  4.4938E-04  3.9512E-04  3.9729E-04  2.8207E-04
       2.8604E-04  3.7853E-04  4.0070E-04  4.6043E-04  5.0129E-04  4.8344E-04  4.5661E-04  4.1340E-04  3.9736E-04  2.7919E-04
       2.8143E-04  3.6204E-04  4.1279E-04  4.1868E-04  4.5410E-04  4.6631E-04  4.5294E-04  3.8884E-04  3.4943E-04  2.8707E-04
       2.6479E-04  3.1197E-04  3.6023E-04  3.8911E-04  4.0286E-04  4.1125E-04  3.7534E-04  3.6034E-04  3.0626E-04  2.6956E-04
       2.2744E-04  2.6686E-04  2.9385E-04  3.1352E-04  3.2832E-04  3.2558E-04  3.0624E-04  2.9838E-04  2.6824E-04  2.0809E-04
       1.5405E-04  2.2029E-04  2.2670E-04  2.4645E-04  2.6668E-04  2.5073E-04  2.4109E-04  2.2896E-04  2.0837E-04  1.5358E-04
       1.9255E-04  2.5885E-04  3.0476E-04  3.3521E-04  3.4397E-04  3.4562E-04  3.3324E-04  2.7402E-04  2.7463E-04  2.0782E-04
       2.0557E-04  2.9437E-04  3.3445E-04  3.6910E-04  3.8754E-04  3.4882E-04  3.3888E-04  3.3758E-04  2.9985E-04  2.3286E-04
       2.2403E-04  3.1011E-04  3.3844E-04  3.6781E-04  4.0710E-04  3.8710E-04  3.6503E-04  3.4910E-04  3.0217E-04  2.3694E-04
       2.3343E-04  3.2508E-04  3.5040E-04  3.8276E-04  4.0851E-04  4.2351E-04  3.9749E-04  3.4205E-04  3.1494E-04  2.4292E-04
       2.3586E-04  3.0081E-04  3.7016E-04  3.8675E-04  4.0364E-04  4.1766E-04  3.8269E-04  3.3251E-04  3.1182E-04  2.3803E-04
       2.3580E-04  3.1909E-04  3.5463E-04  3.8688E-04  4.1523E-04  3.9193E-04  3.7749E-04  3.4793E-04  3.2114E-04  2.3445E-04
       2.1612E-04  3.0518E-04  3.3548E-04  3.6357E-04  4.0003E-04  3.8154E-04  3.5717E-04  3.2629E-04  2.8593E-04  2.3681E-04
       2.0097E-04  2.5972E-04  2.9040E-04  3.1763E-04  3.3062E-04  3.3842E-04  3.1754E-04  3.0457E-04  2.5745E-04  1.9632E-04
       1.6757E-04  2.1094E-04  2.3714E-04  2.4507E-04  2.6577E-04  2.4940E-04  2.4815E-04  2.3698E-04  1.9660E-04  1.5509E-04
       1.0978E-04  1.5373E-04  1.6562E-04  1.8948E-04  2.1436E-04  1.9046E-04  1.8802E-04  1.7684E-04  1.5693E-04  1.1845E-04
       1.4233E-04  2.0168E-04  2.3202E-04  2.7619E-04  2.7543E-04  2.6614E-04  2.5118E-04  2.2693E-04  2.2218E-04  1.6239E-04
       1.6068E-04  2.1745E-04  2.7212E-04  2.9572E-04  3.1720E-04  2.7665E-04  2.8341E-04  2.7460E-04  2.4380E-04  1.6912E-04
       1.7548E-04  2.3705E-04  2.8195E-04  2.9431E-04  3.2377E-04  3.2917E-04  2.9206E-04  2.7285E-04  2.5084E-04  1.7973E-04
       1.8515E-04  2.4584E-04  2.8993E-04  3.1190E-04  3.2961E-04  3.4724E-04  3.2245E-04  2.7513E-04  2.4995E-04  1.8216E-04
       1.6885E-04  2.5585E-04  3.0399E-04  3.1743E-04  3.2688E-04  3.4140E-04  2.9877E-04  2.7503E-04  2.4906E-04  1.8237E-04
       1.7800E-04  2.5963E-04  2.8757E-04  3.0304E-04  3.4023E-04  3.2123E-04  3.0397E-04  2.8927E-04  2.7269E-04  1.8487E-04
       1.7677E-04  2.5205E-04  2.6523E-04  2.9013E-04  3.1174E-04  3.0189E-04  2.8417E-04  2.7082E-04  2.3140E-04  1.7559E-04
       1.6052E-04  2.1884E-04  2.1011E-04  2.5239E-04  2.7249E-04  2.7404E-04  2.4648E-04  2.2835E-04  1.9631E-04  1.4868E-04
       1.2513E-04  1.6294E-04  1.7694E-04  1.9160E-04  2.0792E-04  1.9475E-04  1.9709E-04  1.7647E-04  1.4499E-04  1.1428E-04
       8.9942E-05  1.1988E-04  1.1795E-04  1.5950E-04  1.6380E-04  1.5976E-04  1.5295E-04  1.3019E-04  1.1578E-04  9.2572E-05
       1.2675E-04  1.4788E-04  1.7148E-04  2.1487E-04  2.2086E-04  1.9899E-04  1.8627E-04  1.7248E-04  1.6170E-04  1.2259E-04
       1.3081E-04  1.7894E-04  2.1160E-04  2.2609E-04  2.4419E-04  2.3260E-04  2.1601E-04  2.0525E-04  1.7952E-04  1.2741E-04
       1.3736E-04  1.8677E-04  2.1564E-04  2.2777E-04  2.5765E-04  2.5193E-04  2.4017E-04  2.1141E-04  1.9645E-04  1.4358E-04
       1.4112E-04  2.0014E-04  2.1811E-04  2.4043E-04  2.7613E-04  2.6447E-04  2.5834E-04  2.1986E-04  1.9808E-04  1.4585E-04
       1.3659E-04  2.1047E-04  2.2499E-04  2.4382E-04  2.6955E-04  2.6989E-04  2.6093E-04  2.2575E-04  2.0390E-04  1.4139E-04
       1.3122E-04  1.8994E-04  2.2535E-04  2.5573E-04  2.7155E-04  2.4510E-04  2.4429E-04  2.3508E-04  2.0553E-04  1.3784E-04
       1.2353E-04  1.8353E-04  2.1328E-04  2.3691E-04  2.5322E-04  2.3717E-04  2.1948E-04  2.0741E-04  1.7654E-04  1.3022E-04
       1.1842E-04  1.6550E-04  1.7199E-04  1.9844E-04  2.1185E-04  2.1904E-04  1.9999E-04  1.7502E-04  1.5379E-04  1.1900E-04
       9.6016E-05  1.1717E-04  1.3682E-04  1.4186E-04  1.5652E-04  1.5324E-04  1.6029E-04  1.4417E-04  1.1993E-04  8.5911E-05
       7.2471E-05  9.3719E-05  8.8838E-05  1.1311E-04  1.2246E-04  1.2944E-04  1.1471E-04  9.4274E-05  8.2853E-05  7.7046E-05
       9.3732E-05  1.1874E-04  1.4475E-04  1.6331E-04  1.6767E-04  1.6290E-04  1.4687E-04  1.2981E-04  1.3370E-04  9.1545E-05
       9.1285E-05  1.4294E-04  1.6610E-04  1.8261E-04  1.8816E-04  1.8040E-04  1.7701E-04  1.5095E-04  1.4319E-04  1.0319E-04
       9.7675E-05  1.5311E-04  1.6535E-04  1.9005E-04  2.1902E-04  1.9897E-04  1.8070E-04  1.6479E-04  1.5550E-04  1.0071E-04
       1.0126E-04  1.5660E-04  1.6974E-04  1.8331E-04  2.2093E-04  2.2558E-04  1.9173E-04  1.7017E-04  1.5441E-04  1.1556E-04
       1.0598E-04  1.6030E-04  1.9033E-04  1.9207E-04  2.0536E-04  2.1764E-04  2.0042E-04  1.7148E-04  1.5101E-04  1.1067E-04
       1.0239E-04  1.5016E-04  1.8100E-04  1.9046E-04  2.0132E-04  1.9177E-04  2.0090E-04  1.7932E-04  1.5595E-04  1.0811E-04
       1.0157E-04  1.3622E-04  1.7562E-04  1.7435E-04  1.8491E-04  1.9411E-04  1.6865E-04  1.7706E-04  1.4455E-04  9.8224E-05
       9.0104E-05  1.3061E-04  1.4568E-04  1.5893E-04  1.6539E-04  1.5732E-04  1.6057E-04  1.3676E-04  1.2243E-04  9.5167E-05
       6.5249E-05  9.9853E-05  1.1014E-04  1.1363E-04  1.2742E-04  1.1694E-04  1.1282E-04  1.0546E-04  9.0059E-05  6.6650E-05
       5.5541E-05  7.6647E-05  7.4237E-05  8.4595E-05  9.8489E-05  1.0379E-04  9.3691E-05  7.2102E-05  6.8083E-05  5.9808E-05
       7.2001E-05  9.5019E-05  1.1873E-04  1.3316E-04  1.2115E-04  1.3772E-04  1.1242E-04  9.9742E-05  1.0387E-04  6.0077E-05
       7.1702E-05  1.1136E-04  1.2464E-04  1.3219E-04  1.4816E-04  1.3253E-04  1.2553E-04  1.1643E-04  1.1761E-04  7.8294E-05
       8.2288E-05  1.1634E-04  1.3355E-04  1.4853E-04  1.7086E-04  1.5690E-04  1.3956E-04  1.2477E-04  1.1801E-04  7.5759E-05
       7.6349E-05  1.2009E-04  1.3987E-04  1.6006E-04  1.7187E-04  1.6451E-04  1.5463E-04  1.3235E-04  1.1753E-04  8.5042E-05
       8.6152E-05  1.1718E-04  1.3702E-04  1.4928E-04  1.6532E-04  1.7386E-04  1.4380E-04  1.2685E-04  1.0487E-04  7.5453E-05
       7.9164E-05  1.1449E-04  1.3842E-04  1.4629E-04  1.5535E-04  1.5024E-04  1.4679E-04  1.2355E-04  1.1583E-04  8.3324E-05
       7.2998E-05  1.0809E-04  1.3292E-04  1.3258E-04  1.4773E-04  1.4936E-04  1.4089E-04  1.2357E-04  1.1375E-04  7.5197E-05
       7.4017E-05  9.2856E-05  1.1167E-04  1.2685E-04  1.2430E-04  1.2141E-04  1.2046E-04  1.0717E-04  9.3509E-05  6.6545E-05
       5.5169E-05  8.1663E-05  8.8361E-05  8.8758E-05  9.7062E-05  8.9671E-05  8.7099E-05  8.4466E-05  6.9809E-05  5.3696E-05
       4.3015E-05  6.3299E-05  6.2882E-05  6.2976E-05  6.5366E-05  7.2358E-05  7.2583E-05  5.3433E-05  5.5432E-05  4.4908E-05
       5.3312E-05  7.7264E-05  9.2757E-05  9.2884E-05  9.4637E-05  9.5756E-05  8.8687E-05  7.7104E-05  7.4152E-05  4.5544E-05
       5.4740E-05  8.3181E-05  9.3049E-05  9.8649E-05  1.0902E-04  1.0349E-04  1.0067E-04  8.7736E-05  8.6520E-05  5.4860E-05
       6.1879E-05  8.7862E-05  9.6021E-05  1.1463E-04  1.2940E-04  1.2552E-04  1.1965E-04  9.6415E-05  9.0771E-05  6.5377E-05
       6.5535E-05  8.7270E-05  1.0602E-04  1.2236E-04  1.3037E-04  1.3674E-04  1.2898E-04  1.1336E-04  8.8528E-05  6.6323E-05
       6.5483E-05  9.1633E-05  1.0819E-04  1.2666E-04  1.2877E-04  1.2941E-04  1.2274E-04  1.0057E-04  7.8676E-05  5.6148E-05
       6.5631E-05  8.8224E-05  1.0775E-04  1.2618E-04  1.2293E-04  1.1710E-04  1.1183E-04  9.4095E-05  8.7956E-05  5.9309E-05
       6.0057E-05  8.9797E-05  8.8737E-05  1.1885E-04  1.0511E-04  1.1982E-04  1.0549E-04  8.8658E-05  7.9650E-05  5.7316E-05
       5.8606E-05  7.3666E-05  8.6260E-05  9.7036E-05  9.5073E-05  8.9967E-05  9.3956E-05  7.6951E-05  7.3127E-05  4.8905E-05
       3.9946E-05  6.0278E-05  5.9848E-05  7.2312E-05  7.3758E-05  6.5480E-05  7.4354E-05  5.9217E-05  5.4115E-05  3.8460E-05
       4.1582E-05  4.3912E-05  4.8552E-05  5.1105E-05  5.7532E-05  5.5821E-05  5.2792E-05  4.0977E-05  4.4171E-05  3.2366E-05
       4.7606E-05  5.1467E-05  6.7699E-05  7.3814E-05  6.7283E-05  6.8479E-05  6.3356E-05  5.9644E-05  5.0078E-05  4.3509E-05
       4.8145E-05  6.2312E-05  7.3301E-05  7.1575E-05  7.5963E-05  8.5101E-05  7.8885E-05  7.4752E-05  6.9778E-05  4.9587E-05
       4.8368E-05  7.0357E-05  7.0282E-05  8.3567E-05  9.1917E-05  9.2079E-05  8.8682E-05  7.7438E-05  6.3898E-05  4.5839E-05
       5.2034E-05  6.9376E-05  8.4390E-05  8.7955E-05  1.0134E-04  9.8108E-05  1.0251E-04  8.8324E-05  6.4732E-05  5.0138E-05
       4.2811E-05  7.0154E-05  8.0264E-05  9.3897E-05  9.5771E-05  9.2322E-05  9.4248E-05  7.0788E-05  6.6328E-05  5.4379E-05
       4.7777E-05  6.8842E-05  8.4072E-05  8.8121E-05  9.4366E-05  8.7514E-05  7.7672E-05  7.8844E-05  6.6893E-05  4.1814E-05
       5.1636E-05  6.6917E-05  7.5821E-05  8.7860E-05  7.9132E-05  9.0450E-05  7.8931E-05  6.8580E-05  6.8968E-05  3.9958E-05
       4.3907E-05  6.0337E-05  6.5570E-05  7.5449E-05  7.6372E-05  6.7943E-05  7.2745E-05  5.8960E-05  5.6372E-05  3.7608E-05
       3.6843E-05  3.9120E-05  5.3561E-05  5.3293E-05  6.3464E-05  5.0495E-05  5.8443E-05  4.3730E-05  4.2062E-05  3.4448E-05
       2.2598E-05  3.1542E-05  3.6932E-05  3.9564E-05  4.1695E-05  3.6519E-05  4.0944E-05  3.5195E-05  3.3858E-05  2.5901E-05
       2.7530E-05  3.5546E-05  4.2016E-05  5.0206E-05  5.2931E-05  4.8140E-05  4.8528E-05  4.7933E-05  4.1139E-05  3.3868E-05
       3.5681E-05  4.3590E-05  5.1711E-05  5.5433E-05  5.2051E-05  5.9107E-05  5.7810E-05  4.9993E-05  5.0062E-05  3.5477E-05
       3.8476E-05  5.2313E-05  5.2445E-05  5.4727E-05  6.6004E-05  6.3628E-05  5.9959E-05  6.2652E-05  5.1806E-05  3.7655E-05
       3.6481E-05  4.5146E-05  5.6017E-05  5.9876E-05  7.4338E-05  6.7039E-05  6.1681E-05  4.8890E-05  5.1762E-05  3.8863E-05
       3.2571E-05  5.1940E-05  5.7122E-05  6.1747E-05  7.5276E-05  6.9975E-05  6.3876E-05  5.1759E-05  4.3119E-05  4.2418E-05
       3.5577E-05  4.8181E-05  5.4029E-05  6.7681E-05  6.5736E-05  5.9378E-05  5.3773E-05  5.1812E-05  4.5854E-05  3.6806E-05
       3.4511E-05  4.6923E-05  4.9559E-05  5.9792E-05  5.6361E-05  5.8098E-05  5.4035E-05  4.6161E-05  4.6024E-05  3.5919E-05
       3.1111E-05  4.5585E-05  4.8301E-05  5.5334E-05  5.3208E-05  5.6139E-05  5.0287E-05  4.6238E-05  3.8539E-05  2.9839E-05
       2.7009E-05  3.6061E-05  4.2746E-05  3.9384E-05  4.9906E-05  3.5717E-05  4.5758E-05  4.2136E-05  3.7310E-05  3.4551E-05

      Percentage errors follow in a matrix A(ix,iy,iz), format (1(5x,1p,10(1x,e11.4)))

       2.4741E+00  3.5727E+00  2.0849E+00  3.3442E+00  3.0914E+00  2.7240E+00  2.2675E+00  2.8350E+00  2.2756E+00  3.1699E+00
       3.0328E+00  2.3447E+00  3.0488E+00  1.9015E+00  2.8467E+00  3.0016E+00  2.7182E+00  2.6943E+00  2.6078E+00  3.6744E+00
       3.0533E+00  2.2506E+00  3.4526E+00  2.2662E+00  2.4127E+00  2.5928E+00  2.8486E+00  2.9066E+00  4.0891E+00  3.2441E+00
       3.6415E+00  3.1672E+00  1.6280E+00  2.2813E+00  1.8742E+00  2.4919E+00  2.8139E+00  2.1799E+00  3.0430E+00  2.7282E+00
       2.7949E+00  2.7425E+00  2.4818E+00  3.1060E+00  2.8759E+00  2.2951E+00  2.4155E+00  2.5661E+00  2.9586E+00  3.0200E+00
       2.4691E+00  3.6052E+00  1.7917E+00  2.7172E+00  3.2982E+00  2.7443E+00  2.0542E+00  2.7424E+00  3.0962E+00  2.6117E+00
       3.3577E+00  3.0162E+00  3.2528E+00  3.5346E+00  2.6398E+00  2.0647E+00  2.7077E+00  2.7394E+00  3.2193E+00  2.5863E+00
       3.5256E+00  3.1465E+00  2.5687E+00  2.2730E+00  1.6452E+00  3.2294E+00  1.8844E+00  2.4794E+00  2.6243E+00  3.3131E+00
       2.6364E+00  3.0153E+00  2.8201E+00  2.2862E+00  2.8833E+00  2.3575E+00  2.4712E+00  2.7306E+00  2.1612E+00  3.1149E+00
       4.0634E+00  2.6551E+00  3.8258E+00  2.8926E+00  2.7653E+00  2.6088E+00  2.7216E+00  2.3774E+00  3.0083E+00  3.7558E+00
       3.2744E+00  3.6225E+00  3.5859E+00  3.6110E+00  2.2766E+00  2.5659E+00  3.2012E+00  2.9114E+00  3.2988E+00  4.5140E+00
       4.1551E+00  2.5667E+00  2.8470E+00  3.4830E+00  3.2152E+00  2.9754E+00  2.4778E+00  2.7795E+00  3.3882E+00  3.7124E+00
       3.1554E+00  3.8781E+00  3.6300E+00  2.6621E+00  2.9552E+00  3.3602E+00  3.3530E+00  3.7230E+00  3.9293E+00  4.0512E+00
       4.1032E+00  2.3438E+00  3.1957E+00  2.3141E+00  2.8623E+00  2.8114E+00  3.6007E+00  2.5427E+00  3.6385E+00  4.1205E+00
       2.9120E+00  2.3210E+00  3.0680E+00  2.4855E+00  3.3700E+00  2.1425E+00  2.7680E+00  3.2956E+00  2.3793E+00  3.2956E+00
       3.0023E+00  2.8855E+00  2.2364E+00  2.7262E+00  2.5685E+00  2.3748E+00  2.5682E+00  2.9885E+00  2.7676E+00  2.7435E+00
       3.3958E+00  3.0949E+00  2.0954E+00  3.9479E+00  2.6897E+00  2.5343E+00  2.6540E+00  2.8155E+00  3.5585E+00  2.9891E+00
       4.1197E+00  3.0407E+00  2.8516E+00  2.5473E+00  2.7455E+00  3.6629E+00  2.1809E+00  2.7827E+00  2.5960E+00  3.7995E+00
       3.1869E+00  3.7827E+00  2.9502E+00  3.3414E+00  2.9963E+00  2.2728E+00  3.5410E+00  3.6430E+00  4.1037E+00  4.2287E+00
       3.1191E+00  3.0944E+00  4.0790E+00  3.0685E+00  3.9851E+00  2.9188E+00  3.5255E+00  3.4332E+00  3.4925E+00  3.3419E+00
       4.5313E+00  4.2216E+00  5.4471E+00  3.4602E+00  2.3198E+00  2.8701E+00  3.2119E+00  3.2007E+00  3.0938E+00  3.6442E+00
       4.0063E+00  3.4867E+00  4.6465E+00  3.4000E+00  2.8807E+00  3.2380E+00  3.0559E+00  3.9021E+00  3.7471E+00  4.1248E+00
       4.6425E+00  3.6247E+00  3.7046E+00  2.4019E+00  2.8570E+00  4.3302E+00  3.2459E+00  3.8753E+00  4.6280E+00  4.2562E+00
       4.9976E+00  3.3405E+00  4.0572E+00  2.9957E+00  3.5010E+00  3.7184E+00  4.5025E+00  3.4252E+00  3.5547E+00  3.7853E+00
       3.9208E+00  3.4483E+00  2.7058E+00  2.9742E+00  2.7374E+00  3.0594E+00  3.1399E+00  3.1896E+00  3.1435E+00  3.2853E+00
       2.7726E+00  3.3186E+00  2.5796E+00  2.8325E+00  2.4890E+00  2.4573E+00  3.4010E+00  2.9166E+00  2.7509E+00  2.7326E+00
       4.0315E+00  3.3876E+00  2.1010E+00  4.4750E+00  3.3208E+00  2.3179E+00  2.9704E+00  3.4802E+00  3.1043E+00  4.0009E+00
       5.6338E+00  4.1515E+00  3.2982E+00  2.7885E+00  2.3787E+00  3.1051E+00  2.6971E+00  3.8364E+00  2.8509E+00  3.5323E+00
       3.6229E+00  4.5996E+00  3.4863E+00  3.2074E+00  3.0776E+00  2.6492E+00  2.8231E+00  2.9881E+00  4.1998E+00  4.5358E+00
       4.6873E+00  3.7832E+00  3.3704E+00  2.8209E+00  4.7761E+00  3.7909E+00  3.6045E+00  3.6936E+00  3.4421E+00  4.9236E+00
       5.8390E+00  5.2445E+00  4.5259E+00  4.3353E+00  3.6112E+00  4.3626E+00  3.9006E+00  5.0890E+00  3.9398E+00  3.9708E+00
       5.4496E+00  4.1450E+00  3.5088E+00  3.5656E+00  3.8286E+00  3.3098E+00  3.7976E+00  2.8305E+00  4.7111E+00  4.2649E+00
       5.0873E+00  2.6945E+00  4.2802E+00  3.8158E+00  3.0300E+00  4.9538E+00  2.8498E+00  3.7016E+00  4.3314E+00  5.9452E+00
       5.5103E+00  4.3803E+00  3.9210E+00  2.9974E+00  2.6970E+00  3.6854E+00  3.6902E+00  3.7863E+00  3.8825E+00  3.8271E+00
       5.1920E+00  3.6099E+00  3.7949E+00  3.2560E+00  3.8526E+00  3.7009E+00  3.6500E+00  3.2848E+00  4.7544E+00  5.6465E+00
       3.3831E+00  3.9578E+00  3.4732E+00  3.6187E+00  3.4405E+00  2.7779E+00  3.1652E+00  3.4113E+00  4.7834E+00  3.1627E+00
       5.1090E+00  4.2738E+00  2.6930E+00  3.5977E+00  3.3394E+00  3.4016E+00  2.6951E+00  3.8466E+00  3.9338E+00  4.9844E+00
       5.0107E+00  4.2208E+00  3.9548E+00  3.2138E+00  3.0970E+00  4.3068E+00  3.7953E+00  4.0086E+00  3.3811E+00  6.8245E+00
       4.3320E+00  3.9084E+00  3.8129E+00  3.6483E+00  3.1753E+00  3.0567E+00  3.6305E+00  4.6301E+00  4.4740E+00  4.4718E+00
       3.4839E+00  4.0842E+00  4.1101E+00  4.0744E+00  3.0804E+00  4.4018E+00  3.0855E+00  3.2560E+00  4.1167E+00  5.0119E+00
       5.9770E+00  6.4970E+00  5.8064E+00  4.1087E+00  3.7871E+00  5.6288E+00  5.5524E+00  4.8601E+00  5.6593E+00  5.2801E+00
       5.2222E+00  3.7807E+00  4.7835E+00  4.1856E+00  4.5209E+00  2.7124E+00  4.0888E+00  4.0650E+00  5.7081E+00  4.8912E+00
       5.5390E+00  5.1059E+00  5.3524E+00  4.5733E+00  3.8210E+00  3.8742E+00  2.5780E+00  4.0232E+00  5.7816E+00  6.4890E+00
       3.9595E+00  4.8480E+00  3.7176E+00  3.8007E+00  3.9266E+00  3.1088E+00  3.5758E+00  5.0207E+00  4.1466E+00  4.6368E+00
       4.9020E+00  4.1434E+00  3.9064E+00  4.1443E+00  3.1918E+00  2.7446E+00  3.7740E+00  3.7891E+00  4.0394E+00  4.9303E+00
       4.5778E+00  3.8889E+00  4.5174E+00  3.8854E+00  2.9022E+00  4.5206E+00  4.1289E+00  3.5674E+00  5.0273E+00  4.2150E+00
       5.0872E+00  3.9572E+00  3.6866E+00  3.1294E+00  3.0606E+00  4.3385E+00  3.8397E+00  3.6117E+00  3.2757E+00  4.0958E+00
       6.1936E+00  5.4994E+00  4.5425E+00  4.1524E+00  4.2232E+00  3.6434E+00  4.7216E+00  3.5381E+00  4.5864E+00  4.5741E+00
       6.6015E+00  5.0148E+00  5.3677E+00  5.0487E+00  4.2275E+00  4.1816E+00  5.0662E+00  5.4090E+00  5.2208E+00  5.4372E+00
       4.6260E+00  5.2592E+00  5.1797E+00  5.3513E+00  5.0958E+00  4.6628E+00  4.8174E+00  4.0114E+00  5.2206E+00  5.4447E+00
       6.9191E+00  6.4924E+00  5.2793E+00  4.9312E+00  4.3067E+00  5.1378E+00  4.3575E+00  7.1250E+00  7.2211E+00  6.9769E+00
       8.2461E+00  6.1819E+00  4.7636E+00  4.5199E+00  4.1357E+00  5.2326E+00  5.2165E+00  4.0878E+00  4.8162E+00  4.4231E+00
       7.2479E+00  5.2184E+00  4.7292E+00  5.1834E+00  4.3970E+00  5.0503E+00  4.0827E+00  4.8543E+00  5.8896E+00  6.0432E+00
       4.9905E+00  5.3829E+00  4.1021E+00  4.0247E+00  3.9575E+00  3.9816E+00  4.8871E+00  5.9837E+00  5.5896E+00  4.8962E+00
       5.9953E+00  4.3897E+00  4.0982E+00  4.0406E+00  5.0409E+00  4.4726E+00  3.4057E+00  5.3013E+00  5.1892E+00  5.5048E+00
       5.3878E+00  6.1951E+00  5.4299E+00  3.7400E+00  3.8880E+00  4.6953E+00  3.8772E+00  4.9442E+00  5.1917E+00  5.0457E+00
       6.2841E+00  5.0432E+00  3.5088E+00  3.2242E+00  4.5712E+00  5.0193E+00  3.1806E+00  4.5884E+00  5.0964E+00  5.3317E+00
       5.2958E+00  5.8196E+00  4.4635E+00  2.3066E+00  5.3333E+00  3.6920E+00  4.2124E+00  5.1336E+00  6.4874E+00  6.2086E+00
       5.8166E+00  5.5624E+00  6.1827E+00  4.6542E+00  3.7619E+00  4.2861E+00  5.1935E+00  5.5638E+00  7.1027E+00  6.2432E+00
       6.3095E+00  5.1407E+00  6.3862E+00  4.9825E+00  3.7856E+00  4.7744E+00  5.3407E+00  3.7614E+00  4.5365E+00  6.9419E+00
       7.9598E+00  7.4538E+00  5.9947E+00  8.2908E+00  6.2636E+00  6.3032E+00  5.8923E+00  5.3189E+00  5.6654E+00  7.9381E+00
       7.1722E+00  6.7622E+00  5.4801E+00  5.3490E+00  4.4534E+00  5.2774E+00  5.2595E+00  3.9385E+00  7.5613E+00  7.5196E+00
       6.0670E+00  5.2012E+00  3.9986E+00  5.5327E+00  4.7163E+00  4.1018E+00  4.7152E+00  4.4787E+00  6.7648E+00  6.2912E+00
       8.2298E+00  6.0910E+00  5.5805E+00  4.9401E+00  5.8540E+00  4.5557E+00  6.1723E+00  6.4648E+00  5.6885E+00  8.2062E+00
       8.6716E+00  5.6467E+00  4.9963E+00  5.0626E+00  4.5852E+00  4.3448E+00  5.6535E+00  5.0400E+00  6.5122E+00  4.8020E+00
       7.0603E+00  6.4574E+00  4.4178E+00  4.8258E+00  4.3556E+00  4.1730E+00  4.7406E+00  4.7360E+00  5.6654E+00  7.3701E+00
       5.0057E+00  5.1938E+00  5.2505E+00  4.1131E+00  3.8016E+00  3.8256E+00  4.8636E+00  5.2271E+00  6.8339E+00  4.8270E+00
       5.3763E+00  6.5172E+00  5.4590E+00  4.2510E+00  6.5050E+00  4.6080E+00  3.4176E+00  4.0597E+00  7.4471E+00  6.6116E+00
       6.2325E+00  6.1313E+00  6.4204E+00  5.4841E+00  4.9471E+00  4.1256E+00  5.0169E+00  4.5154E+00  9.0519E+00  6.6646E+00
       7.4086E+00  5.6930E+00  6.4802E+00  5.7041E+00  4.6312E+00  4.5227E+00  5.3783E+00  7.0756E+00  8.8988E+00  7.7277E+00
       6.6775E+00  7.7479E+00  6.6883E+00  6.3530E+00  5.9279E+00  5.5502E+00  7.4149E+00  7.4917E+00  8.7227E+00  8.7215E+00
       8.3453E+00  6.5311E+00  5.8578E+00  4.9480E+00  7.4437E+00  5.0249E+00  6.6302E+00  6.3424E+00  6.3660E+00  7.9936E+00
       6.1087E+00  6.4085E+00  5.2308E+00  5.3655E+00  6.9910E+00  7.4885E+00  6.5351E+00  7.1858E+00  6.7981E+00  7.7443E+00
       7.6364E+00  6.2929E+00  5.0388E+00  5.9064E+00  5.4735E+00  6.2713E+00  5.5394E+00  7.3790E+00  5.6035E+00  9.3487E+00
       7.3444E+00  6.2431E+00  5.1366E+00  4.2138E+00  5.3678E+00  3.8063E+00  6.3489E+00  6.4079E+00  6.7400E+00  6.8511E+00
       7.5697E+00  5.8507E+00  6.9141E+00  4.2274E+00  5.7921E+00  4.7342E+00  4.5583E+00  6.6032E+00  6.1693E+00  6.2826E+00
       6.7363E+00  7.2475E+00  6.4676E+00  4.5418E+00  5.2335E+00  4.7910E+00  5.5641E+00  4.3276E+00  8.1341E+00  7.1060E+00
       7.0261E+00  4.9742E+00  3.8608E+00  4.5169E+00  6.7094E+00  5.6955E+00  6.7988E+00  6.0312E+00  8.0034E+00  7.1514E+00
       7.2725E+00  7.4310E+00  5.6445E+00  4.6100E+00  5.4502E+00  5.6393E+00  3.8406E+00  8.2158E+00  1.0592E+01  6.1294E+00
       9.1966E+00  7.6845E+00  7.8771E+00  6.2420E+00  5.4687E+00  5.1321E+00  4.9073E+00  5.3860E+00  9.4646E+00  7.3347E+00
       7.6065E+00  1.0353E+01  1.0659E+01  6.8173E+00  6.5502E+00  7.7286E+00  6.9235E+00  8.5855E+00  6.9097E+00  8.6564E+00
       8.5116E+00  8.9156E+00  6.4716E+00  8.9556E+00  7.1745E+00  7.9634E+00  8.5092E+00  9.8283E+00  7.2388E+00  9.6162E+00
       8.9329E+00  9.1439E+00  5.6796E+00  5.9880E+00  5.6842E+00  6.7821E+00  6.6859E+00  5.7836E+00  6.8674E+00  8.2118E+00
       6.8779E+00  7.9974E+00  5.6632E+00  5.1071E+00  5.3020E+00  6.4514E+00  6.3566E+00  4.2170E+00  6.8524E+00  7.3700E+00
       7.5633E+00  7.6740E+00  6.4317E+00  5.5346E+00  6.5498E+00  4.3890E+00  8.4078E+00  6.8493E+00  8.0776E+00  8.2127E+00
       7.3281E+00  7.0078E+00  6.1556E+00  5.0208E+00  4.8396E+00  6.7620E+00  6.3646E+00  8.7241E+00  7.8802E+00  1.0045E+01
       9.0884E+00  8.5538E+00  7.3122E+00  6.7395E+00  7.4864E+00  6.3825E+00  5.3541E+00  6.5287E+00  7.4989E+00  6.4025E+00
       7.3876E+00  5.0624E+00  6.5448E+00  5.5246E+00  5.6093E+00  7.2973E+00  7.2305E+00  6.2509E+00  6.3353E+00  7.3804E+00
       1.0698E+01  8.7856E+00  6.6840E+00  5.4468E+00  6.3412E+00  7.1906E+00  6.6416E+00  8.2268E+00  1.1224E+01  8.3049E+00
       8.6441E+00  1.1160E+01  6.7681E+00  7.6510E+00  4.9826E+00  6.7138E+00  6.4330E+00  7.2233E+00  6.8320E+00  1.0214E+01
       1.5232E+01  8.8419E+00  8.2502E+00  9.4096E+00  8.4647E+00  8.6371E+00  1.0912E+01  7.8231E+00  8.3625E+00  1.0871E+01
       1.2583E+01  8.9258E+00  8.5173E+00  9.7093E+00  6.4338E+00  6.5296E+00  7.5766E+00  9.4137E+00  7.9304E+00  1.1336E+01
       1.0867E+01  9.8005E+00  6.6447E+00  6.2275E+00  6.0496E+00  7.1011E+00  6.9543E+00  8.4496E+00  9.3011E+00  1.2563E+01
       9.0454E+00  8.5279E+00  6.8859E+00  6.5266E+00  7.2720E+00  8.4028E+00  7.7245E+00  6.6411E+00  6.1079E+00  9.9160E+00
       9.9399E+00  8.5081E+00  9.1341E+00  5.3897E+00  5.6171E+00  7.2255E+00  6.8112E+00  7.0096E+00  6.4184E+00  8.9600E+00
       7.6537E+00  7.9497E+00  9.7067E+00  8.0232E+00  5.5768E+00  6.5583E+00  5.9010E+00  6.9105E+00  1.0578E+01  8.5050E+00
       8.0901E+00  9.9503E+00  8.2490E+00  6.3776E+00  8.6432E+00  5.4755E+00  6.6357E+00  6.3890E+00  8.4479E+00  7.1488E+00
       6.4543E+00  9.5015E+00  6.9924E+00  7.5556E+00  6.5191E+00  8.0092E+00  5.7399E+00  8.5464E+00  9.0994E+00  7.9424E+00
       8.4936E+00  8.4753E+00  9.2142E+00  5.1880E+00  7.3724E+00  8.2970E+00  7.5348E+00  9.4889E+00  1.0864E+01  8.6729E+00
       9.4898E+00  9.0506E+00  8.6240E+00  6.7456E+00  5.9649E+00  6.8442E+00  6.9623E+00  6.1767E+00  8.6323E+00  8.6448E+00
