1
   Cartesian binning n.   1  "DoseEq    " , generalized particle n.  240
      X coordinate: from -8.5000E+01 to  8.5000E+01 cm,    10 bins ( 1.7000E+01 cm wide)
      Y coordinate: from -2.5000E+01 to  2.5000E+01 cm,    10 bins ( 5.0000E+00 cm wide)
      Z coordinate: from  2.2500E+02 to  2.7500E+02 cm,    10 bins ( 5.0000E+00 cm wide)
      Data follow in a matrix A(ix,iy,iz), format (1(5x,1p,10(1x,e11.4)))

      accurate deposition along the tracks requested
      this is a track-length binning
       2.4648E-04  3.0029E-04  3.1586E-04  3.5604E-04  3.6688E-04  3.5674E-04  3.5041E-04  3.1756E-04  3.0066E-04  2.6103E-04
       2.8087E-04  3.3730E-04  3.8272E-04  4.0403E-04  3.8749E-04  4.1263E-04  3.8910E-04  3.6179E-04  3.4808E-04  2.8064E-04
       3.1609E-04  3.5851E-04  3.9821E-04  4.2125E-04  4.5340E-04  4.6499E-04  4.0774E-04  3.8449E-04  3.5550E-04  3.0713E-04
       3.1187E-04  3.7099E-04  4.0988E-04  4.5362E-04  4.6336E-04  4.6925E-04  4.3081E-04  4.0879E-04  3.5188E-04  3.1272E-04
       3.2328E-04  3.7949E-04  4.0888E-04  4.4458E-04  4.5104E-04  4.6949E-04  4.2828E-04  4.2064E-04  3.5157E-04  3.0078E-04
       3.0081E-04  3.7314E-04  4.1364E-04  4.5897E-04  4.5708E-04  4.6882E-04  4.2380E-04  4.1625E-04  3.6528E-04  3.1273E-04
       2.9281E-04  3.5329E-04  4.0865E-04  4.6256E-04  4.4779E-04  4.6409E-04  4.3803E-04  4.1494E-04  3.6882E-04  2.9635E-04
       2.8536E-04  3.6413E-04  3.9493E-04  4.1226E-04  4.5821E-04  4.3601E-04  4.1782E-04  3.9804E-04  3.6289E-04  2.8597E-04
       3.0029E-04  3.5143E-04  3.7081E-04  4.1088E-04  4.0933E-04  4.1942E-04  3.8827E-04  3.8687E-04  3.4101E-04  2.6612E-04
       2.5841E-04  2.9498E-04  3.1707E-04  3.4801E-04  3.6958E-04  3.5529E-04  3.5013E-04  3.1987E-04  2.8999E-04  2.6142E-04
       1.9603E-04  2.4410E-04  2.6471E-04  2.9524E-04  3.0096E-04  2.9714E-04  3.0262E-04  2.5812E-04  2.4233E-04  1.9597E-04
       2.2935E-04  3.1350E-04  3.5022E-04  3.6022E-04  3.6710E-04  3.6756E-04  3.7033E-04  3.2735E-04  2.9976E-04  2.3656E-04
       2.6339E-04  3.2424E-04  3.9213E-04  4.0324E-04  4.1443E-04  4.0352E-04  3.8960E-04  3.5304E-04  3.1930E-04  2.6175E-04
       2.8813E-04  3.2511E-04  4.0246E-04  4.4069E-04  4.4386E-04  4.2350E-04  4.0320E-04  3.8133E-04  3.2451E-04  2.7175E-04
       2.7713E-04  3.4457E-04  3.9258E-04  4.1075E-04  4.4625E-04  4.1894E-04  4.0278E-04  3.8192E-04  3.3047E-04  2.8458E-04
       2.6525E-04  3.4178E-04  3.8555E-04  4.3325E-04  4.4550E-04  4.3700E-04  4.1104E-04  3.8282E-04  3.4217E-04  2.6982E-04
       2.8228E-04  3.3216E-04  3.8065E-04  4.0772E-04  4.1773E-04  4.3118E-04  3.9808E-04  3.7939E-04  3.2099E-04  2.5419E-04
       2.5642E-04  3.4379E-04  3.6661E-04  3.7146E-04  4.1291E-04  4.0055E-04  3.7988E-04  3.6662E-04  3.2356E-04  2.5649E-04
       2.2815E-04  3.1099E-04  3.3691E-04  3.5160E-04  3.8466E-04  3.6993E-04  3.5332E-04  3.2497E-04  3.1388E-04  2.2837E-04
       1.9339E-04  2.3572E-04  2.6641E-04  2.8051E-04  3.0015E-04  2.8667E-04  2.9762E-04  2.7411E-04  2.4430E-04  2.0089E-04
       1.4098E-04  1.8680E-04  2.1233E-04  2.2925E-04  2.3138E-04  2.4144E-04  2.3304E-04  1.9980E-04  1.8931E-04  1.4975E-04
       1.9114E-04  2.5161E-04  2.8639E-04  2.9469E-04  3.0546E-04  3.0184E-04  2.9430E-04  2.8046E-04  2.3621E-04  2.0154E-04
       1.9736E-04  2.6266E-04  3.3026E-04  3.4532E-04  3.2904E-04  3.4595E-04  3.3290E-04  2.9484E-04  2.6865E-04  2.1425E-04
       2.1823E-04  2.7700E-04  3.3311E-04  3.5962E-04  3.5497E-04  3.6094E-04  3.5804E-04  3.2355E-04  2.7942E-04  2.0459E-04
       2.1122E-04  2.7405E-04  3.2238E-04  3.4537E-04  3.7492E-04  3.6860E-04  3.4139E-04  3.1440E-04  2.8570E-04  2.2585E-04
       2.2421E-04  2.7939E-04  3.2725E-04  3.6987E-04  3.8227E-04  3.5067E-04  3.5394E-04  3.3813E-04  2.8251E-04  2.2940E-04
       2.2473E-04  2.7498E-04  3.3441E-04  3.5345E-04  3.6013E-04  3.6931E-04  3.3973E-04  3.2921E-04  2.8436E-04  2.0189E-04
       2.1668E-04  2.9402E-04  3.0853E-04  3.1306E-04  3.2015E-04  3.1419E-04  3.1993E-04  2.9733E-04  2.7376E-04  1.9886E-04
       1.9111E-04  2.4509E-04  2.7802E-04  2.9304E-04  2.8191E-04  2.9864E-04  2.8636E-04  2.7363E-04  2.4217E-04  1.7383E-04
       1.5021E-04  1.8787E-04  2.0351E-04  2.3083E-04  2.2355E-04  2.2642E-04  2.2060E-04  2.1129E-04  1.9980E-04  1.5008E-04
       1.0627E-04  1.4204E-04  1.7649E-04  1.6675E-04  1.7232E-04  1.9409E-04  1.6447E-04  1.6101E-04  1.4778E-04  1.0628E-04
       1.3549E-04  1.8807E-04  2.2050E-04  2.2126E-04  2.3335E-04  2.4139E-04  2.2592E-04  2.2096E-04  1.8265E-04  1.4446E-04
       1.5503E-04  2.1855E-04  2.5192E-04  2.5535E-04  2.6837E-04  2.8065E-04  2.7462E-04  2.3410E-04  2.1676E-04  1.5996E-04
       1.8407E-04  2.1863E-04  2.6892E-04  2.7832E-04  2.9658E-04  2.9320E-04  2.8925E-04  2.6270E-04  2.1860E-04  1.7191E-04
       1.7249E-04  2.3175E-04  2.4964E-04  2.9516E-04  3.0868E-04  3.0379E-04  2.8226E-04  2.6374E-04  2.3046E-04  1.7418E-04
       1.6851E-04  2.3786E-04  2.7705E-04  3.0785E-04  3.2227E-04  2.9830E-04  2.8147E-04  2.6574E-04  2.2627E-04  1.7909E-04
       1.6466E-04  2.2984E-04  2.7253E-04  2.9385E-04  2.9667E-04  3.0316E-04  2.8118E-04  2.5884E-04  2.2868E-04  1.6275E-04
       1.5284E-04  2.2550E-04  2.4624E-04  2.6057E-04  2.6918E-04  2.5575E-04  2.6272E-04  2.4583E-04  2.2468E-04  1.5032E-04
       1.4283E-04  1.8801E-04  2.2775E-04  2.4301E-04  2.2626E-04  2.4451E-04  2.1972E-04  2.0720E-04  1.8155E-04  1.3423E-04
       1.1168E-04  1.4694E-04  1.6876E-04  1.7878E-04  1.7133E-04  1.7551E-04  1.6679E-04  1.6387E-04  1.4609E-04  1.1549E-04
       8.3356E-05  1.0759E-04  1.2466E-04  1.3623E-04  1.3930E-04  1.4974E-04  1.4278E-04  1.2840E-04  1.0384E-04  8.6575E-05
       1.1245E-04  1.5338E-04  1.6967E-04  1.7097E-04  1.8785E-04  1.7889E-04  1.7785E-04  1.8475E-04  1.4322E-04  1.1801E-04
       1.3009E-04  1.6446E-04  1.8549E-04  2.0203E-04  2.0312E-04  2.1845E-04  2.1143E-04  1.9397E-04  1.6834E-04  1.2806E-04
       1.2582E-04  1.7355E-04  2.1154E-04  2.1958E-04  2.3334E-04  2.3290E-04  2.2580E-04  2.0392E-04  1.8086E-04  1.3336E-04
       1.3420E-04  1.7310E-04  2.2238E-04  2.3678E-04  2.4453E-04  2.2746E-04  2.2265E-04  2.1763E-04  1.7651E-04  1.2392E-04
       1.3282E-04  1.8795E-04  2.0307E-04  2.4730E-04  2.6165E-04  2.4109E-04  2.3342E-04  2.1669E-04  1.7955E-04  1.2827E-04
       1.4142E-04  1.9351E-04  2.0887E-04  2.2275E-04  2.2845E-04  2.3982E-04  2.2144E-04  2.0473E-04  1.8153E-04  1.2346E-04
       1.2745E-04  1.7606E-04  1.9257E-04  2.1502E-04  2.1644E-04  2.1587E-04  2.0727E-04  1.8677E-04  1.8070E-04  1.2084E-04
       1.1261E-04  1.4619E-04  1.7048E-04  1.8416E-04  1.8805E-04  1.9877E-04  1.8389E-04  1.6415E-04  1.6082E-04  1.0980E-04
       7.9854E-05  1.0264E-04  1.2508E-04  1.3268E-04  1.4454E-04  1.3915E-04  1.3534E-04  1.2197E-04  1.0746E-04  7.3266E-05
       6.9743E-05  7.9433E-05  1.0224E-04  1.0455E-04  9.8117E-05  1.0946E-04  1.0983E-04  8.9741E-05  8.1839E-05  6.7498E-05
       8.4439E-05  1.1486E-04  1.3281E-04  1.3164E-04  1.4010E-04  1.4053E-04  1.4464E-04  1.2714E-04  1.0524E-04  8.7309E-05
       1.1610E-04  1.3268E-04  1.4952E-04  1.5703E-04  1.6539E-04  1.6774E-04  1.7653E-04  1.4873E-04  1.3311E-04  9.6743E-05
       1.1060E-04  1.2923E-04  1.7078E-04  1.7641E-04  1.8334E-04  1.7010E-04  1.6961E-04  1.6196E-04  1.5419E-04  9.2068E-05
       1.0272E-04  1.4517E-04  1.7393E-04  1.8736E-04  1.9105E-04  1.7882E-04  1.7668E-04  1.6752E-04  1.4896E-04  9.1345E-05
       1.0163E-04  1.4368E-04  1.6902E-04  1.8689E-04  1.9570E-04  1.9169E-04  1.9110E-04  1.7062E-04  1.4328E-04  9.4968E-05
       1.0472E-04  1.4530E-04  1.6088E-04  1.6700E-04  1.8909E-04  1.8353E-04  1.8323E-04  1.6428E-04  1.3858E-04  8.8517E-05
       9.5592E-05  1.3480E-04  1.5461E-04  1.6041E-04  1.8070E-04  1.7602E-04  1.6482E-04  1.3260E-04  1.3494E-04  8.7061E-05
       9.0773E-05  1.2061E-04  1.2346E-04  1.3785E-04  1.4573E-04  1.4927E-04  1.3763E-04  1.3338E-04  1.1991E-04  8.3698E-05
       7.0187E-05  8.5177E-05  1.0296E-04  1.0519E-04  1.1703E-04  1.1540E-04  1.1395E-04  9.5725E-05  8.0425E-05  6.1203E-05
       5.1091E-05  5.5312E-05  7.6734E-05  7.8205E-05  8.2374E-05  7.8338E-05  8.3601E-05  7.3196E-05  6.5655E-05  4.7583E-05
       7.1632E-05  8.7189E-05  1.0625E-04  1.0488E-04  1.1301E-04  1.0822E-04  1.1366E-04  9.1045E-05  8.7185E-05  6.2406E-05
       8.8441E-05  1.0677E-04  1.1802E-04  1.2190E-04  1.1927E-04  1.2140E-04  1.2312E-04  1.1771E-04  1.0262E-04  7.3838E-05
       8.4571E-05  1.0141E-04  1.4448E-04  1.4322E-04  1.3541E-04  1.3507E-04  1.2951E-04  1.2191E-04  1.0890E-04  6.9877E-05
       8.4888E-05  1.0920E-04  1.3121E-04  1.4453E-04  1.4474E-04  1.4458E-04  1.2590E-04  1.2070E-04  1.0465E-04  6.8210E-05
       7.9198E-05  1.1515E-04  1.2866E-04  1.4446E-04  1.5442E-04  1.4267E-04  1.4576E-04  1.4038E-04  1.0864E-04  7.4018E-05
       8.6578E-05  1.0643E-04  1.2756E-04  1.2744E-04  1.4615E-04  1.5062E-04  1.4214E-04  1.1658E-04  1.0071E-04  6.7119E-05
       6.7542E-05  9.6697E-05  1.1867E-04  1.2444E-04  1.4304E-04  1.3345E-04  1.3080E-04  1.1222E-04  9.6941E-05  6.8271E-05
       6.3860E-05  8.7376E-05  9.2282E-05  1.0419E-04  1.2601E-04  1.1041E-04  1.0719E-04  9.7240E-05  9.2903E-05  6.7483E-05
       5.3347E-05  6.8167E-05  7.1794E-05  7.3667E-05  8.5869E-05  8.0238E-05  8.2954E-05  7.2458E-05  6.3402E-05  5.8735E-05
       4.0217E-05  4.0249E-05  5.5824E-05  6.4082E-05  6.6734E-05  6.2965E-05  6.2232E-05  5.7632E-05  4.9765E-05  3.8880E-05
       4.9008E-05  6.4159E-05  7.8360E-05  8.4178E-05  8.7996E-05  9.1783E-05  8.7117E-05  7.2839E-05  6.8026E-05  5.5088E-05
       6.6082E-05  8.1858E-05  9.9322E-05  9.8590E-05  9.4549E-05  9.1815E-05  9.8483E-05  8.9825E-05  8.1488E-05  5.8610E-05
       6.8602E-05  8.2472E-05  1.1864E-04  1.1201E-04  1.0390E-04  1.1395E-04  9.9095E-05  9.6114E-05  8.3754E-05  5.7685E-05
       6.6656E-05  8.7053E-05  1.0444E-04  1.1244E-04  1.2763E-04  1.1624E-04  1.0563E-04  9.6982E-05  8.0528E-05  6.5932E-05
       5.7508E-05  8.6269E-05  9.4312E-05  1.1503E-04  1.2445E-04  1.1624E-04  1.0712E-04  9.8875E-05  7.6595E-05  6.0724E-05
       5.8992E-05  7.6443E-05  8.1539E-05  1.0288E-04  1.1548E-04  1.1170E-04  1.0437E-04  1.0016E-04  7.5994E-05  6.1220E-05
       5.2240E-05  7.7016E-05  9.6583E-05  9.7662E-05  1.0729E-04  1.0121E-04  9.0352E-05  9.0250E-05  6.9878E-05  5.2713E-05
       4.6332E-05  7.0462E-05  7.9489E-05  7.7542E-05  1.0221E-04  8.7958E-05  8.0584E-05  7.2679E-05  6.2925E-05  5.0633E-05
       3.7683E-05  5.5182E-05  4.8716E-05  5.7741E-05  7.1681E-05  6.4255E-05  6.2456E-05  5.3723E-05  5.6081E-05  4.3228E-05
       3.0130E-05  3.6750E-05  4.0396E-05  4.9269E-05  5.0087E-05  4.7062E-05  4.5620E-05  4.8548E-05  3.7503E-05  3.2839E-05
       4.0724E-05  4.9337E-05  5.8183E-05  6.3307E-05  5.9988E-05  6.3944E-05  6.4266E-05  5.5709E-05  4.7426E-05  4.5311E-05
       5.3084E-05  5.8388E-05  7.7153E-05  7.4880E-05  7.1150E-05  6.5620E-05  7.6921E-05  6.4868E-05  5.7064E-05  4.8867E-05
       5.4472E-05  6.1463E-05  8.8639E-05  8.7704E-05  8.3467E-05  9.2434E-05  8.1134E-05  7.8995E-05  6.7055E-05  4.2980E-05
       4.9066E-05  6.6542E-05  7.9098E-05  8.2622E-05  9.2122E-05  8.6636E-05  7.8598E-05  7.4456E-05  6.5089E-05  4.8942E-05
       5.2395E-05  6.2809E-05  7.2558E-05  8.3384E-05  9.3489E-05  7.6465E-05  8.6704E-05  7.6842E-05  5.9858E-05  4.7516E-05
       3.8380E-05  6.2008E-05  6.8900E-05  7.6865E-05  8.9244E-05  7.8538E-05  7.5371E-05  7.9818E-05  5.2467E-05  4.8138E-05
       4.1893E-05  5.8196E-05  7.3424E-05  7.2042E-05  7.8012E-05  7.2046E-05  6.8094E-05  6.4350E-05  5.3878E-05  3.9374E-05
       3.7600E-05  5.0106E-05  6.5026E-05  6.0332E-05  6.9446E-05  6.0331E-05  6.5541E-05  5.0181E-05  4.9452E-05  3.6731E-05
       3.6411E-05  3.9435E-05  4.2334E-05  4.3638E-05  5.1622E-05  5.1980E-05  4.4307E-05  3.9894E-05  4.0330E-05  2.5073E-05
       2.1471E-05  3.0126E-05  3.9720E-05  4.7322E-05  3.7632E-05  3.5220E-05  3.4383E-05  3.3236E-05  3.1673E-05  2.6397E-05
       2.9874E-05  3.1442E-05  4.5648E-05  4.7126E-05  4.4233E-05  4.9894E-05  4.3203E-05  4.4599E-05  4.0035E-05  3.5040E-05
       3.6512E-05  3.7834E-05  5.0376E-05  5.1565E-05  4.4857E-05  5.1418E-05  4.9014E-05  4.0370E-05  4.5491E-05  3.2723E-05
       3.7910E-05  4.8373E-05  5.1460E-05  5.6172E-05  4.3760E-05  5.8572E-05  5.4194E-05  5.1646E-05  4.2775E-05  3.2743E-05
       3.7442E-05  4.2051E-05  5.6801E-05  5.2119E-05  6.7441E-05  6.6598E-05  4.7560E-05  5.2594E-05  5.0499E-05  3.4350E-05
       3.1362E-05  4.5416E-05  4.9442E-05  5.8555E-05  6.7571E-05  5.6263E-05  5.5389E-05  4.8425E-05  4.4055E-05  3.3787E-05
       3.1744E-05  4.5989E-05  4.5131E-05  5.8349E-05  6.1514E-05  5.0729E-05  5.1964E-05  5.6661E-05  3.5975E-05  3.8930E-05
       3.4158E-05  4.2902E-05  5.0129E-05  5.0261E-05  5.4271E-05  5.4292E-05  5.2888E-05  4.4092E-05  3.7396E-05  2.7874E-05
       2.6529E-05  3.7319E-05  4.4383E-05  4.5497E-05  5.4336E-05  4.6168E-05  4.6521E-05  4.0618E-05  3.6684E-05  2.5405E-05
       3.0057E-05  3.3568E-05  2.9326E-05  3.5208E-05  3.6827E-05  3.5654E-05  3.5645E-05  3.1410E-05  3.2274E-05  2.5505E-05

      Percentage errors follow in a matrix A(ix,iy,iz), format (1(5x,1p,10(1x,e11.4)))

       3.1380E+00  3.6200E+00  3.3101E+00  3.4556E+00  2.6223E+00  3.0168E+00  2.9097E+00  2.8417E+00  3.0859E+00  3.4168E+00
       3.5934E+00  2.9310E+00  2.9234E+00  2.6180E+00  2.1935E+00  3.8040E+00  2.0256E+00  2.7590E+00  2.8256E+00  3.7802E+00
       3.6336E+00  3.2868E+00  2.4583E+00  3.6349E+00  3.1717E+00  3.0363E+00  2.9696E+00  3.2084E+00  3.3364E+00  3.4226E+00
       3.4300E+00  2.3335E+00  2.6060E+00  2.3670E+00  3.0568E+00  2.2329E+00  3.0929E+00  2.9597E+00  3.3002E+00  4.5679E+00
       3.2041E+00  3.7474E+00  2.6952E+00  2.9154E+00  2.4863E+00  2.4978E+00  2.0106E+00  2.1100E+00  2.8436E+00  2.0582E+00
       3.4524E+00  2.7889E+00  1.7903E+00  2.8626E+00  3.0847E+00  1.9296E+00  2.8731E+00  3.4357E+00  3.3585E+00  3.9464E+00
       3.3779E+00  2.2449E+00  3.2064E+00  2.2139E+00  3.1476E+00  2.4276E+00  2.7271E+00  2.8519E+00  2.3267E+00  4.0600E+00
       3.8166E+00  2.7785E+00  2.6682E+00  2.7135E+00  2.7793E+00  2.0914E+00  2.7923E+00  2.6056E+00  2.6415E+00  3.1243E+00
       4.3288E+00  2.7843E+00  2.7428E+00  2.3224E+00  2.1120E+00  2.8798E+00  3.2083E+00  2.7934E+00  2.5608E+00  3.7689E+00
       2.9845E+00  3.1077E+00  4.4835E+00  3.0968E+00  3.5941E+00  2.1275E+00  2.4936E+00  2.3072E+00  3.3438E+00  3.5708E+00
       3.0254E+00  4.3099E+00  3.2056E+00  2.9305E+00  2.8047E+00  2.7312E+00  4.1867E+00  3.4076E+00  3.2680E+00  3.7697E+00
       3.5557E+00  2.6286E+00  3.1228E+00  3.7493E+00  2.6687E+00  3.5593E+00  2.7095E+00  3.7091E+00  2.7267E+00  3.7633E+00
       4.1679E+00  2.6528E+00  3.0980E+00  3.2729E+00  2.6257E+00  2.5256E+00  2.9398E+00  3.1693E+00  3.2084E+00  4.0039E+00
       4.3006E+00  3.3619E+00  2.9591E+00  2.1479E+00  2.8547E+00  2.6844E+00  3.4129E+00  3.6934E+00  4.1719E+00  5.2217E+00
       3.5594E+00  2.9255E+00  3.6144E+00  3.6846E+00  2.5523E+00  2.6342E+00  2.8189E+00  2.5419E+00  1.9679E+00  3.2213E+00
       3.5160E+00  3.4351E+00  2.2120E+00  3.8112E+00  2.8946E+00  2.8150E+00  3.1209E+00  2.5358E+00  3.3342E+00  4.2697E+00
       4.2873E+00  3.2297E+00  3.3436E+00  2.9312E+00  3.1958E+00  1.9649E+00  3.7873E+00  3.2795E+00  3.1274E+00  3.5731E+00
       3.7608E+00  2.9293E+00  3.9759E+00  2.3867E+00  2.8500E+00  2.6137E+00  3.3589E+00  2.4207E+00  2.3166E+00  3.5897E+00
       5.0665E+00  2.5695E+00  2.9616E+00  3.5178E+00  2.5003E+00  3.2255E+00  2.7832E+00  3.7372E+00  2.7726E+00  3.9944E+00
       4.4957E+00  3.7309E+00  4.1948E+00  4.3521E+00  2.3571E+00  2.6427E+00  3.2642E+00  3.4879E+00  2.8417E+00  4.8285E+00
       3.8789E+00  5.0501E+00  4.3879E+00  4.0347E+00  3.3933E+00  3.4173E+00  4.2296E+00  4.7037E+00  4.2168E+00  4.5117E+00
       3.9901E+00  3.9120E+00  2.7701E+00  3.9403E+00  3.0161E+00  2.8998E+00  3.1612E+00  3.3649E+00  2.8166E+00  4.7972E+00
       5.1628E+00  4.0278E+00  3.6495E+00  3.5990E+00  2.4473E+00  2.7537E+00  3.7150E+00  3.4600E+00  3.9395E+00  4.0178E+00
       4.3514E+00  3.5800E+00  3.2266E+00  3.5921E+00  3.8639E+00  3.3564E+00  4.1006E+00  2.3823E+00  3.6924E+00  4.6512E+00
       5.2449E+00  2.7714E+00  3.8749E+00  3.4776E+00  2.8958E+00  2.5716E+00  2.5930E+00  2.7125E+00  3.8937E+00  4.0079E+00
       4.2684E+00  3.2915E+00  2.8795E+00  3.4003E+00  3.3985E+00  2.0464E+00  3.5075E+00  3.2923E+00  4.0463E+00  3.9900E+00
       4.2077E+00  4.0116E+00  2.6139E+00  3.8746E+00  4.2445E+00  3.2152E+00  3.4534E+00  2.8910E+00  2.7586E+00  3.5494E+00
       4.3856E+00  4.3839E+00  3.7038E+00  3.0704E+00  3.1169E+00  2.9605E+00  2.8152E+00  2.9236E+00  3.1508E+00  4.3482E+00
       3.5674E+00  4.2506E+00  4.1944E+00  3.1154E+00  2.6426E+00  3.4138E+00  3.5070E+00  4.2118E+00  4.1015E+00  3.9735E+00
       5.0102E+00  4.2905E+00  3.7152E+00  3.4104E+00  4.4604E+00  3.9135E+00  3.6728E+00  3.0451E+00  4.1628E+00  5.0891E+00
       5.7239E+00  5.2794E+00  5.3045E+00  4.3876E+00  4.5386E+00  3.4908E+00  4.1758E+00  5.3419E+00  4.7341E+00  5.9859E+00
       4.4424E+00  4.0874E+00  4.0188E+00  4.4366E+00  3.6804E+00  3.1605E+00  3.9498E+00  2.6863E+00  3.1344E+00  4.8884E+00
       5.1535E+00  4.5011E+00  3.8574E+00  3.8415E+00  4.1674E+00  3.4875E+00  4.1083E+00  3.3271E+00  4.3516E+00  4.1283E+00
       5.1953E+00  5.1339E+00  4.2617E+00  4.0059E+00  4.4139E+00  4.0824E+00  4.8380E+00  2.5519E+00  4.2933E+00  5.6546E+00
       3.6762E+00  3.8786E+00  2.9510E+00  3.5451E+00  3.3896E+00  4.3667E+00  3.4582E+00  4.0552E+00  4.1624E+00  4.8237E+00
       3.6634E+00  4.3048E+00  2.2421E+00  3.1784E+00  3.7683E+00  3.2634E+00  3.7844E+00  3.4815E+00  4.7114E+00  4.4684E+00
       4.7030E+00  4.1417E+00  4.1474E+00  3.8810E+00  3.8149E+00  2.8384E+00  3.2352E+00  3.1984E+00  3.9588E+00  4.7941E+00
       4.2809E+00  4.6429E+00  4.5408E+00  3.7307E+00  3.2984E+00  3.3547E+00  3.0645E+00  3.3166E+00  4.7351E+00  5.8183E+00
       4.5235E+00  4.7987E+00  4.0610E+00  3.5795E+00  4.0858E+00  3.0817E+00  4.3914E+00  3.4332E+00  4.9154E+00  5.8500E+00
       5.9552E+00  5.4121E+00  4.2377E+00  4.4041E+00  4.5122E+00  4.5932E+00  3.6531E+00  4.3894E+00  4.0915E+00  4.2193E+00
       6.2079E+00  6.0936E+00  5.1851E+00  5.4590E+00  4.7197E+00  5.2965E+00  4.4800E+00  5.5739E+00  5.8629E+00  7.3706E+00
       5.9465E+00  5.3894E+00  5.4405E+00  5.4942E+00  4.3101E+00  3.9699E+00  4.0289E+00  5.0834E+00  4.6517E+00  5.5970E+00
       5.5045E+00  4.9049E+00  4.8930E+00  4.8447E+00  4.2317E+00  4.6399E+00  4.4676E+00  3.2768E+00  5.9075E+00  7.0020E+00
       5.8983E+00  4.6198E+00  4.1641E+00  3.5199E+00  4.2512E+00  4.4395E+00  3.8428E+00  3.7894E+00  4.4852E+00  6.6494E+00
       5.9348E+00  4.8890E+00  4.6612E+00  2.8687E+00  3.5781E+00  3.2733E+00  2.8805E+00  5.1560E+00  4.5788E+00  6.1503E+00
       5.2638E+00  3.7196E+00  3.9969E+00  3.9547E+00  3.7774E+00  3.2827E+00  3.5309E+00  3.7119E+00  6.1966E+00  6.2910E+00
       5.7559E+00  3.8483E+00  3.4836E+00  4.6782E+00  4.6822E+00  3.9997E+00  3.3824E+00  3.5291E+00  4.6077E+00  4.8524E+00
       5.2834E+00  4.6066E+00  4.1733E+00  4.7014E+00  4.1048E+00  3.8109E+00  2.8657E+00  3.5482E+00  4.5817E+00  5.2622E+00
       5.9209E+00  4.2462E+00  4.0716E+00  4.2152E+00  4.9340E+00  3.6133E+00  4.7498E+00  4.1715E+00  4.5573E+00  6.1981E+00
       5.8369E+00  6.4650E+00  4.6065E+00  5.4242E+00  4.6665E+00  3.9923E+00  4.6535E+00  5.4503E+00  5.1328E+00  6.6970E+00
       8.3618E+00  6.6334E+00  6.3029E+00  4.8719E+00  6.3591E+00  4.9036E+00  4.9685E+00  5.5923E+00  5.8051E+00  9.1971E+00
       7.0029E+00  5.5255E+00  3.8045E+00  5.5191E+00  5.0459E+00  4.1549E+00  4.2538E+00  5.8179E+00  5.4927E+00  7.0686E+00
       6.3975E+00  3.8183E+00  4.1452E+00  4.9933E+00  5.3382E+00  4.7718E+00  4.8198E+00  5.2571E+00  6.3031E+00  5.3918E+00
       7.4454E+00  4.9756E+00  4.2246E+00  5.2659E+00  4.4546E+00  5.7148E+00  4.3878E+00  4.3780E+00  4.8012E+00  5.9157E+00
       5.8586E+00  5.1804E+00  5.3634E+00  5.0168E+00  4.3755E+00  4.8001E+00  5.9303E+00  4.3496E+00  3.9166E+00  8.2518E+00
       6.3499E+00  4.7756E+00  4.9580E+00  4.4299E+00  4.8844E+00  5.8223E+00  4.6854E+00  4.7248E+00  4.5768E+00  6.3101E+00
       6.3769E+00  4.3126E+00  5.4104E+00  4.2858E+00  4.3306E+00  5.5563E+00  3.7912E+00  4.9382E+00  4.2951E+00  6.1438E+00
       7.3159E+00  5.7266E+00  5.8623E+00  5.3181E+00  3.9631E+00  3.8969E+00  4.7669E+00  5.9444E+00  4.1196E+00  5.5484E+00
       4.8334E+00  3.7775E+00  6.1512E+00  3.9814E+00  4.4121E+00  5.5033E+00  4.4910E+00  5.9956E+00  5.4846E+00  6.4082E+00
       3.8379E+00  6.3929E+00  5.3710E+00  6.6670E+00  5.3138E+00  5.8680E+00  4.8052E+00  7.2198E+00  5.7705E+00  5.5963E+00
       6.9442E+00  7.7987E+00  5.5792E+00  7.8190E+00  5.3242E+00  4.6255E+00  5.9565E+00  5.7388E+00  6.0868E+00  7.9500E+00
       5.9654E+00  6.8624E+00  5.8506E+00  6.9618E+00  5.9557E+00  4.3720E+00  4.5372E+00  5.8157E+00  6.0706E+00  8.8248E+00
       6.1370E+00  4.6207E+00  4.9809E+00  4.4114E+00  6.6063E+00  5.3361E+00  5.2484E+00  5.6692E+00  5.1003E+00  7.4756E+00
       5.5003E+00  6.5198E+00  4.4513E+00  5.1611E+00  4.6690E+00  5.0572E+00  4.9401E+00  6.0331E+00  6.0449E+00  4.3698E+00
       7.6387E+00  6.2995E+00  4.1649E+00  4.9347E+00  4.6296E+00  3.7727E+00  5.1051E+00  5.5574E+00  5.1862E+00  6.9076E+00
       7.9304E+00  6.2793E+00  5.1477E+00  4.6304E+00  6.4599E+00  4.5983E+00  3.8557E+00  5.3328E+00  5.5773E+00  6.8555E+00
       7.0922E+00  3.8772E+00  5.2138E+00  3.8854E+00  5.2014E+00  4.8666E+00  5.3386E+00  6.1451E+00  5.2560E+00  9.0705E+00
       6.2691E+00  6.3963E+00  7.8272E+00  4.8304E+00  4.5305E+00  4.4649E+00  5.0207E+00  6.3632E+00  4.1346E+00  7.2431E+00
       6.2109E+00  7.2357E+00  6.2387E+00  6.2518E+00  4.1563E+00  5.4383E+00  6.6086E+00  7.1117E+00  6.0463E+00  7.6977E+00
       6.8969E+00  7.3611E+00  5.0176E+00  5.4461E+00  4.5942E+00  5.1623E+00  6.3596E+00  6.8376E+00  6.4636E+00  7.5522E+00
       1.0848E+01  8.7250E+00  8.6559E+00  7.1744E+00  7.1798E+00  7.2201E+00  7.3645E+00  5.8260E+00  8.1541E+00  6.9698E+00
       8.8133E+00  7.8069E+00  7.8011E+00  7.4602E+00  5.8897E+00  7.5872E+00  5.0383E+00  5.4924E+00  7.2035E+00  1.0148E+01
       6.4198E+00  6.6610E+00  5.3643E+00  6.1827E+00  7.0780E+00  5.5647E+00  4.7946E+00  8.3704E+00  6.1224E+00  7.0302E+00
       8.2332E+00  6.3292E+00  6.9507E+00  6.4336E+00  5.0528E+00  4.6937E+00  5.2041E+00  6.1169E+00  5.8651E+00  6.4529E+00
       4.6895E+00  6.4865E+00  5.2726E+00  6.0897E+00  5.1125E+00  5.3519E+00  6.4599E+00  5.7493E+00  5.8237E+00  7.5558E+00
       6.0738E+00  6.1417E+00  7.4806E+00  5.2000E+00  7.0423E+00  5.0013E+00  5.1817E+00  5.3947E+00  6.4336E+00  7.1746E+00
       5.4255E+00  5.2981E+00  7.8883E+00  5.9589E+00  5.1903E+00  4.8974E+00  7.2586E+00  4.9796E+00  6.3374E+00  7.7780E+00
       9.3155E+00  5.9905E+00  6.3418E+00  6.2016E+00  5.8903E+00  5.3475E+00  8.1817E+00  6.9062E+00  6.6948E+00  7.8014E+00
       7.9146E+00  6.8612E+00  7.8601E+00  6.0539E+00  4.8600E+00  4.1839E+00  6.9798E+00  6.1560E+00  6.4926E+00  6.8545E+00
       8.8806E+00  8.9462E+00  7.0101E+00  7.8957E+00  8.2436E+00  6.0368E+00  6.7708E+00  6.2572E+00  7.2217E+00  9.3803E+00
       1.0391E+01  1.1100E+01  6.8304E+00  1.0033E+01  9.5274E+00  5.3039E+00  7.9270E+00  6.5371E+00  8.3092E+00  8.7713E+00
       8.3613E+00  8.0840E+00  8.9034E+00  8.9281E+00  7.2356E+00  8.1861E+00  6.0470E+00  8.3570E+00  6.8388E+00  9.0164E+00
       1.0008E+01  7.2362E+00  7.1459E+00  4.8133E+00  8.8142E+00  7.4758E+00  6.9369E+00  9.7122E+00  8.3791E+00  7.5632E+00
       1.0476E+01  8.4991E+00  5.8129E+00  7.2014E+00  7.5171E+00  5.6976E+00  6.5262E+00  6.7452E+00  5.9680E+00  1.3457E+01
       8.7811E+00  6.5913E+00  4.9538E+00  7.5724E+00  6.5547E+00  5.4196E+00  7.1520E+00  8.3678E+00  4.1644E+00  7.8838E+00
       6.6691E+00  7.0844E+00  6.2128E+00  6.8269E+00  6.7219E+00  6.8523E+00  7.5949E+00  5.9355E+00  7.5591E+00  6.7084E+00
       8.6636E+00  8.1285E+00  9.1356E+00  4.6063E+00  7.3912E+00  7.2292E+00  6.9710E+00  6.9045E+00  6.8357E+00  7.8737E+00
       8.6941E+00  7.2211E+00  8.0087E+00  6.6311E+00  5.0212E+00  4.8236E+00  6.6055E+00  6.5317E+00  8.0894E+00  1.0716E+01
       9.6624E+00  7.7171E+00  7.6372E+00  6.2347E+00  6.8417E+00  6.0359E+00  5.3954E+00  8.8999E+00  9.5593E+00  9.4660E+00
       1.0263E+01  5.8954E+00  1.0543E+01  1.0487E+01  7.1834E+00  7.7892E+00  6.8539E+00  9.1927E+00  7.3509E+00  9.6084E+00
       1.2267E+01  9.0092E+00  1.0634E+01  9.7457E+00  9.8494E+00  8.7279E+00  9.0397E+00  9.4751E+00  9.3025E+00  1.5285E+01
       1.2343E+01  8.5006E+00  8.2518E+00  7.4147E+00  9.3387E+00  9.2136E+00  6.3610E+00  8.9754E+00  1.0494E+01  1.2498E+01
       8.8561E+00  1.0354E+01  8.2722E+00  5.6251E+00  7.7339E+00  7.6914E+00  8.3215E+00  9.4443E+00  9.4754E+00  8.3491E+00
       8.6565E+00  9.3763E+00  7.6931E+00  8.3043E+00  7.2426E+00  6.2984E+00  8.9212E+00  8.2260E+00  8.0294E+00  1.1011E+01
       9.5850E+00  9.5602E+00  8.4126E+00  5.7007E+00  8.3668E+00  8.7307E+00  8.1114E+00  9.5003E+00  6.4237E+00  6.9675E+00
       9.3316E+00  8.8996E+00  9.5756E+00  6.3910E+00  7.0287E+00  1.0374E+01  8.2871E+00  5.9324E+00  9.2059E+00  7.7010E+00
       8.7247E+00  9.5601E+00  8.6747E+00  7.1133E+00  8.5473E+00  8.6546E+00  9.0777E+00  7.0284E+00  9.9871E+00  7.3088E+00
       1.5179E+01  8.7027E+00  6.1280E+00  5.9314E+00  6.9196E+00  7.6356E+00  7.1428E+00  5.0815E+00  6.8863E+00  9.3988E+00
       1.3929E+01  6.4253E+00  5.6381E+00  7.3922E+00  7.0766E+00  9.3773E+00  6.1098E+00  7.7727E+00  1.0369E+01  8.5947E+00
       9.6193E+00  7.5428E+00  7.7531E+00  1.0482E+01  9.0307E+00  9.9318E+00  9.3269E+00  9.3506E+00  9.7787E+00  1.0912E+01
