1
   Cartesian binning n.   1  "DoseEq    " , generalized particle n.  240
      X coordinate: from -8.5000E+01 to  8.5000E+01 cm,    10 bins ( 1.7000E+01 cm wide)
      Y coordinate: from -2.5000E+01 to  2.5000E+01 cm,    10 bins ( 5.0000E+00 cm wide)
      Z coordinate: from  2.2500E+02 to  2.7500E+02 cm,    10 bins ( 5.0000E+00 cm wide)
      Data follow in a matrix A(ix,iy,iz), format (1(5x,1p,10(1x,e11.4)))

      accurate deposition along the tracks requested
      this is a track-length binning
       3.0990E-04  3.7492E-04  4.4050E-04  4.5154E-04  5.0319E-04  4.9612E-04  4.4755E-04  4.2276E-04  3.6950E-04  3.1964E-04
       3.4572E-04  4.3166E-04  4.9338E-04  5.3796E-04  5.5898E-04  5.7451E-04  5.5534E-04  4.7755E-04  4.1782E-04  3.3697E-04
       3.6156E-04  4.4381E-04  5.0751E-04  5.6365E-04  5.9356E-04  6.0667E-04  5.5528E-04  5.2715E-04  4.3376E-04  3.6123E-04
       3.7848E-04  4.6644E-04  5.1462E-04  5.8045E-04  6.3526E-04  6.0616E-04  5.9977E-04  5.2039E-04  4.5105E-04  3.7311E-04
       3.6652E-04  4.7888E-04  5.3085E-04  5.8627E-04  6.3229E-04  5.9643E-04  5.8880E-04  5.3871E-04  4.8199E-04  3.6973E-04
       3.7548E-04  4.7817E-04  5.1189E-04  5.9385E-04  6.1306E-04  6.3597E-04  5.8376E-04  5.5257E-04  4.7619E-04  3.8086E-04
       3.7989E-04  4.8023E-04  5.2978E-04  5.8204E-04  5.8857E-04  5.9271E-04  5.8731E-04  5.4702E-04  4.6950E-04  3.7775E-04
       3.6327E-04  4.6324E-04  5.0756E-04  5.6900E-04  5.9847E-04  5.8790E-04  5.7460E-04  5.1462E-04  4.7007E-04  3.7995E-04
       3.5214E-04  4.4149E-04  4.7132E-04  5.6414E-04  5.6386E-04  5.8151E-04  5.4464E-04  4.8235E-04  4.2203E-04  3.5645E-04
       3.1506E-04  3.7118E-04  4.0656E-04  4.6245E-04  4.6609E-04  4.7180E-04  4.5486E-04  4.3490E-04  3.6809E-04  3.0388E-04
       2.4954E-04  2.9703E-04  3.6745E-04  3.7931E-04  4.2086E-04  3.9917E-04  3.7278E-04  3.3490E-04  3.0562E-04  2.4625E-04
       3.0845E-04  3.8616E-04  4.6401E-04  4.8223E-04  4.9024E-04  4.9849E-04  4.8335E-04  4.3522E-04  3.8840E-04  2.9619E-04
       3.1126E-04  4.0966E-04  4.9116E-04  5.5166E-04  5.4737E-04  5.4186E-04  5.2146E-04  4.7638E-04  3.9809E-04  3.1198E-04
       3.4525E-04  4.6116E-04  4.9918E-04  5.7425E-04  6.0320E-04  5.9110E-04  5.6656E-04  4.8956E-04  4.1775E-04  3.0944E-04
       3.1100E-04  4.3591E-04  5.0847E-04  5.6243E-04  6.0070E-04  5.7335E-04  5.4167E-04  5.1892E-04  4.4751E-04  3.3139E-04
       3.2533E-04  4.5156E-04  4.8090E-04  5.6498E-04  5.7690E-04  5.5962E-04  5.3401E-04  4.9976E-04  4.4000E-04  3.2724E-04
       3.3749E-04  4.3437E-04  5.0302E-04  5.4764E-04  5.7370E-04  5.6168E-04  5.5496E-04  5.1625E-04  4.2888E-04  3.2581E-04
       3.0496E-04  4.1491E-04  4.7274E-04  5.2413E-04  5.2720E-04  5.4038E-04  5.1582E-04  4.8542E-04  4.2677E-04  3.0736E-04
       2.9028E-04  3.8325E-04  4.1442E-04  4.9821E-04  4.8065E-04  4.8941E-04  4.5412E-04  4.3449E-04  3.6989E-04  2.9007E-04
       2.4536E-04  3.0255E-04  3.2886E-04  3.7295E-04  3.8151E-04  3.9056E-04  3.7986E-04  3.5572E-04  2.9071E-04  2.5299E-04
       1.7942E-04  2.3814E-04  2.7655E-04  2.9512E-04  3.1606E-04  3.1047E-04  2.9238E-04  2.6908E-04  2.2927E-04  1.8145E-04
       2.2412E-04  3.1016E-04  3.7056E-04  4.0819E-04  3.8124E-04  3.8947E-04  4.1356E-04  3.6064E-04  2.9228E-04  2.1583E-04
       2.3982E-04  3.3991E-04  4.1025E-04  4.4665E-04  4.4938E-04  4.7116E-04  4.4665E-04  3.8039E-04  3.2282E-04  2.4445E-04
       2.5989E-04  3.6296E-04  4.3542E-04  4.7989E-04  4.8421E-04  4.8874E-04  4.7814E-04  4.0271E-04  3.4596E-04  2.4937E-04
       2.5996E-04  3.6695E-04  4.2250E-04  4.6181E-04  4.9324E-04  4.9374E-04  4.5251E-04  4.1503E-04  3.5778E-04  2.6900E-04
       2.6135E-04  3.7602E-04  4.1456E-04  4.9118E-04  4.7987E-04  4.8777E-04  4.6085E-04  4.1930E-04  3.6148E-04  2.6039E-04
       2.5749E-04  3.6291E-04  4.0764E-04  4.4792E-04  4.6615E-04  4.7268E-04  4.5244E-04  4.1805E-04  3.3921E-04  2.4633E-04
       2.2713E-04  3.3566E-04  3.7822E-04  4.2350E-04  4.5583E-04  4.6079E-04  4.5738E-04  3.9560E-04  3.3904E-04  2.2997E-04
       2.1949E-04  2.9312E-04  3.3576E-04  4.0007E-04  4.0238E-04  4.1881E-04  3.9940E-04  3.4456E-04  3.0331E-04  2.2114E-04
       1.7905E-04  2.1547E-04  2.5507E-04  2.9635E-04  2.9671E-04  3.0618E-04  2.9939E-04  2.5777E-04  2.3968E-04  1.8589E-04
       1.1972E-04  1.9128E-04  2.1590E-04  2.2197E-04  2.4744E-04  2.3167E-04  2.3169E-04  2.0524E-04  1.7507E-04  1.2832E-04
       1.6535E-04  2.4396E-04  2.8275E-04  3.1582E-04  3.0470E-04  3.2109E-04  3.1284E-04  2.7416E-04  2.2227E-04  1.5932E-04
       1.8889E-04  2.6711E-04  3.2038E-04  3.4965E-04  3.6284E-04  3.8925E-04  3.6002E-04  2.9263E-04  2.5334E-04  1.8740E-04
       2.0005E-04  2.9833E-04  3.5597E-04  3.8006E-04  3.7954E-04  3.9226E-04  3.8156E-04  3.2050E-04  2.7811E-04  1.9484E-04
       1.9285E-04  2.9640E-04  3.4558E-04  3.6155E-04  3.9860E-04  4.1000E-04  3.6626E-04  3.3169E-04  2.9280E-04  2.0632E-04
       1.9953E-04  2.9321E-04  3.3993E-04  3.7961E-04  3.9284E-04  4.1177E-04  3.8618E-04  3.3861E-04  2.8605E-04  2.1546E-04
       2.1135E-04  2.9288E-04  3.2390E-04  3.6005E-04  3.8656E-04  4.0572E-04  3.6294E-04  3.2075E-04  2.7709E-04  2.0846E-04
       1.9067E-04  2.5378E-04  2.9412E-04  3.4938E-04  3.7771E-04  3.6412E-04  3.3860E-04  3.1095E-04  2.8049E-04  1.9268E-04
       1.6767E-04  2.3156E-04  2.6207E-04  3.1190E-04  3.1526E-04  3.3783E-04  3.1404E-04  2.6692E-04  2.4496E-04  1.6460E-04
       1.2895E-04  1.6627E-04  1.7807E-04  2.2801E-04  2.4184E-04  2.5110E-04  2.3908E-04  1.9826E-04  1.8703E-04  1.3755E-04
       1.0016E-04  1.4191E-04  1.6514E-04  1.8005E-04  1.9475E-04  1.9228E-04  1.8278E-04  1.5618E-04  1.3369E-04  9.7639E-05
       1.3446E-04  1.7554E-04  2.2429E-04  2.4385E-04  2.3693E-04  2.5481E-04  2.4871E-04  2.1156E-04  1.8331E-04  1.2152E-04
       1.4593E-04  2.1907E-04  2.5407E-04  2.7840E-04  2.7234E-04  2.9049E-04  2.8540E-04  2.3602E-04  1.9867E-04  1.3369E-04
       1.4432E-04  2.4293E-04  2.6963E-04  2.9390E-04  2.8820E-04  2.9242E-04  3.0566E-04  2.5014E-04  2.2761E-04  1.5650E-04
       1.6209E-04  2.3002E-04  2.7787E-04  2.8577E-04  3.1561E-04  3.2399E-04  2.8956E-04  2.4601E-04  2.3841E-04  1.7560E-04
       1.6125E-04  2.3003E-04  2.7289E-04  2.8999E-04  3.0018E-04  3.1827E-04  2.9892E-04  2.8338E-04  2.3778E-04  1.7102E-04
       1.5548E-04  2.2522E-04  2.5670E-04  2.8403E-04  3.0727E-04  3.2665E-04  3.0794E-04  2.6631E-04  2.2968E-04  1.5347E-04
       1.3774E-04  2.0094E-04  2.4086E-04  2.6494E-04  2.7697E-04  2.8244E-04  2.6950E-04  2.5131E-04  2.1582E-04  1.4477E-04
       1.2559E-04  1.8368E-04  2.1078E-04  2.4592E-04  2.4280E-04  2.5150E-04  2.3875E-04  2.0980E-04  1.9473E-04  1.3071E-04
       1.0011E-04  1.2221E-04  1.4300E-04  1.7376E-04  1.7478E-04  1.8870E-04  1.8326E-04  1.4769E-04  1.4568E-04  9.8400E-05
       8.0121E-05  1.1275E-04  1.3802E-04  1.4664E-04  1.4761E-04  1.6227E-04  1.4209E-04  1.1316E-04  1.0263E-04  8.1223E-05
       9.7083E-05  1.4605E-04  1.7476E-04  1.9693E-04  1.7995E-04  1.9796E-04  1.9988E-04  1.5936E-04  1.5086E-04  1.0525E-04
       1.2046E-04  1.6815E-04  1.9826E-04  2.0239E-04  2.0500E-04  2.2696E-04  2.1990E-04  1.8409E-04  1.5051E-04  1.0971E-04
       1.2581E-04  1.8574E-04  2.1526E-04  2.2002E-04  2.4115E-04  2.4683E-04  2.4200E-04  1.9923E-04  1.8230E-04  1.2376E-04
       1.2508E-04  1.9261E-04  2.2271E-04  2.3719E-04  2.3700E-04  2.4322E-04  2.3683E-04  2.0266E-04  1.7861E-04  1.3180E-04
       1.2913E-04  1.8038E-04  2.0440E-04  2.2247E-04  2.4545E-04  2.4316E-04  2.3652E-04  2.2194E-04  1.8039E-04  1.3007E-04
       1.1808E-04  1.6441E-04  2.1599E-04  2.1289E-04  2.3244E-04  2.3769E-04  2.2547E-04  2.1314E-04  1.7450E-04  1.2548E-04
       9.8440E-05  1.5758E-04  1.9328E-04  2.2530E-04  2.2505E-04  2.2383E-04  2.0384E-04  1.8290E-04  1.6921E-04  1.1922E-04
       9.6658E-05  1.2985E-04  1.6996E-04  1.9606E-04  1.9638E-04  1.9196E-04  1.7336E-04  1.5913E-04  1.4733E-04  9.7065E-05
       6.9247E-05  1.0052E-04  1.1318E-04  1.3165E-04  1.3360E-04  1.3343E-04  1.4444E-04  1.1208E-04  1.1050E-04  7.6200E-05
       6.8750E-05  8.6393E-05  1.0364E-04  1.1880E-04  1.1938E-04  1.0670E-04  1.1163E-04  8.8279E-05  7.9139E-05  5.5371E-05
       7.6013E-05  1.2506E-04  1.3700E-04  1.5547E-04  1.4218E-04  1.4550E-04  1.4711E-04  1.2084E-04  1.0343E-04  8.0777E-05
       9.1299E-05  1.3122E-04  1.4803E-04  1.5659E-04  1.8003E-04  1.7375E-04  1.6373E-04  1.4223E-04  1.2043E-04  8.5054E-05
       9.6549E-05  1.4480E-04  1.7272E-04  1.8488E-04  1.8334E-04  1.9376E-04  1.8177E-04  1.5551E-04  1.3723E-04  9.9014E-05
       1.0198E-04  1.4038E-04  1.7417E-04  1.8441E-04  1.9043E-04  2.0128E-04  1.7951E-04  1.7107E-04  1.3936E-04  1.0184E-04
       9.2461E-05  1.4645E-04  1.7325E-04  1.7669E-04  1.8622E-04  1.8408E-04  1.9887E-04  1.7387E-04  1.3206E-04  9.4797E-05
       8.9462E-05  1.3007E-04  1.6473E-04  1.7838E-04  1.7304E-04  1.8266E-04  1.6338E-04  1.5937E-04  1.3406E-04  8.9320E-05
       8.0592E-05  1.2615E-04  1.4719E-04  1.7126E-04  1.6843E-04  1.7195E-04  1.6765E-04  1.5397E-04  1.2806E-04  8.7428E-05
       7.7912E-05  1.0320E-04  1.2451E-04  1.4401E-04  1.5791E-04  1.4301E-04  1.4211E-04  1.2971E-04  1.0501E-04  7.8666E-05
       5.5743E-05  9.0302E-05  9.7831E-05  1.0565E-04  1.0158E-04  1.0048E-04  1.0947E-04  9.3834E-05  8.4484E-05  6.2196E-05
       5.3305E-05  6.5109E-05  8.5578E-05  9.6308E-05  8.0154E-05  8.0113E-05  8.3985E-05  6.5598E-05  6.2138E-05  4.6620E-05
       6.1096E-05  8.7805E-05  1.1220E-04  1.1439E-04  1.0546E-04  1.0738E-04  1.1436E-04  9.2209E-05  7.9472E-05  6.0409E-05
       6.9564E-05  1.0283E-04  1.1421E-04  1.2373E-04  1.3734E-04  1.3902E-04  1.3650E-04  1.1978E-04  8.7207E-05  6.7044E-05
       6.5702E-05  1.0583E-04  1.2431E-04  1.3934E-04  1.3136E-04  1.5159E-04  1.3694E-04  1.2584E-04  9.8665E-05  7.1697E-05
       6.9731E-05  1.0466E-04  1.3482E-04  1.2977E-04  1.4887E-04  1.5184E-04  1.4965E-04  1.3619E-04  1.0775E-04  8.1046E-05
       7.9025E-05  1.0916E-04  1.4620E-04  1.4490E-04  1.4726E-04  1.4575E-04  1.4462E-04  1.2867E-04  9.8295E-05  7.1911E-05
       7.1852E-05  1.0693E-04  1.3404E-04  1.4021E-04  1.4086E-04  1.3870E-04  1.3458E-04  1.2036E-04  1.0849E-04  7.3686E-05
       6.4370E-05  9.6512E-05  1.1075E-04  1.2753E-04  1.3202E-04  1.3171E-04  1.3260E-04  1.1611E-04  9.1239E-05  5.9981E-05
       6.1435E-05  8.3888E-05  8.5659E-05  1.1007E-04  1.1296E-04  1.1506E-04  1.1069E-04  9.4618E-05  8.4190E-05  6.0280E-05
       4.1902E-05  7.3970E-05  7.6108E-05  7.6244E-05  8.3028E-05  7.6387E-05  9.1129E-05  7.0835E-05  6.1712E-05  4.5925E-05
       4.5767E-05  4.7111E-05  6.6704E-05  6.5743E-05  6.5873E-05  6.4992E-05  6.0988E-05  5.8847E-05  5.0344E-05  3.3568E-05
       4.6448E-05  6.9574E-05  8.1329E-05  8.1492E-05  7.6891E-05  8.1356E-05  8.1992E-05  7.6861E-05  6.1480E-05  4.2574E-05
       5.1680E-05  8.1382E-05  8.3471E-05  9.6935E-05  1.0034E-04  9.2372E-05  1.0299E-04  8.5743E-05  7.0433E-05  4.5702E-05
       4.2286E-05  8.1147E-05  8.9380E-05  9.9046E-05  1.0289E-04  1.0672E-04  1.0739E-04  9.7738E-05  7.4749E-05  5.6926E-05
       5.6474E-05  8.3906E-05  9.6978E-05  9.5222E-05  1.0804E-04  1.0810E-04  1.0887E-04  1.0376E-04  7.9034E-05  5.6329E-05
       5.6386E-05  7.8145E-05  9.8068E-05  9.7568E-05  1.1648E-04  1.0688E-04  1.0035E-04  9.5663E-05  8.3778E-05  6.3363E-05
       5.4354E-05  8.5358E-05  1.0072E-04  9.9798E-05  1.0824E-04  9.7015E-05  1.0981E-04  9.3026E-05  7.7929E-05  6.0833E-05
       5.1361E-05  7.5873E-05  7.9848E-05  8.9492E-05  1.0353E-04  1.0278E-04  1.1053E-04  8.3557E-05  6.3440E-05  4.9433E-05
       4.1919E-05  6.1779E-05  6.9487E-05  7.9080E-05  8.5895E-05  8.7894E-05  8.6912E-05  7.4027E-05  5.9843E-05  4.2277E-05
       3.8490E-05  5.3739E-05  5.2148E-05  6.7013E-05  6.3219E-05  7.0667E-05  6.7815E-05  5.0901E-05  4.8294E-05  3.1955E-05
       3.5127E-05  3.5217E-05  4.3390E-05  5.2081E-05  4.9013E-05  5.1987E-05  5.6773E-05  4.2765E-05  3.3880E-05  2.6645E-05
       4.3677E-05  4.8889E-05  5.1365E-05  6.0586E-05  5.9172E-05  5.9488E-05  6.1127E-05  5.0136E-05  4.3005E-05  3.6884E-05
       4.2152E-05  5.6492E-05  5.7719E-05  6.5647E-05  6.2225E-05  7.2951E-05  7.0023E-05  5.9258E-05  5.1269E-05  3.6479E-05
       3.4360E-05  6.1374E-05  6.6200E-05  7.4382E-05  7.1706E-05  6.8142E-05  7.7450E-05  6.5107E-05  5.3210E-05  3.8026E-05
       3.7609E-05  5.4839E-05  6.9732E-05  7.0414E-05  7.7658E-05  6.8152E-05  7.3774E-05  6.9094E-05  4.9813E-05  4.3333E-05
       4.1711E-05  5.5708E-05  6.4725E-05  7.2833E-05  7.9847E-05  6.7076E-05  6.8760E-05  7.5158E-05  6.0781E-05  4.4067E-05
       4.2224E-05  5.7307E-05  6.4870E-05  6.9135E-05  8.2610E-05  6.9079E-05  6.9975E-05  6.9761E-05  5.1952E-05  4.2286E-05
       3.7637E-05  5.2687E-05  5.2884E-05  5.7370E-05  7.6860E-05  6.7374E-05  6.7796E-05  6.3457E-05  4.7814E-05  3.9895E-05
       3.5473E-05  5.0504E-05  5.0105E-05  4.7281E-05  6.4437E-05  5.6879E-05  5.7680E-05  5.2578E-05  4.9055E-05  3.4345E-05
       3.1907E-05  4.1855E-05  3.7909E-05  4.5117E-05  4.9114E-05  4.4457E-05  5.1932E-05  4.2779E-05  3.4856E-05  2.5736E-05

      Percentage errors follow in a matrix A(ix,iy,iz), format (1(5x,1p,10(1x,e11.4)))

       3.3223E+00  2.7247E+00  2.9844E+00  1.9222E+00  2.2820E+00  2.6531E+00  3.3880E+00  2.5058E+00  2.7689E+00  3.5291E+00
       3.1784E+00  1.7062E+00  2.7850E+00  2.1090E+00  2.5998E+00  2.4604E+00  2.7268E+00  2.8727E+00  3.4043E+00  3.6348E+00
       3.4190E+00  2.9654E+00  2.0659E+00  2.5251E+00  2.3836E+00  2.3567E+00  1.4424E+00  2.7792E+00  2.5865E+00  3.0996E+00
       3.1468E+00  2.9192E+00  2.5180E+00  2.5754E+00  2.4338E+00  2.8017E+00  2.0266E+00  2.8059E+00  2.4439E+00  3.5489E+00
       3.9664E+00  3.1487E+00  2.4056E+00  1.7774E+00  1.9984E+00  2.5412E+00  2.5476E+00  3.1292E+00  2.8864E+00  3.7869E+00
       3.4407E+00  3.2331E+00  2.4248E+00  3.0544E+00  2.6328E+00  2.1353E+00  2.3661E+00  1.9864E+00  1.8467E+00  3.2540E+00
       2.5354E+00  3.0236E+00  2.5070E+00  2.4657E+00  1.6538E+00  2.6512E+00  2.7913E+00  2.8113E+00  3.0390E+00  2.9880E+00
       2.6593E+00  3.6043E+00  2.4336E+00  2.5604E+00  2.5691E+00  1.7029E+00  2.3753E+00  2.7130E+00  2.9815E+00  3.0882E+00
       2.8180E+00  2.5159E+00  1.8950E+00  2.5738E+00  2.5092E+00  2.4153E+00  2.4051E+00  2.6437E+00  3.0136E+00  3.3306E+00
       4.2075E+00  3.3200E+00  2.8813E+00  3.3919E+00  2.6633E+00  2.8642E+00  2.9249E+00  1.9099E+00  2.8484E+00  3.3892E+00
       3.3709E+00  2.8433E+00  3.4951E+00  3.2352E+00  3.2296E+00  2.7142E+00  2.7287E+00  3.7508E+00  2.9448E+00  3.7211E+00
       3.8652E+00  3.6745E+00  2.4536E+00  2.1988E+00  2.0723E+00  2.2518E+00  2.7657E+00  3.2997E+00  3.9545E+00  4.2082E+00
       2.8410E+00  2.4446E+00  2.0017E+00  2.2780E+00  2.9380E+00  2.7811E+00  2.2764E+00  3.2380E+00  4.0829E+00  3.4980E+00
       4.0696E+00  3.0615E+00  2.5126E+00  2.1891E+00  2.4038E+00  2.9484E+00  2.0751E+00  2.7840E+00  3.2602E+00  3.5194E+00
       3.2676E+00  2.3738E+00  2.9870E+00  2.4230E+00  2.2810E+00  2.1893E+00  2.3238E+00  2.8013E+00  3.4903E+00  4.4510E+00
       3.0520E+00  2.7968E+00  2.5764E+00  2.7994E+00  2.6315E+00  2.4569E+00  2.7421E+00  2.2857E+00  2.5331E+00  3.6871E+00
       3.6271E+00  3.8925E+00  3.3069E+00  2.3657E+00  2.2849E+00  2.6848E+00  3.1833E+00  2.5187E+00  3.2428E+00  3.9515E+00
       3.4828E+00  3.2486E+00  2.3943E+00  2.6493E+00  3.0597E+00  1.9863E+00  2.6664E+00  3.0695E+00  3.0296E+00  3.5887E+00
       3.0374E+00  3.3750E+00  2.0634E+00  2.7998E+00  2.5504E+00  2.4858E+00  2.9023E+00  2.6997E+00  2.8296E+00  3.6579E+00
       4.1435E+00  2.6767E+00  2.5769E+00  2.8540E+00  2.7594E+00  3.8533E+00  2.8201E+00  2.6834E+00  3.8588E+00  3.6694E+00
       4.1291E+00  3.9591E+00  3.6293E+00  3.0850E+00  2.7125E+00  2.0074E+00  2.2709E+00  3.6552E+00  3.5950E+00  4.2222E+00
       4.2725E+00  3.6761E+00  3.0037E+00  3.2061E+00  2.4210E+00  3.1668E+00  3.7795E+00  2.7166E+00  3.0999E+00  4.7901E+00
       3.5704E+00  2.4358E+00  3.2941E+00  2.8482E+00  3.9695E+00  2.8013E+00  3.0498E+00  3.3997E+00  2.7393E+00  3.7158E+00
       3.7141E+00  2.3037E+00  2.3929E+00  2.5721E+00  3.7645E+00  2.5623E+00  3.0168E+00  3.0401E+00  3.7717E+00  4.3230E+00
       4.4582E+00  2.3762E+00  3.1949E+00  2.3765E+00  2.4605E+00  1.8594E+00  2.8042E+00  3.4560E+00  3.0362E+00  3.8651E+00
       3.5657E+00  2.2280E+00  3.5795E+00  3.2845E+00  2.6058E+00  2.8738E+00  2.7876E+00  3.1599E+00  3.3273E+00  3.6104E+00
       3.7628E+00  3.8940E+00  2.8391E+00  2.5612E+00  2.4693E+00  3.5384E+00  3.6762E+00  3.3438E+00  3.4464E+00  3.5719E+00
       4.7827E+00  3.6281E+00  2.3856E+00  2.9306E+00  3.0568E+00  3.0020E+00  3.8614E+00  2.5040E+00  3.2019E+00  5.2122E+00
       4.4446E+00  3.2793E+00  3.1948E+00  2.6983E+00  3.4887E+00  3.1126E+00  2.8659E+00  3.2597E+00  3.3472E+00  2.7008E+00
       4.8034E+00  3.7236E+00  4.1324E+00  4.0068E+00  2.7740E+00  4.2557E+00  3.4475E+00  3.2852E+00  2.3915E+00  4.1582E+00
       4.1061E+00  3.2052E+00  4.6606E+00  3.6593E+00  4.3996E+00  4.1089E+00  3.7868E+00  3.3767E+00  3.7474E+00  5.5527E+00
       5.6968E+00  4.0489E+00  2.3869E+00  2.7633E+00  4.1114E+00  4.2238E+00  4.5165E+00  3.5936E+00  4.7388E+00  5.4725E+00
       4.5368E+00  2.3852E+00  2.9919E+00  2.8072E+00  3.0768E+00  2.4272E+00  2.8104E+00  3.7609E+00  3.6607E+00  5.5152E+00
       3.5694E+00  3.0471E+00  2.8121E+00  2.9280E+00  3.1844E+00  2.5567E+00  3.1105E+00  2.6475E+00  3.8104E+00  4.9227E+00
       2.7660E+00  4.0441E+00  4.2443E+00  3.3116E+00  2.6899E+00  3.1573E+00  3.1183E+00  2.9827E+00  4.0884E+00  4.4297E+00
       3.6776E+00  3.4641E+00  2.5805E+00  2.7536E+00  3.0203E+00  3.2204E+00  3.3119E+00  3.9509E+00  3.1448E+00  2.9118E+00
       4.5120E+00  4.4791E+00  3.1486E+00  2.1331E+00  2.3137E+00  4.2541E+00  4.2985E+00  4.5136E+00  3.6134E+00  3.6151E+00
       4.5984E+00  3.2581E+00  4.2131E+00  2.4182E+00  2.8791E+00  4.0120E+00  2.9122E+00  3.0711E+00  2.9402E+00  4.8542E+00
       4.5385E+00  4.3728E+00  4.5059E+00  3.2725E+00  4.4947E+00  4.6494E+00  3.7345E+00  5.0962E+00  3.6783E+00  5.4477E+00
       5.9618E+00  3.8248E+00  5.3144E+00  3.2108E+00  2.9961E+00  3.9506E+00  4.0565E+00  3.8481E+00  4.8819E+00  4.1492E+00
       7.2483E+00  4.6100E+00  4.6223E+00  3.4869E+00  3.5937E+00  3.8533E+00  4.1269E+00  5.1999E+00  5.1264E+00  4.4363E+00
       6.4808E+00  3.0157E+00  3.9933E+00  3.3132E+00  3.5368E+00  5.1800E+00  3.6867E+00  4.4968E+00  3.6805E+00  4.3359E+00
       6.2768E+00  2.7522E+00  2.9705E+00  3.3318E+00  2.8415E+00  3.4904E+00  3.5382E+00  5.4914E+00  3.4885E+00  5.8497E+00
       5.1712E+00  3.2400E+00  4.3232E+00  3.3766E+00  4.5648E+00  3.2106E+00  4.0318E+00  2.9388E+00  4.1618E+00  4.2210E+00
       4.9545E+00  3.0510E+00  4.5933E+00  3.1808E+00  3.8030E+00  3.0448E+00  3.2480E+00  3.1922E+00  4.0803E+00  5.4025E+00
       3.4844E+00  3.9304E+00  2.2459E+00  2.7794E+00  3.7006E+00  3.3462E+00  3.2840E+00  4.3729E+00  4.1484E+00  3.3903E+00
       4.8121E+00  4.6144E+00  3.7348E+00  4.0966E+00  3.2352E+00  3.2109E+00  4.2025E+00  5.1316E+00  3.8071E+00  5.1878E+00
       5.0699E+00  3.6464E+00  4.2085E+00  4.4011E+00  3.5477E+00  4.4419E+00  3.7730E+00  4.3685E+00  4.6283E+00  4.9119E+00
       4.4624E+00  4.8303E+00  5.9226E+00  3.0379E+00  3.6871E+00  3.8980E+00  2.8302E+00  5.5330E+00  4.1119E+00  5.3623E+00
       5.2040E+00  4.4662E+00  5.3560E+00  3.7781E+00  3.5139E+00  4.3404E+00  3.4992E+00  5.2850E+00  5.5540E+00  4.0484E+00
       7.0611E+00  5.3290E+00  4.1488E+00  4.7353E+00  3.9098E+00  6.2124E+00  4.7599E+00  4.5711E+00  5.2675E+00  6.2240E+00
       6.0632E+00  5.2450E+00  4.8934E+00  4.1041E+00  4.7975E+00  3.9747E+00  5.2084E+00  5.1460E+00  5.5606E+00  6.7368E+00
       6.2955E+00  4.6725E+00  4.2347E+00  4.1133E+00  4.6553E+00  4.3458E+00  5.2278E+00  3.9376E+00  3.1602E+00  6.0029E+00
       6.2394E+00  5.1171E+00  4.4088E+00  4.3575E+00  4.9967E+00  3.8645E+00  5.9829E+00  3.3812E+00  5.8786E+00  5.9136E+00
       4.4042E+00  3.2810E+00  4.9702E+00  4.1490E+00  2.9474E+00  3.3899E+00  3.5356E+00  4.6853E+00  4.2327E+00  5.9337E+00
       5.2729E+00  4.3169E+00  4.7347E+00  4.3257E+00  3.1434E+00  3.2446E+00  3.5099E+00  4.6617E+00  5.1907E+00  4.7746E+00
       4.5719E+00  5.0296E+00  3.5852E+00  3.4803E+00  3.1775E+00  3.1906E+00  4.5322E+00  4.6853E+00  4.5076E+00  4.7924E+00
       6.1019E+00  4.7436E+00  4.5528E+00  4.5445E+00  4.1789E+00  4.5396E+00  4.3750E+00  4.0887E+00  5.3630E+00  4.2564E+00
       5.4727E+00  4.5045E+00  4.0610E+00  2.9833E+00  4.8338E+00  4.7819E+00  4.0768E+00  3.6914E+00  5.0797E+00  6.8252E+00
       7.1185E+00  6.3406E+00  5.3288E+00  6.2724E+00  4.0561E+00  4.7640E+00  3.4309E+00  3.8624E+00  4.3590E+00  6.3748E+00
       6.3788E+00  6.2242E+00  5.6926E+00  4.7890E+00  5.1742E+00  6.4059E+00  5.8798E+00  7.9932E+00  6.8213E+00  7.3488E+00
       7.0645E+00  5.7582E+00  3.2712E+00  4.3552E+00  4.8957E+00  4.3328E+00  4.6908E+00  6.5232E+00  6.3587E+00  6.6839E+00
       6.0561E+00  5.8532E+00  3.8169E+00  4.8173E+00  5.0056E+00  4.5703E+00  4.7679E+00  3.7134E+00  5.4416E+00  7.4839E+00
       7.0028E+00  5.5901E+00  3.3614E+00  5.7216E+00  5.0267E+00  4.5005E+00  5.2488E+00  4.1196E+00  5.5340E+00  7.0303E+00
       8.5472E+00  4.2831E+00  4.6191E+00  4.4128E+00  3.4910E+00  3.3365E+00  5.3225E+00  6.2083E+00  6.0764E+00  6.6666E+00
       5.0102E+00  5.2422E+00  5.1303E+00  5.2029E+00  4.6127E+00  3.4237E+00  4.8334E+00  6.4083E+00  5.9914E+00  4.8590E+00
       6.2721E+00  4.8756E+00  5.5872E+00  4.5778E+00  4.4169E+00  3.2095E+00  3.8373E+00  3.7695E+00  3.5641E+00  5.4599E+00
       7.0095E+00  5.4469E+00  5.6153E+00  3.9882E+00  4.5064E+00  4.0600E+00  2.9626E+00  4.7452E+00  3.6730E+00  6.5747E+00
       6.1375E+00  6.0432E+00  4.4806E+00  4.8656E+00  5.4248E+00  4.0148E+00  3.8942E+00  5.3472E+00  5.1199E+00  5.9691E+00
       9.4895E+00  6.1274E+00  7.0226E+00  6.5634E+00  4.7252E+00  4.0936E+00  4.7120E+00  4.2983E+00  5.6096E+00  6.8924E+00
       7.7111E+00  5.2518E+00  5.4508E+00  6.1137E+00  7.5911E+00  6.0954E+00  7.9956E+00  7.4924E+00  1.2383E+01  8.0205E+00
       6.5661E+00  5.2957E+00  6.3040E+00  5.6963E+00  4.9978E+00  7.1811E+00  4.3528E+00  7.6424E+00  9.4118E+00  5.1320E+00
       5.8999E+00  6.9224E+00  6.5879E+00  4.2492E+00  4.8957E+00  5.5447E+00  4.0847E+00  5.7107E+00  7.1676E+00  3.9889E+00
       6.4916E+00  5.4000E+00  5.5258E+00  5.2581E+00  4.6956E+00  4.3020E+00  4.9338E+00  5.1174E+00  5.0890E+00  7.6640E+00
       9.6753E+00  5.5911E+00  5.2627E+00  3.9819E+00  4.6509E+00  3.6195E+00  3.9787E+00  6.1432E+00  6.9236E+00  6.8439E+00
       6.6566E+00  6.0262E+00  5.2285E+00  4.5332E+00  5.4754E+00  5.7726E+00  3.9427E+00  5.5154E+00  5.7870E+00  7.3067E+00
       5.3525E+00  4.7088E+00  5.5782E+00  5.8492E+00  4.9117E+00  5.1838E+00  4.7820E+00  4.5415E+00  6.0983E+00  6.1120E+00
       8.3958E+00  6.0151E+00  6.1753E+00  5.1535E+00  5.7705E+00  5.2820E+00  4.6670E+00  5.5117E+00  4.4629E+00  9.9520E+00
       7.9611E+00  5.4596E+00  5.7221E+00  4.1078E+00  5.7473E+00  5.2411E+00  6.1860E+00  6.2187E+00  6.6531E+00  7.2682E+00
       9.2469E+00  5.4172E+00  7.4855E+00  6.7053E+00  4.8008E+00  6.9033E+00  5.2623E+00  4.3179E+00  6.4800E+00  8.4223E+00
       5.7268E+00  8.0946E+00  7.7784E+00  7.7849E+00  9.3041E+00  7.1149E+00  8.4462E+00  7.7874E+00  7.7200E+00  9.4758E+00
       6.5912E+00  7.1544E+00  6.1133E+00  5.7873E+00  8.2599E+00  7.1880E+00  3.8756E+00  8.2617E+00  6.7046E+00  8.8158E+00
       1.0816E+01  8.2711E+00  4.6939E+00  5.6166E+00  6.1850E+00  6.7078E+00  4.4316E+00  7.3318E+00  8.1643E+00  8.9818E+00
       1.2370E+01  6.7175E+00  5.5698E+00  6.8132E+00  5.4612E+00  6.7938E+00  5.3441E+00  5.9660E+00  8.3014E+00  6.0186E+00
       8.7392E+00  6.7171E+00  6.4475E+00  6.0217E+00  5.4986E+00  5.8555E+00  5.5440E+00  6.7871E+00  6.6290E+00  9.1389E+00
       8.5571E+00  7.5404E+00  5.4039E+00  6.1639E+00  7.5920E+00  6.4717E+00  4.8422E+00  4.3715E+00  7.2555E+00  1.0299E+01
       7.8825E+00  6.2015E+00  6.1598E+00  5.8354E+00  7.4780E+00  5.0863E+00  5.7718E+00  4.3583E+00  5.4729E+00  7.0690E+00
       6.8340E+00  7.6115E+00  6.8436E+00  6.1656E+00  5.5424E+00  5.7541E+00  5.1216E+00  5.9812E+00  7.5496E+00  7.9075E+00
       1.0749E+01  9.1034E+00  7.8515E+00  6.3589E+00  8.4819E+00  5.8562E+00  5.3740E+00  8.5655E+00  6.5614E+00  8.4136E+00
       9.7387E+00  6.4547E+00  9.6541E+00  7.4627E+00  6.4918E+00  7.2704E+00  7.8559E+00  8.7653E+00  7.8640E+00  8.7549E+00
       8.6357E+00  1.1986E+01  8.4470E+00  6.8517E+00  6.0485E+00  7.5372E+00  5.3567E+00  6.8612E+00  9.4979E+00  9.2504E+00
       8.2214E+00  8.4545E+00  6.0331E+00  6.1285E+00  7.8318E+00  6.2795E+00  7.0409E+00  8.3033E+00  8.5932E+00  9.4465E+00
       9.0581E+00  8.6323E+00  8.6353E+00  8.3349E+00  5.0288E+00  7.0598E+00  6.9179E+00  7.0969E+00  7.1133E+00  1.1103E+01
       1.0548E+01  6.4825E+00  6.8828E+00  6.3794E+00  6.7543E+00  7.0248E+00  6.2844E+00  7.0576E+00  9.2962E+00  9.0523E+00
       8.4504E+00  7.3741E+00  6.6609E+00  6.6091E+00  4.0763E+00  7.4949E+00  8.0122E+00  7.4785E+00  8.3109E+00  8.3709E+00
       8.6593E+00  7.0545E+00  8.9705E+00  5.0031E+00  6.5098E+00  6.5970E+00  5.8464E+00  7.9352E+00  7.4113E+00  8.1572E+00
       1.1439E+01  7.5193E+00  5.8948E+00  5.1089E+00  8.2986E+00  4.8349E+00  7.4483E+00  8.8475E+00  6.3998E+00  1.0272E+01
       9.8146E+00  8.7480E+00  5.3118E+00  8.0886E+00  9.0141E+00  5.7343E+00  5.5657E+00  7.9829E+00  8.5551E+00  9.9239E+00
       8.6721E+00  7.2485E+00  8.5904E+00  7.1306E+00  7.8711E+00  5.5213E+00  7.6046E+00  8.2846E+00  8.3086E+00  8.6053E+00
       1.1235E+01  7.9801E+00  6.9573E+00  8.6608E+00  7.4576E+00  9.1620E+00  7.0713E+00  9.0739E+00  8.8784E+00  1.0771E+01
