1
   Cartesian binning n.   1  "DoseEq    " , generalized particle n.  240
      X coordinate: from -8.5000E+01 to  8.5000E+01 cm,    10 bins ( 1.7000E+01 cm wide)
      Y coordinate: from -2.5000E+01 to  2.5000E+01 cm,    10 bins ( 5.0000E+00 cm wide)
      Z coordinate: from  2.2500E+02 to  2.7500E+02 cm,    10 bins ( 5.0000E+00 cm wide)
      Data follow in a matrix A(ix,iy,iz), format (1(5x,1p,10(1x,e11.4)))

      accurate deposition along the tracks requested
      this is a track-length binning
       1.7169E-04  1.9117E-04  2.0988E-04  2.0097E-04  2.1030E-04  2.0280E-04  1.9312E-04  2.0813E-04  1.7760E-04  1.4734E-04
       1.8430E-04  2.0762E-04  2.2143E-04  2.3172E-04  2.3140E-04  2.5201E-04  2.3812E-04  2.4588E-04  2.0868E-04  1.7881E-04
       1.8762E-04  2.1335E-04  2.3407E-04  2.5401E-04  2.5396E-04  2.5376E-04  2.5458E-04  2.4571E-04  2.2574E-04  1.8856E-04
       1.9211E-04  2.0942E-04  2.3817E-04  2.6209E-04  2.8522E-04  2.6048E-04  2.5776E-04  2.3929E-04  2.3697E-04  1.8521E-04
       1.9582E-04  2.3016E-04  2.2218E-04  2.5823E-04  2.6427E-04  2.5588E-04  2.6139E-04  2.4220E-04  2.4207E-04  1.9933E-04
       2.1133E-04  2.3385E-04  2.3918E-04  2.6180E-04  2.6231E-04  2.6400E-04  2.6619E-04  2.5549E-04  2.2928E-04  1.9272E-04
       1.9995E-04  2.3547E-04  2.4996E-04  2.5460E-04  2.4963E-04  2.5972E-04  2.4634E-04  2.4314E-04  2.2059E-04  1.9164E-04
       2.0011E-04  2.3729E-04  2.2834E-04  2.4874E-04  2.5375E-04  2.5720E-04  2.4928E-04  2.3744E-04  2.2317E-04  1.9357E-04
       2.0052E-04  2.1252E-04  2.1602E-04  2.5975E-04  2.7079E-04  2.3671E-04  2.2380E-04  2.2529E-04  2.0595E-04  1.7885E-04
       1.6614E-04  1.9118E-04  2.2180E-04  2.2068E-04  2.1735E-04  2.0775E-04  1.9462E-04  1.9908E-04  1.8093E-04  1.5938E-04
       1.4012E-04  1.6086E-04  1.7047E-04  1.6980E-04  1.8010E-04  1.7180E-04  1.7391E-04  1.7342E-04  1.6034E-04  1.2524E-04
       1.5324E-04  1.8283E-04  2.1256E-04  2.2425E-04  2.1200E-04  2.3479E-04  2.2111E-04  2.1728E-04  1.9954E-04  1.5050E-04
       1.6128E-04  1.7836E-04  2.2476E-04  2.3849E-04  2.3513E-04  2.4514E-04  2.3291E-04  2.2813E-04  2.1080E-04  1.7206E-04
       1.6637E-04  2.0107E-04  2.2169E-04  2.5662E-04  2.5385E-04  2.6033E-04  2.5376E-04  2.3815E-04  2.1902E-04  1.7847E-04
       1.8003E-04  2.1410E-04  2.2811E-04  2.3934E-04  2.5908E-04  2.6153E-04  2.4513E-04  2.2941E-04  2.2678E-04  1.7374E-04
       1.8799E-04  2.1945E-04  2.3732E-04  2.4812E-04  2.5688E-04  2.5227E-04  2.3349E-04  2.4131E-04  2.1387E-04  1.6212E-04
       1.9380E-04  2.1562E-04  2.2409E-04  2.4561E-04  2.3774E-04  2.3879E-04  2.2834E-04  2.3453E-04  2.2108E-04  1.5514E-04
       1.6447E-04  2.1792E-04  2.1400E-04  2.3364E-04  2.3604E-04  2.5158E-04  2.2278E-04  2.1046E-04  2.1478E-04  1.6500E-04
       1.6691E-04  1.9167E-04  2.2071E-04  2.2300E-04  2.2042E-04  2.2440E-04  1.8723E-04  2.0616E-04  1.8296E-04  1.5544E-04
       1.3448E-04  1.6249E-04  1.8986E-04  1.8056E-04  1.8100E-04  1.7636E-04  1.6195E-04  1.7222E-04  1.4770E-04  1.2218E-04
       1.0149E-04  1.1479E-04  1.3453E-04  1.3390E-04  1.3564E-04  1.5335E-04  1.3604E-04  1.3448E-04  1.2512E-04  8.9142E-05
       1.1949E-04  1.4485E-04  1.6321E-04  1.7924E-04  1.8589E-04  1.9797E-04  1.8981E-04  1.7906E-04  1.6836E-04  1.2399E-04
       1.3654E-04  1.5311E-04  1.9510E-04  2.0043E-04  2.0314E-04  2.0562E-04  2.1005E-04  1.7668E-04  1.6364E-04  1.4553E-04
       1.4185E-04  1.6231E-04  2.0158E-04  2.1246E-04  2.1654E-04  2.0443E-04  2.0699E-04  1.9262E-04  1.7893E-04  1.5183E-04
       1.4236E-04  1.7958E-04  2.0688E-04  2.0488E-04  2.1330E-04  2.1672E-04  2.0356E-04  2.0014E-04  1.9066E-04  1.4096E-04
       1.4064E-04  1.7552E-04  1.8924E-04  2.1628E-04  2.2509E-04  2.0225E-04  1.8282E-04  1.9860E-04  1.8621E-04  1.4081E-04
       1.4339E-04  1.8268E-04  2.0663E-04  1.9675E-04  2.0384E-04  2.2041E-04  2.0464E-04  1.8302E-04  1.9352E-04  1.2534E-04
       1.3975E-04  1.6898E-04  1.8838E-04  2.0657E-04  1.9197E-04  2.1448E-04  1.9213E-04  1.7880E-04  1.7613E-04  1.2932E-04
       1.2674E-04  1.5418E-04  1.6302E-04  1.8597E-04  1.8210E-04  1.7189E-04  1.6902E-04  1.7036E-04  1.5014E-04  1.2645E-04
       1.0365E-04  1.2837E-04  1.3994E-04  1.4234E-04  1.4265E-04  1.4257E-04  1.3057E-04  1.1972E-04  1.1052E-04  9.3058E-05
       7.0168E-05  8.3663E-05  1.1243E-04  1.1141E-04  1.1427E-04  1.1873E-04  1.1024E-04  1.0222E-04  9.8843E-05  6.5054E-05
       8.9375E-05  1.2157E-04  1.3720E-04  1.5222E-04  1.5056E-04  1.5936E-04  1.5024E-04  1.3411E-04  1.1663E-04  8.4578E-05
       1.0223E-04  1.3275E-04  1.5394E-04  1.7255E-04  1.6179E-04  1.6489E-04  1.6461E-04  1.4787E-04  1.2984E-04  1.0604E-04
       1.1236E-04  1.3320E-04  1.6669E-04  1.7301E-04  1.8073E-04  1.7568E-04  1.7049E-04  1.6017E-04  1.6030E-04  1.1286E-04
       1.1122E-04  1.4443E-04  1.6220E-04  1.7724E-04  1.7239E-04  1.7668E-04  1.6671E-04  1.6962E-04  1.5422E-04  1.0761E-04
       1.1421E-04  1.3785E-04  1.6033E-04  1.7211E-04  1.8683E-04  1.6815E-04  1.6206E-04  1.7361E-04  1.4691E-04  1.0995E-04
       1.0696E-04  1.4584E-04  1.6826E-04  1.6690E-04  1.6743E-04  1.7772E-04  1.6493E-04  1.6263E-04  1.4884E-04  1.0717E-04
       1.1180E-04  1.3869E-04  1.5478E-04  1.5220E-04  1.5931E-04  1.6508E-04  1.5360E-04  1.4725E-04  1.3908E-04  1.1289E-04
       1.0177E-04  1.2635E-04  1.3002E-04  1.4337E-04  1.4459E-04  1.4461E-04  1.3967E-04  1.2990E-04  1.2040E-04  9.0621E-05
       7.6861E-05  9.5248E-05  1.0188E-04  1.0588E-04  1.1093E-04  1.0136E-04  1.0146E-04  9.2270E-05  8.6155E-05  7.4922E-05
       5.0453E-05  6.6514E-05  8.4771E-05  8.2776E-05  8.9438E-05  9.1425E-05  8.3934E-05  7.6859E-05  7.4254E-05  5.1481E-05
       6.0946E-05  8.9824E-05  1.1622E-04  1.1228E-04  1.1741E-04  1.2676E-04  1.1007E-04  1.0323E-04  9.2189E-05  6.3387E-05
       7.2733E-05  1.0949E-04  1.1444E-04  1.2949E-04  1.3052E-04  1.2393E-04  1.2791E-04  1.1138E-04  1.0705E-04  8.2933E-05
       8.4090E-05  1.0695E-04  1.3103E-04  1.4184E-04  1.3857E-04  1.4261E-04  1.2635E-04  1.2437E-04  1.2481E-04  9.1264E-05
       8.6401E-05  1.1873E-04  1.3625E-04  1.3438E-04  1.3886E-04  1.4815E-04  1.3610E-04  1.3801E-04  1.1927E-04  8.2942E-05
       8.8948E-05  1.1728E-04  1.3614E-04  1.3161E-04  1.6030E-04  1.4411E-04  1.2599E-04  1.2566E-04  1.1105E-04  8.5313E-05
       8.6112E-05  1.1495E-04  1.4309E-04  1.2994E-04  1.4704E-04  1.4500E-04  1.2876E-04  1.2987E-04  1.2071E-04  8.6780E-05
       9.1923E-05  1.0486E-04  1.2285E-04  1.2697E-04  1.3559E-04  1.3671E-04  1.2443E-04  1.1914E-04  1.1165E-04  8.5273E-05
       7.8731E-05  9.4026E-05  1.0284E-04  1.0793E-04  1.1313E-04  1.1002E-04  1.1174E-04  1.0102E-04  9.5544E-05  7.3583E-05
       6.0842E-05  7.4499E-05  7.5129E-05  8.3572E-05  9.0058E-05  8.5981E-05  8.0490E-05  7.0609E-05  6.8852E-05  5.7051E-05
       4.1905E-05  5.6414E-05  6.7204E-05  6.4889E-05  6.9169E-05  6.3381E-05  6.4508E-05  5.8960E-05  5.9702E-05  3.9213E-05
       5.0675E-05  7.0414E-05  8.6111E-05  8.3484E-05  9.1656E-05  1.0108E-04  8.3300E-05  8.5264E-05  7.5669E-05  5.1132E-05
       6.1415E-05  8.9423E-05  8.5233E-05  9.6243E-05  1.0401E-04  9.8040E-05  9.5894E-05  8.6717E-05  8.2148E-05  6.5471E-05
       6.4564E-05  9.0607E-05  9.6167E-05  1.1386E-04  1.1754E-04  1.0707E-04  9.8745E-05  1.0126E-04  1.0424E-04  7.2227E-05
       6.8335E-05  9.1662E-05  1.1203E-04  1.0888E-04  1.1021E-04  1.1019E-04  1.1609E-04  1.0073E-04  9.9008E-05  7.5619E-05
       6.9778E-05  9.3919E-05  1.0657E-04  1.0320E-04  1.1651E-04  1.1019E-04  1.0904E-04  9.6961E-05  9.5731E-05  7.0024E-05
       6.8323E-05  9.1506E-05  1.1159E-04  1.0998E-04  1.1610E-04  1.1609E-04  1.0401E-04  9.6433E-05  9.0842E-05  6.7516E-05
       6.5989E-05  8.3350E-05  1.0728E-04  1.0067E-04  1.0240E-04  1.0544E-04  9.6331E-05  9.9004E-05  8.5666E-05  6.1655E-05
       5.6172E-05  6.9281E-05  7.8916E-05  8.8588E-05  8.8427E-05  8.7425E-05  9.3970E-05  8.3111E-05  7.9507E-05  5.2434E-05
       4.9902E-05  5.3550E-05  5.3001E-05  6.1419E-05  7.0716E-05  5.9820E-05  6.6672E-05  6.0631E-05  5.4312E-05  4.3487E-05
       2.9601E-05  4.4728E-05  4.7827E-05  4.9863E-05  5.1360E-05  5.0531E-05  4.5209E-05  5.1416E-05  4.0612E-05  3.5618E-05
       3.7314E-05  6.3801E-05  6.1332E-05  6.3289E-05  6.8099E-05  7.4908E-05  6.3947E-05  6.1822E-05  5.8768E-05  4.4389E-05
       4.5036E-05  6.6983E-05  6.5823E-05  7.5622E-05  7.6867E-05  8.0627E-05  7.4922E-05  7.3388E-05  6.8215E-05  5.1377E-05
       5.2169E-05  7.2136E-05  7.1566E-05  9.0038E-05  9.6242E-05  8.3174E-05  8.1337E-05  8.3458E-05  8.2816E-05  5.4617E-05
       5.1530E-05  7.3018E-05  8.5926E-05  8.5245E-05  9.1479E-05  9.0406E-05  8.8668E-05  7.4863E-05  8.7947E-05  6.2528E-05
       5.3462E-05  7.1009E-05  8.0919E-05  8.4342E-05  9.7531E-05  9.4591E-05  8.3406E-05  8.3887E-05  7.8597E-05  5.6926E-05
       4.8066E-05  6.8482E-05  8.1433E-05  8.3876E-05  8.7620E-05  9.2289E-05  7.7302E-05  8.6351E-05  6.8575E-05  5.0748E-05
       4.5632E-05  6.8284E-05  7.9949E-05  8.1792E-05  8.3858E-05  8.3838E-05  7.7406E-05  8.5478E-05  6.4287E-05  4.7017E-05
       4.2231E-05  6.3504E-05  6.4073E-05  6.2959E-05  6.8007E-05  7.3677E-05  7.3794E-05  6.7350E-05  5.3474E-05  4.5590E-05
       3.7508E-05  4.0878E-05  4.6081E-05  4.4718E-05  5.1384E-05  4.9381E-05  5.2871E-05  4.7653E-05  4.5636E-05  3.2591E-05
       2.4419E-05  3.2624E-05  3.9239E-05  3.9514E-05  4.1377E-05  4.4880E-05  3.8272E-05  4.0153E-05  3.0605E-05  2.6563E-05
       3.1053E-05  4.6836E-05  5.1081E-05  5.5821E-05  5.2569E-05  5.4047E-05  5.3563E-05  4.9131E-05  3.8657E-05  3.3605E-05
       3.4773E-05  5.0439E-05  5.0742E-05  5.2854E-05  5.8431E-05  6.6855E-05  6.1625E-05  6.1566E-05  4.7763E-05  3.4171E-05
       4.4257E-05  4.8879E-05  5.5945E-05  6.3118E-05  6.2907E-05  6.6944E-05  6.9205E-05  6.9711E-05  5.5559E-05  4.4038E-05
       4.3206E-05  5.9971E-05  5.8769E-05  6.9853E-05  6.1372E-05  7.2181E-05  6.8652E-05  6.1677E-05  5.8169E-05  4.4521E-05
       3.9231E-05  6.0678E-05  6.0009E-05  6.1301E-05  6.6732E-05  8.0686E-05  6.8832E-05  6.2334E-05  6.4838E-05  3.9204E-05
       3.9363E-05  5.7267E-05  7.1012E-05  6.3196E-05  6.5516E-05  6.9868E-05  6.5529E-05  6.0871E-05  5.4638E-05  4.1577E-05
       3.4547E-05  5.0244E-05  5.8392E-05  6.5302E-05  6.6595E-05  6.4373E-05  6.5319E-05  6.5602E-05  5.2375E-05  4.1066E-05
       3.2937E-05  5.2431E-05  5.4203E-05  5.4760E-05  5.6063E-05  5.7403E-05  5.2142E-05  4.4625E-05  4.3777E-05  3.5920E-05
       3.4681E-05  3.8873E-05  3.8496E-05  3.9191E-05  4.3675E-05  4.0659E-05  4.0629E-05  3.6593E-05  3.4615E-05  3.0830E-05
       2.1707E-05  2.3894E-05  3.0596E-05  3.4376E-05  2.9510E-05  3.3666E-05  3.1736E-05  3.2642E-05  2.0687E-05  2.1295E-05
       2.4250E-05  4.2284E-05  4.1709E-05  4.2793E-05  4.3635E-05  4.2432E-05  4.6490E-05  4.5126E-05  2.4957E-05  2.6640E-05
       2.6563E-05  3.6333E-05  3.8863E-05  4.1976E-05  5.0599E-05  5.6204E-05  5.4303E-05  4.2563E-05  3.8081E-05  2.4532E-05
       3.2175E-05  4.1516E-05  4.1825E-05  4.5438E-05  5.0024E-05  5.8059E-05  5.1214E-05  5.3978E-05  3.8198E-05  2.8968E-05
       3.0459E-05  4.1729E-05  4.8935E-05  4.9075E-05  5.2327E-05  5.4610E-05  5.5530E-05  4.8499E-05  3.9711E-05  2.8878E-05
       2.7418E-05  4.2940E-05  4.8233E-05  4.9586E-05  5.3323E-05  5.8928E-05  5.5594E-05  4.8640E-05  4.5507E-05  2.8988E-05
       3.2379E-05  4.0870E-05  5.3453E-05  4.5936E-05  5.3101E-05  5.0043E-05  4.8611E-05  4.5282E-05  4.0759E-05  3.7693E-05
       2.7875E-05  3.3701E-05  4.6620E-05  4.0989E-05  5.3763E-05  3.9862E-05  4.9373E-05  4.1639E-05  3.5675E-05  2.9325E-05
       2.8087E-05  3.5467E-05  3.7274E-05  3.6371E-05  4.2380E-05  4.0100E-05  3.7803E-05  3.6289E-05  3.7262E-05  3.2667E-05
       2.3952E-05  3.1036E-05  2.9923E-05  2.9550E-05  4.0511E-05  3.3923E-05  2.5690E-05  2.4069E-05  2.3201E-05  2.3832E-05
       1.9117E-05  1.8638E-05  2.1951E-05  2.3864E-05  2.1794E-05  2.4534E-05  2.2555E-05  2.6783E-05  1.6842E-05  1.7640E-05
       1.9157E-05  2.8136E-05  2.6789E-05  2.9556E-05  3.3279E-05  3.4942E-05  3.3703E-05  2.9794E-05  2.2234E-05  2.0077E-05
       2.5725E-05  2.7690E-05  2.9245E-05  3.3555E-05  3.3709E-05  3.9037E-05  3.5505E-05  2.7506E-05  2.2161E-05  1.9730E-05
       2.2670E-05  3.2951E-05  2.8387E-05  3.3403E-05  3.7009E-05  4.0305E-05  3.3744E-05  3.4793E-05  2.7420E-05  2.3277E-05
       1.9463E-05  3.1702E-05  3.5247E-05  4.1164E-05  3.7057E-05  3.6268E-05  3.4943E-05  3.2728E-05  2.6633E-05  2.2071E-05
       1.8621E-05  2.8144E-05  3.2588E-05  3.6300E-05  3.8452E-05  3.7274E-05  3.8052E-05  3.3028E-05  2.5822E-05  2.2225E-05
       2.3210E-05  3.1854E-05  3.6298E-05  3.6435E-05  3.5659E-05  3.0812E-05  3.2571E-05  3.3901E-05  2.5613E-05  2.3668E-05
       2.0441E-05  2.6152E-05  2.9108E-05  3.0216E-05  3.4242E-05  3.1160E-05  3.7016E-05  2.8465E-05  2.8018E-05  2.1700E-05
       2.2336E-05  2.4427E-05  2.4133E-05  2.4994E-05  3.2406E-05  2.5490E-05  3.2473E-05  2.6527E-05  2.3481E-05  1.7889E-05
       1.5142E-05  2.3319E-05  2.3910E-05  1.9801E-05  2.4922E-05  2.2144E-05  1.9816E-05  1.6671E-05  2.0600E-05  2.0446E-05

      Percentage errors follow in a matrix A(ix,iy,iz), format (1(5x,1p,10(1x,e11.4)))

       4.3964E+00  4.4305E+00  3.6625E+00  3.5875E+00  3.3550E+00  3.3729E+00  3.1118E+00  4.5085E+00  3.4507E+00  4.0058E+00
       5.0007E+00  5.2273E+00  4.5452E+00  3.2802E+00  3.1243E+00  4.7384E+00  3.6867E+00  4.1573E+00  4.2864E+00  5.0230E+00
       3.1561E+00  4.4708E+00  3.5318E+00  3.9077E+00  4.3788E+00  4.8211E+00  3.4499E+00  4.5554E+00  3.2309E+00  4.2486E+00
       4.2765E+00  4.4656E+00  4.0670E+00  4.1596E+00  3.8900E+00  4.2211E+00  2.7096E+00  3.6054E+00  3.1989E+00  4.1603E+00
       4.6317E+00  3.8591E+00  3.9525E+00  3.0462E+00  4.2651E+00  4.0878E+00  3.3030E+00  4.1659E+00  4.1077E+00  4.4001E+00
       5.3978E+00  6.0771E+00  4.1086E+00  1.9000E+00  4.3690E+00  3.6227E+00  3.2356E+00  2.9820E+00  3.6139E+00  4.1928E+00
       5.2489E+00  3.4427E+00  3.5879E+00  2.6167E+00  3.7967E+00  2.9690E+00  3.5811E+00  3.9810E+00  3.0443E+00  3.9594E+00
       4.1069E+00  3.9595E+00  4.0073E+00  2.4751E+00  3.2621E+00  3.5960E+00  4.1058E+00  2.8630E+00  3.4489E+00  5.4181E+00
       3.5045E+00  3.6041E+00  3.8483E+00  4.2453E+00  3.9514E+00  3.3605E+00  3.8615E+00  4.2775E+00  4.1293E+00  5.1727E+00
       3.8963E+00  3.9255E+00  3.1332E+00  3.8679E+00  4.4881E+00  4.0366E+00  4.1951E+00  3.0431E+00  3.3203E+00  4.4764E+00
       4.3112E+00  4.1620E+00  4.7084E+00  4.5507E+00  3.0446E+00  4.1663E+00  4.2048E+00  4.0150E+00  4.2281E+00  5.5579E+00
       5.7411E+00  5.8748E+00  5.4072E+00  3.8231E+00  3.7250E+00  4.4270E+00  3.1258E+00  4.3077E+00  5.2942E+00  4.0561E+00
       3.3752E+00  3.4513E+00  3.4302E+00  4.7739E+00  3.8862E+00  6.0007E+00  2.9676E+00  4.2485E+00  3.9530E+00  4.9242E+00
       3.6168E+00  4.8057E+00  3.0937E+00  4.4499E+00  3.1498E+00  4.0948E+00  3.2607E+00  4.3469E+00  3.0546E+00  5.1172E+00
       5.7534E+00  3.7541E+00  3.2865E+00  3.9169E+00  3.3226E+00  5.2585E+00  1.8407E+00  4.4142E+00  3.0886E+00  5.4527E+00
       4.0402E+00  5.1879E+00  3.8421E+00  2.6068E+00  3.6253E+00  3.2157E+00  4.1003E+00  2.6045E+00  3.4877E+00  4.3139E+00
       3.2162E+00  4.4381E+00  4.0562E+00  4.4602E+00  4.7076E+00  3.6154E+00  4.1589E+00  3.9315E+00  2.8489E+00  4.2182E+00
       3.8490E+00  3.3371E+00  3.5747E+00  3.7795E+00  4.1200E+00  3.1822E+00  4.6765E+00  3.9697E+00  3.3978E+00  5.3519E+00
       3.8421E+00  4.8595E+00  4.3600E+00  4.0230E+00  4.7930E+00  4.3986E+00  3.6121E+00  3.7055E+00  4.9478E+00  5.1382E+00
       3.6870E+00  3.5208E+00  4.5791E+00  5.4740E+00  5.3541E+00  3.5539E+00  3.0031E+00  3.8660E+00  4.1433E+00  4.6815E+00
       5.3982E+00  4.4208E+00  4.4644E+00  5.5335E+00  5.2156E+00  5.2335E+00  4.3763E+00  3.2481E+00  5.3353E+00  7.1091E+00
       5.3976E+00  6.1415E+00  3.5500E+00  4.2234E+00  4.0555E+00  3.9984E+00  2.1666E+00  4.7106E+00  5.3039E+00  6.1835E+00
       4.9439E+00  4.4536E+00  3.3798E+00  3.7888E+00  4.3605E+00  5.6990E+00  3.9926E+00  4.4827E+00  4.3918E+00  4.6439E+00
       4.5708E+00  4.5279E+00  2.8855E+00  4.1910E+00  3.6700E+00  5.2809E+00  3.7697E+00  3.6840E+00  4.0574E+00  6.0406E+00
       4.3950E+00  4.6754E+00  3.3655E+00  4.3542E+00  4.0645E+00  4.4460E+00  3.1973E+00  3.5829E+00  4.6994E+00  5.9625E+00
       4.5654E+00  5.1954E+00  4.3941E+00  5.0290E+00  3.7592E+00  2.7203E+00  4.1915E+00  3.0122E+00  4.5616E+00  5.7849E+00
       3.9312E+00  5.3293E+00  4.5491E+00  4.9324E+00  3.9784E+00  4.5690E+00  4.6125E+00  4.0038E+00  5.3322E+00  5.0738E+00
       5.5155E+00  3.2848E+00  5.8458E+00  3.3948E+00  3.9596E+00  4.6477E+00  4.8571E+00  3.5832E+00  4.4399E+00  5.8910E+00
       4.3643E+00  4.1400E+00  4.0272E+00  4.5647E+00  4.9350E+00  3.2108E+00  3.8689E+00  5.8144E+00  5.5852E+00  4.5518E+00
       6.1456E+00  3.9950E+00  4.3922E+00  5.2271E+00  5.9549E+00  5.0648E+00  3.9757E+00  3.2979E+00  4.7309E+00  5.2914E+00
       7.1533E+00  7.4500E+00  5.2395E+00  6.3036E+00  5.7625E+00  6.4207E+00  4.1953E+00  5.1800E+00  6.5163E+00  7.0697E+00
       6.2197E+00  5.9613E+00  4.0123E+00  4.4478E+00  3.7416E+00  3.8906E+00  4.2632E+00  5.5894E+00  5.3602E+00  6.0061E+00
       6.3396E+00  4.0570E+00  4.0034E+00  4.0201E+00  4.1120E+00  5.5030E+00  4.8217E+00  4.3800E+00  5.3528E+00  7.6105E+00
       4.7485E+00  4.8324E+00  5.1597E+00  5.3430E+00  3.8198E+00  5.3628E+00  3.9648E+00  5.0841E+00  4.4426E+00  7.3755E+00
       5.7546E+00  5.4709E+00  3.9058E+00  5.1307E+00  3.7467E+00  4.2278E+00  5.4243E+00  5.3735E+00  4.0194E+00  5.3373E+00
       4.0432E+00  4.7112E+00  4.9927E+00  4.3056E+00  3.8058E+00  4.3865E+00  2.8988E+00  5.7017E+00  4.9961E+00  6.7149E+00
       7.0311E+00  5.3329E+00  4.8983E+00  3.7940E+00  4.8894E+00  5.3105E+00  4.5679E+00  4.1680E+00  4.5934E+00  5.0581E+00
       5.5638E+00  5.0726E+00  5.0580E+00  4.1296E+00  5.4000E+00  4.1549E+00  4.8244E+00  4.7164E+00  4.3779E+00  5.2654E+00
       5.1959E+00  6.8186E+00  5.9081E+00  5.0204E+00  3.6117E+00  3.7574E+00  4.5991E+00  5.9336E+00  5.2769E+00  5.9112E+00
       4.9475E+00  4.3599E+00  4.5338E+00  4.2376E+00  5.9723E+00  5.7779E+00  3.4998E+00  5.5998E+00  6.4851E+00  7.0963E+00
       8.4695E+00  6.0914E+00  6.1324E+00  5.3477E+00  6.8465E+00  6.3082E+00  5.5107E+00  4.5479E+00  6.6911E+00  6.5452E+00
       8.1544E+00  5.8688E+00  5.7785E+00  5.2781E+00  7.8820E+00  5.3684E+00  6.1586E+00  4.5534E+00  5.6703E+00  7.9866E+00
       9.2357E+00  4.3961E+00  5.8092E+00  4.8344E+00  4.0489E+00  4.2964E+00  7.0940E+00  5.4017E+00  5.3201E+00  5.7729E+00
       5.2711E+00  5.5668E+00  6.0176E+00  5.3429E+00  3.8867E+00  4.6414E+00  5.2278E+00  5.5949E+00  6.4278E+00  5.7161E+00
       7.1690E+00  5.4667E+00  3.4765E+00  5.2986E+00  4.4074E+00  3.5220E+00  6.0049E+00  6.5169E+00  4.6403E+00  5.9582E+00
       4.4444E+00  5.1069E+00  6.6016E+00  5.6988E+00  4.3955E+00  4.6594E+00  4.1579E+00  6.5064E+00  5.3323E+00  6.6847E+00
       6.6651E+00  4.2373E+00  5.3010E+00  5.4057E+00  5.9804E+00  4.2298E+00  4.0880E+00  4.2523E+00  4.9835E+00  6.4836E+00
       6.7426E+00  6.8762E+00  4.8961E+00  5.7076E+00  5.0410E+00  5.2294E+00  6.3791E+00  5.8666E+00  5.3460E+00  6.6838E+00
       6.3459E+00  6.6530E+00  7.4918E+00  4.9342E+00  7.4720E+00  4.2951E+00  5.4945E+00  6.3532E+00  4.4982E+00  6.5609E+00
       5.8752E+00  7.3077E+00  6.0684E+00  7.5979E+00  6.1676E+00  3.8551E+00  4.7922E+00  6.6562E+00  8.1749E+00  5.1490E+00
       1.0890E+01  7.6184E+00  6.6512E+00  4.9398E+00  8.6026E+00  7.9979E+00  5.8822E+00  5.3498E+00  7.5390E+00  6.9070E+00
       7.5729E+00  6.1036E+00  6.2031E+00  5.1664E+00  7.8111E+00  7.1485E+00  7.6027E+00  5.2402E+00  4.8684E+00  8.7035E+00
       9.0603E+00  6.6035E+00  6.5059E+00  4.5231E+00  4.4367E+00  5.7905E+00  9.1706E+00  6.0792E+00  7.1303E+00  6.1167E+00
       5.0456E+00  7.0522E+00  5.8031E+00  6.1446E+00  6.8604E+00  5.0825E+00  6.3626E+00  6.2077E+00  4.9993E+00  6.2675E+00
       7.3236E+00  6.6491E+00  4.7665E+00  6.0777E+00  6.5155E+00  5.9393E+00  6.2006E+00  7.1878E+00  5.8489E+00  7.3252E+00
       6.2225E+00  6.1388E+00  6.5837E+00  6.1530E+00  7.3318E+00  5.6276E+00  7.8050E+00  5.9689E+00  5.6251E+00  6.2376E+00
       7.6331E+00  5.9354E+00  5.2090E+00  5.7847E+00  5.1979E+00  5.2783E+00  6.5661E+00  4.7093E+00  6.1018E+00  7.1210E+00
       7.0137E+00  6.0415E+00  3.2508E+00  4.4379E+00  7.0223E+00  7.2941E+00  7.0885E+00  5.8401E+00  5.4912E+00  6.9327E+00
       9.6685E+00  6.3654E+00  9.4251E+00  5.0958E+00  7.7579E+00  3.7863E+00  5.9843E+00  5.6450E+00  4.6736E+00  6.6060E+00
       9.0616E+00  7.5163E+00  8.3768E+00  7.2882E+00  7.6124E+00  5.8124E+00  7.5501E+00  5.9597E+00  8.1263E+00  7.9524E+00
       1.2932E+01  1.0270E+01  7.6746E+00  8.3646E+00  1.0433E+01  8.0742E+00  1.0641E+01  9.6328E+00  1.0018E+01  9.9794E+00
       7.0075E+00  5.8666E+00  8.8509E+00  7.5021E+00  6.9853E+00  8.2724E+00  6.1880E+00  9.1677E+00  5.8809E+00  8.6332E+00
       9.9787E+00  5.8553E+00  7.3326E+00  4.2443E+00  5.3973E+00  5.0750E+00  5.7671E+00  7.4639E+00  8.5282E+00  7.7795E+00
       8.3130E+00  7.5206E+00  6.5115E+00  5.5919E+00  9.0683E+00  5.5273E+00  4.5631E+00  7.6714E+00  6.3697E+00  9.1146E+00
       7.2959E+00  8.1207E+00  7.6805E+00  6.8843E+00  7.1297E+00  5.9914E+00  7.2098E+00  6.3239E+00  6.5979E+00  6.9228E+00
       6.6585E+00  8.4850E+00  7.5150E+00  6.3459E+00  7.0484E+00  7.2225E+00  6.9384E+00  6.9573E+00  5.9518E+00  9.1620E+00
       1.0162E+01  8.8023E+00  8.0506E+00  6.7469E+00  5.2652E+00  6.1473E+00  4.3171E+00  6.4889E+00  6.7764E+00  7.8331E+00
       1.1699E+01  8.2633E+00  5.6639E+00  5.8868E+00  7.9091E+00  6.1977E+00  7.0076E+00  4.0205E+00  7.1149E+00  7.9214E+00
       1.0824E+01  8.2454E+00  9.3262E+00  7.9633E+00  7.1512E+00  6.1795E+00  7.1515E+00  7.3280E+00  6.7127E+00  6.6678E+00
       8.5859E+00  1.0027E+01  7.5524E+00  7.4505E+00  6.2738E+00  6.5325E+00  5.6738E+00  8.3639E+00  8.4433E+00  9.4006E+00
       1.4855E+01  1.0130E+01  6.9873E+00  8.3140E+00  8.4976E+00  8.4568E+00  1.0007E+01  8.3380E+00  1.1018E+01  9.5817E+00
       9.0731E+00  8.4988E+00  8.4843E+00  9.2762E+00  7.3365E+00  8.0721E+00  7.6634E+00  7.9691E+00  9.5524E+00  1.0437E+01
       1.1719E+01  7.8998E+00  8.5824E+00  7.2183E+00  8.0375E+00  6.7940E+00  7.1180E+00  8.3015E+00  1.0987E+01  6.4020E+00
       1.0878E+01  7.8365E+00  8.1854E+00  8.5007E+00  9.9980E+00  8.0028E+00  6.2131E+00  7.1973E+00  8.8605E+00  1.0684E+01
       9.7613E+00  9.7468E+00  7.8401E+00  5.4060E+00  7.6642E+00  5.7478E+00  7.8139E+00  6.5190E+00  8.3865E+00  8.2119E+00
       8.2391E+00  1.0805E+01  7.0495E+00  6.8535E+00  7.3982E+00  7.0400E+00  7.8373E+00  7.3088E+00  7.1346E+00  1.1259E+01
       7.4423E+00  9.0103E+00  9.6568E+00  6.1290E+00  6.6211E+00  7.6809E+00  8.1523E+00  6.6640E+00  5.7455E+00  7.8935E+00
       1.1715E+01  8.1340E+00  8.3001E+00  8.2570E+00  9.2175E+00  6.8858E+00  5.9706E+00  7.4219E+00  6.3505E+00  9.2862E+00
       1.0836E+01  9.4151E+00  1.1505E+01  8.4038E+00  9.1841E+00  7.6237E+00  1.0945E+01  7.8310E+00  7.6706E+00  8.5664E+00
       1.0584E+01  7.2287E+00  6.5553E+00  7.8509E+00  8.5213E+00  1.0036E+01  7.8345E+00  1.0114E+01  9.0621E+00  9.4445E+00
       1.5920E+01  1.0151E+01  1.0000E+01  1.0421E+01  1.0666E+01  9.6459E+00  1.0214E+01  7.8990E+00  1.3031E+01  1.1733E+01
       1.3543E+01  1.0928E+01  9.2711E+00  6.4064E+00  9.2889E+00  8.8842E+00  7.6258E+00  1.0153E+01  1.2413E+01  9.9534E+00
       1.3670E+01  1.1675E+01  5.9934E+00  9.1244E+00  7.4942E+00  8.9834E+00  8.6012E+00  1.0023E+01  7.8242E+00  9.8073E+00
       7.3799E+00  8.8977E+00  7.9345E+00  8.8650E+00  9.7918E+00  1.0098E+01  8.3576E+00  9.3484E+00  9.3864E+00  1.3915E+01
       1.2038E+01  7.8594E+00  6.1191E+00  7.7180E+00  9.2841E+00  1.1441E+01  8.6089E+00  8.7568E+00  8.2524E+00  1.0768E+01
       1.3365E+01  1.2683E+01  9.1202E+00  8.0710E+00  8.2375E+00  7.4681E+00  9.2572E+00  9.8255E+00  8.4662E+00  1.4795E+01
       8.8334E+00  7.7652E+00  9.3054E+00  8.3111E+00  7.4937E+00  8.0363E+00  7.3697E+00  8.9722E+00  9.4926E+00  1.1556E+01
       9.8146E+00  8.4449E+00  8.6759E+00  9.6975E+00  8.2497E+00  9.2575E+00  8.3697E+00  9.8229E+00  8.4733E+00  1.1795E+01
       8.9571E+00  9.3871E+00  9.1154E+00  1.1507E+01  1.0676E+01  7.7941E+00  9.0908E+00  1.0090E+01  6.6316E+00  1.1881E+01
       1.1441E+01  1.0441E+01  9.6875E+00  8.9381E+00  1.1676E+01  1.0750E+01  1.1610E+01  1.0495E+01  1.1012E+01  8.4771E+00
       1.8560E+01  1.1997E+01  1.0500E+01  1.2874E+01  1.0052E+01  1.3727E+01  1.4697E+01  1.1447E+01  1.4532E+01  1.5235E+01
       1.6105E+01  1.2626E+01  8.8396E+00  8.9750E+00  1.0951E+01  1.0137E+01  1.2462E+01  1.2001E+01  1.1484E+01  1.2895E+01
       1.3796E+01  1.1942E+01  1.1406E+01  1.3111E+01  7.7485E+00  9.0703E+00  7.5501E+00  1.0920E+01  1.0534E+01  1.3294E+01
       7.7716E+00  1.1842E+01  1.1060E+01  9.6847E+00  1.1802E+01  6.7765E+00  9.8520E+00  1.1187E+01  8.3078E+00  1.3612E+01
       1.2102E+01  8.4972E+00  1.0697E+01  8.7757E+00  8.8985E+00  9.7242E+00  1.1055E+01  1.0587E+01  9.4070E+00  1.3280E+01
       1.8538E+01  1.1905E+01  9.8638E+00  7.5443E+00  1.1327E+01  9.9362E+00  9.1321E+00  1.2034E+01  1.2657E+01  1.1850E+01
       1.1943E+01  1.0174E+01  8.1606E+00  6.9175E+00  1.1472E+01  1.0855E+01  1.0124E+01  8.7488E+00  1.0851E+01  1.1510E+01
       1.1812E+01  1.0769E+01  1.1574E+01  8.1947E+00  9.0545E+00  1.1566E+01  7.3375E+00  1.1781E+01  1.3037E+01  8.6496E+00
       1.6172E+01  1.3278E+01  1.0560E+01  1.2402E+01  5.7925E+00  1.1351E+01  9.4323E+00  1.0293E+01  1.1704E+01  1.1431E+01
       1.4388E+01  1.2994E+01  1.2689E+01  1.2267E+01  1.1078E+01  9.4810E+00  1.0281E+01  1.2533E+01  1.2185E+01  1.1371E+01
