1
   Cartesian binning n.   1  "DoseEq    " , generalized particle n.  240
      X coordinate: from -8.5000E+01 to  8.5000E+01 cm,    10 bins ( 1.7000E+01 cm wide)
      Y coordinate: from -2.5000E+01 to  2.5000E+01 cm,    10 bins ( 5.0000E+00 cm wide)
      Z coordinate: from  2.2500E+02 to  2.7500E+02 cm,    10 bins ( 5.0000E+00 cm wide)
      Data follow in a matrix A(ix,iy,iz), format (1(5x,1p,10(1x,e11.4)))

      accurate deposition along the tracks requested
      this is a track-length binning
       2.9005E-04  3.6511E-04  4.1495E-04  4.5017E-04  4.6769E-04  4.5165E-04  4.3796E-04  3.9619E-04  3.6444E-04  3.0123E-04
       3.4870E-04  4.2952E-04  4.7938E-04  5.1109E-04  5.5183E-04  5.3008E-04  5.1928E-04  4.6151E-04  4.2326E-04  3.4391E-04
       3.6247E-04  4.4986E-04  4.8746E-04  5.4726E-04  5.7617E-04  5.6060E-04  5.4205E-04  4.8985E-04  4.4306E-04  3.4181E-04
       3.6962E-04  4.5739E-04  5.0157E-04  5.7762E-04  6.0741E-04  5.8497E-04  5.4958E-04  4.9639E-04  4.3024E-04  3.6734E-04
       3.4537E-04  4.7732E-04  5.1985E-04  5.6685E-04  5.9757E-04  6.0898E-04  5.8849E-04  5.2014E-04  4.2544E-04  3.6031E-04
       3.7667E-04  4.6668E-04  5.1908E-04  5.7248E-04  6.1241E-04  6.1078E-04  5.5993E-04  5.3677E-04  4.3727E-04  3.7295E-04
       3.4301E-04  4.6508E-04  5.2010E-04  5.5368E-04  5.9102E-04  5.8012E-04  5.5472E-04  5.3038E-04  4.3401E-04  3.4019E-04
       3.3384E-04  4.3418E-04  4.9596E-04  5.6813E-04  6.0098E-04  5.8962E-04  5.5412E-04  5.0383E-04  4.3534E-04  3.5649E-04
       3.4404E-04  4.1274E-04  4.4390E-04  5.2497E-04  5.2038E-04  5.3424E-04  5.3201E-04  4.6375E-04  4.1296E-04  3.3450E-04
       2.9121E-04  3.6198E-04  3.8840E-04  4.3994E-04  4.7275E-04  4.5401E-04  4.6430E-04  4.0590E-04  3.6989E-04  2.8592E-04
       2.1868E-04  3.1041E-04  3.3013E-04  3.6564E-04  3.8703E-04  3.8461E-04  3.6459E-04  3.1736E-04  2.9805E-04  2.4104E-04
       2.8368E-04  3.9185E-04  4.0565E-04  4.6446E-04  4.8938E-04  4.7975E-04  4.6687E-04  4.0646E-04  3.6873E-04  2.8916E-04
       3.0482E-04  3.9206E-04  4.7504E-04  4.9788E-04  5.3132E-04  5.1422E-04  5.0139E-04  4.4550E-04  3.9531E-04  3.1153E-04
       3.1560E-04  4.2565E-04  4.7395E-04  5.1414E-04  5.6710E-04  5.2293E-04  5.0955E-04  4.6145E-04  3.9039E-04  3.2900E-04
       3.2099E-04  4.3475E-04  4.7771E-04  5.2333E-04  5.6388E-04  5.6979E-04  5.2888E-04  4.7557E-04  4.0486E-04  3.0662E-04
       3.2601E-04  4.2984E-04  4.4946E-04  5.1520E-04  5.6634E-04  5.3742E-04  5.2569E-04  4.9311E-04  4.1804E-04  3.1727E-04
       2.9683E-04  4.3225E-04  4.6482E-04  5.0197E-04  5.5370E-04  5.3903E-04  5.1763E-04  4.7496E-04  4.0856E-04  3.0914E-04
       2.9024E-04  4.0101E-04  4.6830E-04  5.1189E-04  5.2630E-04  5.5074E-04  5.1470E-04  4.4558E-04  4.1261E-04  2.9013E-04
       2.8070E-04  3.7206E-04  3.9541E-04  4.6511E-04  4.7437E-04  4.7576E-04  4.6507E-04  4.0202E-04  3.6148E-04  2.9080E-04
       2.3328E-04  2.8820E-04  3.3410E-04  3.6805E-04  3.9431E-04  3.8140E-04  3.7969E-04  3.3866E-04  2.9019E-04  2.3780E-04
       1.6249E-04  2.1701E-04  2.6397E-04  2.7997E-04  3.1266E-04  2.9757E-04  2.8734E-04  2.4272E-04  2.2742E-04  1.8364E-04
       2.2129E-04  2.8593E-04  3.2865E-04  3.7575E-04  3.8533E-04  4.1119E-04  3.6598E-04  3.2300E-04  3.0237E-04  2.3486E-04
       2.4811E-04  3.1685E-04  3.7578E-04  4.1923E-04  4.2344E-04  4.3947E-04  4.0722E-04  3.7556E-04  3.1992E-04  2.4676E-04
       2.6523E-04  3.5063E-04  3.8245E-04  4.4879E-04  4.6729E-04  4.5079E-04  4.1041E-04  3.6832E-04  3.4124E-04  2.5758E-04
       2.6325E-04  3.5865E-04  3.7828E-04  4.4636E-04  4.6812E-04  4.7192E-04  4.3140E-04  3.9977E-04  3.4710E-04  2.4925E-04
       2.5092E-04  3.5853E-04  3.9554E-04  4.4819E-04  4.7797E-04  4.7057E-04  4.2727E-04  4.1302E-04  3.5709E-04  2.6199E-04
       2.4390E-04  3.4750E-04  3.9208E-04  4.2077E-04  4.6404E-04  4.7154E-04  4.3952E-04  3.9971E-04  3.3725E-04  2.6534E-04
       2.3104E-04  3.3952E-04  3.9214E-04  4.1753E-04  4.3609E-04  4.4804E-04  4.2064E-04  3.7237E-04  3.1763E-04  2.3809E-04
       2.0223E-04  2.9245E-04  3.2598E-04  3.6949E-04  3.9710E-04  3.8314E-04  3.6787E-04  3.3381E-04  2.8779E-04  2.1207E-04
       1.6860E-04  2.2677E-04  2.6364E-04  2.9190E-04  3.0049E-04  3.0547E-04  2.9492E-04  2.5546E-04  2.2488E-04  1.7568E-04
       1.2785E-04  1.6708E-04  2.0419E-04  2.1722E-04  2.1735E-04  2.3193E-04  2.2139E-04  1.8799E-04  1.7343E-04  1.3561E-04
       1.7603E-04  2.1123E-04  2.6375E-04  3.0182E-04  3.0081E-04  3.0230E-04  2.8763E-04  2.5560E-04  2.4357E-04  1.8110E-04
       2.1091E-04  2.5788E-04  3.0450E-04  3.3514E-04  3.4179E-04  3.2824E-04  3.2390E-04  3.0072E-04  2.4107E-04  1.8983E-04
       1.9467E-04  2.7963E-04  3.1371E-04  3.5467E-04  3.7557E-04  3.6306E-04  3.5099E-04  3.0079E-04  2.8097E-04  1.9115E-04
       2.1254E-04  2.8623E-04  3.1515E-04  3.6143E-04  3.8212E-04  3.9643E-04  3.4988E-04  3.2361E-04  2.6960E-04  2.0040E-04
       2.0996E-04  2.8588E-04  3.2751E-04  3.6208E-04  3.6937E-04  3.7520E-04  3.4856E-04  3.5225E-04  2.7770E-04  2.0392E-04
       2.1153E-04  2.7105E-04  3.2196E-04  3.4282E-04  3.5890E-04  3.6646E-04  3.6408E-04  3.3249E-04  2.6688E-04  2.0771E-04
       1.8530E-04  2.5559E-04  3.0099E-04  3.3892E-04  3.5933E-04  3.5949E-04  3.4069E-04  3.1175E-04  2.6338E-04  1.8808E-04
       1.5590E-04  2.4279E-04  2.4513E-04  2.9119E-04  3.2072E-04  3.1355E-04  3.0088E-04  2.7140E-04  2.3670E-04  1.6502E-04
       1.3644E-04  1.6914E-04  2.1304E-04  2.2279E-04  2.2245E-04  2.3528E-04  2.1983E-04  1.8407E-04  1.6737E-04  1.3660E-04
       9.7165E-05  1.2919E-04  1.5832E-04  1.7244E-04  1.6949E-04  1.7185E-04  1.7810E-04  1.6202E-04  1.3707E-04  9.6560E-05
       1.2927E-04  1.5925E-04  1.9937E-04  2.3188E-04  2.2387E-04  2.4649E-04  2.2399E-04  2.0526E-04  1.8322E-04  1.3456E-04
       1.4698E-04  1.9787E-04  2.3033E-04  2.6238E-04  2.5991E-04  2.5846E-04  2.6721E-04  2.2964E-04  1.8462E-04  1.4466E-04
       1.5799E-04  2.4018E-04  2.3669E-04  2.8039E-04  2.9084E-04  2.7730E-04  2.6774E-04  2.5273E-04  2.0403E-04  1.5713E-04
       1.5452E-04  2.2391E-04  2.5298E-04  2.8894E-04  2.9373E-04  2.9923E-04  2.7675E-04  2.6551E-04  2.1594E-04  1.5442E-04
       1.6128E-04  2.2904E-04  2.5161E-04  2.7193E-04  2.8883E-04  3.0264E-04  2.9098E-04  2.7695E-04  2.3283E-04  1.5887E-04
       1.4626E-04  2.0641E-04  2.5473E-04  2.6432E-04  2.8405E-04  2.7695E-04  2.9360E-04  2.5970E-04  2.0802E-04  1.5735E-04
       1.5426E-04  2.0163E-04  2.4963E-04  2.6509E-04  2.9571E-04  2.7165E-04  2.5805E-04  2.5470E-04  1.9055E-04  1.6012E-04
       1.2247E-04  1.7652E-04  1.9556E-04  2.1825E-04  2.3507E-04  2.2803E-04  2.3797E-04  2.1192E-04  1.9509E-04  1.2325E-04
       1.1138E-04  1.2362E-04  1.5380E-04  1.6784E-04  1.8578E-04  1.6272E-04  1.8400E-04  1.3910E-04  1.3467E-04  9.9610E-05
       7.8004E-05  9.3927E-05  1.1137E-04  1.2453E-04  1.2850E-04  1.3997E-04  1.2471E-04  1.3062E-04  1.0783E-04  7.6491E-05
       9.7324E-05  1.2450E-04  1.5848E-04  1.8034E-04  1.7851E-04  1.9602E-04  1.7839E-04  1.6236E-04  1.4565E-04  1.0156E-04
       1.0812E-04  1.3935E-04  1.8615E-04  2.0349E-04  2.1241E-04  2.0520E-04  2.1587E-04  1.9183E-04  1.5192E-04  1.0754E-04
       1.2252E-04  1.8080E-04  1.8985E-04  2.2245E-04  2.2824E-04  2.2259E-04  2.1070E-04  1.8845E-04  1.7382E-04  1.1239E-04
       1.1502E-04  1.7921E-04  1.9885E-04  2.2748E-04  2.4358E-04  2.4028E-04  2.2062E-04  2.0150E-04  1.6387E-04  1.2528E-04
       1.0942E-04  1.7047E-04  1.9420E-04  2.1702E-04  2.4618E-04  2.3909E-04  2.2620E-04  2.0270E-04  1.8424E-04  1.2314E-04
       1.1564E-04  1.6482E-04  1.9494E-04  1.9430E-04  2.2533E-04  2.1985E-04  2.2783E-04  2.0606E-04  1.7344E-04  1.3068E-04
       1.1162E-04  1.5844E-04  1.9301E-04  2.0371E-04  2.2124E-04  2.1015E-04  2.0174E-04  1.9916E-04  1.5378E-04  1.1135E-04
       9.8624E-05  1.2895E-04  1.6727E-04  1.6813E-04  1.8817E-04  1.8359E-04  1.7733E-04  1.5720E-04  1.3920E-04  9.3318E-05
       7.4294E-05  9.8604E-05  1.1256E-04  1.2381E-04  1.4383E-04  1.3153E-04  1.3415E-04  1.2056E-04  1.0245E-04  7.7546E-05
       5.7926E-05  8.2703E-05  9.0536E-05  9.9058E-05  1.0502E-04  1.1458E-04  1.0166E-04  9.7075E-05  8.2894E-05  6.3445E-05
       6.6498E-05  1.0763E-04  1.2845E-04  1.3608E-04  1.5027E-04  1.4338E-04  1.4266E-04  1.2785E-04  1.1152E-04  7.6378E-05
       9.0970E-05  1.1651E-04  1.3991E-04  1.5739E-04  1.7851E-04  1.6086E-04  1.6749E-04  1.4568E-04  1.1765E-04  8.8177E-05
       8.8861E-05  1.3893E-04  1.4279E-04  1.6901E-04  1.7919E-04  1.7538E-04  1.7349E-04  1.5558E-04  1.3473E-04  1.0005E-04
       9.0503E-05  1.3520E-04  1.4895E-04  1.7050E-04  1.9128E-04  1.7933E-04  1.6453E-04  1.5227E-04  1.3663E-04  9.2700E-05
       8.5431E-05  1.2824E-04  1.5420E-04  1.8174E-04  1.8510E-04  1.8923E-04  1.7661E-04  1.5510E-04  1.3793E-04  9.8333E-05
       8.3782E-05  1.2496E-04  1.4952E-04  1.6691E-04  1.7696E-04  1.7301E-04  1.5590E-04  1.5710E-04  1.3219E-04  9.1120E-05
       8.3601E-05  1.1983E-04  1.4973E-04  1.5515E-04  1.7626E-04  1.6142E-04  1.5010E-04  1.4388E-04  1.2095E-04  8.3144E-05
       7.4047E-05  9.5670E-05  1.2594E-04  1.3264E-04  1.4478E-04  1.3662E-04  1.3759E-04  1.1290E-04  1.0003E-04  6.5324E-05
       5.3403E-05  7.2893E-05  8.4689E-05  9.6776E-05  1.1202E-04  1.0097E-04  1.0236E-04  9.2054E-05  7.6632E-05  5.8698E-05
       5.2137E-05  6.3597E-05  6.6293E-05  7.5531E-05  7.7906E-05  9.3188E-05  7.8801E-05  6.9590E-05  6.3646E-05  4.7490E-05
       6.3266E-05  7.7447E-05  9.4208E-05  9.9403E-05  1.0552E-04  1.1253E-04  1.0997E-04  9.9637E-05  8.5782E-05  5.8803E-05
       7.4276E-05  9.0596E-05  1.0632E-04  1.2551E-04  1.2623E-04  1.2837E-04  1.3249E-04  1.0777E-04  1.0284E-04  7.0735E-05
       6.8778E-05  9.9012E-05  1.0773E-04  1.3359E-04  1.3832E-04  1.4425E-04  1.4478E-04  1.1619E-04  9.9798E-05  7.9583E-05
       7.4401E-05  1.0026E-04  1.1862E-04  1.3453E-04  1.3882E-04  1.4749E-04  1.3106E-04  1.1356E-04  9.7451E-05  6.6878E-05
       7.7081E-05  9.5139E-05  1.2268E-04  1.4300E-04  1.3641E-04  1.4814E-04  1.4024E-04  1.2115E-04  9.6091E-05  7.6822E-05
       6.5100E-05  9.9732E-05  1.0811E-04  1.3602E-04  1.3554E-04  1.4444E-04  1.2362E-04  1.2323E-04  1.0420E-04  6.8104E-05
       6.2385E-05  9.7005E-05  1.0981E-04  1.2313E-04  1.4687E-04  1.2624E-04  1.0410E-04  1.1660E-04  8.9899E-05  6.0807E-05
       5.5417E-05  7.0872E-05  9.9746E-05  9.8192E-05  1.1637E-04  1.0585E-04  1.0566E-04  8.9493E-05  7.2329E-05  5.7851E-05
       4.5205E-05  5.0843E-05  7.2045E-05  7.9483E-05  9.2090E-05  8.6902E-05  8.5060E-05  6.7613E-05  5.4579E-05  4.6300E-05
       4.0960E-05  4.5942E-05  5.4309E-05  6.0914E-05  5.6049E-05  7.0668E-05  6.0344E-05  6.1554E-05  5.0272E-05  3.5374E-05
       5.2432E-05  5.6442E-05  6.8623E-05  8.1303E-05  8.5726E-05  8.4593E-05  7.9589E-05  7.6061E-05  6.3474E-05  5.4552E-05
       6.2324E-05  6.2900E-05  7.6943E-05  8.7698E-05  9.6291E-05  8.6883E-05  9.7559E-05  8.3151E-05  7.2837E-05  5.3018E-05
       5.9503E-05  6.5008E-05  7.0926E-05  9.6875E-05  9.6934E-05  9.9679E-05  1.0445E-04  9.0863E-05  7.5575E-05  5.1714E-05
       5.7816E-05  7.4735E-05  8.3204E-05  9.3732E-05  1.0424E-04  1.0860E-04  9.6100E-05  9.3583E-05  7.1048E-05  4.9818E-05
       5.6888E-05  6.4491E-05  8.7063E-05  9.8800E-05  1.0258E-04  1.0436E-04  1.0481E-04  8.6003E-05  7.7557E-05  5.8243E-05
       5.5770E-05  7.0071E-05  8.5168E-05  9.6209E-05  9.4091E-05  1.0695E-04  9.3018E-05  8.6400E-05  8.2250E-05  4.7826E-05
       5.6102E-05  7.2823E-05  8.5364E-05  8.4748E-05  9.7111E-05  9.0372E-05  9.0978E-05  8.3465E-05  6.9298E-05  4.4434E-05
       5.1261E-05  5.5819E-05  6.8868E-05  7.1604E-05  8.5502E-05  7.6067E-05  7.8093E-05  6.5441E-05  5.4166E-05  4.1895E-05
       4.0128E-05  4.0115E-05  5.4024E-05  5.9831E-05  7.3048E-05  6.5771E-05  6.5229E-05  5.8278E-05  4.2597E-05  3.8712E-05
       3.6016E-05  4.3178E-05  4.4917E-05  4.3491E-05  4.4736E-05  4.9811E-05  4.4311E-05  3.9303E-05  3.6085E-05  2.6023E-05
       3.5895E-05  4.7385E-05  5.4180E-05  6.5983E-05  6.3688E-05  5.5940E-05  5.5001E-05  5.0730E-05  4.3959E-05  3.6829E-05
       4.3216E-05  4.7507E-05  5.6950E-05  7.3477E-05  6.5758E-05  6.1905E-05  6.8254E-05  5.8287E-05  4.3284E-05  3.8453E-05
       4.2224E-05  4.8211E-05  6.1980E-05  6.7614E-05  6.8556E-05  7.1332E-05  6.7872E-05  6.1673E-05  6.2393E-05  3.3824E-05
       3.9330E-05  4.8959E-05  5.6624E-05  6.5147E-05  7.7603E-05  6.7498E-05  6.8457E-05  6.7981E-05  5.1049E-05  3.6933E-05
       3.8196E-05  5.3078E-05  6.5914E-05  6.1566E-05  7.2450E-05  7.3458E-05  6.9793E-05  5.9123E-05  5.4405E-05  4.3336E-05
       3.5087E-05  5.1011E-05  5.6282E-05  6.5648E-05  7.0013E-05  7.0933E-05  7.0429E-05  5.5895E-05  5.3529E-05  3.6549E-05
       3.7718E-05  4.9068E-05  6.4463E-05  6.1293E-05  6.9756E-05  6.4945E-05  6.4175E-05  5.6845E-05  4.6513E-05  3.8072E-05
       4.4847E-05  4.8979E-05  4.7523E-05  5.0866E-05  5.9426E-05  5.8155E-05  6.0587E-05  5.0377E-05  3.9030E-05  3.2944E-05
       3.1329E-05  3.8734E-05  3.6189E-05  4.7467E-05  4.8585E-05  4.9269E-05  5.3997E-05  4.6165E-05  3.3572E-05  2.8825E-05

      Percentage errors follow in a matrix A(ix,iy,iz), format (1(5x,1p,10(1x,e11.4)))

       3.7490E+00  2.7272E+00  2.7678E+00  2.5453E+00  3.0920E+00  2.9271E+00  3.1952E+00  3.6842E+00  4.0203E+00  2.8594E+00
       2.8955E+00  3.1874E+00  2.5295E+00  2.8289E+00  2.6053E+00  2.2934E+00  2.4765E+00  2.8128E+00  3.0411E+00  3.1570E+00
       2.1246E+00  2.5374E+00  3.1376E+00  2.6070E+00  3.0206E+00  3.1127E+00  2.4410E+00  2.6697E+00  2.9383E+00  2.7422E+00
       3.6659E+00  2.2692E+00  2.5333E+00  1.9339E+00  2.0501E+00  1.7916E+00  2.7371E+00  3.0456E+00  2.8336E+00  2.9076E+00
       3.6413E+00  3.0181E+00  2.5904E+00  2.2284E+00  2.5915E+00  1.3933E+00  2.2364E+00  2.5527E+00  2.3330E+00  3.3545E+00
       2.7830E+00  2.0132E+00  2.8361E+00  2.1230E+00  1.9893E+00  1.8398E+00  2.0638E+00  2.4752E+00  2.8973E+00  2.8212E+00
       2.7406E+00  2.0420E+00  2.9845E+00  2.7131E+00  2.0096E+00  2.3064E+00  2.5952E+00  2.5640E+00  2.4988E+00  2.8788E+00
       2.4975E+00  3.1362E+00  3.2273E+00  2.2550E+00  2.4026E+00  2.4559E+00  2.8709E+00  2.2237E+00  3.4958E+00  3.0918E+00
       3.1078E+00  2.5186E+00  3.0278E+00  3.3458E+00  2.5733E+00  2.7207E+00  1.7825E+00  2.2801E+00  3.3309E+00  3.0228E+00
       4.1618E+00  2.7253E+00  2.3215E+00  2.9263E+00  3.0829E+00  3.4532E+00  2.4005E+00  3.2142E+00  3.3310E+00  4.4229E+00
       4.3762E+00  2.5545E+00  2.1483E+00  2.7901E+00  2.5821E+00  3.0610E+00  3.3220E+00  3.2048E+00  3.0546E+00  3.6409E+00
       3.0124E+00  3.3414E+00  2.5692E+00  3.0239E+00  1.7170E+00  2.4854E+00  2.2116E+00  2.3716E+00  3.0836E+00  2.8622E+00
       3.4243E+00  2.2328E+00  2.7180E+00  2.6137E+00  3.2589E+00  3.0306E+00  2.4364E+00  2.4790E+00  4.1430E+00  3.2061E+00
       3.7009E+00  3.1475E+00  1.8256E+00  2.8371E+00  2.7329E+00  2.1686E+00  1.8798E+00  3.1005E+00  2.6292E+00  3.1902E+00
       3.8354E+00  2.3916E+00  2.2123E+00  3.1472E+00  2.7566E+00  2.7634E+00  2.2980E+00  2.2634E+00  2.9036E+00  3.1644E+00
       2.6430E+00  3.2731E+00  2.6328E+00  1.8285E+00  2.3682E+00  2.4682E+00  2.2394E+00  2.9806E+00  3.6187E+00  2.6991E+00
       2.7902E+00  2.9627E+00  3.1516E+00  3.3294E+00  2.5767E+00  2.8581E+00  2.2584E+00  2.1682E+00  3.0901E+00  2.9991E+00
       3.7201E+00  2.5625E+00  2.3300E+00  2.5920E+00  2.7003E+00  2.4288E+00  3.1236E+00  3.0055E+00  3.0432E+00  2.5189E+00
       2.8290E+00  3.3551E+00  3.9477E+00  2.0547E+00  3.2508E+00  3.1033E+00  2.4143E+00  3.2322E+00  3.4253E+00  2.8240E+00
       4.2649E+00  3.0359E+00  3.1855E+00  4.4381E+00  3.5511E+00  3.1142E+00  2.6547E+00  3.5977E+00  3.2367E+00  3.4249E+00
       4.6027E+00  3.6726E+00  3.9018E+00  3.7353E+00  2.9483E+00  3.4795E+00  3.8566E+00  2.8620E+00  2.6613E+00  4.7379E+00
       3.0731E+00  3.4449E+00  3.5919E+00  3.5693E+00  2.1166E+00  3.6171E+00  2.8116E+00  3.7254E+00  5.2289E+00  3.5597E+00
       3.9557E+00  3.1004E+00  2.5001E+00  2.5389E+00  3.3646E+00  3.4308E+00  3.5122E+00  2.8775E+00  5.1046E+00  3.8245E+00
       3.9587E+00  2.3577E+00  2.9249E+00  2.1480E+00  2.4891E+00  3.5175E+00  2.9685E+00  3.1303E+00  2.9654E+00  3.1043E+00
       4.4156E+00  2.5591E+00  3.2679E+00  3.5694E+00  2.2815E+00  2.5353E+00  2.7697E+00  3.4813E+00  3.3557E+00  2.8900E+00
       3.7661E+00  3.8270E+00  2.9667E+00  2.8954E+00  2.3436E+00  2.7948E+00  1.8953E+00  3.2436E+00  3.0849E+00  3.9776E+00
       5.2173E+00  3.5298E+00  2.9660E+00  2.4882E+00  2.5204E+00  3.1899E+00  2.3201E+00  2.9154E+00  3.1757E+00  3.3436E+00
       5.7237E+00  3.0778E+00  2.7850E+00  3.5357E+00  2.1734E+00  3.1098E+00  2.2235E+00  3.0603E+00  3.5937E+00  4.1067E+00
       4.2612E+00  4.2035E+00  2.8120E+00  2.2191E+00  3.2077E+00  3.3251E+00  3.0311E+00  4.4086E+00  2.9384E+00  3.0641E+00
       4.4336E+00  4.4581E+00  3.2270E+00  4.4013E+00  3.2139E+00  4.1435E+00  3.0572E+00  3.9524E+00  3.7956E+00  4.5707E+00
       5.0405E+00  3.3420E+00  3.6896E+00  3.5120E+00  3.1728E+00  2.9928E+00  3.1068E+00  4.4456E+00  4.3502E+00  4.2804E+00
       3.8630E+00  4.8026E+00  4.7906E+00  3.4810E+00  3.7115E+00  3.4530E+00  3.0426E+00  4.3754E+00  4.9992E+00  5.0991E+00
       3.2565E+00  2.2609E+00  3.7042E+00  2.7593E+00  2.4077E+00  3.5392E+00  4.1351E+00  3.7094E+00  5.8618E+00  4.2343E+00
       3.7449E+00  2.8258E+00  3.7343E+00  2.5467E+00  2.9411E+00  3.4351E+00  3.5510E+00  3.1816E+00  4.1165E+00  4.6537E+00
       4.5119E+00  3.5081E+00  3.2430E+00  2.9815E+00  2.9033E+00  3.0228E+00  3.5971E+00  3.2113E+00  3.8680E+00  3.8152E+00
       3.8093E+00  2.8333E+00  2.8649E+00  3.2955E+00  3.0430E+00  2.7824E+00  2.8959E+00  3.5201E+00  3.3894E+00  6.0732E+00
       3.5883E+00  2.7165E+00  3.8744E+00  3.2582E+00  3.4258E+00  3.5402E+00  2.7789E+00  3.3648E+00  3.5168E+00  4.6805E+00
       6.1935E+00  3.1794E+00  3.7702E+00  3.6495E+00  4.1656E+00  2.5670E+00  3.0607E+00  3.3410E+00  3.1873E+00  3.8409E+00
       3.7494E+00  4.1800E+00  4.5339E+00  3.1651E+00  3.9128E+00  3.2185E+00  3.3939E+00  3.2353E+00  3.9853E+00  4.9625E+00
       5.8364E+00  4.7366E+00  4.2080E+00  4.3822E+00  3.7223E+00  4.6208E+00  3.3810E+00  5.9118E+00  4.1503E+00  4.6127E+00
       5.0330E+00  3.9822E+00  3.8958E+00  4.2434E+00  3.7253E+00  5.5709E+00  3.6255E+00  2.5945E+00  4.7024E+00  6.3101E+00
       6.2838E+00  3.6206E+00  4.0401E+00  3.8117E+00  2.7458E+00  3.3742E+00  2.4503E+00  3.8949E+00  4.6727E+00  5.7588E+00
       4.7593E+00  3.2695E+00  2.9425E+00  3.8453E+00  4.4164E+00  3.0207E+00  4.4269E+00  4.0609E+00  5.0403E+00  4.6084E+00
       3.7763E+00  3.8919E+00  3.7914E+00  3.2273E+00  3.3699E+00  3.4162E+00  3.7205E+00  3.2210E+00  4.1308E+00  6.1414E+00
       4.4600E+00  3.0143E+00  4.4551E+00  3.8138E+00  3.1948E+00  3.1590E+00  4.4301E+00  4.0636E+00  4.6828E+00  4.0012E+00
       5.7585E+00  3.5331E+00  3.6572E+00  3.0331E+00  3.4625E+00  3.4883E+00  3.0524E+00  3.9163E+00  3.2347E+00  4.3617E+00
       5.1708E+00  3.9912E+00  4.2436E+00  3.6332E+00  4.8000E+00  4.3581E+00  2.8727E+00  3.6038E+00  3.9638E+00  4.7139E+00
       4.2264E+00  4.6189E+00  4.3084E+00  4.1418E+00  4.2791E+00  3.1555E+00  4.0225E+00  3.8916E+00  4.3082E+00  4.5851E+00
       6.5653E+00  5.1931E+00  3.8666E+00  3.8726E+00  4.2576E+00  4.2978E+00  3.3939E+00  4.5619E+00  3.9939E+00  5.6397E+00
       5.5300E+00  4.3559E+00  5.7326E+00  4.9679E+00  4.4183E+00  3.9777E+00  3.2843E+00  4.0452E+00  5.3751E+00  4.5353E+00
       6.2013E+00  5.0493E+00  4.4436E+00  5.2152E+00  4.7374E+00  5.2687E+00  6.2512E+00  4.7182E+00  4.7922E+00  6.2670E+00
       6.9592E+00  4.5873E+00  4.6152E+00  3.5312E+00  3.8655E+00  3.5201E+00  6.4440E+00  4.0373E+00  5.4057E+00  4.9969E+00
       5.4948E+00  3.6807E+00  4.8510E+00  5.1699E+00  3.9866E+00  4.3862E+00  4.2282E+00  5.1424E+00  4.9851E+00  5.1822E+00
       5.9103E+00  4.2913E+00  4.7395E+00  4.1597E+00  3.4661E+00  4.7826E+00  3.7320E+00  3.9494E+00  5.4387E+00  7.3322E+00
       5.1651E+00  4.4949E+00  4.4430E+00  3.8760E+00  3.8571E+00  4.0226E+00  4.9572E+00  4.7302E+00  4.7644E+00  4.5822E+00
       4.6549E+00  3.3554E+00  3.8188E+00  4.7317E+00  5.6776E+00  3.3381E+00  4.1642E+00  3.8368E+00  4.5011E+00  4.7846E+00
       4.5577E+00  7.5922E+00  4.4968E+00  4.6587E+00  3.4261E+00  4.0210E+00  3.3343E+00  3.9778E+00  4.3377E+00  5.7727E+00
       5.0080E+00  4.0773E+00  6.6719E+00  4.3890E+00  4.3197E+00  3.2870E+00  7.2542E+00  4.5154E+00  5.5181E+00  4.5149E+00
       6.6671E+00  4.4723E+00  4.7753E+00  4.9125E+00  3.8354E+00  3.8871E+00  4.3712E+00  3.2562E+00  4.2250E+00  6.6770E+00
       5.5162E+00  5.6026E+00  4.1470E+00  6.1733E+00  6.1518E+00  6.0246E+00  2.9264E+00  5.8549E+00  5.2762E+00  7.3147E+00
       7.0553E+00  7.1187E+00  6.2412E+00  6.3047E+00  5.1302E+00  4.7223E+00  7.2968E+00  5.9767E+00  4.9753E+00  5.2508E+00
       6.2890E+00  6.9461E+00  5.6788E+00  5.2620E+00  4.8537E+00  5.5360E+00  8.4928E+00  5.7689E+00  7.0699E+00  5.9608E+00
       6.0624E+00  4.4257E+00  4.1637E+00  4.2716E+00  5.1820E+00  4.6809E+00  4.8989E+00  4.6988E+00  5.4977E+00  5.5219E+00
       4.9537E+00  6.3341E+00  5.6586E+00  3.9036E+00  3.6641E+00  6.8603E+00  4.7525E+00  5.4193E+00  6.0688E+00  7.7057E+00
       7.0812E+00  6.2198E+00  4.3156E+00  5.2090E+00  4.6943E+00  3.7083E+00  5.0656E+00  3.8915E+00  6.1180E+00  5.8283E+00
       7.8445E+00  3.9207E+00  5.2330E+00  5.1710E+00  5.7732E+00  4.2401E+00  2.8242E+00  5.4394E+00  5.6635E+00  8.4547E+00
       5.6272E+00  5.3363E+00  5.4808E+00  4.2672E+00  3.9157E+00  4.8662E+00  6.5070E+00  5.5847E+00  4.9414E+00  6.9759E+00
       6.6792E+00  5.4336E+00  5.4412E+00  4.0369E+00  3.2569E+00  4.2443E+00  5.2074E+00  4.3967E+00  4.6645E+00  6.9098E+00
       6.3510E+00  5.3351E+00  6.6995E+00  4.7979E+00  4.6090E+00  4.3502E+00  5.0028E+00  4.6018E+00  4.5605E+00  7.9037E+00
       8.3886E+00  5.1651E+00  5.2446E+00  3.7722E+00  4.9416E+00  5.8030E+00  4.5480E+00  7.2224E+00  6.3908E+00  5.9758E+00
       6.9433E+00  8.8060E+00  7.3097E+00  7.2075E+00  6.7076E+00  6.0820E+00  7.4226E+00  8.3746E+00  7.8437E+00  7.7899E+00
       6.4742E+00  6.4467E+00  6.7934E+00  5.0553E+00  6.4207E+00  6.6787E+00  7.3919E+00  5.9812E+00  8.1732E+00  1.0033E+01
       7.2276E+00  5.7643E+00  7.3741E+00  4.7224E+00  6.4734E+00  4.3796E+00  5.0034E+00  4.5171E+00  7.0636E+00  8.5783E+00
       6.6958E+00  7.4732E+00  5.3712E+00  4.9476E+00  5.4521E+00  5.3219E+00  5.0179E+00  5.7835E+00  6.9213E+00  7.7712E+00
       5.7106E+00  6.3285E+00  3.8207E+00  4.5498E+00  5.9981E+00  5.6801E+00  4.5509E+00  4.8722E+00  6.6423E+00  6.1083E+00
       6.6175E+00  4.6223E+00  5.0631E+00  5.7680E+00  7.0890E+00  5.9575E+00  4.3062E+00  6.1388E+00  5.5389E+00  9.0449E+00
       8.8679E+00  6.3596E+00  6.0960E+00  5.5975E+00  4.4879E+00  4.5165E+00  4.9216E+00  6.5997E+00  4.6684E+00  7.7268E+00
       5.7824E+00  6.8284E+00  4.7574E+00  5.7241E+00  4.4092E+00  4.0251E+00  5.0353E+00  3.3650E+00  4.5138E+00  6.0411E+00
       7.6057E+00  7.1191E+00  6.0151E+00  7.2536E+00  4.8992E+00  4.7876E+00  6.1264E+00  4.7247E+00  6.6568E+00  1.2161E+01
       7.7912E+00  6.8250E+00  7.3396E+00  6.0975E+00  5.2801E+00  4.2556E+00  5.0513E+00  8.1299E+00  7.4730E+00  6.2581E+00
       1.0067E+01  9.2872E+00  6.4296E+00  8.2946E+00  7.9523E+00  6.8983E+00  5.8777E+00  7.6748E+00  7.0721E+00  1.0986E+01
       8.3385E+00  7.7793E+00  6.3744E+00  6.4535E+00  7.5212E+00  8.2508E+00  5.5415E+00  5.7834E+00  6.3809E+00  8.1385E+00
       7.0033E+00  6.0693E+00  6.3677E+00  8.5560E+00  7.1591E+00  7.1899E+00  6.8421E+00  5.8426E+00  7.5513E+00  7.1127E+00
       8.7620E+00  8.3481E+00  6.5292E+00  5.5268E+00  5.4971E+00  5.7546E+00  6.6110E+00  7.0350E+00  4.5849E+00  1.0831E+01
       7.5652E+00  7.7375E+00  4.0952E+00  6.0830E+00  5.5196E+00  5.6619E+00  6.0985E+00  4.5405E+00  6.7624E+00  8.6864E+00
       7.8010E+00  5.7083E+00  6.2949E+00  5.5555E+00  5.6724E+00  6.7522E+00  6.6934E+00  6.4962E+00  7.8111E+00  9.8883E+00
       1.0817E+01  7.1621E+00  6.0610E+00  6.4152E+00  5.9557E+00  4.7435E+00  7.0873E+00  4.4536E+00  7.4186E+00  7.4168E+00
       5.8092E+00  5.3575E+00  5.6205E+00  5.3824E+00  5.0702E+00  6.6635E+00  6.2131E+00  4.9314E+00  5.3699E+00  7.0519E+00
       7.3533E+00  9.9096E+00  6.5017E+00  7.4689E+00  5.1044E+00  6.3274E+00  6.1955E+00  7.5653E+00  7.6361E+00  1.0113E+01
       8.7314E+00  7.1293E+00  7.8736E+00  6.0629E+00  5.6235E+00  6.7447E+00  6.0732E+00  1.0137E+01  8.7507E+00  8.7539E+00
       8.7321E+00  8.5789E+00  7.3166E+00  7.1059E+00  8.9322E+00  8.3421E+00  7.6145E+00  7.1992E+00  8.8243E+00  8.6433E+00
       7.6544E+00  7.4254E+00  5.7530E+00  8.0420E+00  6.7686E+00  7.8668E+00  4.5672E+00  9.0103E+00  7.1090E+00  9.9073E+00
       9.2226E+00  7.6714E+00  7.0218E+00  6.1275E+00  6.2883E+00  7.7281E+00  7.1678E+00  8.3086E+00  9.9329E+00  6.4264E+00
       8.7039E+00  8.6940E+00  7.5882E+00  5.7251E+00  1.0148E+01  7.8487E+00  6.4812E+00  7.6109E+00  6.8706E+00  1.0315E+01
       8.4041E+00  8.4979E+00  6.1526E+00  8.6005E+00  7.2486E+00  5.3234E+00  7.2277E+00  6.4591E+00  8.5149E+00  1.2048E+01
       1.0745E+01  7.4246E+00  8.4197E+00  5.6923E+00  6.7090E+00  6.2998E+00  7.5004E+00  7.8306E+00  8.9141E+00  6.9544E+00
       1.0259E+01  6.6552E+00  5.7232E+00  7.7667E+00  5.9359E+00  5.5358E+00  7.0986E+00  5.7648E+00  9.0406E+00  9.3955E+00
       9.5726E+00  6.9346E+00  7.3327E+00  5.4374E+00  6.6450E+00  5.4554E+00  6.4757E+00  6.2790E+00  5.7842E+00  9.8773E+00
       8.7628E+00  7.4060E+00  7.7531E+00  7.2995E+00  7.5619E+00  7.6639E+00  8.2912E+00  9.4515E+00  7.8647E+00  8.0456E+00
       9.1889E+00  8.3545E+00  8.8407E+00  8.8495E+00  7.5729E+00  6.8978E+00  5.8136E+00  1.0028E+01  1.0392E+01  1.1181E+01
