1
   Cartesian binning n.   1  "DoseEq    " , generalized particle n.  240
      X coordinate: from -8.5000E+01 to  8.5000E+01 cm,    10 bins ( 1.7000E+01 cm wide)
      Y coordinate: from -2.5000E+01 to  2.5000E+01 cm,    10 bins ( 5.0000E+00 cm wide)
      Z coordinate: from  2.2500E+02 to  2.7500E+02 cm,    10 bins ( 5.0000E+00 cm wide)
      Data follow in a matrix A(ix,iy,iz), format (1(5x,1p,10(1x,e11.4)))

      accurate deposition along the tracks requested
      this is a track-length binning
       2.6316E-05  3.8185E-05  3.7110E-05  4.1116E-05  4.2888E-05  4.7008E-05  4.1803E-05  4.4413E-05  3.7579E-05  2.7731E-05
       3.0401E-05  3.6684E-05  4.0508E-05  4.8324E-05  4.8176E-05  5.1257E-05  3.8858E-05  4.3718E-05  3.7718E-05  2.8113E-05
       2.7212E-05  3.8057E-05  4.3254E-05  5.3853E-05  5.7224E-05  5.4048E-05  4.7050E-05  4.0815E-05  3.5456E-05  3.4750E-05
       3.0822E-05  4.3960E-05  4.6439E-05  4.5202E-05  5.8242E-05  5.5968E-05  5.4489E-05  4.8437E-05  4.0661E-05  2.9789E-05
       3.1926E-05  4.1094E-05  4.4093E-05  5.1166E-05  6.2760E-05  5.7446E-05  5.6083E-05  4.7903E-05  3.4801E-05  3.3760E-05
       3.1242E-05  4.7395E-05  4.3282E-05  5.1215E-05  5.6070E-05  4.7256E-05  5.1407E-05  4.4066E-05  4.1096E-05  3.2377E-05
       3.2120E-05  4.1584E-05  5.0210E-05  5.6772E-05  5.4428E-05  6.1512E-05  4.7327E-05  3.9190E-05  4.2317E-05  3.3306E-05
       3.7265E-05  3.8766E-05  4.8562E-05  5.5227E-05  4.8190E-05  5.8776E-05  4.4890E-05  5.1730E-05  4.3087E-05  3.4680E-05
       2.8476E-05  4.1397E-05  4.5803E-05  5.2527E-05  5.0876E-05  5.2153E-05  5.1631E-05  4.1463E-05  3.8775E-05  3.4763E-05
       2.7795E-05  3.6194E-05  3.6757E-05  3.8817E-05  4.2506E-05  4.1366E-05  4.3498E-05  3.8823E-05  3.8743E-05  2.5176E-05
       2.3226E-05  3.0527E-05  3.2576E-05  3.7741E-05  3.6233E-05  3.7860E-05  3.8858E-05  3.9318E-05  3.1807E-05  2.3192E-05
       2.7748E-05  3.1003E-05  3.7743E-05  4.3691E-05  4.5482E-05  4.8811E-05  4.0050E-05  4.6630E-05  3.3165E-05  2.6089E-05
       2.5788E-05  3.5955E-05  4.4739E-05  5.3462E-05  5.5388E-05  5.1991E-05  4.7657E-05  3.9019E-05  3.0203E-05  3.0562E-05
       2.7177E-05  4.0160E-05  5.0425E-05  4.7858E-05  5.7052E-05  5.4378E-05  5.7974E-05  5.0779E-05  3.2827E-05  3.3331E-05
       3.0535E-05  4.4584E-05  4.3306E-05  5.2053E-05  5.8534E-05  5.2510E-05  5.3118E-05  4.8930E-05  3.5139E-05  2.7971E-05
       3.0844E-05  4.7436E-05  4.7044E-05  4.5193E-05  5.7771E-05  5.1801E-05  5.3091E-05  4.3826E-05  4.0736E-05  3.3136E-05
       2.8766E-05  4.2348E-05  4.7931E-05  5.3754E-05  5.2192E-05  6.1414E-05  4.8782E-05  4.4814E-05  3.6567E-05  3.2120E-05
       3.0166E-05  4.1752E-05  4.7881E-05  5.1909E-05  5.1027E-05  5.7688E-05  4.5035E-05  4.6732E-05  4.5925E-05  2.5600E-05
       2.7659E-05  4.0450E-05  4.1123E-05  4.5284E-05  4.3934E-05  5.4756E-05  4.9011E-05  4.1339E-05  4.1592E-05  3.2182E-05
       2.3310E-05  3.0818E-05  3.2958E-05  3.6369E-05  3.8732E-05  3.7768E-05  3.8405E-05  3.8872E-05  2.8385E-05  2.3794E-05
       1.7919E-05  2.3473E-05  2.6154E-05  3.5170E-05  3.4702E-05  2.7645E-05  3.0057E-05  2.8721E-05  2.3255E-05  1.8174E-05
       2.2063E-05  2.4829E-05  3.5178E-05  3.8101E-05  4.4519E-05  4.1119E-05  3.4792E-05  3.7036E-05  2.8082E-05  2.3160E-05
       2.2228E-05  2.7600E-05  3.8291E-05  4.9367E-05  4.6595E-05  4.2698E-05  4.0323E-05  3.5237E-05  2.4617E-05  2.0739E-05
       2.4298E-05  4.0437E-05  4.2787E-05  4.7619E-05  5.1981E-05  4.6385E-05  4.9708E-05  4.1645E-05  3.1486E-05  2.9345E-05
       2.9314E-05  4.0345E-05  3.9628E-05  4.7579E-05  4.9180E-05  5.1081E-05  4.8978E-05  4.1001E-05  2.6526E-05  2.9669E-05
       2.9580E-05  3.7891E-05  4.3592E-05  4.1475E-05  4.5699E-05  4.8768E-05  4.5647E-05  4.1301E-05  3.7061E-05  2.6350E-05
       3.1081E-05  3.6785E-05  4.2856E-05  5.0330E-05  4.5513E-05  5.0159E-05  4.4309E-05  3.7922E-05  4.0224E-05  2.4988E-05
       2.3414E-05  3.3302E-05  4.1553E-05  4.5284E-05  4.8238E-05  4.6624E-05  4.5862E-05  4.5239E-05  4.1714E-05  2.2357E-05
       2.5443E-05  3.4092E-05  3.4695E-05  3.9701E-05  4.0476E-05  5.1561E-05  3.9435E-05  3.6170E-05  3.7236E-05  2.1038E-05
       1.7720E-05  2.8191E-05  2.5122E-05  2.8097E-05  3.7900E-05  3.0987E-05  3.2826E-05  3.0181E-05  3.0256E-05  2.0605E-05
       1.5951E-05  1.8498E-05  2.2498E-05  2.8060E-05  2.8742E-05  2.6975E-05  2.5230E-05  2.2058E-05  1.8441E-05  1.2117E-05
       2.1595E-05  2.8728E-05  3.0306E-05  3.3673E-05  3.8726E-05  3.4309E-05  2.8356E-05  3.2171E-05  2.9273E-05  1.7652E-05
       1.7411E-05  3.1970E-05  3.5833E-05  4.2954E-05  4.3132E-05  3.6264E-05  3.4063E-05  3.4004E-05  2.4116E-05  2.1090E-05
       2.1923E-05  3.7883E-05  4.0491E-05  4.1559E-05  4.9640E-05  4.5028E-05  4.4839E-05  3.7238E-05  3.1995E-05  2.4822E-05
       1.9963E-05  3.4241E-05  3.4782E-05  4.2414E-05  4.4480E-05  4.4166E-05  4.2422E-05  3.7275E-05  2.8975E-05  1.9543E-05
       2.4747E-05  3.5166E-05  3.5473E-05  3.9932E-05  4.4221E-05  4.3222E-05  4.1195E-05  3.9388E-05  3.2117E-05  2.2659E-05
       2.2448E-05  2.8796E-05  3.3456E-05  4.7859E-05  3.9468E-05  4.4149E-05  4.6897E-05  4.3740E-05  3.7003E-05  2.2434E-05
       1.6380E-05  2.4588E-05  3.3648E-05  4.3551E-05  4.3411E-05  3.8406E-05  3.6158E-05  4.3543E-05  3.6786E-05  2.3877E-05
       2.0229E-05  2.5919E-05  3.0651E-05  3.3869E-05  3.4899E-05  3.6851E-05  3.7006E-05  3.0369E-05  2.7341E-05  2.3330E-05
       1.6424E-05  2.0000E-05  2.8056E-05  2.3420E-05  2.7220E-05  2.6875E-05  2.5845E-05  2.5769E-05  2.3811E-05  1.8399E-05
       1.2821E-05  1.4244E-05  2.2216E-05  2.2082E-05  2.1986E-05  2.5951E-05  1.5991E-05  2.1617E-05  1.6884E-05  1.4457E-05
       1.5826E-05  2.4844E-05  2.8017E-05  2.9865E-05  2.9870E-05  3.1001E-05  2.8299E-05  2.5555E-05  2.1406E-05  1.8039E-05
       1.5819E-05  2.6834E-05  2.9361E-05  3.0610E-05  4.1213E-05  3.1948E-05  2.9076E-05  2.7255E-05  1.9391E-05  1.1718E-05
       2.0002E-05  3.0959E-05  3.3276E-05  3.5049E-05  4.5772E-05  3.5660E-05  3.9053E-05  3.0341E-05  2.4792E-05  1.6784E-05
       1.5254E-05  2.7014E-05  3.1836E-05  3.4919E-05  3.8070E-05  3.5232E-05  3.6817E-05  3.7843E-05  2.6525E-05  1.5637E-05
       2.0889E-05  2.7229E-05  2.6456E-05  3.6388E-05  3.5922E-05  3.4731E-05  3.5364E-05  3.0375E-05  2.9547E-05  1.6874E-05
       1.8604E-05  2.4729E-05  3.1723E-05  3.8771E-05  3.4048E-05  3.5922E-05  3.7410E-05  3.3806E-05  2.5599E-05  1.9986E-05
       1.5596E-05  2.3333E-05  2.7570E-05  3.4991E-05  3.3562E-05  3.2092E-05  3.2412E-05  3.7911E-05  2.8610E-05  2.0127E-05
       1.5116E-05  2.3081E-05  2.0469E-05  2.7498E-05  2.9823E-05  2.4896E-05  2.9480E-05  2.8421E-05  2.4613E-05  1.5449E-05
       1.1715E-05  1.4809E-05  1.6147E-05  1.8073E-05  2.0776E-05  1.7433E-05  2.2213E-05  1.8624E-05  2.1158E-05  1.5842E-05
       1.0806E-05  1.1390E-05  1.5524E-05  1.6923E-05  1.8451E-05  1.8412E-05  1.2193E-05  1.5248E-05  1.3810E-05  7.8001E-06
       1.2853E-05  2.0145E-05  2.2074E-05  2.4990E-05  3.1392E-05  2.5346E-05  2.2455E-05  2.0159E-05  1.7040E-05  1.1667E-05
       1.4154E-05  2.2062E-05  2.1809E-05  2.7939E-05  3.3175E-05  2.7036E-05  3.1283E-05  1.6921E-05  1.6353E-05  9.2832E-06
       1.7039E-05  2.1838E-05  2.5306E-05  2.7606E-05  3.6671E-05  2.7029E-05  3.5685E-05  2.1581E-05  2.5208E-05  1.3015E-05
       1.6203E-05  2.7658E-05  2.4920E-05  2.8789E-05  2.8661E-05  2.5397E-05  3.5683E-05  2.8251E-05  2.2755E-05  1.1431E-05
       1.4657E-05  2.5352E-05  2.7327E-05  2.6020E-05  2.6716E-05  2.5414E-05  2.6023E-05  2.5717E-05  2.4519E-05  1.6010E-05
       1.3993E-05  2.0503E-05  3.0060E-05  2.9120E-05  3.0984E-05  2.2733E-05  2.8908E-05  3.0196E-05  1.9111E-05  1.4765E-05
       1.3469E-05  1.8803E-05  1.9500E-05  2.5302E-05  2.9789E-05  2.5671E-05  2.7148E-05  2.3043E-05  1.9156E-05  1.2811E-05
       1.2034E-05  1.9356E-05  1.4334E-05  2.3027E-05  2.2746E-05  2.2173E-05  3.0812E-05  2.3130E-05  1.8253E-05  1.2140E-05
       9.0095E-06  1.0986E-05  1.4244E-05  1.5653E-05  1.6807E-05  1.4591E-05  2.1074E-05  1.8412E-05  1.2517E-05  1.0861E-05
       5.7210E-06  7.9588E-06  1.1990E-05  1.3753E-05  1.5273E-05  1.1605E-05  1.4236E-05  1.0312E-05  1.0272E-05  5.8918E-06
       9.7543E-06  1.4041E-05  1.5871E-05  1.5959E-05  2.1915E-05  1.9540E-05  1.9253E-05  1.7208E-05  1.4056E-05  1.0937E-05
       9.8252E-06  1.6846E-05  2.1537E-05  1.7619E-05  2.6540E-05  1.9161E-05  2.6622E-05  1.5834E-05  1.9005E-05  9.1226E-06
       1.2301E-05  1.6939E-05  2.1727E-05  1.8965E-05  2.6568E-05  2.0926E-05  3.2114E-05  1.9530E-05  1.9321E-05  9.1554E-06
       1.4082E-05  2.0304E-05  2.5195E-05  2.2982E-05  2.6591E-05  2.5573E-05  2.4638E-05  2.2258E-05  1.8396E-05  1.1637E-05
       1.1388E-05  1.9489E-05  2.0852E-05  2.1536E-05  1.9115E-05  2.4823E-05  2.1217E-05  2.5942E-05  1.8779E-05  1.3373E-05
       1.0888E-05  1.7830E-05  2.3958E-05  1.9468E-05  2.3685E-05  1.9128E-05  2.2683E-05  3.1237E-05  1.8650E-05  1.3168E-05
       1.0123E-05  1.6866E-05  2.0306E-05  2.0451E-05  2.2654E-05  2.5106E-05  2.0004E-05  2.1037E-05  1.4122E-05  1.1467E-05
       8.4819E-06  1.8849E-05  1.5133E-05  1.7683E-05  1.6669E-05  1.6560E-05  1.8095E-05  2.0788E-05  1.3894E-05  9.2936E-06
       8.4398E-06  1.3247E-05  1.1489E-05  1.0990E-05  1.4226E-05  1.3442E-05  1.5177E-05  1.8901E-05  9.1375E-06  6.8494E-06
       4.6660E-06  6.5232E-06  8.3436E-06  1.0820E-05  1.2144E-05  1.0708E-05  9.3341E-06  1.0474E-05  9.9001E-06  1.0290E-05
       8.2470E-06  1.4053E-05  1.3383E-05  1.1710E-05  1.6156E-05  1.7803E-05  1.3007E-05  1.5744E-05  1.0644E-05  8.7394E-06
       8.3203E-06  1.1580E-05  1.7989E-05  1.6905E-05  1.6950E-05  1.5994E-05  1.9185E-05  1.3864E-05  1.3403E-05  9.5518E-06
       7.7294E-06  1.2119E-05  1.5923E-05  1.9978E-05  2.0783E-05  1.7783E-05  2.7994E-05  1.7320E-05  1.6242E-05  9.1140E-06
       8.5843E-06  1.5526E-05  1.5623E-05  1.7720E-05  1.8435E-05  1.4804E-05  2.4316E-05  1.7246E-05  1.6978E-05  8.6283E-06
       1.0769E-05  1.3722E-05  1.1792E-05  1.7712E-05  1.8926E-05  1.9585E-05  2.2313E-05  1.4167E-05  1.6110E-05  1.2255E-05
       9.1669E-06  1.2936E-05  1.6945E-05  1.8619E-05  1.8075E-05  1.3963E-05  2.1112E-05  2.0063E-05  1.3913E-05  9.6379E-06
       5.9475E-06  1.2774E-05  1.6204E-05  2.0184E-05  2.0435E-05  1.3746E-05  1.8502E-05  1.6938E-05  1.3068E-05  8.7760E-06
       1.0119E-05  1.0733E-05  1.1517E-05  1.4509E-05  1.4871E-05  1.7479E-05  1.1087E-05  1.5341E-05  1.2183E-05  6.3335E-06
       5.5649E-06  1.0662E-05  7.9934E-06  8.9613E-06  1.0753E-05  9.9039E-06  1.0620E-05  1.4655E-05  8.6192E-06  4.9226E-06
       3.7078E-06  5.2208E-06  8.5287E-06  8.6624E-06  6.1479E-06  6.9867E-06  8.2586E-06  7.7575E-06  5.5217E-06  6.6304E-06
       6.1290E-06  1.1604E-05  1.0345E-05  9.4314E-06  9.7877E-06  9.9274E-06  1.0756E-05  8.5463E-06  7.8616E-06  4.7745E-06
       5.2041E-06  7.7508E-06  1.2264E-05  1.2727E-05  1.4028E-05  1.1942E-05  1.2808E-05  1.2674E-05  8.8936E-06  8.6883E-06
       8.5298E-06  9.8640E-06  1.1660E-05  1.5817E-05  1.3329E-05  1.3756E-05  1.6667E-05  1.2523E-05  9.9842E-06  7.0812E-06
       7.4948E-06  1.3222E-05  1.1612E-05  1.4986E-05  1.4206E-05  1.1437E-05  1.3249E-05  1.4503E-05  1.0597E-05  7.1744E-06
       6.8770E-06  9.8994E-06  1.1203E-05  1.5528E-05  1.6262E-05  1.3566E-05  1.4518E-05  1.1138E-05  1.1178E-05  8.3275E-06
       7.5021E-06  1.0051E-05  1.5402E-05  1.5453E-05  1.6072E-05  1.1810E-05  1.3273E-05  1.2222E-05  1.1685E-05  7.1911E-06
       4.7286E-06  6.1661E-06  8.8351E-06  1.2675E-05  1.4683E-05  1.0822E-05  1.1195E-05  1.3485E-05  9.4473E-06  7.0629E-06
       8.3670E-06  1.0286E-05  7.2328E-06  1.1493E-05  1.5197E-05  1.4524E-05  7.7802E-06  1.2585E-05  9.3309E-06  4.0089E-06
       4.1312E-06  8.5849E-06  5.6613E-06  7.0057E-06  7.2282E-06  1.1469E-05  7.8154E-06  1.3197E-05  6.6955E-06  2.7586E-06
       2.0918E-06  5.0631E-06  4.6229E-06  6.9121E-06  5.6112E-06  6.9165E-06  5.8192E-06  5.4727E-06  5.2150E-06  5.3126E-06
       2.8474E-06  7.3366E-06  8.1044E-06  8.1218E-06  5.9215E-06  7.5283E-06  8.5401E-06  4.0165E-06  5.7592E-06  3.2045E-06
       4.1266E-06  4.1056E-06  9.9402E-06  1.0086E-05  8.0990E-06  9.1606E-06  6.9848E-06  6.4350E-06  6.4261E-06  4.3785E-06
       4.5909E-06  6.4853E-06  6.4888E-06  1.1212E-05  8.4342E-06  1.2098E-05  1.4231E-05  6.6491E-06  7.7909E-06  4.7905E-06
       5.5005E-06  5.1014E-06  6.5715E-06  1.1458E-05  7.4207E-06  9.0552E-06  1.1996E-05  1.2074E-05  8.5567E-06  5.6125E-06
       5.9007E-06  6.1647E-06  1.0121E-05  1.1112E-05  9.8047E-06  1.0340E-05  1.0236E-05  8.9153E-06  7.2625E-06  4.5500E-06
       6.1465E-06  8.0775E-06  9.7894E-06  1.0354E-05  9.6760E-06  1.1839E-05  8.6012E-06  1.0944E-05  5.6394E-06  7.2797E-06
       4.3213E-06  7.7847E-06  7.2571E-06  1.0668E-05  6.9556E-06  9.6895E-06  7.1756E-06  7.4111E-06  5.7665E-06  4.8871E-06
       5.9101E-06  7.9340E-06  7.3492E-06  7.6649E-06  8.5678E-06  9.1793E-06  5.3604E-06  7.8352E-06  9.9110E-06  3.0454E-06
       3.5084E-06  7.7284E-06  4.6519E-06  5.5806E-06  8.6219E-06  6.0714E-06  4.4081E-06  8.8658E-06  5.8705E-06  2.1632E-06

      Percentage errors follow in a matrix A(ix,iy,iz), format (1(5x,1p,10(1x,e11.4)))

       9.4123E+00  9.0146E+00  8.7009E+00  6.6187E+00  9.6846E+00  7.1750E+00  9.1892E+00  6.9499E+00  1.1155E+01  1.1939E+01
       1.0298E+01  9.5774E+00  6.2143E+00  7.4832E+00  1.0485E+01  5.9225E+00  8.6418E+00  1.0772E+01  1.0155E+01  1.2707E+01
       9.7102E+00  9.5913E+00  7.8518E+00  8.2612E+00  9.0677E+00  6.4726E+00  8.8200E+00  9.1627E+00  1.3032E+01  8.0801E+00
       9.3790E+00  1.0449E+01  1.0202E+01  8.2005E+00  6.9603E+00  6.8746E+00  7.4433E+00  9.7199E+00  1.1739E+01  9.7255E+00
       9.2079E+00  1.0305E+01  8.3067E+00  7.9782E+00  5.6855E+00  6.6540E+00  7.8876E+00  6.4006E+00  1.3601E+01  8.6104E+00
       1.1055E+01  8.0394E+00  8.7624E+00  6.0219E+00  8.0289E+00  7.0067E+00  7.4039E+00  9.3805E+00  1.1135E+01  9.7886E+00
       1.0699E+01  7.9067E+00  5.3343E+00  6.3284E+00  5.8157E+00  6.5747E+00  8.7452E+00  9.8300E+00  8.4821E+00  7.8024E+00
       9.7219E+00  8.5635E+00  6.5843E+00  6.9407E+00  5.7424E+00  5.8944E+00  1.0276E+01  6.2059E+00  8.7488E+00  8.1387E+00
       1.1022E+01  7.6796E+00  8.4919E+00  9.1877E+00  6.3272E+00  8.5394E+00  6.4865E+00  7.7815E+00  1.0432E+01  1.2079E+01
       1.2056E+01  1.2479E+01  8.2518E+00  9.0109E+00  9.1201E+00  7.0622E+00  6.0022E+00  7.6177E+00  1.0475E+01  1.2672E+01
       1.0886E+01  8.8769E+00  1.2265E+01  8.2119E+00  1.1241E+01  1.0745E+01  1.2275E+01  8.2749E+00  1.0425E+01  1.3242E+01
       1.2575E+01  9.3703E+00  7.0200E+00  8.2175E+00  1.0565E+01  7.4140E+00  1.1706E+01  9.8777E+00  1.1594E+01  8.9765E+00
       1.3519E+01  8.3614E+00  8.9700E+00  9.9234E+00  1.0104E+01  1.1111E+01  9.0124E+00  1.0364E+01  1.0127E+01  9.9176E+00
       1.0429E+01  1.0124E+01  8.6527E+00  8.8686E+00  6.7604E+00  7.9209E+00  7.6103E+00  8.1995E+00  1.0736E+01  9.0949E+00
       8.0856E+00  1.0237E+01  8.7794E+00  1.0765E+01  5.2888E+00  8.5145E+00  9.7027E+00  6.5465E+00  1.2397E+01  6.9661E+00
       9.1487E+00  8.4748E+00  7.2230E+00  6.1842E+00  7.5906E+00  7.7314E+00  7.3504E+00  8.2761E+00  1.0329E+01  1.0921E+01
       9.9345E+00  8.6481E+00  8.3039E+00  7.4468E+00  7.6194E+00  6.7903E+00  6.9650E+00  9.4305E+00  5.7097E+00  7.6652E+00
       1.3617E+01  9.6493E+00  7.4988E+00  6.0511E+00  7.7693E+00  6.7153E+00  6.9446E+00  1.0309E+01  9.6255E+00  8.1343E+00
       9.8283E+00  1.2452E+01  8.0548E+00  7.8440E+00  7.2671E+00  9.4883E+00  1.0789E+01  1.0088E+01  1.0902E+01  1.0067E+01
       1.1979E+01  1.4034E+01  1.3604E+01  7.2327E+00  1.0063E+01  7.1533E+00  8.0442E+00  9.1114E+00  1.2112E+01  1.2877E+01
       1.3337E+01  9.8557E+00  1.1318E+01  7.9570E+00  1.0123E+01  1.0212E+01  1.3476E+01  1.0426E+01  1.3555E+01  1.7693E+01
       1.2707E+01  1.2801E+01  9.0713E+00  8.0297E+00  1.2434E+01  8.0609E+00  1.1458E+01  9.6038E+00  1.2593E+01  1.2272E+01
       1.4701E+01  1.1397E+01  7.7912E+00  1.0094E+01  1.1154E+01  9.3105E+00  9.5513E+00  8.5657E+00  1.0163E+01  1.0705E+01
       9.8444E+00  9.9293E+00  8.2160E+00  7.4643E+00  9.3008E+00  1.1199E+01  7.4901E+00  7.5589E+00  1.1565E+01  1.0307E+01
       1.0215E+01  1.2894E+01  9.6783E+00  1.1555E+01  8.1313E+00  1.0141E+01  1.0515E+01  1.1017E+01  1.1390E+01  8.9714E+00
       1.0809E+01  7.5588E+00  9.4236E+00  1.0391E+01  8.0771E+00  6.6730E+00  8.6881E+00  8.0644E+00  1.1283E+01  1.0891E+01
       1.2565E+01  6.0192E+00  7.2853E+00  9.2076E+00  8.4197E+00  7.0746E+00  6.9624E+00  1.1316E+01  8.4600E+00  9.4462E+00
       1.2294E+01  9.9564E+00  1.1064E+01  8.6013E+00  8.9781E+00  9.7426E+00  6.3286E+00  8.7333E+00  1.0633E+01  1.0063E+01
       1.1282E+01  8.1691E+00  8.5938E+00  1.0876E+01  8.3008E+00  1.0322E+01  1.1317E+01  9.7951E+00  1.0662E+01  8.4964E+00
       1.1745E+01  1.3795E+01  1.4526E+01  9.2888E+00  1.0138E+01  9.7076E+00  9.8364E+00  1.4370E+01  1.1782E+01  1.1386E+01
       1.1947E+01  1.3285E+01  1.7245E+01  8.1579E+00  1.2672E+01  8.2474E+00  1.1549E+01  1.2317E+01  1.3286E+01  1.8479E+01
       1.2262E+01  1.1767E+01  9.4610E+00  9.9862E+00  1.0853E+01  8.9171E+00  1.0769E+01  1.2138E+01  9.2314E+00  1.2677E+01
       1.4244E+01  1.1673E+01  1.1541E+01  1.2360E+01  1.1295E+01  7.2277E+00  8.5980E+00  9.3088E+00  1.3864E+01  1.7127E+01
       1.2699E+01  1.0874E+01  7.6197E+00  7.4616E+00  7.8822E+00  1.0528E+01  7.5061E+00  7.4883E+00  1.5683E+01  1.6424E+01
       9.8849E+00  1.3055E+01  9.5129E+00  9.5790E+00  9.3585E+00  9.3712E+00  7.0892E+00  9.8765E+00  1.1134E+01  1.0777E+01
       1.4091E+01  1.0062E+01  1.0726E+01  1.0385E+01  7.1995E+00  7.7935E+00  1.1914E+01  8.8316E+00  9.6682E+00  1.2616E+01
       1.2690E+01  8.7553E+00  9.2879E+00  8.6637E+00  7.1689E+00  7.9184E+00  6.5748E+00  8.4912E+00  8.9537E+00  1.2346E+01
       1.4098E+01  7.5244E+00  8.7703E+00  1.1066E+01  9.6536E+00  9.9419E+00  9.0419E+00  1.0096E+01  9.8511E+00  1.4143E+01
       1.2427E+01  1.1685E+01  6.7240E+00  1.0180E+01  1.0020E+01  1.2559E+01  1.0605E+01  1.0653E+01  1.1729E+01  9.5154E+00
       1.4891E+01  1.2690E+01  9.8132E+00  1.0266E+01  1.0430E+01  9.9225E+00  1.0615E+01  1.1811E+01  1.1316E+01  1.2566E+01
       1.5858E+01  1.7242E+01  1.5917E+01  9.9685E+00  1.5567E+01  1.1129E+01  1.4220E+01  1.9303E+01  1.1431E+01  1.6377E+01
       1.2496E+01  1.1138E+01  1.2627E+01  1.2031E+01  1.3852E+01  1.1526E+01  1.3119E+01  1.4494E+01  1.2942E+01  1.2836E+01
       1.5565E+01  9.3729E+00  1.4182E+01  1.0928E+01  1.1662E+01  1.2674E+01  1.1894E+01  1.2930E+01  7.8321E+00  1.6623E+01
       1.5157E+01  1.0542E+01  1.0999E+01  1.1386E+01  1.0077E+01  8.4733E+00  8.5506E+00  9.7351E+00  1.2942E+01  1.3366E+01
       1.3269E+01  1.2854E+01  1.1843E+01  9.4428E+00  9.3842E+00  1.0036E+01  8.8554E+00  9.1730E+00  1.0992E+01  1.7846E+01
       1.2153E+01  1.3259E+01  1.0966E+01  9.2774E+00  1.1007E+01  9.3374E+00  1.2325E+01  1.1257E+01  9.8941E+00  1.2427E+01
       1.3431E+01  1.3013E+01  1.0543E+01  8.0404E+00  1.0648E+01  9.2766E+00  1.0645E+01  9.4477E+00  1.2282E+01  1.0221E+01
       1.4570E+01  8.4442E+00  1.1582E+01  1.2508E+01  7.7650E+00  1.2420E+01  1.1120E+01  7.9109E+00  1.1512E+01  1.4661E+01
       1.7333E+01  1.1843E+01  9.3667E+00  1.3672E+01  1.4226E+01  1.1534E+01  1.0207E+01  1.0366E+01  1.3198E+01  1.2555E+01
       2.0408E+01  1.6279E+01  1.0955E+01  1.6096E+01  1.4446E+01  9.0646E+00  1.0585E+01  1.8248E+01  1.3175E+01  9.2379E+00
       1.5756E+01  1.3207E+01  1.4680E+01  1.0279E+01  1.2031E+01  9.5817E+00  1.2512E+01  1.2560E+01  1.4556E+01  2.4457E+01
       1.4957E+01  1.0495E+01  1.3471E+01  1.5903E+01  1.2538E+01  1.1946E+01  1.5010E+01  1.4257E+01  1.4051E+01  1.5461E+01
       1.9582E+01  1.0362E+01  1.0074E+01  9.1885E+00  1.0760E+01  1.3800E+01  1.0970E+01  1.2805E+01  1.4814E+01  1.8872E+01
       1.1580E+01  1.2266E+01  9.6768E+00  1.0605E+01  1.3562E+01  1.1036E+01  9.4631E+00  1.3389E+01  1.2696E+01  1.4510E+01
       1.1925E+01  1.3079E+01  1.4006E+01  1.1891E+01  1.1112E+01  1.2444E+01  1.2678E+01  7.8057E+00  1.4232E+01  1.6565E+01
       1.3721E+01  1.0693E+01  1.3102E+01  1.1739E+01  1.1260E+01  1.2461E+01  1.0622E+01  1.0692E+01  1.2161E+01  1.2267E+01
       1.4547E+01  1.1926E+01  1.2610E+01  1.0126E+01  6.7556E+00  9.4287E+00  1.2125E+01  8.9231E+00  1.1481E+01  1.0640E+01
       1.2215E+01  1.3414E+01  1.4165E+01  9.8504E+00  6.5587E+00  1.0553E+01  1.2007E+01  8.8056E+00  1.2853E+01  1.5015E+01
       1.5261E+01  1.3546E+01  1.0808E+01  1.5008E+01  1.4945E+01  1.3929E+01  1.5573E+01  1.5555E+01  1.1781E+01  1.4670E+01
       1.9231E+01  1.7697E+01  1.2344E+01  2.0468E+01  1.4353E+01  1.0853E+01  1.0268E+01  1.8108E+01  1.2808E+01  1.3881E+01
       2.3696E+01  1.8826E+01  1.8123E+01  1.3753E+01  1.1154E+01  1.7520E+01  1.4318E+01  2.1956E+01  1.4165E+01  1.5045E+01
       2.0720E+01  1.4457E+01  1.4685E+01  1.2763E+01  1.5257E+01  1.5823E+01  1.3581E+01  1.3474E+01  2.0432E+01  2.4835E+01
       1.9075E+01  1.2133E+01  1.1070E+01  1.2401E+01  1.3848E+01  1.5229E+01  1.1648E+01  1.2587E+01  1.5664E+01  2.5259E+01
       1.7544E+01  1.5488E+01  9.5771E+00  1.1970E+01  1.3075E+01  9.2510E+00  8.3387E+00  1.5489E+01  1.5704E+01  1.6522E+01
       1.6367E+01  1.3389E+01  9.9664E+00  1.3623E+01  1.3103E+01  8.6455E+00  1.2355E+01  1.1104E+01  1.7816E+01  9.8344E+00
       1.7454E+01  1.1848E+01  1.2502E+01  1.2398E+01  1.0463E+01  1.3338E+01  1.5955E+01  9.7897E+00  1.5637E+01  1.3870E+01
       1.5140E+01  1.4560E+01  1.4653E+01  1.3760E+01  9.3292E+00  1.3941E+01  9.4338E+00  1.0475E+01  1.0965E+01  1.7690E+01
       1.9223E+01  1.4128E+01  1.5422E+01  1.3135E+01  7.8012E+00  1.3472E+01  1.2810E+01  1.4984E+01  1.0912E+01  1.2825E+01
       2.0030E+01  1.2986E+01  1.2717E+01  1.4010E+01  1.3247E+01  1.0649E+01  1.1422E+01  1.5637E+01  1.1491E+01  1.9008E+01
       1.9280E+01  1.5523E+01  1.6351E+01  2.4020E+01  2.0330E+01  1.3776E+01  1.7872E+01  1.0582E+01  1.6470E+01  2.3830E+01
       2.4513E+01  1.6629E+01  1.7205E+01  1.1447E+01  1.4362E+01  1.9305E+01  1.5251E+01  1.7475E+01  1.4945E+01  1.8752E+01
       2.2528E+01  1.6406E+01  1.6796E+01  1.5652E+01  1.4680E+01  1.6821E+01  1.7334E+01  1.4291E+01  1.4210E+01  2.1671E+01
       2.2167E+01  2.1445E+01  1.3016E+01  1.4104E+01  1.5035E+01  1.6939E+01  1.3831E+01  1.9868E+01  1.7458E+01  1.9455E+01
       1.5822E+01  1.6600E+01  1.5226E+01  1.6181E+01  1.2398E+01  1.6962E+01  1.1774E+01  1.6596E+01  2.0474E+01  1.9074E+01
       2.2007E+01  1.5206E+01  1.1837E+01  1.7656E+01  1.5108E+01  1.2620E+01  1.0725E+01  1.4520E+01  1.2268E+01  1.9051E+01
       1.9904E+01  1.5979E+01  1.9573E+01  1.2569E+01  1.2318E+01  1.2903E+01  1.2085E+01  1.5553E+01  1.2595E+01  2.1563E+01
       1.9466E+01  1.7281E+01  1.4834E+01  1.7577E+01  1.3240E+01  1.6208E+01  1.7103E+01  1.1600E+01  1.1193E+01  2.1999E+01
       2.2895E+01  1.7732E+01  1.7688E+01  1.6366E+01  9.1798E+00  1.1887E+01  9.1029E+00  9.6642E+00  1.2888E+01  1.1424E+01
       1.7381E+01  1.7152E+01  1.3802E+01  1.3443E+01  1.0071E+01  1.6004E+01  1.4371E+01  1.4485E+01  1.8542E+01  2.5467E+01
       2.2891E+01  1.8269E+01  1.5071E+01  2.3567E+01  2.3588E+01  1.6012E+01  2.2037E+01  1.3383E+01  1.5207E+01  2.4783E+01
       2.6975E+01  2.1051E+01  1.5362E+01  1.4497E+01  1.8194E+01  1.8596E+01  1.9345E+01  1.6308E+01  2.1139E+01  3.1047E+01
       2.2471E+01  1.7683E+01  1.8149E+01  1.6291E+01  1.7825E+01  1.8290E+01  1.5842E+01  2.3475E+01  1.7949E+01  2.5193E+01
       2.6392E+01  2.4594E+01  1.6860E+01  1.5640E+01  1.9631E+01  1.6387E+01  1.8712E+01  1.7449E+01  2.0111E+01  2.3082E+01
       1.8430E+01  1.3240E+01  1.2873E+01  1.2777E+01  1.6265E+01  1.4865E+01  1.5479E+01  1.4884E+01  1.8982E+01  2.3528E+01
       2.2645E+01  1.2858E+01  1.7814E+01  2.0775E+01  1.2839E+01  1.6592E+01  1.7628E+01  1.8167E+01  1.8419E+01  2.3107E+01
       1.9907E+01  1.4615E+01  1.4569E+01  1.1340E+01  1.2395E+01  1.5528E+01  1.3279E+01  2.0455E+01  2.0527E+01  2.4916E+01
       2.5942E+01  1.7899E+01  1.1784E+01  2.1642E+01  1.3330E+01  1.5280E+01  1.4928E+01  1.8365E+01  1.7015E+01  1.8951E+01
       2.7994E+01  2.0984E+01  1.9222E+01  1.5662E+01  1.4009E+01  1.2515E+01  1.4746E+01  1.3394E+01  1.2308E+01  1.5400E+01
       2.1755E+01  1.4445E+01  1.6747E+01  1.6646E+01  1.6117E+01  1.3037E+01  2.6989E+01  1.5455E+01  2.4306E+01  2.2411E+01
       2.9772E+01  1.8960E+01  1.7954E+01  2.6603E+01  2.5783E+01  1.5879E+01  2.3120E+01  1.3799E+01  2.3715E+01  3.0370E+01
       3.3013E+01  3.1125E+01  1.9952E+01  2.2884E+01  2.1674E+01  1.8746E+01  1.8797E+01  2.0102E+01  3.0190E+01  2.5203E+01
       3.1786E+01  1.9203E+01  1.5088E+01  2.3590E+01  2.5735E+01  2.1713E+01  1.7100E+01  2.8543E+01  1.9706E+01  2.9675E+01
       2.6846E+01  2.3281E+01  1.6413E+01  1.4958E+01  1.7202E+01  1.0803E+01  1.9297E+01  2.4571E+01  1.6320E+01  2.7857E+01
       2.1334E+01  2.3763E+01  2.1862E+01  1.6507E+01  2.6610E+01  1.6836E+01  2.0086E+01  1.3074E+01  2.0146E+01  2.3411E+01
       2.3171E+01  2.3204E+01  2.1039E+01  2.3311E+01  1.8148E+01  1.5855E+01  1.6260E+01  1.8702E+01  2.2316E+01  1.9756E+01
       2.1432E+01  2.0310E+01  1.6417E+01  1.9395E+01  1.8816E+01  1.8370E+01  1.4001E+01  1.9780E+01  2.3616E+01  2.2976E+01
       2.2001E+01  2.1959E+01  1.6615E+01  1.7412E+01  1.6438E+01  1.5099E+01  1.3853E+01  1.9719E+01  2.4436E+01  2.1388E+01
       2.4724E+01  1.7404E+01  1.7684E+01  2.1391E+01  1.2373E+01  1.8779E+01  1.7654E+01  1.7683E+01  1.5554E+01  2.4317E+01
       2.7009E+01  2.3216E+01  1.9115E+01  2.1211E+01  2.0271E+01  1.9112E+01  1.8365E+01  2.0037E+01  2.5065E+01  3.5518E+01
       3.2236E+01  2.4466E+01  1.9944E+01  2.4435E+01  2.5732E+01  1.6839E+01  2.8661E+01  1.7815E+01  2.6629E+01  2.9750E+01
