1
   Cartesian binning n.   1  "DoseEq    " , generalized particle n.  240
      X coordinate: from -8.5000E+01 to  8.5000E+01 cm,    10 bins ( 1.7000E+01 cm wide)
      Y coordinate: from -2.5000E+01 to  2.5000E+01 cm,    10 bins ( 5.0000E+00 cm wide)
      Z coordinate: from  2.2500E+02 to  2.7500E+02 cm,    10 bins ( 5.0000E+00 cm wide)
      Data follow in a matrix A(ix,iy,iz), format (1(5x,1p,10(1x,e11.4)))

      accurate deposition along the tracks requested
      this is a track-length binning
       3.0505E-04  3.9104E-04  4.0721E-04  4.6425E-04  4.8353E-04  4.7626E-04  4.5245E-04  4.1775E-04  3.6384E-04  3.0853E-04
       3.5970E-04  4.5349E-04  4.7427E-04  5.0906E-04  5.7531E-04  5.4792E-04  5.4273E-04  5.0039E-04  4.3585E-04  3.4343E-04
       3.9088E-04  4.4850E-04  5.0289E-04  5.8777E-04  5.7700E-04  5.8344E-04  5.6145E-04  5.1398E-04  4.7176E-04  3.5978E-04
       3.7304E-04  4.5561E-04  5.3397E-04  5.6365E-04  5.8859E-04  6.0173E-04  5.5580E-04  5.3657E-04  4.6308E-04  3.6149E-04
       3.8570E-04  4.6752E-04  5.4143E-04  5.8168E-04  6.0321E-04  6.1303E-04  5.6921E-04  5.5354E-04  4.6726E-04  3.9571E-04
       3.5434E-04  4.7536E-04  5.4223E-04  5.8906E-04  5.9553E-04  6.0991E-04  5.9264E-04  5.4715E-04  4.7040E-04  3.6970E-04
       3.5582E-04  4.7856E-04  5.1353E-04  5.9459E-04  6.2589E-04  6.1130E-04  5.7525E-04  5.2255E-04  4.8827E-04  3.7628E-04
       3.4661E-04  4.4327E-04  5.1279E-04  5.4859E-04  5.7222E-04  5.5383E-04  5.7175E-04  5.0424E-04  4.6222E-04  3.5662E-04
       3.4326E-04  4.3120E-04  5.0088E-04  5.2752E-04  5.3399E-04  5.3804E-04  5.5808E-04  4.7207E-04  4.2784E-04  3.6247E-04
       3.0385E-04  3.5247E-04  4.1740E-04  4.5160E-04  4.7901E-04  4.7199E-04  4.5547E-04  3.9658E-04  3.6749E-04  3.2268E-04
       2.5168E-04  3.1639E-04  3.3833E-04  3.9497E-04  4.1661E-04  4.0718E-04  3.7374E-04  3.4142E-04  2.9673E-04  2.3977E-04
       2.9274E-04  3.8958E-04  4.1970E-04  4.5514E-04  4.9195E-04  4.9316E-04  4.6438E-04  4.5019E-04  3.5549E-04  2.7694E-04
       3.4080E-04  3.9966E-04  4.6647E-04  5.2603E-04  5.2012E-04  5.5293E-04  5.0875E-04  4.7300E-04  4.0047E-04  3.0735E-04
       3.4445E-04  4.2468E-04  4.8205E-04  5.2632E-04  5.7217E-04  5.6318E-04  5.2182E-04  4.8253E-04  4.3406E-04  3.2173E-04
       3.2612E-04  4.4751E-04  5.1169E-04  5.4435E-04  5.7524E-04  5.9469E-04  5.6223E-04  4.9350E-04  4.4769E-04  3.3847E-04
       3.2180E-04  4.5098E-04  5.0723E-04  5.3432E-04  5.5871E-04  5.8251E-04  5.7819E-04  5.0237E-04  4.4300E-04  3.2497E-04
       3.0134E-04  4.3139E-04  4.9845E-04  5.3071E-04  5.7864E-04  5.6127E-04  5.4208E-04  4.5975E-04  4.1863E-04  3.1804E-04
       3.0786E-04  4.0092E-04  4.8266E-04  5.0702E-04  5.4761E-04  5.2647E-04  5.3769E-04  4.6361E-04  3.9141E-04  3.1741E-04
       2.7708E-04  3.7013E-04  4.4204E-04  4.7830E-04  4.8565E-04  4.8470E-04  4.8332E-04  4.3178E-04  3.6357E-04  2.9056E-04
       2.3150E-04  2.8606E-04  3.3412E-04  3.8371E-04  3.9760E-04  3.9265E-04  3.5685E-04  3.4027E-04  2.9697E-04  2.4681E-04
       1.8201E-04  2.4465E-04  2.7594E-04  2.8365E-04  3.1306E-04  3.1085E-04  2.8465E-04  2.5797E-04  2.3019E-04  1.7369E-04
       2.2403E-04  3.2826E-04  3.4905E-04  3.6890E-04  3.9921E-04  3.7879E-04  3.8096E-04  3.7666E-04  2.9818E-04  2.1913E-04
       2.5579E-04  3.5433E-04  3.8065E-04  4.2104E-04  4.3913E-04  4.4526E-04  4.4346E-04  3.9503E-04  3.3567E-04  2.3844E-04
       2.6710E-04  3.5070E-04  4.0399E-04  4.2570E-04  4.7812E-04  4.8244E-04  4.6365E-04  4.0535E-04  3.7196E-04  2.6306E-04
       2.6066E-04  3.5258E-04  4.0493E-04  4.5242E-04  4.9864E-04  5.0015E-04  4.4924E-04  3.9670E-04  3.7305E-04  2.5547E-04
       2.6913E-04  3.6676E-04  4.0883E-04  4.2700E-04  4.9440E-04  4.9566E-04  4.8088E-04  4.1616E-04  3.6280E-04  2.4003E-04
       2.4785E-04  3.4634E-04  4.0695E-04  4.3633E-04  4.6002E-04  4.7501E-04  4.4067E-04  3.9373E-04  3.3666E-04  2.4198E-04
       2.4409E-04  3.3610E-04  4.0007E-04  4.1781E-04  4.4269E-04  4.4614E-04  4.2566E-04  3.7419E-04  3.2463E-04  2.5590E-04
       2.1894E-04  2.9062E-04  3.4339E-04  3.8200E-04  3.7917E-04  3.9626E-04  4.0286E-04  3.4016E-04  3.0849E-04  2.2201E-04
       1.8421E-04  2.2319E-04  2.5859E-04  2.9245E-04  2.9829E-04  2.9853E-04  2.8944E-04  2.6733E-04  2.3422E-04  1.8385E-04
       1.3690E-04  1.7093E-04  1.9648E-04  2.2524E-04  2.3949E-04  2.3738E-04  2.1514E-04  2.0604E-04  1.8660E-04  1.3037E-04
       1.6865E-04  2.4548E-04  2.7957E-04  2.9820E-04  3.0837E-04  3.1579E-04  3.0060E-04  2.9124E-04  2.4792E-04  1.6610E-04
       1.8594E-04  2.7679E-04  3.1898E-04  3.3374E-04  3.4624E-04  3.5467E-04  3.4486E-04  3.2577E-04  2.6319E-04  1.8863E-04
       1.9754E-04  2.9302E-04  3.2678E-04  3.4374E-04  3.8047E-04  3.9253E-04  3.7223E-04  3.2734E-04  2.7202E-04  2.0474E-04
       2.0423E-04  2.8205E-04  3.3287E-04  3.6889E-04  4.0017E-04  3.9103E-04  3.8935E-04  3.2221E-04  2.7881E-04  2.0121E-04
       1.9387E-04  2.9012E-04  3.3855E-04  3.6039E-04  3.7198E-04  3.9065E-04  3.9685E-04  3.3512E-04  2.8332E-04  1.9267E-04
       1.9401E-04  2.7045E-04  3.2527E-04  3.7337E-04  3.5374E-04  3.7771E-04  3.6741E-04  3.2452E-04  2.8223E-04  1.8541E-04
       1.8831E-04  2.5481E-04  3.1090E-04  3.5254E-04  3.7208E-04  3.5083E-04  3.3676E-04  2.8713E-04  2.5895E-04  1.8451E-04
       1.6608E-04  2.3103E-04  2.6170E-04  3.0184E-04  3.1616E-04  2.9577E-04  3.1379E-04  2.6108E-04  2.3523E-04  1.5555E-04
       1.3912E-04  1.6710E-04  2.1146E-04  2.1232E-04  2.4651E-04  2.3061E-04  2.2887E-04  2.0899E-04  1.7680E-04  1.3090E-04
       1.0160E-04  1.3541E-04  1.5679E-04  1.6503E-04  1.8362E-04  1.8733E-04  1.7616E-04  1.5985E-04  1.4054E-04  9.5705E-05
       1.4380E-04  1.8175E-04  2.1312E-04  2.3795E-04  2.4236E-04  2.4755E-04  2.3494E-04  2.1542E-04  1.7411E-04  1.2131E-04
       1.5172E-04  2.0736E-04  2.3685E-04  2.6574E-04  2.8054E-04  2.7664E-04  2.6985E-04  2.4560E-04  2.0299E-04  1.4207E-04
       1.4590E-04  2.3117E-04  2.7794E-04  2.7599E-04  3.0624E-04  3.0191E-04  2.9127E-04  2.5126E-04  2.0904E-04  1.5693E-04
       1.6479E-04  2.3235E-04  2.7303E-04  2.9224E-04  3.2963E-04  3.0633E-04  3.2154E-04  2.7667E-04  2.3234E-04  1.5348E-04
       1.6354E-04  2.4189E-04  2.7173E-04  2.9584E-04  3.1192E-04  3.0981E-04  3.1907E-04  2.6994E-04  2.3193E-04  1.4989E-04
       1.5723E-04  2.3061E-04  2.4143E-04  2.8705E-04  3.1045E-04  2.9600E-04  2.9495E-04  2.5581E-04  2.1941E-04  1.4304E-04
       1.5184E-04  2.0639E-04  2.3467E-04  2.7311E-04  2.9369E-04  2.8428E-04  2.7663E-04  2.4123E-04  1.9252E-04  1.3734E-04
       1.2865E-04  1.7858E-04  2.0831E-04  2.3292E-04  2.5276E-04  2.3871E-04  2.2656E-04  1.9499E-04  1.9211E-04  1.1782E-04
       9.6909E-05  1.3502E-04  1.5008E-04  1.6865E-04  1.7972E-04  1.8520E-04  1.6198E-04  1.5822E-04  1.3420E-04  9.3998E-05
       7.6938E-05  1.0102E-04  1.2541E-04  1.3214E-04  1.3836E-04  1.3790E-04  1.3036E-04  1.1047E-04  9.9292E-05  7.8319E-05
       1.0856E-04  1.4297E-04  1.6791E-04  1.9302E-04  1.8852E-04  1.8921E-04  1.8357E-04  1.7064E-04  1.2894E-04  1.0036E-04
       1.0441E-04  1.6293E-04  1.9115E-04  2.2908E-04  2.1098E-04  2.1785E-04  2.2299E-04  1.8975E-04  1.4556E-04  1.0607E-04
       1.1748E-04  1.7112E-04  2.0948E-04  2.2207E-04  2.3862E-04  2.4519E-04  2.3741E-04  2.1170E-04  1.6596E-04  1.3131E-04
       1.3241E-04  1.7844E-04  2.0674E-04  2.3064E-04  2.4445E-04  2.4540E-04  2.4060E-04  2.0734E-04  1.7477E-04  1.3132E-04
       1.2747E-04  1.7885E-04  2.0434E-04  2.1880E-04  2.4548E-04  2.4865E-04  2.5153E-04  2.1863E-04  1.7901E-04  1.2673E-04
       1.1771E-04  1.7913E-04  1.9499E-04  2.2612E-04  2.4865E-04  2.4307E-04  2.3020E-04  1.9216E-04  1.7200E-04  1.1254E-04
       1.1830E-04  1.6139E-04  1.8413E-04  2.1437E-04  2.3708E-04  2.2533E-04  2.1910E-04  1.9084E-04  1.5176E-04  1.1587E-04
       1.0199E-04  1.3474E-04  1.6795E-04  1.8813E-04  2.0107E-04  2.0213E-04  1.8371E-04  1.5480E-04  1.4391E-04  9.1588E-05
       7.2119E-05  9.5369E-05  1.1898E-04  1.3482E-04  1.3898E-04  1.4170E-04  1.3015E-04  1.2738E-04  1.0380E-04  7.3836E-05
       6.8590E-05  7.7870E-05  1.0789E-04  1.0600E-04  9.8794E-05  1.0803E-04  1.0173E-04  8.6945E-05  8.0368E-05  5.7664E-05
       8.2275E-05  1.1372E-04  1.3373E-04  1.4433E-04  1.4857E-04  1.4801E-04  1.4390E-04  1.3106E-04  1.0887E-04  7.5923E-05
       8.2170E-05  1.2511E-04  1.4650E-04  1.7794E-04  1.6617E-04  1.7072E-04  1.6424E-04  1.4299E-04  1.1890E-04  8.5358E-05
       8.4016E-05  1.3889E-04  1.5570E-04  1.8462E-04  1.8709E-04  1.8209E-04  1.8970E-04  1.6637E-04  1.3892E-04  9.5803E-05
       1.0049E-04  1.4651E-04  1.5950E-04  1.8037E-04  1.9098E-04  1.8339E-04  1.9580E-04  1.5998E-04  1.2990E-04  1.0060E-04
       1.0197E-04  1.3683E-04  1.6267E-04  1.6467E-04  1.8626E-04  2.0293E-04  1.9993E-04  1.6344E-04  1.2787E-04  8.9333E-05
       8.1502E-05  1.2924E-04  1.6826E-04  1.7009E-04  1.8953E-04  1.7725E-04  1.6935E-04  1.4991E-04  1.2461E-04  9.3065E-05
       9.4410E-05  1.3508E-04  1.5117E-04  1.6123E-04  1.8636E-04  1.8027E-04  1.6961E-04  1.3934E-04  1.2041E-04  8.6413E-05
       7.7624E-05  1.0467E-04  1.3116E-04  1.3418E-04  1.5411E-04  1.5540E-04  1.5440E-04  1.2702E-04  1.0112E-04  7.3823E-05
       5.6440E-05  7.4073E-05  9.5994E-05  1.0126E-04  1.1069E-04  1.0677E-04  1.0407E-04  9.8292E-05  7.1806E-05  5.6077E-05
       4.7963E-05  6.3395E-05  7.5671E-05  8.7043E-05  8.3001E-05  8.2451E-05  8.2451E-05  6.6825E-05  5.8925E-05  4.6289E-05
       6.3475E-05  8.9236E-05  1.0100E-04  1.1429E-04  1.1740E-04  1.1319E-04  1.0871E-04  9.5284E-05  7.4916E-05  6.1307E-05
       6.5435E-05  8.9306E-05  1.2252E-04  1.3181E-04  1.1876E-04  1.3277E-04  1.3383E-04  1.0951E-04  8.7527E-05  6.0976E-05
       7.1617E-05  1.0492E-04  1.1722E-04  1.4542E-04  1.4754E-04  1.3516E-04  1.4734E-04  1.2806E-04  1.0273E-04  7.4913E-05
       7.2084E-05  1.0972E-04  1.2434E-04  1.3620E-04  1.4626E-04  1.4503E-04  1.3525E-04  1.2666E-04  1.1015E-04  8.0094E-05
       7.2663E-05  1.1371E-04  1.1987E-04  1.3486E-04  1.5486E-04  1.6100E-04  1.4926E-04  1.2130E-04  9.3785E-05  7.0668E-05
       6.0419E-05  1.0764E-04  1.1919E-04  1.3015E-04  1.4314E-04  1.4372E-04  1.3783E-04  1.1740E-04  1.0061E-04  6.9280E-05
       6.7152E-05  9.9302E-05  1.1033E-04  1.1901E-04  1.3141E-04  1.4640E-04  1.3020E-04  1.0588E-04  1.0180E-04  6.5699E-05
       6.0567E-05  8.4514E-05  9.3419E-05  1.1396E-04  1.2925E-04  1.1276E-04  1.1970E-04  1.0265E-04  7.9656E-05  6.4338E-05
       4.4122E-05  5.9728E-05  7.4634E-05  8.0858E-05  8.2533E-05  8.9215E-05  8.6993E-05  7.1804E-05  6.0017E-05  5.1078E-05
       4.1361E-05  5.1271E-05  6.0976E-05  6.7783E-05  6.1249E-05  6.8790E-05  5.9409E-05  5.2365E-05  4.4412E-05  4.2218E-05
       5.1666E-05  7.5081E-05  8.4787E-05  9.6109E-05  8.9077E-05  8.1476E-05  8.8047E-05  7.2882E-05  5.8048E-05  3.7968E-05
       5.3213E-05  6.9772E-05  9.5145E-05  1.0712E-04  9.7313E-05  1.1136E-04  9.8199E-05  8.3433E-05  6.7830E-05  4.8714E-05
       5.0577E-05  7.6133E-05  9.8263E-05  1.1384E-04  1.0188E-04  1.0576E-04  1.0578E-04  1.0453E-04  7.5452E-05  5.8735E-05
       5.1719E-05  8.9601E-05  9.7216E-05  1.0824E-04  1.0323E-04  1.2050E-04  1.0265E-04  9.4830E-05  8.5204E-05  6.3324E-05
       4.8359E-05  8.5541E-05  9.6144E-05  1.0962E-04  1.0643E-04  1.1272E-04  1.1495E-04  9.1136E-05  8.1955E-05  5.4157E-05
       5.6411E-05  8.7504E-05  8.7080E-05  1.0191E-04  1.1492E-04  1.0463E-04  1.0809E-04  9.4480E-05  7.5292E-05  4.7393E-05
       4.6818E-05  7.7684E-05  8.2044E-05  8.9589E-05  9.5070E-05  1.0136E-04  1.0241E-04  8.2783E-05  7.6287E-05  4.5605E-05
       4.0754E-05  6.2412E-05  6.6549E-05  8.0764E-05  9.3449E-05  7.8655E-05  8.4202E-05  7.9365E-05  7.0501E-05  4.5828E-05
       3.4318E-05  5.1776E-05  5.6167E-05  6.2633E-05  6.4741E-05  6.5505E-05  7.0015E-05  5.9026E-05  4.7074E-05  3.5839E-05
       3.7607E-05  4.5917E-05  4.5139E-05  4.9853E-05  5.1524E-05  4.7260E-05  4.1419E-05  3.6251E-05  3.4573E-05  3.1151E-05
       3.9253E-05  5.2288E-05  6.3098E-05  6.2339E-05  6.4197E-05  6.3730E-05  6.3218E-05  4.7366E-05  3.8349E-05  3.6485E-05
       3.9979E-05  5.6541E-05  6.4005E-05  7.0959E-05  6.4814E-05  7.4589E-05  6.1278E-05  6.0022E-05  4.8575E-05  3.7506E-05
       4.5513E-05  5.7189E-05  6.6790E-05  7.3800E-05  7.1654E-05  8.0575E-05  7.1489E-05  6.6552E-05  5.1027E-05  3.8616E-05
       4.2652E-05  6.0230E-05  6.6495E-05  7.6088E-05  7.3818E-05  7.5568E-05  7.0093E-05  6.2383E-05  6.0450E-05  3.9941E-05
       4.1433E-05  6.0976E-05  7.0211E-05  7.6074E-05  7.1932E-05  7.3379E-05  7.3171E-05  6.9760E-05  5.9809E-05  3.8255E-05
       4.1180E-05  5.7025E-05  6.6696E-05  7.1679E-05  7.9539E-05  7.2823E-05  6.5837E-05  6.6477E-05  6.6524E-05  3.5929E-05
       3.8346E-05  5.0585E-05  5.6828E-05  6.2808E-05  7.4046E-05  7.4679E-05  6.4994E-05  6.2969E-05  4.9358E-05  3.6593E-05
       3.4109E-05  4.7995E-05  4.6582E-05  5.7109E-05  6.5092E-05  5.8726E-05  6.3493E-05  6.2400E-05  5.4546E-05  3.4910E-05
       2.4483E-05  3.4686E-05  4.6599E-05  4.7482E-05  5.6933E-05  4.7065E-05  5.0857E-05  4.2177E-05  3.5543E-05  2.6223E-05

      Percentage errors follow in a matrix A(ix,iy,iz), format (1(5x,1p,10(1x,e11.4)))

       3.8529E+00  2.2539E+00  2.6461E+00  2.0330E+00  2.6019E+00  2.0905E+00  2.7162E+00  2.3394E+00  3.6504E+00  3.0506E+00
       2.6629E+00  3.2197E+00  2.9826E+00  2.9268E+00  2.3384E+00  2.9650E+00  2.4698E+00  2.4057E+00  3.1287E+00  2.5938E+00
       2.1526E+00  1.9365E+00  2.8510E+00  2.7541E+00  2.5943E+00  2.2541E+00  2.6370E+00  2.8971E+00  2.9893E+00  3.8106E+00
       3.4596E+00  2.6026E+00  1.7998E+00  2.8100E+00  2.7017E+00  2.6236E+00  2.8691E+00  2.1650E+00  2.9804E+00  2.8408E+00
       3.0882E+00  3.0986E+00  2.3290E+00  2.1411E+00  2.5678E+00  2.3774E+00  2.6231E+00  3.4843E+00  2.5555E+00  3.1448E+00
       3.2836E+00  3.0822E+00  2.5380E+00  1.8224E+00  2.7873E+00  2.0648E+00  2.2317E+00  2.5822E+00  2.9516E+00  3.4334E+00
       3.5448E+00  1.9350E+00  2.1180E+00  2.8619E+00  1.8811E+00  2.8015E+00  2.6077E+00  2.6768E+00  3.2801E+00  3.0369E+00
       2.8788E+00  3.2558E+00  2.6016E+00  3.2092E+00  3.4656E+00  1.9511E+00  2.7606E+00  2.7447E+00  3.5504E+00  2.9536E+00
       2.5472E+00  3.2642E+00  2.8708E+00  2.7640E+00  2.1553E+00  1.8903E+00  2.2259E+00  2.8132E+00  2.4067E+00  2.6273E+00
       3.2985E+00  2.4310E+00  2.7279E+00  2.8692E+00  3.5406E+00  2.2089E+00  1.9693E+00  2.0385E+00  2.0333E+00  3.6480E+00
       4.4300E+00  2.9699E+00  3.6794E+00  2.2085E+00  2.7670E+00  1.9345E+00  2.0419E+00  2.9504E+00  4.1328E+00  3.9978E+00
       3.8187E+00  3.1206E+00  2.5414E+00  3.3389E+00  2.4078E+00  2.5320E+00  3.6289E+00  2.4909E+00  3.2241E+00  3.8559E+00
       3.5577E+00  3.2719E+00  2.7462E+00  2.0698E+00  2.5350E+00  1.6551E+00  2.4598E+00  2.9716E+00  3.4991E+00  4.6930E+00
       3.1915E+00  2.5721E+00  2.2029E+00  2.5906E+00  2.5484E+00  3.0429E+00  2.9027E+00  2.6987E+00  3.0201E+00  2.4964E+00
       3.4770E+00  4.2710E+00  2.3074E+00  1.9139E+00  3.2405E+00  3.3294E+00  2.1040E+00  2.6347E+00  3.1310E+00  3.2304E+00
       3.4390E+00  2.8673E+00  1.9312E+00  2.4542E+00  3.0170E+00  2.3972E+00  2.7439E+00  3.0177E+00  2.7595E+00  3.5338E+00
       3.1254E+00  2.4668E+00  2.9618E+00  2.6386E+00  2.0700E+00  3.5526E+00  2.6729E+00  2.7583E+00  2.9955E+00  2.8955E+00
       3.3482E+00  2.5093E+00  3.3163E+00  2.8945E+00  3.2338E+00  2.0935E+00  2.5551E+00  2.4970E+00  3.3846E+00  1.9174E+00
       2.8241E+00  3.7387E+00  3.5043E+00  3.0613E+00  2.5002E+00  2.5707E+00  2.5382E+00  2.8628E+00  2.2122E+00  2.9345E+00
       4.3191E+00  3.3647E+00  3.3442E+00  2.9564E+00  3.5047E+00  2.9301E+00  2.2920E+00  1.5904E+00  3.6216E+00  4.4344E+00
       5.2843E+00  3.2125E+00  3.2509E+00  2.6265E+00  2.8135E+00  3.2108E+00  3.0981E+00  3.5444E+00  4.5670E+00  4.2102E+00
       4.6692E+00  3.2577E+00  2.9510E+00  2.9854E+00  2.4043E+00  2.6403E+00  2.9244E+00  2.8234E+00  3.9725E+00  4.2547E+00
       3.9961E+00  2.7991E+00  3.2761E+00  2.5115E+00  2.0596E+00  2.7207E+00  3.8258E+00  3.1668E+00  3.0882E+00  4.6414E+00
       3.5564E+00  4.6386E+00  3.0603E+00  2.5385E+00  2.9288E+00  3.0446E+00  3.3629E+00  2.6680E+00  3.7706E+00  4.5437E+00
       3.0060E+00  3.3985E+00  3.4273E+00  2.5531E+00  2.9892E+00  2.8696E+00  2.3937E+00  2.4842E+00  3.8098E+00  5.6904E+00
       4.2582E+00  3.1594E+00  2.7329E+00  3.0216E+00  2.4943E+00  3.5913E+00  2.8402E+00  3.0937E+00  3.0704E+00  3.0485E+00
       2.9212E+00  2.8141E+00  3.2922E+00  2.3779E+00  1.8653E+00  3.0775E+00  3.1234E+00  4.7480E+00  3.5183E+00  3.2054E+00
       3.7613E+00  2.8735E+00  3.4894E+00  3.5021E+00  4.0551E+00  3.0602E+00  3.7332E+00  3.4972E+00  3.9571E+00  3.1603E+00
       2.8624E+00  4.1521E+00  3.2880E+00  2.8686E+00  3.3369E+00  2.7864E+00  3.3258E+00  4.1524E+00  3.2872E+00  4.5142E+00
       5.1122E+00  3.8867E+00  2.8047E+00  3.4474E+00  4.1444E+00  3.2653E+00  3.7119E+00  3.5207E+00  3.5149E+00  4.6727E+00
       5.8034E+00  3.5856E+00  4.4761E+00  3.5620E+00  2.8277E+00  4.3318E+00  4.3585E+00  5.1603E+00  4.6467E+00  6.4913E+00
       3.9576E+00  3.6285E+00  3.8971E+00  2.9929E+00  3.5013E+00  2.9389E+00  2.8529E+00  3.0181E+00  4.7614E+00  4.0667E+00
       3.4264E+00  4.4759E+00  3.4924E+00  2.3778E+00  2.1083E+00  2.6928E+00  2.7973E+00  2.5968E+00  4.0557E+00  3.9313E+00
       4.2843E+00  4.7968E+00  2.5677E+00  2.8940E+00  3.0087E+00  2.9999E+00  3.7018E+00  3.4077E+00  4.0103E+00  4.1453E+00
       4.6790E+00  3.0512E+00  3.2934E+00  2.4196E+00  3.1661E+00  2.7215E+00  3.0221E+00  2.7367E+00  4.2224E+00  5.6336E+00
       5.2533E+00  3.5899E+00  4.7552E+00  2.8639E+00  3.2762E+00  2.3586E+00  2.8480E+00  2.8820E+00  2.4933E+00  3.8562E+00
       3.2115E+00  2.9666E+00  2.8563E+00  3.2443E+00  3.8208E+00  3.0702E+00  2.1667E+00  4.3129E+00  3.2460E+00  4.5804E+00
       5.2226E+00  4.0005E+00  4.0642E+00  2.9061E+00  3.4889E+00  3.7079E+00  3.1766E+00  3.3911E+00  3.5516E+00  3.2672E+00
       4.2419E+00  3.6156E+00  2.9650E+00  3.6616E+00  3.7024E+00  3.2146E+00  3.8958E+00  4.3532E+00  3.0821E+00  4.1744E+00
       6.1009E+00  5.5039E+00  3.4297E+00  4.7324E+00  3.1111E+00  3.1474E+00  3.7029E+00  3.5426E+00  4.3276E+00  5.9212E+00
       6.5522E+00  4.6071E+00  4.8580E+00  3.8434E+00  3.9424E+00  3.5867E+00  5.6120E+00  4.5671E+00  5.4531E+00  7.3905E+00
       4.1461E+00  4.5120E+00  3.8384E+00  4.4879E+00  4.0173E+00  3.3728E+00  3.9627E+00  3.6562E+00  5.2068E+00  6.6865E+00
       4.9208E+00  4.3923E+00  3.7367E+00  3.3217E+00  3.4391E+00  3.3679E+00  3.0842E+00  4.6972E+00  3.6174E+00  6.0504E+00
       3.6711E+00  4.5265E+00  3.1788E+00  3.0128E+00  2.9166E+00  3.1100E+00  3.3225E+00  4.1737E+00  5.2725E+00  5.1183E+00
       4.1496E+00  3.6935E+00  3.4415E+00  2.2939E+00  3.1938E+00  4.2112E+00  2.9774E+00  1.7653E+00  3.9386E+00  6.2263E+00
       4.1748E+00  4.1222E+00  4.0511E+00  3.0419E+00  3.6877E+00  3.2348E+00  3.5727E+00  3.2249E+00  2.8595E+00  4.3706E+00
       3.4383E+00  4.8118E+00  4.1876E+00  3.2274E+00  3.9960E+00  3.2496E+00  3.9027E+00  4.0766E+00  3.2248E+00  5.8649E+00
       5.8806E+00  4.6560E+00  5.1069E+00  3.2724E+00  3.2823E+00  4.1849E+00  4.3953E+00  3.9650E+00  4.0409E+00  5.4488E+00
       6.1641E+00  4.3718E+00  3.1623E+00  3.6959E+00  3.9127E+00  3.8204E+00  3.7406E+00  4.7310E+00  4.2115E+00  6.1953E+00
       6.6710E+00  4.8653E+00  4.9713E+00  5.5051E+00  4.3104E+00  4.1999E+00  3.8544E+00  4.1968E+00  4.8807E+00  4.8919E+00
       5.9550E+00  7.1537E+00  5.9932E+00  4.3140E+00  3.7848E+00  5.0733E+00  4.7540E+00  4.5858E+00  5.1540E+00  8.1165E+00
       6.5790E+00  4.7169E+00  4.0471E+00  4.0968E+00  4.3224E+00  4.7336E+00  4.7445E+00  5.3826E+00  4.7941E+00  5.3373E+00
       3.6997E+00  4.5724E+00  4.4914E+00  3.8232E+00  3.5801E+00  4.5251E+00  4.3387E+00  3.9545E+00  4.8917E+00  5.6109E+00
       4.0593E+00  4.2907E+00  3.6638E+00  3.1622E+00  3.9841E+00  3.5658E+00  4.1384E+00  4.0284E+00  5.0677E+00  7.1466E+00
       4.9424E+00  5.2533E+00  3.5689E+00  3.5178E+00  4.6052E+00  4.4093E+00  3.5002E+00  4.3416E+00  3.4255E+00  5.6589E+00
       5.1695E+00  4.7272E+00  3.2508E+00  3.2191E+00  3.8978E+00  4.2926E+00  3.8440E+00  4.0412E+00  4.6585E+00  7.5928E+00
       5.1128E+00  4.2326E+00  4.8046E+00  3.2679E+00  3.5593E+00  4.5764E+00  3.2821E+00  4.7890E+00  4.5613E+00  4.4769E+00
       4.2098E+00  4.0224E+00  4.7280E+00  3.6105E+00  4.0007E+00  3.7020E+00  4.6573E+00  4.1570E+00  3.8030E+00  4.4351E+00
       5.7946E+00  6.3035E+00  3.5364E+00  4.7618E+00  4.1799E+00  4.2061E+00  4.2031E+00  4.6429E+00  5.0286E+00  6.9101E+00
       4.4660E+00  6.0329E+00  4.3121E+00  3.8922E+00  3.3378E+00  5.0164E+00  6.0895E+00  3.8345E+00  5.2048E+00  6.1287E+00
       5.4251E+00  6.7820E+00  6.2437E+00  4.9371E+00  5.4447E+00  5.2829E+00  8.0560E+00  6.6290E+00  6.4984E+00  8.2732E+00
       5.7317E+00  5.1984E+00  5.0991E+00  7.1199E+00  5.7244E+00  5.4766E+00  7.0747E+00  6.8882E+00  4.8753E+00  7.1122E+00
       7.3404E+00  5.9409E+00  5.5612E+00  4.8369E+00  4.7086E+00  4.2257E+00  4.8583E+00  5.1746E+00  5.8086E+00  7.3705E+00
       6.5404E+00  6.2858E+00  2.8248E+00  4.3084E+00  4.0445E+00  4.1187E+00  3.7234E+00  5.5907E+00  5.4103E+00  6.5678E+00
       6.3463E+00  4.2646E+00  3.6418E+00  4.0301E+00  4.3973E+00  4.3902E+00  3.7480E+00  5.0798E+00  5.7057E+00  5.6568E+00
       6.6824E+00  4.7795E+00  5.1084E+00  5.4844E+00  3.1126E+00  4.2177E+00  3.2639E+00  3.5484E+00  7.3328E+00  7.3834E+00
       2.4873E+00  5.6056E+00  4.0680E+00  4.4326E+00  5.6293E+00  5.0859E+00  4.7517E+00  4.0779E+00  5.6947E+00  7.6413E+00
       6.6241E+00  4.8147E+00  4.4571E+00  4.3078E+00  3.2453E+00  5.7107E+00  5.1249E+00  5.3808E+00  5.1831E+00  7.5092E+00
       7.5413E+00  6.4523E+00  4.1599E+00  6.0548E+00  4.4468E+00  4.9283E+00  5.4608E+00  4.9023E+00  6.1575E+00  7.6146E+00
       7.4751E+00  6.0942E+00  5.8325E+00  4.9875E+00  5.1364E+00  6.3265E+00  7.1169E+00  5.0487E+00  7.3891E+00  1.0193E+01
       7.7050E+00  7.7692E+00  6.0800E+00  4.0716E+00  6.4294E+00  6.5830E+00  8.7638E+00  5.6750E+00  7.8742E+00  1.0115E+01
       7.2467E+00  5.1780E+00  4.4666E+00  5.9671E+00  5.8446E+00  7.7936E+00  6.5986E+00  8.2113E+00  7.3962E+00  7.1084E+00
       8.3448E+00  7.7055E+00  5.1414E+00  4.3713E+00  5.1186E+00  6.2440E+00  4.8922E+00  6.8973E+00  5.7759E+00  8.6278E+00
       6.5779E+00  6.5082E+00  6.4444E+00  4.2605E+00  4.8881E+00  6.1590E+00  4.5363E+00  5.0285E+00  6.0064E+00  6.5669E+00
       6.9455E+00  5.2957E+00  5.4881E+00  5.5395E+00  5.1963E+00  5.4788E+00  6.1189E+00  3.8659E+00  5.7860E+00  7.1671E+00
       6.7284E+00  5.1363E+00  7.0213E+00  5.4719E+00  4.0564E+00  4.9694E+00  3.5356E+00  4.9682E+00  5.2356E+00  5.7809E+00
       7.3079E+00  5.5507E+00  5.9106E+00  4.7100E+00  4.4412E+00  5.5342E+00  5.1726E+00  5.3477E+00  5.8726E+00  7.4059E+00
       8.9939E+00  6.9159E+00  5.2756E+00  5.0807E+00  4.4706E+00  5.5442E+00  4.8142E+00  5.1592E+00  5.7208E+00  7.3462E+00
       7.6203E+00  6.4277E+00  6.9581E+00  5.1379E+00  5.1904E+00  5.5744E+00  5.6381E+00  6.6787E+00  5.8981E+00  9.0233E+00
       7.9110E+00  7.7176E+00  6.9056E+00  7.3744E+00  4.7049E+00  7.2316E+00  7.8694E+00  8.6256E+00  7.4674E+00  9.8469E+00
       7.0039E+00  9.2269E+00  7.7507E+00  8.0313E+00  6.7973E+00  5.4296E+00  4.7089E+00  6.0067E+00  9.0494E+00  1.1144E+01
       8.4457E+00  7.5729E+00  6.1286E+00  6.2312E+00  7.2525E+00  6.6250E+00  5.6608E+00  8.9472E+00  6.7005E+00  9.6281E+00
       6.4069E+00  7.4985E+00  6.1266E+00  5.6806E+00  4.9793E+00  6.0721E+00  5.3171E+00  5.5814E+00  5.5823E+00  9.5354E+00
       6.5732E+00  7.7530E+00  6.7427E+00  5.2494E+00  4.8879E+00  4.4177E+00  4.0941E+00  4.4991E+00  6.5791E+00  9.6164E+00
       8.4779E+00  4.1619E+00  5.2564E+00  5.3240E+00  6.6507E+00  5.1979E+00  7.6731E+00  6.5850E+00  7.2976E+00  5.1752E+00
       8.3159E+00  7.0719E+00  5.6454E+00  5.6795E+00  5.0055E+00  5.0832E+00  5.9712E+00  5.5493E+00  7.5408E+00  5.2523E+00
       6.8945E+00  4.8531E+00  5.6665E+00  6.0375E+00  6.0204E+00  5.5651E+00  5.5081E+00  6.6602E+00  5.7747E+00  8.8074E+00
       6.5006E+00  5.6699E+00  5.0631E+00  7.1664E+00  5.0209E+00  6.2652E+00  6.3213E+00  8.9953E+00  5.5731E+00  9.3595E+00
       9.8243E+00  7.7204E+00  8.0754E+00  7.0427E+00  5.4249E+00  6.1449E+00  5.8690E+00  8.7124E+00  6.2693E+00  7.4759E+00
       8.4343E+00  7.4707E+00  4.8866E+00  5.4682E+00  6.7538E+00  5.4833E+00  7.3175E+00  7.4726E+00  7.0059E+00  1.1364E+01
       8.1549E+00  8.4302E+00  6.8001E+00  5.9355E+00  7.3677E+00  5.5913E+00  6.9934E+00  9.8920E+00  1.1183E+01  1.0070E+01
       8.0155E+00  9.2249E+00  8.6122E+00  6.5111E+00  8.4882E+00  6.9522E+00  6.0120E+00  1.0982E+01  9.6247E+00  1.1993E+01
       5.8890E+00  8.5242E+00  6.5047E+00  5.8533E+00  5.9837E+00  6.4275E+00  8.0946E+00  9.9391E+00  9.7011E+00  1.1650E+01
       8.0766E+00  5.9786E+00  8.9917E+00  5.1449E+00  6.7976E+00  6.4072E+00  5.0934E+00  8.1904E+00  8.0078E+00  8.8818E+00
       1.0376E+01  8.2011E+00  7.3923E+00  7.6996E+00  5.0169E+00  6.0853E+00  5.9820E+00  7.7539E+00  7.4977E+00  8.2033E+00
       9.7230E+00  8.5386E+00  8.6587E+00  7.6618E+00  7.2711E+00  4.9971E+00  6.1859E+00  6.6757E+00  7.1559E+00  9.6680E+00
       8.7248E+00  6.0896E+00  6.3904E+00  6.5626E+00  7.1238E+00  4.9727E+00  8.9743E+00  7.5999E+00  7.8166E+00  8.6484E+00
       7.5444E+00  8.8760E+00  6.7209E+00  5.1266E+00  4.6163E+00  6.2343E+00  5.0990E+00  9.2488E+00  4.7320E+00  8.9243E+00
       1.2583E+01  8.0837E+00  1.0366E+01  6.4723E+00  7.5488E+00  8.2417E+00  6.1980E+00  8.8314E+00  7.8821E+00  8.5157E+00
       9.1511E+00  9.7308E+00  7.2940E+00  8.6665E+00  4.4934E+00  8.4405E+00  7.2735E+00  9.8642E+00  8.5147E+00  1.1860E+01
