1
   Cartesian binning n.   1  "DoseEq    " , generalized particle n.  240
      X coordinate: from -8.5000E+01 to  8.5000E+01 cm,    10 bins ( 1.7000E+01 cm wide)
      Y coordinate: from -2.5000E+01 to  2.5000E+01 cm,    10 bins ( 5.0000E+00 cm wide)
      Z coordinate: from  2.2500E+02 to  2.7500E+02 cm,    10 bins ( 5.0000E+00 cm wide)
      Data follow in a matrix A(ix,iy,iz), format (1(5x,1p,10(1x,e11.4)))

      accurate deposition along the tracks requested
      this is a track-length binning
       3.0723E-04  4.9053E-04  9.0786E-04  2.6683E-03  1.0087E-02  1.0094E-02  2.6849E-03  9.0608E-04  4.8881E-04  2.9228E-04
       3.4145E-04  5.5420E-04  1.0939E-03  4.2712E-03  2.3446E-02  2.3409E-02  4.2632E-03  1.1232E-03  5.7665E-04  3.5893E-04
       3.6679E-04  5.8442E-04  1.2723E-03  6.5999E-03  4.8040E-02  4.7921E-02  6.6289E-03  1.2543E-03  6.0325E-04  3.8501E-04
       3.8873E-04  6.2985E-04  1.3894E-03  9.2513E-03  8.0466E-02  8.0132E-02  9.3027E-03  1.3661E-03  6.1933E-04  3.6751E-04
       3.8174E-04  6.5171E-04  1.4209E-03  1.1341E-02  1.0501E-01  1.0488E-01  1.1307E-02  1.4381E-03  6.3334E-04  3.8938E-04
       3.9224E-04  6.5837E-04  1.4437E-03  1.1304E-02  1.0479E-01  1.0472E-01  1.1254E-02  1.4471E-03  6.3367E-04  3.7419E-04
       3.7345E-04  6.2903E-04  1.3668E-03  9.3141E-03  8.0281E-02  8.0262E-02  9.3506E-03  1.4036E-03  6.2207E-04  3.5758E-04
       3.6506E-04  6.1562E-04  1.3001E-03  6.6132E-03  4.8039E-02  4.8027E-02  6.6053E-03  1.2910E-03  5.9864E-04  3.4535E-04
       3.2074E-04  5.4832E-04  1.1366E-03  4.2885E-03  2.3462E-02  2.3404E-02  4.2505E-03  1.1210E-03  5.6085E-04  3.5577E-04
       3.1589E-04  4.7460E-04  9.1449E-04  2.6867E-03  1.0093E-02  1.0005E-02  2.6642E-03  9.1725E-04  4.6491E-04  2.8943E-04
       2.1132E-04  2.8914E-04  3.4527E-04  4.7217E-04  6.7771E-04  6.8249E-04  4.7834E-04  3.4143E-04  2.9693E-04  2.1486E-04
       2.5976E-04  3.5239E-04  4.1453E-04  6.3271E-04  1.0757E-03  1.0632E-03  6.5060E-04  4.3964E-04  3.7485E-04  2.7732E-04
       2.8579E-04  3.8428E-04  4.8718E-04  7.3426E-04  1.4872E-03  1.4502E-03  7.7389E-04  4.8557E-04  3.9243E-04  3.0203E-04
       2.9959E-04  3.9558E-04  4.9737E-04  8.4794E-04  1.8103E-03  1.7772E-03  8.6625E-04  5.1814E-04  4.0214E-04  3.0130E-04
       3.0091E-04  4.0646E-04  5.1135E-04  9.0511E-04  2.0665E-03  2.0192E-03  8.8573E-04  5.1847E-04  4.0331E-04  2.9219E-04
       3.1258E-04  4.2694E-04  5.4078E-04  8.9877E-04  2.0416E-03  2.0053E-03  8.7322E-04  5.2797E-04  3.8792E-04  3.0533E-04
       2.8587E-04  4.1906E-04  5.3593E-04  8.6810E-04  1.7853E-03  1.7590E-03  8.5159E-04  5.3053E-04  3.9998E-04  2.8127E-04
       2.7805E-04  4.0442E-04  5.2971E-04  7.6438E-04  1.4357E-03  1.4200E-03  7.5378E-04  4.8859E-04  3.7997E-04  2.7660E-04
       2.5298E-04  3.7185E-04  4.4776E-04  6.3840E-04  1.0832E-03  1.0814E-03  6.4831E-04  4.5081E-04  3.7056E-04  2.8533E-04
       2.3335E-04  2.8823E-04  3.5411E-04  4.7613E-04  7.1549E-04  6.9199E-04  4.6511E-04  3.4016E-04  2.8305E-04  2.1682E-04
       1.6670E-04  2.0836E-04  2.7308E-04  3.8300E-04  5.1183E-04  5.2091E-04  3.7174E-04  2.6710E-04  2.2328E-04  1.5242E-04
       1.9988E-04  2.7638E-04  3.5742E-04  5.2318E-04  8.1875E-04  8.0059E-04  5.3866E-04  3.6702E-04  3.0034E-04  2.1493E-04
       2.3073E-04  3.0515E-04  4.1311E-04  6.1826E-04  1.0957E-03  1.0684E-03  6.2081E-04  4.1468E-04  3.3177E-04  2.4675E-04
       2.3959E-04  3.3842E-04  4.4335E-04  7.0893E-04  1.2613E-03  1.2526E-03  7.1183E-04  4.6003E-04  3.3564E-04  2.3563E-04
       2.5854E-04  3.3763E-04  4.3645E-04  7.4013E-04  1.4164E-03  1.3991E-03  7.1573E-04  4.3406E-04  3.4504E-04  2.4117E-04
       2.6125E-04  3.3197E-04  4.3612E-04  7.5959E-04  1.3816E-03  1.3661E-03  7.3340E-04  4.3943E-04  3.5259E-04  2.4778E-04
       2.3772E-04  3.4669E-04  4.2643E-04  7.2803E-04  1.2495E-03  1.2139E-03  6.9723E-04  4.3661E-04  3.3798E-04  2.2040E-04
       2.4078E-04  3.2783E-04  4.1283E-04  6.2489E-04  1.0691E-03  1.0137E-03  6.1102E-04  4.1977E-04  3.3412E-04  2.2629E-04
       2.1044E-04  3.0070E-04  3.5195E-04  5.2052E-04  8.2223E-04  8.1495E-04  5.2691E-04  3.8259E-04  2.8403E-04  2.0837E-04
       1.7194E-04  2.2671E-04  2.6520E-04  3.8128E-04  5.4027E-04  5.5589E-04  3.8338E-04  2.6687E-04  2.1953E-04  1.6347E-04
       1.3210E-04  1.6417E-04  1.8922E-04  2.9285E-04  3.9428E-04  3.8059E-04  2.8704E-04  2.1350E-04  1.7782E-04  1.3716E-04
       1.6403E-04  2.2947E-04  2.8162E-04  4.1388E-04  5.9877E-04  6.2601E-04  4.0761E-04  2.9676E-04  2.2844E-04  1.5962E-04
       1.8460E-04  2.4402E-04  3.2955E-04  4.9361E-04  7.7541E-04  7.6202E-04  4.6578E-04  3.3982E-04  2.7486E-04  1.6735E-04
       1.8736E-04  2.6917E-04  3.5913E-04  5.4652E-04  8.7985E-04  8.8700E-04  5.4894E-04  3.7105E-04  2.7197E-04  1.7614E-04
       1.8280E-04  2.8707E-04  3.4636E-04  5.8408E-04  9.7407E-04  9.5591E-04  5.9445E-04  3.7008E-04  2.6759E-04  1.9038E-04
       1.9500E-04  2.9182E-04  3.5152E-04  6.0901E-04  9.5688E-04  9.3953E-04  5.9555E-04  3.6537E-04  2.6718E-04  2.0580E-04
       1.8845E-04  2.8102E-04  3.6587E-04  5.5281E-04  8.8195E-04  8.7187E-04  5.6108E-04  3.4824E-04  2.7093E-04  1.9112E-04
       1.7777E-04  2.5575E-04  3.3398E-04  4.9073E-04  7.6450E-04  7.4546E-04  4.9184E-04  3.2429E-04  2.5415E-04  1.8226E-04
       1.5574E-04  2.4768E-04  2.8727E-04  4.3151E-04  5.9130E-04  5.9609E-04  4.1066E-04  2.8654E-04  2.3267E-04  1.6437E-04
       1.2566E-04  1.7998E-04  2.1072E-04  3.0662E-04  4.0794E-04  4.1490E-04  2.9158E-04  2.0257E-04  1.6790E-04  1.1809E-04
       1.0074E-04  1.2579E-04  1.5799E-04  2.1604E-04  2.8628E-04  2.8333E-04  2.2210E-04  1.6590E-04  1.3740E-04  1.0512E-04
       1.2598E-04  1.8281E-04  2.4162E-04  3.0288E-04  4.4630E-04  4.5403E-04  3.0996E-04  2.3847E-04  1.8154E-04  1.3459E-04
       1.4543E-04  1.9512E-04  2.7498E-04  3.7904E-04  5.4997E-04  5.5218E-04  3.6489E-04  2.7149E-04  1.9902E-04  1.4092E-04
       1.4769E-04  2.1710E-04  2.9720E-04  4.2712E-04  6.0003E-04  6.3454E-04  4.1060E-04  2.9600E-04  2.0369E-04  1.4294E-04
       1.4805E-04  2.2930E-04  2.9579E-04  4.3771E-04  6.6952E-04  6.5146E-04  4.6038E-04  3.0668E-04  2.1999E-04  1.5382E-04
       1.4652E-04  2.4002E-04  2.8745E-04  4.5687E-04  6.7043E-04  6.7105E-04  4.4096E-04  2.9044E-04  2.3466E-04  1.4884E-04
       1.3343E-04  2.2518E-04  2.7615E-04  4.4291E-04  6.1055E-04  6.1747E-04  4.2804E-04  2.7144E-04  2.3007E-04  1.4464E-04
       1.4062E-04  2.0327E-04  2.7708E-04  3.8734E-04  5.6175E-04  5.3677E-04  3.8408E-04  2.6175E-04  2.0896E-04  1.4259E-04
       1.2059E-04  1.9475E-04  2.3817E-04  3.5012E-04  4.2866E-04  4.3634E-04  3.2693E-04  2.1940E-04  1.7313E-04  1.3031E-04
       9.2182E-05  1.3807E-04  1.7588E-04  2.2423E-04  3.0366E-04  2.7912E-04  2.2741E-04  1.6408E-04  1.2643E-04  9.2057E-05
       7.9004E-05  9.4065E-05  1.2917E-04  1.6594E-04  2.1244E-04  2.1363E-04  1.6668E-04  1.3488E-04  1.0780E-04  7.8894E-05
       9.4589E-05  1.4693E-04  1.8165E-04  2.1630E-04  3.1018E-04  3.1750E-04  2.3844E-04  1.7667E-04  1.3481E-04  1.0617E-04
       1.0326E-04  1.5983E-04  2.0048E-04  2.8667E-04  3.9302E-04  3.9860E-04  2.7892E-04  2.2060E-04  1.5962E-04  1.2359E-04
       1.1093E-04  1.8039E-04  2.2948E-04  3.0775E-04  4.4031E-04  4.3796E-04  3.1868E-04  2.3566E-04  1.7181E-04  1.0293E-04
       1.1844E-04  1.9335E-04  2.3822E-04  3.3437E-04  4.6717E-04  4.6599E-04  3.4455E-04  2.4057E-04  1.7311E-04  1.0862E-04
       1.1779E-04  2.0766E-04  2.3409E-04  3.3882E-04  4.6440E-04  4.5637E-04  3.3498E-04  2.3219E-04  1.8393E-04  1.2177E-04
       1.1601E-04  1.8520E-04  2.2525E-04  3.3496E-04  4.3780E-04  4.3775E-04  3.0766E-04  2.1849E-04  1.7399E-04  1.0805E-04
       1.0880E-04  1.6326E-04  2.1404E-04  3.0279E-04  4.0363E-04  3.7072E-04  2.9995E-04  2.0143E-04  1.6773E-04  1.1937E-04
       9.0619E-05  1.5581E-04  1.6762E-04  2.6181E-04  3.2061E-04  3.1854E-04  2.4111E-04  1.6910E-04  1.3587E-04  9.6073E-05
       7.0882E-05  1.0404E-04  1.2767E-04  1.8407E-04  2.1837E-04  2.0167E-04  1.7710E-04  1.2009E-04  1.0915E-04  7.5076E-05
       6.2478E-05  7.3770E-05  8.9983E-05  1.2802E-04  1.5803E-04  1.5940E-04  1.2566E-04  1.0808E-04  7.8693E-05  6.1979E-05
       8.0609E-05  1.1942E-04  1.3999E-04  1.6821E-04  2.2466E-04  2.2714E-04  1.6824E-04  1.3075E-04  1.0109E-04  7.5754E-05
       8.1692E-05  1.2580E-04  1.5757E-04  2.2204E-04  2.7821E-04  2.6870E-04  2.2181E-04  1.5373E-04  1.1136E-04  8.2527E-05
       9.1692E-05  1.3344E-04  1.8034E-04  2.4083E-04  3.2991E-04  3.0323E-04  2.4426E-04  1.7772E-04  1.3278E-04  8.5155E-05
       8.9689E-05  1.4107E-04  1.8593E-04  2.5828E-04  3.4050E-04  3.3845E-04  2.2994E-04  1.9618E-04  1.4576E-04  9.2240E-05
       9.1181E-05  1.4006E-04  1.8763E-04  2.5184E-04  3.4062E-04  3.3114E-04  2.4618E-04  1.8017E-04  1.3738E-04  9.5706E-05
       9.6254E-05  1.4698E-04  1.7522E-04  2.5350E-04  3.2708E-04  3.0684E-04  2.4759E-04  1.6682E-04  1.3623E-04  8.7263E-05
       8.5801E-05  1.2948E-04  1.4668E-04  2.2519E-04  2.8914E-04  2.6991E-04  2.2680E-04  1.6659E-04  1.3342E-04  9.1584E-05
       7.0641E-05  1.1812E-04  1.4872E-04  1.8767E-04  2.3987E-04  2.2819E-04  1.7715E-04  1.2846E-04  1.0014E-04  7.9706E-05
       6.0286E-05  8.0066E-05  9.1570E-05  1.4289E-04  1.6080E-04  1.4260E-04  1.3528E-04  9.7422E-05  7.5479E-05  4.9251E-05
       4.4376E-05  6.0229E-05  7.0756E-05  8.9342E-05  1.1373E-04  1.1397E-04  9.7749E-05  8.4226E-05  5.5108E-05  4.6915E-05
       6.3038E-05  8.5303E-05  1.0500E-04  1.2734E-04  1.6590E-04  1.7236E-04  1.3814E-04  1.0845E-04  7.9361E-05  5.7579E-05
       6.3900E-05  9.6948E-05  1.2691E-04  1.7025E-04  2.1314E-04  2.0068E-04  1.5169E-04  1.2565E-04  8.9583E-05  6.2843E-05
       7.2318E-05  1.0567E-04  1.3533E-04  1.8455E-04  2.3853E-04  2.2795E-04  1.5996E-04  1.4188E-04  9.7305E-05  6.8067E-05
       7.8316E-05  1.0884E-04  1.3654E-04  1.9116E-04  2.2445E-04  2.3219E-04  1.6683E-04  1.4168E-04  1.0613E-04  6.6671E-05
       7.3260E-05  1.1221E-04  1.3505E-04  1.8453E-04  2.1678E-04  2.0691E-04  1.7085E-04  1.4336E-04  1.1246E-04  6.9181E-05
       6.9851E-05  1.0010E-04  1.2625E-04  1.8435E-04  2.1592E-04  2.2848E-04  1.6725E-04  1.4272E-04  1.0200E-04  7.0797E-05
       6.5777E-05  1.0033E-04  1.1725E-04  1.6140E-04  1.9821E-04  2.0427E-04  1.7064E-04  1.2968E-04  1.0075E-04  6.7552E-05
       5.6994E-05  8.3327E-05  1.0136E-04  1.4602E-04  1.7346E-04  1.6407E-04  1.3206E-04  1.0222E-04  8.0527E-05  5.7238E-05
       5.3662E-05  6.4546E-05  6.9556E-05  9.1547E-05  1.1662E-04  1.0513E-04  9.7841E-05  8.0798E-05  6.0989E-05  3.8229E-05
       2.9282E-05  4.6948E-05  6.2078E-05  6.8724E-05  8.4812E-05  7.8442E-05  6.9592E-05  6.2627E-05  5.1252E-05  4.5047E-05
       5.1817E-05  6.6118E-05  7.6727E-05  1.0190E-04  1.2635E-04  1.1914E-04  9.5513E-05  8.8525E-05  7.4313E-05  4.6251E-05
       5.1164E-05  7.4931E-05  8.9114E-05  1.1796E-04  1.4638E-04  1.4646E-04  1.1728E-04  8.8564E-05  6.7660E-05  4.4542E-05
       4.5810E-05  7.5603E-05  1.0355E-04  1.3918E-04  1.6489E-04  1.5577E-04  1.2546E-04  1.0249E-04  7.2333E-05  5.3839E-05
       6.0673E-05  8.0993E-05  1.0263E-04  1.3292E-04  1.5824E-04  1.6565E-04  1.2335E-04  1.0482E-04  6.9412E-05  5.2042E-05
       5.9095E-05  8.1533E-05  1.0138E-04  1.3437E-04  1.5408E-04  1.5399E-04  1.3487E-04  9.4413E-05  8.1485E-05  5.5067E-05
       5.9577E-05  8.0184E-05  9.9478E-05  1.3794E-04  1.5468E-04  1.5791E-04  1.2897E-04  1.0561E-04  7.4581E-05  5.4086E-05
       5.0054E-05  6.5435E-05  8.7673E-05  1.1512E-04  1.2857E-04  1.4419E-04  1.1715E-04  8.8156E-05  6.6045E-05  4.6483E-05
       3.9233E-05  6.5204E-05  7.1235E-05  1.0370E-04  1.2085E-04  1.2356E-04  1.0538E-04  7.6946E-05  6.1929E-05  4.4479E-05
       3.7871E-05  4.6469E-05  5.1250E-05  7.3406E-05  8.8661E-05  8.1894E-05  7.6194E-05  5.6163E-05  4.5887E-05  3.1377E-05
       3.0170E-05  3.5015E-05  4.3453E-05  4.6070E-05  6.4936E-05  6.2223E-05  4.2165E-05  4.4329E-05  3.8536E-05  3.2664E-05
       3.6417E-05  4.3042E-05  4.8368E-05  7.6105E-05  8.5285E-05  7.4128E-05  6.4106E-05  5.8546E-05  4.5564E-05  3.5215E-05
       3.5213E-05  4.8402E-05  6.7749E-05  8.0302E-05  8.5538E-05  9.1574E-05  7.7876E-05  6.4442E-05  4.1884E-05  3.4087E-05
       4.3538E-05  5.5592E-05  6.9681E-05  8.7795E-05  1.1007E-04  1.0145E-04  8.1895E-05  7.1944E-05  4.9916E-05  3.6773E-05
       4.2653E-05  5.8076E-05  7.2419E-05  8.6886E-05  1.0312E-04  9.6139E-05  8.7378E-05  6.6508E-05  4.6585E-05  3.8574E-05
       4.0372E-05  5.6211E-05  6.6756E-05  7.9114E-05  9.9413E-05  1.0604E-04  8.3151E-05  6.3262E-05  4.7649E-05  4.2401E-05
       4.0091E-05  4.8821E-05  6.7351E-05  8.2753E-05  1.0545E-04  1.0231E-04  8.1168E-05  6.8534E-05  5.2003E-05  4.0247E-05
       3.7367E-05  4.8947E-05  5.6797E-05  7.3726E-05  9.2270E-05  9.5946E-05  7.4590E-05  6.4919E-05  5.3713E-05  3.3932E-05
       3.0898E-05  4.4246E-05  5.0783E-05  7.1438E-05  7.6176E-05  8.4388E-05  7.1136E-05  5.6453E-05  4.3748E-05  3.5006E-05
       2.5103E-05  4.0056E-05  4.1567E-05  5.9508E-05  5.2075E-05  5.8538E-05  5.7650E-05  4.3058E-05  3.1630E-05  2.5900E-05

      Percentage errors follow in a matrix A(ix,iy,iz), format (1(5x,1p,10(1x,e11.4)))

       3.3598E+00  2.1206E+00  1.0241E+00  4.4368E-01  2.5074E-01  3.3271E-01  4.7306E-01  1.1916E+00  1.5913E+00  2.8454E+00
       3.2004E+00  2.5076E+00  1.4541E+00  5.7653E-01  2.2367E-01  2.4789E-01  3.9419E-01  1.1036E+00  2.3127E+00  2.5747E+00
       3.2249E+00  2.1020E+00  1.1689E+00  4.9997E-01  1.2516E-01  1.2606E-01  4.0738E-01  1.0834E+00  1.7603E+00  2.6101E+00
       2.7761E+00  2.3607E+00  1.2247E+00  3.5116E-01  8.2351E-02  1.1055E-01  3.6592E-01  1.2769E+00  1.6924E+00  2.9442E+00
       3.4228E+00  1.4263E+00  9.4606E-01  3.1788E-01  1.2218E-01  1.3053E-01  2.7416E-01  1.2398E+00  2.2230E+00  3.1393E+00
       2.5655E+00  1.7337E+00  1.0495E+00  3.3821E-01  8.8439E-02  8.0106E-02  2.1703E-01  1.2226E+00  2.0188E+00  3.1457E+00
       3.0745E+00  2.0096E+00  1.0747E+00  4.4037E-01  1.0142E-01  1.0805E-01  3.6191E-01  1.1469E+00  1.3668E+00  3.4949E+00
       3.3176E+00  2.5710E+00  6.8766E-01  3.6918E-01  9.2255E-02  1.2203E-01  4.8685E-01  1.1485E+00  1.8707E+00  2.7091E+00
       3.0288E+00  1.5911E+00  1.3504E+00  5.4361E-01  2.3086E-01  1.8656E-01  5.3358E-01  1.4771E+00  2.7679E+00  3.1877E+00
       2.9469E+00  1.7267E+00  1.2334E+00  8.1510E-01  3.9029E-01  4.2543E-01  4.3201E-01  1.2323E+00  1.9127E+00  1.6258E+00
       4.5638E+00  3.6324E+00  2.9963E+00  2.3702E+00  1.8833E+00  1.9977E+00  2.7038E+00  3.7316E+00  2.9933E+00  3.1788E+00
       3.1682E+00  3.9465E+00  3.2349E+00  2.0623E+00  1.9958E+00  2.1057E+00  2.8994E+00  3.8198E+00  3.3502E+00  3.2731E+00
       3.5922E+00  2.7313E+00  2.7973E+00  1.6221E+00  1.9593E+00  1.3805E+00  1.8139E+00  2.0067E+00  2.3910E+00  4.1805E+00
       3.7540E+00  2.7961E+00  2.6506E+00  1.2702E+00  2.0110E+00  1.6634E+00  1.5070E+00  2.2590E+00  2.6595E+00  3.4714E+00
       2.9657E+00  3.6408E+00  2.7780E+00  1.8132E+00  1.1896E+00  1.0307E+00  1.6379E+00  1.8538E+00  3.2061E+00  3.2744E+00
       3.3227E+00  3.5646E+00  2.6006E+00  2.1066E+00  1.2579E+00  1.2661E+00  2.1438E+00  2.9963E+00  3.3436E+00  4.5976E+00
       2.5022E+00  3.2134E+00  2.4571E+00  2.2225E+00  1.5100E+00  1.6822E+00  2.5489E+00  3.0410E+00  2.9984E+00  3.5186E+00
       3.9783E+00  3.2063E+00  2.7986E+00  2.3844E+00  1.7370E+00  1.9915E+00  2.5798E+00  2.2573E+00  3.3990E+00  3.2567E+00
       3.1842E+00  3.0317E+00  2.5330E+00  2.0392E+00  2.4206E+00  1.9714E+00  2.8281E+00  2.6912E+00  3.5465E+00  3.2449E+00
       3.3574E+00  2.9550E+00  2.8272E+00  2.9884E+00  2.3669E+00  2.2484E+00  2.6508E+00  2.8037E+00  3.9926E+00  2.9342E+00
       5.1567E+00  3.6717E+00  3.4388E+00  2.8636E+00  1.7859E+00  2.3398E+00  3.6981E+00  4.5383E+00  4.2856E+00  2.9920E+00
       3.2495E+00  3.5621E+00  2.7665E+00  2.2936E+00  2.2959E+00  1.6619E+00  3.2529E+00  3.9314E+00  2.4305E+00  3.2245E+00
       2.8110E+00  3.1172E+00  3.8927E+00  2.5634E+00  1.8916E+00  1.7335E+00  2.7258E+00  3.0218E+00  3.6375E+00  4.2871E+00
       4.1067E+00  3.6290E+00  2.7838E+00  2.4895E+00  1.6213E+00  2.2104E+00  1.7650E+00  2.8441E+00  3.5933E+00  3.7092E+00
       4.0969E+00  2.8691E+00  3.2850E+00  1.8080E+00  1.6857E+00  1.6991E+00  2.1681E+00  3.3269E+00  3.5549E+00  4.3714E+00
       3.2177E+00  3.7649E+00  2.5187E+00  2.6973E+00  2.0426E+00  1.2593E+00  2.0115E+00  2.5484E+00  2.8199E+00  2.9326E+00
       3.8427E+00  4.4412E+00  3.2109E+00  2.3868E+00  1.9305E+00  1.4348E+00  2.4793E+00  3.4897E+00  3.8031E+00  4.9943E+00
       4.3618E+00  3.7264E+00  2.3926E+00  1.8724E+00  1.8237E+00  2.4668E+00  2.3731E+00  2.8180E+00  2.9249E+00  4.3548E+00
       3.2645E+00  4.7094E+00  3.1938E+00  1.4932E+00  2.4761E+00  2.3861E+00  2.7033E+00  3.0909E+00  2.9135E+00  3.9964E+00
       4.1557E+00  4.0822E+00  3.7711E+00  3.1751E+00  2.3251E+00  2.1996E+00  3.2165E+00  2.5612E+00  3.2661E+00  4.5618E+00
       5.3212E+00  3.8844E+00  4.5489E+00  2.9332E+00  3.3291E+00  2.5168E+00  3.2822E+00  4.5032E+00  4.6425E+00  4.4760E+00
       4.4952E+00  3.8181E+00  4.1491E+00  2.7421E+00  2.2459E+00  2.3610E+00  3.5863E+00  3.4841E+00  4.1500E+00  4.0080E+00
       4.1521E+00  4.1721E+00  2.3221E+00  1.7783E+00  2.4107E+00  1.6305E+00  2.1165E+00  3.3566E+00  4.3437E+00  3.9053E+00
       5.6595E+00  4.1918E+00  2.6631E+00  2.9549E+00  2.2207E+00  2.7753E+00  2.1402E+00  4.1737E+00  3.7263E+00  4.3488E+00
       4.8537E+00  4.0039E+00  3.7043E+00  1.9308E+00  1.6617E+00  2.2403E+00  2.5085E+00  3.3625E+00  3.5471E+00  4.0810E+00
       3.6019E+00  3.1085E+00  3.3967E+00  2.9373E+00  2.0165E+00  1.6613E+00  2.4768E+00  2.8253E+00  3.9781E+00  3.2764E+00
       5.4035E+00  3.4147E+00  3.4023E+00  2.9734E+00  2.0790E+00  1.5184E+00  2.1830E+00  3.6809E+00  3.6529E+00  5.6993E+00
       4.9792E+00  5.2844E+00  2.6765E+00  2.4040E+00  2.6162E+00  1.8877E+00  2.1222E+00  3.3492E+00  3.5820E+00  5.6427E+00
       4.9135E+00  4.3483E+00  3.5580E+00  2.8319E+00  3.1034E+00  2.7070E+00  2.8977E+00  3.7074E+00  4.4095E+00  4.3815E+00
       3.2339E+00  4.7844E+00  4.3358E+00  2.2897E+00  3.1402E+00  2.1655E+00  3.1829E+00  2.9080E+00  4.3549E+00  4.8618E+00
       5.3050E+00  5.2738E+00  3.9129E+00  3.7930E+00  3.0927E+00  3.5713E+00  3.5928E+00  3.6565E+00  3.5969E+00  4.9885E+00
       3.4685E+00  4.7327E+00  4.2527E+00  3.6701E+00  2.5038E+00  3.1676E+00  3.6810E+00  4.1700E+00  4.9215E+00  4.3101E+00
       6.4728E+00  4.3679E+00  4.4619E+00  3.5617E+00  2.0361E+00  2.1624E+00  3.8183E+00  3.9465E+00  4.7817E+00  4.8504E+00
       5.5777E+00  3.4220E+00  3.8144E+00  3.0644E+00  2.8681E+00  2.8943E+00  2.4080E+00  3.5361E+00  4.1260E+00  5.9445E+00
       3.6122E+00  3.7253E+00  3.9445E+00  3.8530E+00  2.1781E+00  2.0189E+00  2.8875E+00  4.0183E+00  2.5645E+00  3.5261E+00
       4.8449E+00  3.4555E+00  3.7638E+00  2.7999E+00  2.5498E+00  1.5927E+00  2.6508E+00  3.3827E+00  4.9222E+00  4.4748E+00
       4.5394E+00  3.6970E+00  3.2718E+00  3.4805E+00  2.5576E+00  2.8034E+00  2.8703E+00  3.6394E+00  3.5053E+00  6.4214E+00
       5.6778E+00  4.0870E+00  3.9858E+00  2.6789E+00  2.0279E+00  1.6052E+00  2.2547E+00  3.4445E+00  3.9501E+00  4.9492E+00
       5.6251E+00  5.4824E+00  5.3215E+00  4.0097E+00  3.1272E+00  2.4308E+00  3.7668E+00  4.3363E+00  5.2124E+00  5.0027E+00
       5.3888E+00  4.1758E+00  4.5777E+00  2.9093E+00  4.2790E+00  3.4428E+00  3.9036E+00  4.2712E+00  4.8206E+00  5.9310E+00
       6.0563E+00  4.5650E+00  6.4181E+00  3.9693E+00  3.7921E+00  4.5390E+00  4.2445E+00  4.0373E+00  5.5162E+00  5.9933E+00
       4.8686E+00  5.1282E+00  4.3366E+00  4.5848E+00  3.2119E+00  3.3135E+00  4.1058E+00  5.1043E+00  4.3421E+00  5.7248E+00
       4.8595E+00  3.4588E+00  3.9817E+00  3.5850E+00  2.1189E+00  3.4754E+00  4.8232E+00  4.6246E+00  5.0191E+00  5.7792E+00
       6.1145E+00  4.8765E+00  4.3034E+00  3.3731E+00  3.5654E+00  2.6975E+00  3.2555E+00  5.6070E+00  4.8664E+00  5.3137E+00
       5.2537E+00  2.9266E+00  5.0639E+00  2.8113E+00  2.6218E+00  2.2616E+00  3.8242E+00  3.8216E+00  5.2740E+00  3.8582E+00
       4.9651E+00  4.3280E+00  3.9867E+00  2.5501E+00  2.5736E+00  2.2817E+00  3.5723E+00  3.3688E+00  4.1444E+00  5.1910E+00
       4.6311E+00  4.4921E+00  3.9008E+00  3.9146E+00  2.5922E+00  3.1326E+00  3.2250E+00  4.0019E+00  4.2892E+00  4.9066E+00
       4.8884E+00  4.4069E+00  4.7544E+00  3.0570E+00  2.9405E+00  2.7301E+00  3.5448E+00  4.5020E+00  3.9515E+00  5.7957E+00
       6.0875E+00  5.4156E+00  4.9743E+00  5.4064E+00  3.3348E+00  3.2817E+00  3.2374E+00  5.1494E+00  5.5430E+00  6.0597E+00
       5.4759E+00  4.3514E+00  6.5435E+00  4.5642E+00  3.9532E+00  3.4171E+00  3.8744E+00  4.4281E+00  6.1037E+00  7.2649E+00
       7.8513E+00  6.8335E+00  7.3791E+00  6.3050E+00  5.8649E+00  4.8554E+00  3.6664E+00  5.2663E+00  5.4203E+00  5.3933E+00
       7.0917E+00  5.3482E+00  5.5125E+00  5.8647E+00  4.9147E+00  4.8387E+00  4.3016E+00  4.1829E+00  6.8667E+00  6.5820E+00
       5.5815E+00  5.0450E+00  5.8085E+00  2.7800E+00  2.9290E+00  3.7878E+00  3.9844E+00  5.1846E+00  4.1688E+00  4.6530E+00
       7.6327E+00  5.4788E+00  4.8991E+00  4.1541E+00  4.1185E+00  3.4431E+00  4.7400E+00  3.9794E+00  3.6528E+00  6.9870E+00
       5.8573E+00  5.5735E+00  4.1997E+00  3.7308E+00  3.3177E+00  2.3662E+00  2.5956E+00  3.7484E+00  4.8135E+00  4.5365E+00
       4.0683E+00  4.2348E+00  4.0386E+00  3.0843E+00  3.6670E+00  3.6399E+00  2.3726E+00  6.0378E+00  4.2812E+00  6.2072E+00
       4.8664E+00  5.2624E+00  4.2920E+00  4.0041E+00  3.0282E+00  3.4858E+00  3.8848E+00  2.9061E+00  4.9385E+00  6.4350E+00
       5.6675E+00  5.9344E+00  3.9810E+00  3.2283E+00  3.1701E+00  4.0400E+00  5.3477E+00  4.7190E+00  5.5110E+00  5.7393E+00
       8.1452E+00  6.3017E+00  4.0550E+00  3.1262E+00  4.4186E+00  2.5145E+00  4.9160E+00  6.1171E+00  6.0065E+00  7.7037E+00
       6.9631E+00  7.5028E+00  6.3710E+00  6.6176E+00  4.4303E+00  4.4021E+00  4.3920E+00  4.0612E+00  7.2419E+00  6.6686E+00
       9.7130E+00  7.5322E+00  8.2375E+00  6.0991E+00  5.1375E+00  6.4416E+00  4.2634E+00  6.3626E+00  5.1200E+00  8.1531E+00
       7.0625E+00  7.6817E+00  6.5851E+00  6.1044E+00  4.6680E+00  5.8331E+00  5.4360E+00  4.7053E+00  6.7153E+00  5.8856E+00
       8.4826E+00  6.1749E+00  3.8996E+00  4.2182E+00  4.4215E+00  3.0171E+00  4.6660E+00  5.2020E+00  5.9542E+00  6.0426E+00
       7.1615E+00  5.4155E+00  6.1613E+00  3.8687E+00  4.8292E+00  4.5417E+00  5.3664E+00  6.3559E+00  5.9953E+00  6.4104E+00
       5.2742E+00  6.8601E+00  4.7737E+00  4.3932E+00  3.6116E+00  5.2047E+00  5.2729E+00  3.5657E+00  5.4679E+00  4.5477E+00
       7.2148E+00  5.7192E+00  5.5560E+00  5.8561E+00  3.9772E+00  5.0190E+00  4.9119E+00  5.5626E+00  5.7931E+00  7.4395E+00
       6.5959E+00  6.0808E+00  5.0887E+00  4.2863E+00  3.5101E+00  3.5691E+00  6.1069E+00  5.6909E+00  4.9575E+00  8.5603E+00
       8.3345E+00  8.7909E+00  6.0983E+00  4.5326E+00  4.4300E+00  6.0705E+00  6.9099E+00  5.2274E+00  4.2137E+00  5.6027E+00
       8.5900E+00  7.0819E+00  4.8055E+00  3.6565E+00  4.8905E+00  4.7940E+00  4.0536E+00  8.3148E+00  7.4842E+00  6.9654E+00
       9.3140E+00  7.8864E+00  6.8923E+00  5.8111E+00  5.5229E+00  5.4047E+00  5.6377E+00  7.0921E+00  7.3297E+00  1.0466E+01
       9.3057E+00  6.3922E+00  8.5985E+00  8.0336E+00  5.5023E+00  5.1182E+00  7.4873E+00  6.7031E+00  7.1512E+00  1.1087E+01
       1.0396E+01  9.0108E+00  7.2292E+00  5.8368E+00  4.4470E+00  6.0972E+00  6.1551E+00  6.0312E+00  7.2259E+00  7.5892E+00
       9.6998E+00  6.9941E+00  4.3012E+00  4.6480E+00  5.5162E+00  5.6179E+00  4.4435E+00  6.2843E+00  6.9050E+00  7.0078E+00
       7.6869E+00  4.8550E+00  5.9434E+00  4.5399E+00  5.0954E+00  4.9870E+00  7.0052E+00  5.8701E+00  7.2665E+00  6.9150E+00
       8.8063E+00  6.0610E+00  5.9801E+00  4.6906E+00  5.2467E+00  3.7225E+00  6.3865E+00  5.8522E+00  7.3164E+00  8.2274E+00
       7.8318E+00  6.3525E+00  6.2008E+00  5.2635E+00  5.3103E+00  4.0885E+00  4.7186E+00  6.9874E+00  6.9309E+00  7.7538E+00
       5.8279E+00  7.5370E+00  7.1316E+00  5.0772E+00  4.8191E+00  4.9657E+00  4.6856E+00  5.7599E+00  4.5511E+00  8.7815E+00
       7.5801E+00  6.5120E+00  6.8387E+00  5.4311E+00  6.3882E+00  5.6572E+00  7.9829E+00  4.0501E+00  4.4523E+00  1.0180E+01
       8.9694E+00  5.6933E+00  6.6455E+00  5.9572E+00  6.1990E+00  4.9012E+00  5.5391E+00  6.1817E+00  7.6733E+00  1.0692E+01
       1.1928E+01  7.4921E+00  7.1395E+00  7.3485E+00  4.9009E+00  5.9535E+00  8.1633E+00  7.9857E+00  8.1843E+00  8.0282E+00
       8.9510E+00  8.6356E+00  7.4673E+00  1.0622E+01  8.5647E+00  6.6292E+00  8.9630E+00  1.0205E+01  8.2583E+00  1.1220E+01
       7.9627E+00  8.5646E+00  7.8519E+00  8.0935E+00  5.9082E+00  5.2011E+00  7.3712E+00  9.0025E+00  6.7144E+00  9.1834E+00
       9.1729E+00  7.0800E+00  5.4016E+00  6.5359E+00  5.9148E+00  7.2426E+00  8.0664E+00  6.9293E+00  9.3984E+00  9.2484E+00
       7.7669E+00  7.8836E+00  6.2650E+00  6.2648E+00  5.0540E+00  4.7264E+00  6.3062E+00  6.4052E+00  8.4200E+00  9.4182E+00
       7.7542E+00  7.5578E+00  5.4333E+00  6.7425E+00  4.2330E+00  4.9973E+00  7.7382E+00  6.7502E+00  8.5297E+00  9.3206E+00
       7.6492E+00  8.3539E+00  6.7350E+00  6.3601E+00  5.5399E+00  6.1162E+00  7.4221E+00  6.4904E+00  8.3777E+00  8.6403E+00
       8.2943E+00  8.4688E+00  8.9315E+00  5.7541E+00  5.9978E+00  4.5735E+00  6.1306E+00  6.6148E+00  8.2688E+00  5.4058E+00
       8.9314E+00  1.1016E+01  6.2440E+00  7.8944E+00  4.9541E+00  7.3934E+00  8.1075E+00  6.1853E+00  7.4370E+00  8.7137E+00
       1.0090E+01  6.9160E+00  8.1195E+00  8.7460E+00  7.1471E+00  6.5120E+00  5.2760E+00  7.6004E+00  7.3993E+00  1.0123E+01
       1.5297E+01  7.4214E+00  7.1163E+00  7.7927E+00  5.9503E+00  6.7172E+00  7.3319E+00  8.5736E+00  9.0614E+00  9.2164E+00
