1
   Cartesian binning n.   1  "DoseEq    " , generalized particle n.  240
      X coordinate: from -8.5000E+01 to  8.5000E+01 cm,    10 bins ( 1.7000E+01 cm wide)
      Y coordinate: from -2.5000E+01 to  2.5000E+01 cm,    10 bins ( 5.0000E+00 cm wide)
      Z coordinate: from  2.2500E+02 to  2.7500E+02 cm,    10 bins ( 5.0000E+00 cm wide)
      Data follow in a matrix A(ix,iy,iz), format (1(5x,1p,10(1x,e11.4)))

      accurate deposition along the tracks requested
      this is a track-length binning
       2.5890E-04  5.8510E-04  1.9244E-03  5.4118E-03  1.2556E-02  1.2347E-02  5.5482E-03  1.8093E-03  6.3111E-04  2.8063E-04
       2.9316E-04  6.7356E-04  2.4653E-03  7.2106E-03  2.5376E-02  2.5374E-02  7.5424E-03  2.4181E-03  6.9594E-04  3.1593E-04
       3.2921E-04  8.0863E-04  2.7081E-03  9.5343E-03  1.0897E-01  1.0935E-01  9.6522E-03  2.6777E-03  7.8730E-04  3.1945E-04
       3.1485E-04  8.6108E-04  2.9176E-03  1.1878E-02  6.9304E-01  6.9258E-01  1.1864E-02  2.9718E-03  7.9961E-04  3.4477E-04
       3.1582E-04  8.9279E-04  2.8610E-03  1.3970E-02  2.1218E+00  2.1235E+00  1.3510E-02  3.1795E-03  9.4203E-04  3.3902E-04
       3.1832E-04  9.0845E-04  3.1425E-03  1.3583E-02  2.1201E+00  2.1221E+00  1.3511E-02  3.1711E-03  8.6291E-04  3.0799E-04
       3.2214E-04  8.4744E-04  2.9394E-03  1.1842E-02  6.9349E-01  6.9457E-01  1.1604E-02  2.8453E-03  7.8076E-04  3.0771E-04
       3.2158E-04  7.6387E-04  2.7291E-03  9.5343E-03  1.0881E-01  1.0896E-01  9.3966E-03  2.6552E-03  7.8029E-04  3.0997E-04
       2.8061E-04  7.0738E-04  2.2863E-03  7.4218E-03  2.6033E-02  2.5293E-02  7.4593E-03  2.3336E-03  7.8311E-04  2.9271E-04
       2.5068E-04  6.4428E-04  1.9683E-03  5.6832E-03  1.2958E-02  1.2495E-02  5.4651E-03  1.8831E-03  6.6964E-04  2.6751E-04
       1.0896E-04  1.5232E-04  2.8994E-04  6.8619E-04  1.9577E-03  1.9179E-03  7.0909E-04  2.7763E-04  1.2126E-04  1.0007E-04
       1.1590E-04  2.0644E-04  3.7289E-04  1.1097E-03  3.9330E-03  3.9446E-03  1.1784E-03  4.0210E-04  1.9256E-04  1.3573E-04
       1.5929E-04  2.0183E-04  4.7279E-04  1.5976E-03  7.7819E-03  7.7739E-03  1.6192E-03  4.7022E-04  2.2229E-04  1.4599E-04
       1.3748E-04  2.4046E-04  4.8865E-04  2.0662E-03  1.5557E-02  1.5386E-02  2.0633E-03  5.5617E-04  2.1970E-04  1.4293E-04
       1.4526E-04  2.5873E-04  5.2537E-04  2.2665E-03  2.4547E-02  2.4074E-02  2.3076E-03  5.3724E-04  2.3488E-04  1.4227E-04
       1.5416E-04  2.3601E-04  5.0662E-04  2.3560E-03  2.4026E-02  2.4432E-02  2.3611E-03  4.9390E-04  2.3282E-04  1.4857E-04
       1.3433E-04  2.4448E-04  5.0955E-04  2.0461E-03  1.5722E-02  1.5715E-02  2.0311E-03  5.0605E-04  2.4184E-04  1.6229E-04
       1.1503E-04  2.2924E-04  4.6994E-04  1.6950E-03  8.0850E-03  8.0875E-03  1.7553E-03  4.7888E-04  2.3184E-04  1.3290E-04
       9.7403E-05  1.9947E-04  3.9100E-04  1.1636E-03  3.9655E-03  4.0606E-03  1.1536E-03  3.9141E-04  2.1376E-04  1.2670E-04
       1.0016E-04  1.7688E-04  2.8959E-04  6.8015E-04  1.8942E-03  1.8362E-03  6.8684E-04  2.7876E-04  1.5504E-04  9.9412E-05
       8.1121E-05  1.2094E-04  3.0355E-04  6.9818E-04  1.8440E-03  1.8303E-03  7.1430E-04  2.5197E-04  1.1633E-04  8.7187E-05
       1.0949E-04  1.8810E-04  3.7521E-04  1.1291E-03  3.8022E-03  3.6698E-03  1.1733E-03  4.0016E-04  1.7028E-04  1.2140E-04
       1.2794E-04  2.0632E-04  4.5077E-04  1.5412E-03  6.5822E-03  6.5589E-03  1.6311E-03  4.6670E-04  2.1247E-04  1.2376E-04
       1.4574E-04  2.1511E-04  5.0533E-04  2.0911E-03  1.0828E-02  1.0723E-02  2.0231E-03  5.4301E-04  2.2999E-04  1.3569E-04
       1.1920E-04  2.1808E-04  5.4675E-04  2.3693E-03  1.4434E-02  1.4405E-02  2.3567E-03  5.7513E-04  2.0666E-04  1.2568E-04
       1.2195E-04  2.2762E-04  5.4955E-04  2.4123E-03  1.4706E-02  1.4331E-02  2.3079E-03  5.5140E-04  2.3279E-04  1.4905E-04
       1.0452E-04  1.9459E-04  5.2386E-04  2.0534E-03  1.1007E-02  1.0840E-02  2.0632E-03  4.9798E-04  2.1896E-04  1.2925E-04
       9.8707E-05  2.0463E-04  4.9906E-04  1.6763E-03  6.7811E-03  6.7587E-03  1.7223E-03  4.4427E-04  2.3522E-04  1.0983E-04
       7.2545E-05  1.7364E-04  3.7486E-04  1.1436E-03  3.8266E-03  3.7832E-03  1.2013E-03  3.5066E-04  1.8317E-04  9.7815E-05
       6.9511E-05  1.3101E-04  2.5691E-04  6.8796E-04  1.8504E-03  1.9218E-03  7.0326E-04  2.6475E-04  1.4217E-04  9.3172E-05
       5.5961E-05  1.0322E-04  2.1217E-04  6.1319E-04  1.6366E-03  1.6373E-03  6.5515E-04  2.3661E-04  9.5553E-05  6.2242E-05
       1.0562E-04  1.4932E-04  3.3992E-04  1.0696E-03  3.1020E-03  3.0377E-03  1.0213E-03  3.6222E-04  1.3027E-04  6.1977E-05
       1.2585E-04  1.7873E-04  4.2874E-04  1.4655E-03  5.0871E-03  4.9549E-03  1.4623E-03  4.1961E-04  1.6767E-04  1.1666E-04
       1.2691E-04  1.8696E-04  4.7975E-04  1.8922E-03  7.2909E-03  7.1191E-03  1.7728E-03  5.0797E-04  1.9359E-04  1.0864E-04
       1.0179E-04  2.1410E-04  4.8318E-04  2.0261E-03  9.0667E-03  9.1444E-03  2.0837E-03  5.5855E-04  2.0965E-04  1.1192E-04
       8.9649E-05  1.9677E-04  4.8923E-04  2.1555E-03  9.2472E-03  8.9819E-03  2.1375E-03  4.8805E-04  2.1926E-04  9.9214E-05
       8.7693E-05  1.7717E-04  4.8730E-04  1.7959E-03  7.4209E-03  7.1079E-03  1.8575E-03  4.6138E-04  2.1715E-04  9.8063E-05
       7.5496E-05  1.9534E-04  4.4102E-04  1.4866E-03  5.1034E-03  5.0096E-03  1.4683E-03  3.8845E-04  2.3541E-04  7.9781E-05
       7.4188E-05  1.6054E-04  3.4631E-04  1.1104E-03  3.0474E-03  2.9629E-03  1.0745E-03  3.3178E-04  1.5148E-04  7.1393E-05
       4.6638E-05  1.1230E-04  2.1957E-04  6.9106E-04  1.6167E-03  1.5587E-03  6.7716E-04  2.2246E-04  1.0885E-04  6.1081E-05
       4.5347E-05  9.7437E-05  2.0554E-04  5.7690E-04  1.3736E-03  1.2979E-03  5.7631E-04  1.9445E-04  7.7633E-05  5.6804E-05
       7.4061E-05  1.1159E-04  3.0888E-04  9.9313E-04  2.3980E-03  2.4105E-03  9.1614E-04  3.1434E-04  1.2043E-04  5.5619E-05
       9.4681E-05  1.3052E-04  3.9672E-04  1.2112E-03  3.6605E-03  3.5651E-03  1.2361E-03  3.6489E-04  1.3944E-04  9.8154E-05
       8.5229E-05  1.5806E-04  4.6913E-04  1.5159E-03  4.9425E-03  4.7734E-03  1.5217E-03  4.6151E-04  1.6381E-04  8.6583E-05
       8.5762E-05  1.8904E-04  4.3360E-04  1.7024E-03  5.7141E-03  5.7657E-03  1.7186E-03  4.9589E-04  2.0075E-04  8.4340E-05
       7.3576E-05  1.5955E-04  4.3585E-04  1.7100E-03  5.8699E-03  5.8279E-03  1.7514E-03  4.9076E-04  1.9126E-04  9.0790E-05
       7.5900E-05  1.6297E-04  4.2663E-04  1.5296E-03  4.8136E-03  4.8058E-03  1.4987E-03  4.4039E-04  1.6328E-04  7.6175E-05
       7.1474E-05  1.6669E-04  3.4717E-04  1.2967E-03  3.6295E-03  3.6910E-03  1.2117E-03  3.5901E-04  1.7415E-04  8.0551E-05
       5.4075E-05  1.3268E-04  2.9722E-04  9.9889E-04  2.3820E-03  2.3874E-03  8.8973E-04  2.9258E-04  1.1561E-04  6.4082E-05
       4.1789E-05  8.7922E-05  1.8769E-04  5.7202E-04  1.2575E-03  1.3169E-03  6.0392E-04  2.0605E-04  7.8693E-05  5.6840E-05
       3.7129E-05  7.8863E-05  1.8767E-04  5.0331E-04  1.0557E-03  1.0527E-03  4.7687E-04  1.7274E-04  8.1962E-05  3.4482E-05
       5.8764E-05  9.3759E-05  2.6246E-04  7.4869E-04  1.7532E-03  1.8186E-03  7.2977E-04  2.6092E-04  9.3742E-05  4.2854E-05
       6.6453E-05  1.2513E-04  3.4681E-04  1.0081E-03  2.5975E-03  2.5261E-03  9.8833E-04  2.9882E-04  1.1313E-04  7.1954E-05
       7.2978E-05  1.2261E-04  3.9307E-04  1.1524E-03  3.2649E-03  3.2536E-03  1.1916E-03  3.5564E-04  1.4345E-04  7.2339E-05
       6.3857E-05  1.3792E-04  3.7893E-04  1.3732E-03  3.7350E-03  3.7272E-03  1.3586E-03  4.1444E-04  1.7447E-04  6.3395E-05
       7.5894E-05  1.4616E-04  3.8700E-04  1.4099E-03  3.7947E-03  3.6376E-03  1.3796E-03  3.6849E-04  1.6946E-04  8.3624E-05
       6.3930E-05  1.2117E-04  3.6592E-04  1.2926E-03  3.3419E-03  3.1963E-03  1.1804E-03  3.3733E-04  1.5623E-04  8.5681E-05
       6.6271E-05  1.5231E-04  3.1848E-04  1.0739E-03  2.6075E-03  2.5840E-03  1.0003E-03  3.4152E-04  1.2414E-04  6.9989E-05
       5.9968E-05  1.3981E-04  2.5827E-04  8.5429E-04  1.8382E-03  1.8378E-03  8.1522E-04  2.5655E-04  9.6837E-05  5.0920E-05
       3.6166E-05  7.1337E-05  1.5849E-04  4.4078E-04  1.0341E-03  1.0711E-03  4.6140E-04  1.6467E-04  7.9568E-05  5.2369E-05
       4.5274E-05  5.3420E-05  1.7184E-04  3.9906E-04  7.8919E-04  8.0838E-04  3.3091E-04  1.3390E-04  5.4980E-05  2.7634E-05
       4.7592E-05  9.6541E-05  2.2868E-04  5.8566E-04  1.2377E-03  1.2863E-03  5.5035E-04  2.1085E-04  6.4219E-05  4.1805E-05
       5.9055E-05  1.2337E-04  2.7704E-04  7.8982E-04  1.7802E-03  1.7744E-03  7.7929E-04  2.5312E-04  1.0105E-04  4.5737E-05
       5.8491E-05  1.0418E-04  3.1007E-04  9.6534E-04  2.1876E-03  2.1559E-03  9.3072E-04  2.6688E-04  1.3168E-04  4.9815E-05
       6.5580E-05  1.4447E-04  3.2137E-04  1.0837E-03  2.4512E-03  2.4591E-03  9.9738E-04  3.6181E-04  1.2026E-04  5.8536E-05
       5.7655E-05  1.3047E-04  3.0484E-04  1.0805E-03  2.4310E-03  2.4165E-03  1.0105E-03  3.2708E-04  1.2091E-04  5.9920E-05
       4.9358E-05  1.2685E-04  2.7527E-04  9.6832E-04  2.2219E-03  2.2074E-03  9.3441E-04  2.6990E-04  1.1743E-04  6.4902E-05
       4.1871E-05  1.0232E-04  2.8902E-04  8.2025E-04  1.7761E-03  1.7813E-03  8.3310E-04  2.5893E-04  1.0606E-04  5.1803E-05
       4.9466E-05  1.0911E-04  2.5720E-04  6.8677E-04  1.3421E-03  1.2654E-03  5.6189E-04  2.0453E-04  8.7075E-05  2.9839E-05
       3.7652E-05  6.5706E-05  1.5146E-04  3.5855E-04  7.6372E-04  7.4103E-04  3.6979E-04  1.3409E-04  6.0638E-05  3.0610E-05
       3.7325E-05  4.8407E-05  1.2500E-04  2.8912E-04  5.5385E-04  5.2086E-04  2.5368E-04  1.2070E-04  5.1113E-05  2.1690E-05
       4.0260E-05  7.8454E-05  1.8177E-04  4.9760E-04  9.1566E-04  8.8627E-04  4.5054E-04  1.5381E-04  7.1331E-05  3.1992E-05
       4.5930E-05  9.7576E-05  2.1814E-04  6.0756E-04  1.2283E-03  1.1384E-03  6.2495E-04  2.1089E-04  8.8240E-05  3.1673E-05
       4.7586E-05  1.1147E-04  2.5520E-04  6.7668E-04  1.4677E-03  1.4226E-03  7.1648E-04  2.2366E-04  9.4729E-05  4.1517E-05
       5.1824E-05  1.2224E-04  2.5449E-04  7.8975E-04  1.6162E-03  1.5176E-03  7.4504E-04  2.5723E-04  1.0635E-04  4.5832E-05
       4.9153E-05  7.8978E-05  2.7181E-04  6.9073E-04  1.6190E-03  1.5580E-03  6.6136E-04  2.5713E-04  8.9806E-05  3.9698E-05
       4.5984E-05  8.8742E-05  2.5990E-04  7.0322E-04  1.4824E-03  1.4689E-03  6.0450E-04  2.5430E-04  1.1085E-04  4.9519E-05
       4.3331E-05  7.2725E-05  2.4013E-04  6.3463E-04  1.2527E-03  1.2139E-03  5.5774E-04  2.0348E-04  8.5273E-05  4.2058E-05
       4.5488E-05  8.1094E-05  2.1096E-04  4.7739E-04  8.9540E-04  8.6978E-04  4.3864E-04  1.9161E-04  5.8644E-05  3.6102E-05
       3.2708E-05  5.0621E-05  1.0862E-04  3.1167E-04  5.7071E-04  5.3238E-04  2.7033E-04  1.1281E-04  4.6384E-05  2.2432E-05
       2.3253E-05  2.8764E-05  9.5160E-05  1.9654E-04  3.7289E-04  4.0297E-04  2.0986E-04  9.8461E-05  3.6093E-05  1.6981E-05
       2.9364E-05  6.2367E-05  1.3414E-04  3.2315E-04  5.7980E-04  6.1304E-04  3.2114E-04  1.2058E-04  4.3593E-05  1.9635E-05
       2.5911E-05  7.2829E-05  1.5160E-04  4.2110E-04  7.9986E-04  7.7292E-04  4.1021E-04  1.5646E-04  7.2040E-05  2.5276E-05
       2.4005E-05  8.6930E-05  1.8578E-04  4.9710E-04  8.9945E-04  8.9986E-04  4.7925E-04  1.8765E-04  8.6652E-05  3.4913E-05
       4.1601E-05  8.1413E-05  1.8753E-04  5.1871E-04  1.0328E-03  1.0027E-03  4.6058E-04  2.3691E-04  8.4611E-05  3.4956E-05
       4.2779E-05  6.7325E-05  1.9410E-04  4.8676E-04  1.0432E-03  1.0097E-03  4.3837E-04  1.9570E-04  6.7423E-05  3.1763E-05
       2.9037E-05  6.8012E-05  2.1981E-04  4.4481E-04  9.5822E-04  9.1928E-04  4.4890E-04  2.0065E-04  8.9203E-05  2.6867E-05
       2.6209E-05  5.6470E-05  1.6870E-04  4.2067E-04  8.3752E-04  7.7967E-04  4.0995E-04  1.3872E-04  4.9866E-05  2.8100E-05
       2.6122E-05  5.2308E-05  1.1573E-04  3.5198E-04  6.4293E-04  6.2111E-04  3.3503E-04  1.3143E-04  5.8640E-05  3.0932E-05
       1.3706E-05  4.5470E-05  9.9250E-05  2.0846E-04  3.8553E-04  3.7055E-04  2.0757E-04  8.8956E-05  3.9548E-05  2.7360E-05
       2.2335E-05  2.3060E-05  5.7155E-05  1.3178E-04  2.4897E-04  2.3309E-04  1.3805E-04  7.2831E-05  2.3619E-05  1.6272E-05
       1.4125E-05  3.3666E-05  8.3903E-05  2.0311E-04  3.8582E-04  4.0189E-04  1.8270E-04  6.9231E-05  3.5345E-05  1.3809E-05
       2.3647E-05  3.7663E-05  8.9864E-05  2.5696E-04  4.1374E-04  4.1598E-04  2.4546E-04  1.1789E-04  4.6060E-05  2.3134E-05
       2.0782E-05  7.0958E-05  1.1218E-04  2.8072E-04  4.9898E-04  5.0197E-04  2.9135E-04  1.3644E-04  6.0223E-05  2.4904E-05
       2.6395E-05  7.4045E-05  1.4102E-04  3.3613E-04  5.5312E-04  5.7785E-04  2.8634E-04  1.3048E-04  5.0592E-05  1.9522E-05
       2.9683E-05  4.8879E-05  1.4665E-04  3.2652E-04  5.4682E-04  5.5766E-04  2.7146E-04  1.2919E-04  4.8136E-05  2.8650E-05
       1.3638E-05  5.0510E-05  1.2047E-04  2.8543E-04  5.2504E-04  5.1515E-04  2.5651E-04  1.1046E-04  4.7691E-05  2.9950E-05
       1.7164E-05  5.6647E-05  1.1154E-04  2.3189E-04  4.5058E-04  4.5677E-04  2.2019E-04  9.0931E-05  3.9520E-05  2.1794E-05
       2.5982E-05  3.6233E-05  6.6364E-05  2.0501E-04  3.8876E-04  3.7901E-04  1.8787E-04  7.2032E-05  4.5742E-05  1.6517E-05
       2.0944E-05  2.0816E-05  6.3554E-05  1.5712E-04  2.4116E-04  2.1486E-04  1.4884E-04  4.1912E-05  3.2818E-05  1.5997E-05

      Percentage errors follow in a matrix A(ix,iy,iz), format (1(5x,1p,10(1x,e11.4)))

       6.4759E+00  3.6759E+00  5.0543E+00  2.5172E+00  1.6688E+00  9.4574E-01  2.6118E+00  4.0792E+00  5.8112E+00  7.9130E+00
       7.8510E+00  3.6459E+00  4.2771E+00  2.4219E+00  3.9177E-01  2.9987E-01  1.2476E+00  2.6041E+00  6.0459E+00  5.3591E+00
       9.1487E+00  3.7992E+00  2.5874E+00  1.2217E+00  2.3538E-01  7.6361E-01  8.8521E-01  5.1461E-01  4.3033E+00  5.9279E+00
       5.9440E+00  6.6947E+00  1.4945E+00  1.4239E+00  1.7904E-01  2.2290E-01  1.7763E+00  1.9165E+00  3.8922E+00  7.7216E+00
       7.6609E+00  2.4384E+00  1.9741E+00  1.6439E+00  6.4357E-02  6.8445E-02  9.2021E-01  1.9540E+00  2.5224E+00  7.8562E+00
       4.5424E+00  5.5674E+00  2.5981E+00  1.6304E+00  1.3136E-01  1.7609E-01  2.0898E+00  2.2897E+00  5.2318E+00  5.3583E+00
       6.0506E+00  4.1393E+00  2.9013E+00  1.5017E+00  2.6342E-01  1.7168E-01  1.1936E+00  1.4634E+00  2.4962E+00  6.9596E+00
       7.5465E+00  5.3742E+00  1.7565E+00  1.6294E+00  4.5844E-01  6.4914E-01  1.0932E+00  3.4295E+00  2.6947E+00  1.1301E+01
       4.7384E+00  5.2171E+00  3.4654E+00  9.6312E-01  1.3598E+00  1.2126E+00  1.6556E+00  2.6814E+00  5.3361E+00  6.9591E+00
       7.8760E+00  3.6034E+00  1.6767E+00  2.4469E+00  1.4331E+00  1.1489E+00  2.4857E+00  4.7048E+00  7.2111E+00  6.7337E+00
       9.5873E+00  5.7867E+00  6.6095E+00  3.6542E+00  2.7621E+00  3.1936E+00  1.8647E+00  8.0082E+00  8.5235E+00  1.0347E+01
       5.7691E+00  2.4560E+00  6.4424E+00  3.1448E+00  1.5100E+00  1.2507E+00  2.9864E+00  3.5651E+00  9.4425E+00  1.2991E+01
       8.8803E+00  5.2520E+00  7.0621E+00  2.2261E+00  2.1389E+00  1.6768E+00  4.5618E+00  8.6634E+00  5.0350E+00  1.8144E+01
       9.1327E+00  8.4319E+00  3.7236E+00  2.5748E+00  1.0263E+00  1.0094E+00  1.7971E+00  7.7007E+00  4.7996E+00  4.8746E+00
       8.3623E+00  9.0369E+00  6.3899E+00  2.1774E+00  1.0309E+00  7.5878E-01  1.1232E+00  3.4673E+00  8.2176E+00  1.1958E+01
       9.9371E+00  6.2179E+00  8.0292E+00  3.3492E+00  1.0155E+00  7.1424E-01  3.0542E+00  6.4393E+00  8.2740E+00  1.2810E+01
       1.2984E+01  6.1144E+00  2.4129E+00  3.6907E+00  1.0651E+00  7.7834E-01  4.0752E+00  5.8583E+00  5.6042E+00  6.9573E+00
       7.8481E+00  6.4459E+00  3.6910E+00  3.0668E+00  1.0679E+00  1.4783E+00  2.2950E+00  5.1556E+00  9.4723E+00  8.6755E+00
       8.9889E+00  7.5086E+00  6.2645E+00  1.6061E+00  1.4959E+00  1.4754E+00  1.5604E+00  6.9790E+00  8.4446E+00  1.1102E+01
       8.5616E+00  9.0684E+00  7.1407E+00  3.5925E+00  2.1270E+00  9.1263E-01  3.7653E+00  6.1960E+00  9.4171E+00  9.0826E+00
       7.4232E+00  1.2133E+01  7.9568E+00  5.1575E+00  2.2122E+00  4.7537E+00  3.5390E+00  7.4570E+00  8.2626E+00  1.4690E+01
       6.4528E+00  5.4230E+00  7.4286E+00  4.5718E+00  8.6076E-01  2.9345E+00  2.9180E+00  4.4629E+00  3.2810E+00  1.9979E+01
       1.0928E+01  5.1907E+00  7.7499E+00  2.5621E+00  1.1558E+00  2.2200E+00  3.2107E+00  5.1578E+00  4.8115E+00  1.8126E+01
       8.8148E+00  4.2486E+00  4.4804E+00  3.5150E+00  9.4456E-01  1.0375E+00  2.4260E+00  5.7340E+00  1.0786E+01  1.0028E+01
       1.4290E+01  8.5318E+00  5.1203E+00  2.2948E+00  1.5592E+00  3.8247E-01  2.5692E+00  4.2423E+00  8.8903E+00  1.1098E+01
       7.7834E+00  3.3281E+00  4.6756E+00  3.1157E+00  1.0104E+00  1.3027E+00  1.1223E+00  3.1808E+00  1.1175E+01  1.0647E+01
       7.1892E+00  5.8209E+00  6.4668E+00  3.3349E+00  1.8200E+00  1.7676E+00  3.9775E+00  3.6059E+00  9.6618E+00  7.2741E+00
       8.6351E+00  6.5833E+00  2.6271E+00  3.1135E+00  1.5407E+00  1.1591E+00  3.3612E+00  3.7179E+00  4.4941E+00  7.8866E+00
       1.0884E+01  1.1134E+01  5.7235E+00  1.0039E+00  1.2652E+00  9.8704E-01  2.4599E+00  5.9953E+00  6.8451E+00  8.5384E+00
       1.0501E+01  1.7566E+01  3.9870E+00  3.6971E+00  9.2219E-01  3.5676E+00  3.3407E+00  6.6062E+00  1.2892E+01  5.9636E+00
       1.7001E+01  1.0534E+01  6.5531E+00  4.9443E+00  2.4731E+00  2.4210E+00  6.5896E+00  7.2139E+00  1.0571E+01  1.7432E+01
       1.4018E+01  6.4639E+00  5.0249E+00  1.4149E+00  1.8629E+00  1.5056E+00  5.1005E+00  3.9885E+00  8.1833E+00  2.0776E+01
       1.1079E+01  6.6577E+00  6.8808E+00  4.2681E+00  1.5763E+00  1.2229E+00  2.7447E+00  8.3102E+00  9.2943E+00  8.2669E+00
       1.0117E+01  3.3774E+00  5.3561E+00  3.6880E+00  1.3040E+00  1.6513E+00  1.6274E+00  5.6907E+00  1.3467E+01  1.5831E+01
       1.7846E+01  7.6796E+00  4.7300E+00  2.3846E+00  2.0658E+00  1.8777E+00  3.0723E+00  4.0493E+00  9.4161E+00  7.2742E+00
       1.7929E+01  4.9900E+00  3.5213E+00  2.5050E+00  1.4585E+00  1.1960E+00  1.3877E+00  4.4514E+00  1.1174E+01  5.3560E+00
       1.3583E+01  6.6699E+00  3.8791E+00  3.8394E+00  1.7947E+00  1.6756E+00  2.6375E+00  2.8443E+00  9.6178E+00  1.1553E+01
       1.5687E+01  1.0335E+01  5.5726E+00  1.6976E+00  2.0943E+00  2.0151E+00  2.0180E+00  5.8135E+00  1.4959E+01  1.2307E+01
       1.8500E+01  9.4876E+00  3.7076E+00  1.0427E+00  1.7193E+00  2.1487E+00  2.3790E+00  6.2871E+00  1.1235E+01  1.8866E+01
       1.8612E+01  2.0900E+01  7.7361E+00  6.7809E+00  2.4100E+00  2.4960E+00  4.3677E+00  7.2974E+00  3.9062E+00  8.3451E+00
       1.2846E+01  1.3411E+01  1.0151E+01  5.3198E+00  2.0417E+00  3.2844E+00  2.5374E+00  5.3589E+00  1.4474E+01  1.7238E+01
       7.5234E+00  6.6686E+00  4.8552E+00  6.3508E+00  1.4298E+00  3.4356E+00  7.7938E+00  4.1935E+00  1.0825E+01  2.2673E+01
       3.8414E+00  1.0658E+01  7.8874E+00  4.0474E+00  2.4023E+00  1.8939E+00  2.6320E+00  3.9664E+00  1.0614E+01  1.4827E+01
       5.7433E+00  7.4104E+00  1.0188E+01  3.4885E+00  1.3798E+00  1.7602E+00  3.1141E+00  6.2757E+00  1.3239E+01  9.3916E+00
       2.5521E+01  9.4078E+00  9.8386E+00  2.5109E+00  2.0162E+00  1.7847E+00  2.6583E+00  8.0773E+00  6.9672E+00  8.1054E+00
       1.1237E+01  1.2565E+01  4.8006E+00  1.7992E+00  2.0315E+00  1.9229E+00  3.5108E+00  4.8277E+00  1.4397E+01  4.0713E+00
       9.5747E+00  4.4096E+00  5.7061E+00  2.9284E+00  1.8541E+00  1.2406E+00  3.0064E+00  4.0228E+00  7.7838E+00  1.2516E+01
       1.4794E+01  1.2506E+01  6.4271E+00  2.6431E+00  2.4919E+00  1.4599E+00  3.5265E+00  3.6229E+00  9.1691E+00  2.1846E+01
       1.1685E+01  9.7708E+00  1.0472E+01  3.8507E+00  2.7244E+00  3.1185E+00  3.1517E+00  7.0692E+00  7.8834E+00  2.1977E+01
       3.4992E+01  9.9549E+00  9.0989E+00  5.4865E+00  3.5891E+00  3.4596E+00  4.4830E+00  1.2206E+01  1.2904E+01  1.9376E+01
       1.3058E+01  1.5734E+01  1.1743E+01  3.0086E+00  2.9454E+00  4.5842E+00  8.8564E+00  1.1529E+01  1.0923E+01  2.8006E+01
       1.3388E+01  5.6616E+00  6.2944E+00  4.3230E+00  4.0288E+00  1.8982E+00  5.7468E+00  1.6197E+00  5.3638E+00  2.3025E+01
       1.5179E+01  7.6320E+00  8.8013E+00  5.5169E+00  3.2310E+00  4.0299E+00  4.2387E+00  8.1047E+00  1.1226E+01  2.2002E+01
       1.5118E+01  1.3446E+01  7.9277E+00  2.7482E+00  1.4578E+00  7.4423E-01  3.1703E+00  6.0074E+00  1.2265E+01  1.0877E+01
       9.9525E+00  9.6833E+00  6.6427E+00  2.1147E+00  2.0801E+00  1.3664E+00  1.5472E+00  3.3518E+00  8.1137E+00  8.2519E+00
       1.7740E+01  5.3081E+00  6.1327E+00  2.8526E+00  2.1209E+00  1.2745E+00  3.4687E+00  5.4226E+00  5.1788E+00  1.5647E+01
       6.7894E+00  1.2049E+01  3.6476E+00  6.3606E+00  2.2552E+00  1.2941E+00  5.1447E+00  4.4580E+00  8.7556E+00  1.6624E+01
       1.7129E+01  4.3552E+00  4.7688E+00  4.7309E+00  3.0355E+00  3.6712E+00  6.2062E+00  3.9592E+00  1.0914E+01  1.6198E+01
       1.7347E+01  1.3999E+01  7.6890E+00  5.7304E+00  3.9101E+00  5.0938E+00  2.6938E+00  8.1454E+00  1.2920E+01  2.7873E+01
       1.3611E+01  1.2989E+01  1.2205E+01  3.7895E+00  2.8595E+00  3.8709E+00  4.7964E+00  1.3573E+01  1.9141E+01  8.0892E+00
       2.2559E+01  1.5888E+01  5.2436E+00  7.6774E+00  4.6585E+00  2.7315E+00  5.5383E+00  7.5604E+00  1.2926E+01  1.9683E+01
       1.6662E+01  1.2698E+01  6.4834E+00  7.2689E+00  4.8517E+00  4.8870E+00  4.6858E+00  7.5161E+00  1.1145E+01  2.0053E+01
       1.7398E+01  3.9608E+00  7.4192E+00  3.5059E+00  2.3214E+00  3.7035E+00  4.7849E+00  5.3655E+00  6.1692E+00  1.2468E+01
       1.7415E+01  2.8846E+00  4.2371E+00  2.5404E+00  5.7998E-01  3.1618E+00  4.8651E+00  4.5400E+00  3.9418E+00  6.2106E+00
       7.8253E+00  5.4497E+00  3.6721E+00  1.1786E+00  4.3590E+00  1.4388E+00  2.2274E+00  4.6306E+00  8.5752E+00  1.4950E+01
       1.8021E+01  1.0661E+01  2.7889E+00  2.1188E+00  3.3674E+00  2.2602E+00  3.6377E+00  8.3333E+00  2.0498E+01  1.6117E+01
       1.6127E+01  1.6535E+01  5.4573E+00  5.9068E+00  2.6132E+00  1.9031E+00  1.9697E+00  4.0409E+00  9.3643E+00  1.3545E+01
       1.1427E+01  1.2001E+01  8.6956E+00  4.7783E+00  7.4305E-01  3.5488E+00  4.8452E+00  8.2943E+00  1.5993E+01  1.2039E+01
       8.7133E+00  1.5052E+01  1.2747E+01  1.3584E+00  1.9710E+00  4.5825E+00  1.1316E+00  5.7415E+00  7.3237E+00  2.2382E+01
       1.1448E+01  1.6394E+01  5.3871E+00  1.9894E+00  4.5324E+00  4.5438E+00  8.3282E-01  1.1562E+01  1.0656E+01  6.8276E+00
       1.3905E+01  1.8466E+01  7.4483E+00  8.3489E+00  5.7599E+00  3.2756E+00  6.2193E+00  8.7341E+00  1.4903E+01  1.5085E+01
       2.4604E+01  1.8628E+01  7.2307E+00  8.2754E+00  4.5537E+00  3.1145E+00  7.9793E+00  8.7255E+00  1.1435E+01  1.9782E+01
       2.1670E+01  9.8662E+00  6.7434E+00  4.4272E+00  2.8285E+00  3.4298E+00  7.7324E+00  7.1689E+00  1.8164E+01  1.0783E+01
       2.4411E+01  1.6101E+01  1.1003E+01  2.2585E+00  2.1935E+00  3.7725E+00  5.2035E+00  5.2320E+00  5.6923E+00  2.9064E+01
       9.9472E+00  1.2623E+01  2.4901E+00  5.9340E+00  5.2396E+00  2.4459E+00  6.6739E+00  7.7931E+00  1.6592E+01  1.9407E+01
       1.9334E+01  1.4425E+01  9.1174E+00  4.1190E+00  2.6627E+00  1.2675E+00  2.5182E+00  9.4674E+00  1.5390E+01  1.9278E+01
       1.8661E+01  6.6872E+00  6.7539E+00  3.2923E+00  2.2544E+00  3.7458E+00  2.3426E+00  4.6179E+00  8.0966E+00  1.0935E+01
       1.3522E+01  1.2450E+01  8.3015E+00  3.8338E+00  1.5123E+00  5.9901E+00  3.7580E+00  1.1764E+01  1.7619E+01  8.1576E+00
       2.0300E+01  1.0652E+01  4.4363E+00  3.5422E+00  5.0601E+00  7.2920E+00  6.3554E+00  7.5247E+00  8.3935E+00  1.9276E+01
       1.9572E+01  1.3710E+01  1.2431E+01  3.0719E+00  5.2736E+00  9.9445E+00  6.7505E+00  1.0081E+01  1.6729E+01  1.5176E+01
       1.6283E+01  3.7526E+01  1.1954E+01  5.8780E+00  9.9404E+00  4.3028E+00  4.9649E+00  8.7242E+00  1.4115E+01  2.5610E+01
       2.9419E+01  1.8764E+01  7.5724E+00  7.1241E+00  6.8935E+00  5.6346E+00  8.2726E+00  8.3393E+00  1.0395E+01  2.1915E+01
       9.0781E+00  1.7786E+01  9.9331E+00  5.2841E+00  7.1295E+00  6.1189E+00  8.5260E+00  5.3819E+00  1.2320E+01  8.8791E+00
       1.3677E+01  8.3364E+00  2.2791E+00  6.8687E+00  4.5881E+00  4.3951E+00  6.6461E+00  3.7733E+00  1.2070E+01  1.4615E+01
       1.4277E+01  8.5034E+00  8.8674E+00  3.9714E+00  2.4691E+00  2.9157E+00  4.1252E+00  9.8032E+00  6.6575E+00  3.1311E+01
       1.4393E+01  8.8834E+00  5.2570E+00  7.0679E+00  1.2241E+00  2.7693E+00  4.3501E+00  1.0363E+01  7.0082E+00  3.0989E+01
       2.8882E+01  8.0662E+00  9.4833E+00  2.8974E+00  1.4789E+00  2.5901E+00  2.8686E+00  7.3474E+00  8.9892E+00  1.7455E+01
       2.6057E+01  1.5633E+01  1.2174E+01  4.9045E+00  4.8393E+00  4.3441E+00  3.4449E+00  1.3110E+01  1.2317E+01  5.3987E+00
       1.7350E+01  1.8942E+01  8.6679E+00  6.6428E+00  4.5964E+00  6.4607E+00  4.3873E+00  1.1956E+01  1.2719E+01  1.2131E+01
       2.5291E+01  9.4120E+00  9.9069E+00  1.1526E+01  3.5998E+00  6.8360E+00  5.0277E+00  1.1611E+01  1.9044E+01  1.9555E+01
       2.5672E+01  1.3190E+01  1.0392E+01  8.0950E+00  6.5487E+00  9.6482E+00  1.0647E+01  1.0188E+01  1.8448E+01  3.3191E+01
       2.5469E+01  1.4463E+01  1.5301E+01  1.3252E+01  6.2283E+00  4.3867E+00  8.5892E+00  1.4003E+01  1.7015E+01  2.1042E+01
       1.7994E+01  1.6690E+01  2.4524E+01  5.0925E+00  4.5832E+00  4.7108E+00  5.0065E+00  3.4136E+00  1.7369E+01  2.4248E+01
       1.0231E+01  1.6307E+01  3.0346E+00  9.6237E+00  3.1402E+00  5.6341E+00  6.8546E+00  5.0784E+00  9.5270E+00  2.6497E+01
       2.4704E+01  1.4029E+01  1.3652E+01  5.1244E+00  4.4019E+00  4.0333E+00  2.3430E+00  8.1490E+00  2.1462E+01  2.8906E+01
       2.3272E+01  2.6288E+01  3.9486E+00  5.5565E+00  4.9980E+00  3.3093E+00  8.7601E+00  1.1107E+01  2.1096E+01  2.4852E+01
       2.2709E+01  1.4930E+01  9.6165E+00  7.1621E+00  4.8504E+00  6.0035E+00  4.8664E+00  1.4351E+01  9.2596E+00  3.9260E+01
       3.4061E+01  1.1804E+01  1.0430E+01  3.2269E+00  9.6813E+00  6.7431E+00  4.9464E+00  1.2126E+01  1.4931E+01  9.2764E+00
       2.0985E+01  8.5676E+00  1.5095E+01  1.0333E+01  2.5594E+00  6.9283E+00  1.1938E+01  1.8837E+01  1.4500E+01  2.0746E+01
       7.7153E+00  1.1975E+01  2.6283E+01  4.6043E+00  6.2389E+00  7.3943E+00  1.7412E+01  1.7983E+01  1.5991E+01  3.0347E+01
