1
   Cartesian binning n.   1  "DoseEq    " , generalized particle n.  240
      X coordinate: from -8.5000E+01 to  8.5000E+01 cm,    10 bins ( 1.7000E+01 cm wide)
      Y coordinate: from -2.5000E+01 to  2.5000E+01 cm,    10 bins ( 5.0000E+00 cm wide)
      Z coordinate: from  2.2500E+02 to  2.7500E+02 cm,    10 bins ( 5.0000E+00 cm wide)
      Data follow in a matrix A(ix,iy,iz), format (1(5x,1p,10(1x,e11.4)))

      accurate deposition along the tracks requested
      this is a track-length binning
       1.8761E-04  2.2233E-04  2.4077E-04  2.5145E-04  2.7597E-04  2.6703E-04  2.6244E-04  2.4343E-04  2.2619E-04  1.9320E-04
       2.1499E-04  2.4918E-04  2.8080E-04  3.0041E-04  3.2056E-04  3.0664E-04  3.0527E-04  2.7845E-04  2.5239E-04  2.1231E-04
       2.2272E-04  2.6603E-04  2.9521E-04  3.1795E-04  3.2887E-04  3.2267E-04  3.1372E-04  2.9672E-04  2.6043E-04  2.1637E-04
       2.2852E-04  2.6939E-04  3.0242E-04  3.2760E-04  3.2538E-04  3.3944E-04  3.2038E-04  2.9622E-04  2.6892E-04  2.2035E-04
       2.2188E-04  2.6958E-04  3.0132E-04  3.2522E-04  3.3703E-04  3.3818E-04  3.1970E-04  2.9676E-04  2.7203E-04  2.2298E-04
       2.2067E-04  2.6753E-04  3.0434E-04  3.2907E-04  3.2821E-04  3.2709E-04  3.2152E-04  2.9818E-04  2.7626E-04  2.2425E-04
       2.2054E-04  2.5972E-04  2.9375E-04  3.2323E-04  3.3656E-04  3.3217E-04  3.2897E-04  3.0238E-04  2.7196E-04  2.1886E-04
       2.1610E-04  2.5927E-04  2.9131E-04  3.1394E-04  3.2279E-04  3.2539E-04  3.2327E-04  2.9011E-04  2.6505E-04  2.2116E-04
       2.0482E-04  2.5346E-04  2.8491E-04  3.0898E-04  3.1350E-04  3.0820E-04  3.0155E-04  2.7211E-04  2.5047E-04  2.0727E-04
       1.8095E-04  2.2021E-04  2.3914E-04  2.7314E-04  2.7128E-04  2.6955E-04  2.6748E-04  2.4314E-04  2.1757E-04  1.8298E-04
       1.3481E-04  1.6748E-04  1.8609E-04  1.9405E-04  2.1768E-04  2.0697E-04  1.9309E-04  1.9154E-04  1.6773E-04  1.3597E-04
       1.6328E-04  2.0681E-04  2.2495E-04  2.3968E-04  2.5709E-04  2.5087E-04  2.4635E-04  2.2874E-04  2.0311E-04  1.5830E-04
       1.7461E-04  2.2310E-04  2.4053E-04  2.6435E-04  2.7146E-04  2.6644E-04  2.6080E-04  2.3611E-04  2.2092E-04  1.7156E-04
       1.7686E-04  2.2053E-04  2.4961E-04  2.7189E-04  2.8198E-04  2.8440E-04  2.7714E-04  2.4349E-04  2.2911E-04  1.7109E-04
       1.7476E-04  2.2389E-04  2.5527E-04  2.7970E-04  2.8708E-04  2.8523E-04  2.7075E-04  2.4903E-04  2.2651E-04  1.7876E-04
       1.7015E-04  2.2680E-04  2.5380E-04  2.8165E-04  2.8791E-04  2.8270E-04  2.6606E-04  2.5675E-04  2.2757E-04  1.7634E-04
       1.7436E-04  2.1658E-04  2.5164E-04  2.7234E-04  2.9414E-04  2.8043E-04  2.7586E-04  2.5444E-04  2.2476E-04  1.7327E-04
       1.6967E-04  2.1556E-04  2.4355E-04  2.6557E-04  2.7837E-04  2.6623E-04  2.6912E-04  2.4353E-04  2.1886E-04  1.6260E-04
       1.5643E-04  2.0284E-04  2.2943E-04  2.4145E-04  2.5311E-04  2.5301E-04  2.4413E-04  2.2046E-04  2.0327E-04  1.5754E-04
       1.3324E-04  1.6768E-04  1.8617E-04  2.0724E-04  2.0105E-04  2.0331E-04  1.9386E-04  1.8204E-04  1.6404E-04  1.3130E-04
       9.7764E-05  1.3290E-04  1.4276E-04  1.5096E-04  1.6136E-04  1.5492E-04  1.4178E-04  1.3891E-04  1.2375E-04  9.9051E-05
       1.1408E-04  1.5912E-04  1.7126E-04  1.8879E-04  2.0060E-04  1.8727E-04  1.8760E-04  1.7076E-04  1.5032E-04  1.1867E-04
       1.3151E-04  1.7111E-04  1.8598E-04  2.0532E-04  2.1952E-04  2.0549E-04  2.0740E-04  1.7917E-04  1.6953E-04  1.2589E-04
       1.3226E-04  1.7193E-04  1.9814E-04  2.1227E-04  2.2317E-04  2.2243E-04  2.1407E-04  1.9763E-04  1.7330E-04  1.3192E-04
       1.3076E-04  1.7685E-04  1.9622E-04  2.2275E-04  2.2597E-04  2.2942E-04  2.1279E-04  2.0019E-04  1.7349E-04  1.3038E-04
       1.3205E-04  1.7633E-04  1.9960E-04  2.2301E-04  2.3067E-04  2.2674E-04  2.1074E-04  2.0216E-04  1.8144E-04  1.3687E-04
       1.2530E-04  1.6758E-04  1.9930E-04  2.1495E-04  2.2757E-04  2.2422E-04  2.1424E-04  1.9584E-04  1.7724E-04  1.3332E-04
       1.2340E-04  1.6114E-04  1.8870E-04  2.0273E-04  2.1966E-04  2.0941E-04  2.0712E-04  1.8879E-04  1.6903E-04  1.2592E-04
       1.1330E-04  1.5489E-04  1.7590E-04  1.8403E-04  1.9574E-04  1.9515E-04  1.8390E-04  1.6972E-04  1.4911E-04  1.1670E-04
       9.8029E-05  1.2448E-04  1.4229E-04  1.5114E-04  1.5636E-04  1.5291E-04  1.4277E-04  1.4008E-04  1.2524E-04  9.6464E-05
       7.6352E-05  9.3609E-05  1.0707E-04  1.1460E-04  1.2376E-04  1.1620E-04  1.1404E-04  1.0820E-04  9.1737E-05  7.7927E-05
       8.7909E-05  1.1689E-04  1.3286E-04  1.4329E-04  1.4959E-04  1.4007E-04  1.4121E-04  1.2962E-04  1.1934E-04  8.9594E-05
       9.4078E-05  1.2454E-04  1.4041E-04  1.5287E-04  1.6766E-04  1.6067E-04  1.5588E-04  1.4503E-04  1.3016E-04  9.3762E-05
       9.8155E-05  1.3695E-04  1.5070E-04  1.6167E-04  1.7153E-04  1.7759E-04  1.6406E-04  1.5539E-04  1.3548E-04  1.0340E-04
       1.0096E-04  1.3208E-04  1.5222E-04  1.7373E-04  1.7820E-04  1.7702E-04  1.6960E-04  1.5459E-04  1.3662E-04  1.0383E-04
       1.0021E-04  1.3499E-04  1.5238E-04  1.7595E-04  1.8142E-04  1.8190E-04  1.6649E-04  1.5600E-04  1.4371E-04  1.0559E-04
       9.5358E-05  1.3236E-04  1.5360E-04  1.6759E-04  1.7601E-04  1.7254E-04  1.6614E-04  1.4831E-04  1.3298E-04  1.0217E-04
       9.7070E-05  1.2205E-04  1.4642E-04  1.5702E-04  1.6616E-04  1.6037E-04  1.5552E-04  1.3975E-04  1.2774E-04  9.7608E-05
       8.8476E-05  1.1750E-04  1.3488E-04  1.4449E-04  1.4793E-04  1.4654E-04  1.4335E-04  1.2470E-04  1.1248E-04  8.7944E-05
       7.6844E-05  9.3340E-05  1.1151E-04  1.1603E-04  1.2006E-04  1.1789E-04  1.1557E-04  1.0598E-04  8.9231E-05  7.2269E-05
       5.8931E-05  7.5708E-05  8.7771E-05  9.2577E-05  9.5883E-05  9.0453E-05  8.7996E-05  8.0759E-05  7.5001E-05  6.2376E-05
       7.2596E-05  8.9222E-05  1.0322E-04  1.1084E-04  1.1628E-04  1.0847E-04  1.0988E-04  9.9869E-05  9.0083E-05  6.9014E-05
       7.4386E-05  9.5005E-05  1.1109E-04  1.1694E-04  1.2579E-04  1.2630E-04  1.2113E-04  1.1527E-04  9.8369E-05  7.7267E-05
       7.4999E-05  1.0875E-04  1.1822E-04  1.2296E-04  1.3605E-04  1.4112E-04  1.2725E-04  1.1945E-04  1.0687E-04  8.2078E-05
       8.3335E-05  1.1038E-04  1.1813E-04  1.3297E-04  1.3585E-04  1.4260E-04  1.3099E-04  1.2037E-04  1.0571E-04  8.2352E-05
       8.3502E-05  1.0554E-04  1.1860E-04  1.3652E-04  1.4207E-04  1.4270E-04  1.3190E-04  1.2241E-04  1.0975E-04  7.8708E-05
       7.8295E-05  1.0349E-04  1.2561E-04  1.2863E-04  1.3634E-04  1.3746E-04  1.2955E-04  1.1761E-04  1.0110E-04  7.8081E-05
       7.4968E-05  9.6677E-05  1.1405E-04  1.2512E-04  1.2783E-04  1.2643E-04  1.2002E-04  1.0573E-04  1.0005E-04  7.5413E-05
       7.0953E-05  9.1617E-05  1.0363E-04  1.1387E-04  1.1659E-04  1.1551E-04  1.1145E-04  9.7645E-05  9.0503E-05  6.8091E-05
       5.9009E-05  7.5590E-05  8.6681E-05  9.1430E-05  9.8064E-05  9.1032E-05  9.1513E-05  8.3881E-05  7.2380E-05  6.0706E-05
       4.9269E-05  6.2557E-05  6.9044E-05  7.2247E-05  7.6434E-05  6.9048E-05  7.1951E-05  6.8647E-05  6.0797E-05  4.9541E-05
       5.7867E-05  7.2528E-05  8.0454E-05  8.6046E-05  8.8354E-05  8.2555E-05  8.5176E-05  8.0249E-05  7.0385E-05  5.7133E-05
       5.8578E-05  7.5723E-05  8.7885E-05  9.3435E-05  9.6753E-05  1.0409E-04  9.4160E-05  8.9259E-05  7.7712E-05  6.4846E-05
       6.1302E-05  8.2317E-05  9.0864E-05  1.0222E-04  1.0499E-04  1.0902E-04  9.9444E-05  9.3353E-05  8.2303E-05  6.4316E-05
       6.2430E-05  8.5930E-05  9.2240E-05  1.0506E-04  1.0963E-04  1.0937E-04  1.0512E-04  9.5953E-05  8.5945E-05  6.1092E-05
       6.5163E-05  8.3927E-05  9.5254E-05  1.0423E-04  1.0985E-04  1.0985E-04  1.0491E-04  9.8910E-05  8.8142E-05  6.3172E-05
       6.0795E-05  8.3360E-05  9.3069E-05  9.9708E-05  1.0663E-04  1.0982E-04  1.0672E-04  9.5841E-05  7.8058E-05  5.9079E-05
       6.2343E-05  8.0252E-05  8.5563E-05  1.0215E-04  1.0088E-04  9.9583E-05  9.4121E-05  8.8214E-05  7.4173E-05  5.9922E-05
       5.6906E-05  7.4771E-05  7.9475E-05  9.1148E-05  9.3903E-05  8.5434E-05  8.5350E-05  8.1381E-05  6.7612E-05  5.7323E-05
       4.9893E-05  6.3160E-05  6.7755E-05  7.2004E-05  8.1291E-05  7.5099E-05  7.2449E-05  7.1843E-05  6.0572E-05  5.0593E-05
       4.4918E-05  5.3127E-05  5.8994E-05  5.7596E-05  6.1547E-05  5.6089E-05  5.9358E-05  5.8143E-05  5.1074E-05  4.5003E-05
       4.8421E-05  5.5986E-05  6.4764E-05  7.3003E-05  7.2669E-05  6.9428E-05  6.7928E-05  6.5763E-05  5.3782E-05  5.0221E-05
       4.8670E-05  6.0194E-05  6.9165E-05  7.3824E-05  7.5407E-05  8.3100E-05  7.2816E-05  7.1793E-05  6.0162E-05  5.1347E-05
       4.9635E-05  6.5427E-05  6.9462E-05  8.2510E-05  8.5539E-05  8.6370E-05  7.7495E-05  7.0533E-05  6.6604E-05  5.0039E-05
       4.9519E-05  6.6825E-05  7.0360E-05  8.4383E-05  8.7366E-05  8.7265E-05  8.1164E-05  7.7734E-05  6.6510E-05  5.1527E-05
       4.9055E-05  6.5780E-05  7.3190E-05  8.1951E-05  8.5724E-05  8.9322E-05  8.3251E-05  7.9158E-05  6.6734E-05  5.2982E-05
       4.9453E-05  6.4763E-05  6.9900E-05  8.1139E-05  8.3093E-05  8.6182E-05  8.6295E-05  7.7320E-05  6.3902E-05  5.0176E-05
       4.9368E-05  6.2536E-05  6.7172E-05  7.9039E-05  7.3928E-05  8.0199E-05  7.6645E-05  7.0542E-05  6.0285E-05  5.1244E-05
       4.5435E-05  6.1244E-05  6.3024E-05  6.9582E-05  7.2328E-05  7.1775E-05  6.5354E-05  6.4386E-05  5.4361E-05  4.7925E-05
       4.4943E-05  5.4018E-05  5.6114E-05  6.0779E-05  6.5795E-05  6.2273E-05  5.7649E-05  5.8401E-05  5.2266E-05  4.4969E-05
       3.8043E-05  4.6843E-05  4.6591E-05  4.9483E-05  5.3866E-05  5.0704E-05  5.2284E-05  4.8082E-05  4.4139E-05  4.0036E-05
       3.8746E-05  4.5668E-05  5.3110E-05  5.7855E-05  5.8837E-05  6.0446E-05  5.8454E-05  5.0483E-05  4.7680E-05  4.2485E-05
       4.1662E-05  5.1056E-05  5.4607E-05  5.7515E-05  6.2981E-05  6.3858E-05  6.2803E-05  5.6811E-05  5.1971E-05  4.1631E-05
       4.1052E-05  5.1829E-05  5.7379E-05  6.4174E-05  6.6538E-05  6.7722E-05  6.8548E-05  5.9647E-05  5.4365E-05  4.1164E-05
       4.0584E-05  5.4542E-05  5.4965E-05  6.5403E-05  7.2422E-05  6.8194E-05  6.6758E-05  6.0730E-05  5.4315E-05  4.2464E-05
       4.0879E-05  5.2409E-05  6.0341E-05  6.4450E-05  6.9515E-05  7.0817E-05  6.6859E-05  6.1010E-05  5.3800E-05  4.3384E-05
       4.1723E-05  4.8675E-05  5.4819E-05  6.2612E-05  6.6204E-05  6.7250E-05  6.9324E-05  6.1591E-05  5.2458E-05  4.3103E-05
       4.0295E-05  4.8935E-05  5.5426E-05  6.2824E-05  6.1915E-05  6.6341E-05  6.2888E-05  5.7849E-05  5.1254E-05  4.3321E-05
       3.8707E-05  4.6807E-05  4.9314E-05  5.6846E-05  5.9221E-05  6.0595E-05  5.5629E-05  5.0738E-05  4.7818E-05  4.1075E-05
       3.8549E-05  4.5423E-05  4.8781E-05  5.2214E-05  5.4406E-05  5.1716E-05  5.1513E-05  4.9014E-05  4.3554E-05  3.9377E-05
       3.5479E-05  3.9977E-05  4.4640E-05  4.4146E-05  4.5185E-05  4.7177E-05  4.6961E-05  4.0367E-05  3.9716E-05  3.6954E-05
       3.3864E-05  4.0779E-05  4.4277E-05  4.7384E-05  4.8548E-05  5.3531E-05  5.0266E-05  4.2350E-05  4.1732E-05  3.8306E-05
       3.7620E-05  4.3592E-05  4.5564E-05  4.9397E-05  5.2242E-05  5.4126E-05  5.5336E-05  4.8280E-05  4.3355E-05  4.0314E-05
       4.0131E-05  4.3982E-05  4.7781E-05  5.2402E-05  5.5949E-05  5.7530E-05  5.5158E-05  5.0882E-05  4.4281E-05  3.6606E-05
       3.8611E-05  4.6420E-05  4.9786E-05  5.2265E-05  5.6935E-05  5.7799E-05  5.6629E-05  4.7781E-05  4.5752E-05  3.5854E-05
       4.0259E-05  4.6968E-05  4.9303E-05  5.3717E-05  5.8669E-05  5.8612E-05  5.4352E-05  5.0273E-05  4.6776E-05  3.5396E-05
       3.7120E-05  4.4103E-05  4.5832E-05  5.4138E-05  5.4730E-05  5.9483E-05  5.6398E-05  5.4052E-05  4.3124E-05  4.1821E-05
       3.7562E-05  4.1699E-05  4.6663E-05  5.1642E-05  5.1789E-05  5.7166E-05  5.2646E-05  5.0116E-05  4.2359E-05  3.7483E-05
       3.5598E-05  3.8759E-05  4.4761E-05  4.8280E-05  5.1423E-05  4.9009E-05  4.6965E-05  4.4297E-05  4.1686E-05  4.1106E-05
       3.5629E-05  3.9549E-05  4.3100E-05  4.5981E-05  4.6731E-05  4.6459E-05  4.3608E-05  4.1416E-05  3.9299E-05  3.9711E-05
       3.6060E-05  4.0931E-05  4.2623E-05  4.2736E-05  4.2980E-05  4.6728E-05  4.5622E-05  4.1348E-05  4.0362E-05  3.6569E-05
       3.8210E-05  4.1082E-05  4.2089E-05  4.2727E-05  4.6924E-05  5.1577E-05  4.6594E-05  4.2303E-05  4.0913E-05  3.8345E-05
       3.9186E-05  3.8956E-05  4.4553E-05  4.4199E-05  4.7606E-05  4.8120E-05  4.9681E-05  4.6048E-05  4.3029E-05  3.7614E-05
       4.1417E-05  4.2410E-05  4.5585E-05  4.8671E-05  4.9742E-05  5.3000E-05  4.9886E-05  4.6359E-05  4.2673E-05  3.9302E-05
       4.0121E-05  4.6543E-05  4.5571E-05  4.8311E-05  5.1432E-05  4.9848E-05  5.1695E-05  4.6970E-05  4.1895E-05  3.9029E-05
       4.0142E-05  4.1159E-05  4.6357E-05  4.8950E-05  5.0536E-05  5.3879E-05  5.2650E-05  4.6160E-05  4.3348E-05  3.9021E-05
       3.9148E-05  4.1600E-05  4.3588E-05  4.6657E-05  4.7973E-05  5.5568E-05  4.9647E-05  4.8648E-05  4.5229E-05  4.1625E-05
       3.6868E-05  4.1387E-05  4.3435E-05  4.6112E-05  4.8008E-05  4.7370E-05  4.8787E-05  4.7917E-05  4.0452E-05  3.8218E-05
       3.7224E-05  3.9240E-05  4.3097E-05  4.4639E-05  4.6599E-05  4.5481E-05  4.6889E-05  4.1671E-05  3.9896E-05  3.7533E-05
       3.6987E-05  3.8901E-05  4.0264E-05  4.3033E-05  4.5153E-05  4.4339E-05  4.2497E-05  4.2345E-05  3.6559E-05  3.7333E-05

      Percentage errors follow in a matrix A(ix,iy,iz), format (1(5x,1p,10(1x,e11.4)))

       1.8429E+00  1.5586E+00  1.4758E+00  1.5809E+00  1.3142E+00  1.5361E+00  1.4926E+00  1.3831E+00  1.6030E+00  1.7428E+00
       1.8853E+00  1.4696E+00  1.4298E+00  1.1966E+00  1.4997E+00  1.4153E+00  1.5435E+00  1.2216E+00  1.5478E+00  2.1280E+00
       1.5688E+00  1.4523E+00  1.4244E+00  1.1976E+00  1.5020E+00  1.4287E+00  1.4889E+00  1.3912E+00  1.4288E+00  1.8355E+00
       1.7708E+00  1.6036E+00  1.6358E+00  1.2442E+00  1.4529E+00  1.4447E+00  1.4237E+00  1.6417E+00  1.5548E+00  1.6690E+00
       1.7116E+00  1.6433E+00  1.3121E+00  1.3796E+00  1.4215E+00  1.3760E+00  1.3887E+00  1.4148E+00  1.5478E+00  1.7230E+00
       1.5499E+00  1.6006E+00  1.3756E+00  1.4253E+00  1.2418E+00  1.3786E+00  1.3854E+00  1.4341E+00  1.5035E+00  1.7341E+00
       1.6067E+00  1.6000E+00  1.5304E+00  1.3569E+00  1.4452E+00  1.3789E+00  1.5141E+00  1.4623E+00  1.6054E+00  1.7515E+00
       1.7438E+00  1.5693E+00  1.4595E+00  1.4500E+00  1.3133E+00  1.2083E+00  1.3909E+00  1.4785E+00  1.6310E+00  1.9585E+00
       1.6824E+00  1.6423E+00  1.5742E+00  1.4135E+00  1.4467E+00  1.4404E+00  1.5112E+00  1.6214E+00  1.4999E+00  1.7255E+00
       2.1793E+00  1.6080E+00  1.6202E+00  1.5188E+00  1.5408E+00  1.5783E+00  1.6406E+00  1.4902E+00  1.5584E+00  1.5945E+00
       2.4966E+00  1.7338E+00  1.7963E+00  1.7587E+00  1.7786E+00  1.7834E+00  1.8310E+00  1.9549E+00  2.0615E+00  2.2778E+00
       2.2667E+00  1.5836E+00  1.5788E+00  1.4760E+00  1.7036E+00  1.8008E+00  1.7795E+00  1.6069E+00  1.8815E+00  2.2270E+00
       1.8984E+00  1.7668E+00  1.6758E+00  1.5825E+00  1.5124E+00  1.6885E+00  1.9230E+00  1.4903E+00  1.3847E+00  2.1923E+00
       2.1073E+00  1.6633E+00  1.5585E+00  1.5935E+00  1.4013E+00  1.5637E+00  1.7206E+00  1.8407E+00  1.7681E+00  1.8478E+00
       1.8248E+00  1.8804E+00  1.4581E+00  1.4792E+00  1.5954E+00  1.5970E+00  1.6068E+00  1.4473E+00  1.7018E+00  1.7743E+00
       1.9722E+00  1.6100E+00  1.5908E+00  1.6666E+00  1.4281E+00  1.3809E+00  1.6084E+00  1.6350E+00  1.6547E+00  2.1683E+00
       1.8718E+00  1.9235E+00  1.6494E+00  1.5279E+00  1.4127E+00  1.4326E+00  1.6113E+00  1.7942E+00  1.8065E+00  1.9408E+00
       2.2841E+00  1.9753E+00  1.6752E+00  1.4986E+00  1.4486E+00  1.6583E+00  1.6602E+00  1.7895E+00  1.8146E+00  2.0918E+00
       2.4194E+00  2.1569E+00  1.7842E+00  1.5570E+00  1.4464E+00  1.7515E+00  1.6747E+00  1.9162E+00  1.6647E+00  2.3574E+00
       2.1134E+00  1.8480E+00  1.8745E+00  1.8569E+00  1.7564E+00  1.7413E+00  1.7234E+00  1.8384E+00  1.8905E+00  2.0545E+00
       2.4179E+00  2.3742E+00  2.0629E+00  1.8728E+00  2.0292E+00  1.9305E+00  2.0435E+00  1.8482E+00  2.3024E+00  2.4526E+00
       2.4372E+00  2.1004E+00  2.1063E+00  1.9062E+00  1.9500E+00  1.9905E+00  1.9345E+00  2.0912E+00  2.0680E+00  2.6402E+00
       2.3638E+00  1.9953E+00  1.7799E+00  1.6427E+00  1.9230E+00  1.7996E+00  2.2014E+00  2.0157E+00  2.1297E+00  2.4792E+00
       2.3233E+00  1.9740E+00  1.8070E+00  1.8962E+00  1.4987E+00  1.6577E+00  1.9913E+00  1.8188E+00  2.1938E+00  2.3376E+00
       2.1838E+00  1.9874E+00  1.7611E+00  1.7248E+00  1.6601E+00  1.9109E+00  1.8538E+00  1.8094E+00  2.1493E+00  2.1903E+00
       2.4677E+00  1.8080E+00  1.8849E+00  1.7498E+00  1.6688E+00  1.6054E+00  2.0120E+00  1.7266E+00  1.9601E+00  2.3851E+00
       2.3855E+00  1.9514E+00  1.7720E+00  1.7718E+00  1.8100E+00  1.6806E+00  2.0314E+00  1.9343E+00  1.9969E+00  2.5617E+00
       2.4128E+00  2.0874E+00  1.9382E+00  1.9050E+00  1.7744E+00  2.0152E+00  1.8019E+00  1.9495E+00  2.0132E+00  2.6321E+00
       2.4702E+00  2.1180E+00  2.0339E+00  1.7815E+00  1.8594E+00  2.0122E+00  1.9543E+00  2.2275E+00  2.1732E+00  2.2991E+00
       2.4721E+00  2.2914E+00  2.0626E+00  2.2973E+00  1.8915E+00  2.1420E+00  2.3031E+00  2.2559E+00  2.1833E+00  2.7090E+00
       2.7833E+00  2.5989E+00  2.3624E+00  2.3342E+00  2.2229E+00  2.3496E+00  2.4563E+00  2.0321E+00  2.7625E+00  2.5948E+00
       3.1902E+00  2.3030E+00  2.1337E+00  2.2973E+00  2.2660E+00  2.0292E+00  2.2724E+00  2.4460E+00  2.1594E+00  3.2732E+00
       2.5825E+00  2.2214E+00  2.0967E+00  2.0972E+00  2.0654E+00  2.0085E+00  2.0233E+00  2.1545E+00  2.2908E+00  2.6134E+00
       2.7170E+00  2.4379E+00  1.9530E+00  1.9943E+00  1.9656E+00  1.8264E+00  2.0784E+00  2.1405E+00  2.6266E+00  2.6694E+00
       2.5704E+00  2.4178E+00  2.1850E+00  1.8304E+00  2.0184E+00  2.2411E+00  2.0237E+00  2.0625E+00  2.3340E+00  2.4790E+00
       2.6135E+00  2.4188E+00  2.1824E+00  2.2093E+00  1.8437E+00  1.8560E+00  2.1502E+00  1.8473E+00  2.3224E+00  2.5558E+00
       2.5528E+00  2.5274E+00  2.1469E+00  2.1205E+00  2.0159E+00  1.7572E+00  2.2622E+00  2.2607E+00  2.1378E+00  2.6314E+00
       2.6442E+00  2.4939E+00  2.2440E+00  2.4602E+00  2.0956E+00  2.3538E+00  2.2068E+00  2.2390E+00  2.5380E+00  2.7441E+00
       2.7168E+00  2.8590E+00  2.3232E+00  2.1086E+00  1.9449E+00  2.1013E+00  2.5185E+00  2.3007E+00  2.3423E+00  2.7557E+00
       3.1320E+00  2.7649E+00  2.2073E+00  2.3700E+00  2.0772E+00  2.0378E+00  2.2775E+00  2.8573E+00  2.3656E+00  3.1848E+00
       3.1226E+00  3.0674E+00  2.4829E+00  2.8523E+00  2.6458E+00  2.3063E+00  2.6839E+00  3.0199E+00  3.0298E+00  3.2448E+00
       2.8892E+00  2.8928E+00  2.8005E+00  3.0797E+00  2.3247E+00  2.5411E+00  2.6136E+00  2.6188E+00  2.9720E+00  3.0989E+00
       2.8450E+00  2.7409E+00  2.2778E+00  2.9012E+00  2.2487E+00  2.2948E+00  2.5054E+00  2.3170E+00  2.8462E+00  2.6896E+00
       3.3509E+00  2.7522E+00  2.5489E+00  2.3740E+00  2.2704E+00  2.1187E+00  2.1314E+00  2.3221E+00  2.7450E+00  3.0462E+00
       2.8740E+00  2.4702E+00  2.5798E+00  2.4590E+00  2.5414E+00  2.3924E+00  2.3134E+00  2.3344E+00  2.4743E+00  2.8676E+00
       2.6034E+00  2.3278E+00  2.4373E+00  2.2795E+00  2.1218E+00  2.1571E+00  2.3207E+00  2.5216E+00  2.6231E+00  2.8304E+00
       3.0375E+00  2.7118E+00  2.3119E+00  2.3646E+00  2.0424E+00  2.0531E+00  2.7091E+00  2.5933E+00  2.7557E+00  2.9032E+00
       3.1849E+00  2.9118E+00  2.5339E+00  2.6708E+00  2.5174E+00  2.5451E+00  2.4360E+00  2.4094E+00  2.8468E+00  3.0781E+00
       3.1192E+00  2.9226E+00  2.3691E+00  2.2645E+00  2.5332E+00  2.6416E+00  2.4787E+00  2.7717E+00  3.1231E+00  3.7930E+00
       3.4767E+00  2.6177E+00  2.8688E+00  2.3395E+00  2.5597E+00  2.6344E+00  2.7411E+00  2.6471E+00  3.2771E+00  3.0383E+00
       3.4809E+00  3.5326E+00  2.8867E+00  2.8364E+00  2.8491E+00  3.0210E+00  2.6141E+00  3.1184E+00  3.0645E+00  3.9684E+00
       3.2705E+00  3.3172E+00  3.0903E+00  2.5287E+00  2.7875E+00  3.0623E+00  2.7130E+00  2.8212E+00  3.2277E+00  3.4954E+00
       3.1819E+00  3.0870E+00  2.6620E+00  2.7960E+00  2.5410E+00  2.7034E+00  3.0342E+00  2.8544E+00  3.2473E+00  3.0783E+00
       3.5298E+00  2.8866E+00  2.7922E+00  2.7361E+00  2.2354E+00  2.3133E+00  2.6615E+00  2.6369E+00  3.2672E+00  3.6214E+00
       3.3617E+00  2.8326E+00  2.9726E+00  2.8036E+00  2.6911E+00  2.6916E+00  2.7287E+00  2.8267E+00  3.2995E+00  3.5395E+00
       3.5109E+00  2.8707E+00  2.5271E+00  2.9044E+00  2.8643E+00  2.3212E+00  2.7091E+00  2.9242E+00  3.0582E+00  3.3350E+00
       3.5589E+00  2.9921E+00  3.0437E+00  2.5028E+00  2.6988E+00  2.5055E+00  2.6068E+00  3.2299E+00  3.2750E+00  3.4802E+00
       3.5095E+00  3.0125E+00  2.9976E+00  2.8595E+00  2.6904E+00  2.4600E+00  2.5428E+00  2.5431E+00  3.3775E+00  3.0490E+00
       3.1636E+00  2.8018E+00  2.8017E+00  2.7911E+00  3.1010E+00  2.5791E+00  2.9983E+00  2.9160E+00  3.1817E+00  3.6762E+00
       3.3389E+00  3.1114E+00  3.2577E+00  2.6180E+00  2.5991E+00  2.6705E+00  3.0447E+00  3.0737E+00  3.1245E+00  3.5466E+00
       3.9394E+00  3.4180E+00  3.1757E+00  2.9424E+00  3.5275E+00  3.1598E+00  2.9362E+00  2.9759E+00  3.1400E+00  3.8269E+00
       4.2363E+00  3.3104E+00  3.4215E+00  3.7307E+00  3.2790E+00  3.0224E+00  2.9050E+00  3.4266E+00  3.5285E+00  3.4525E+00
       3.8362E+00  3.3465E+00  2.7936E+00  3.2408E+00  3.0041E+00  2.5653E+00  3.2762E+00  3.0384E+00  3.6155E+00  3.8508E+00
       3.9751E+00  2.8830E+00  3.4859E+00  2.8651E+00  2.9017E+00  2.7089E+00  3.1454E+00  2.4809E+00  3.5255E+00  3.9129E+00
       3.8062E+00  3.2926E+00  2.9714E+00  2.4685E+00  3.0666E+00  2.9126E+00  3.3593E+00  3.3582E+00  3.1680E+00  3.4801E+00
       3.8996E+00  3.5409E+00  3.1239E+00  3.1313E+00  2.8786E+00  2.5164E+00  3.0178E+00  2.9676E+00  3.1533E+00  3.1786E+00
       3.5532E+00  3.6645E+00  2.9212E+00  3.2243E+00  3.1300E+00  2.7577E+00  2.5557E+00  3.0014E+00  3.2384E+00  3.9338E+00
       3.7534E+00  3.3003E+00  3.0363E+00  3.0410E+00  3.1891E+00  2.8369E+00  3.0784E+00  3.2576E+00  3.5706E+00  3.1792E+00
       4.2290E+00  3.1691E+00  2.7792E+00  3.1649E+00  3.4466E+00  2.9730E+00  3.4503E+00  3.1290E+00  3.5949E+00  3.7489E+00
       3.1015E+00  3.5033E+00  3.4052E+00  3.0754E+00  3.4488E+00  3.4344E+00  2.9659E+00  3.4491E+00  2.9564E+00  3.4060E+00
       4.0346E+00  3.5752E+00  3.5291E+00  3.7028E+00  3.7438E+00  3.5333E+00  3.5360E+00  3.7802E+00  3.5988E+00  4.0715E+00
       4.1072E+00  3.7893E+00  3.6231E+00  3.7578E+00  3.4020E+00  3.3496E+00  3.6723E+00  3.2686E+00  3.6395E+00  3.6537E+00
       4.5442E+00  3.7494E+00  3.8875E+00  3.6257E+00  3.2597E+00  3.1983E+00  3.3092E+00  3.3733E+00  3.5458E+00  4.0050E+00
       3.9833E+00  3.9628E+00  3.8018E+00  3.0688E+00  3.0939E+00  3.0861E+00  3.2384E+00  3.6728E+00  3.7079E+00  4.0866E+00
       4.3508E+00  3.1200E+00  3.3307E+00  3.1677E+00  3.1931E+00  3.4167E+00  3.3195E+00  3.2217E+00  3.5044E+00  3.8196E+00
       3.8327E+00  3.7334E+00  3.3167E+00  3.2341E+00  3.1740E+00  2.8592E+00  3.3872E+00  3.2649E+00  3.4326E+00  4.0889E+00
       4.1618E+00  4.0371E+00  3.3287E+00  3.0249E+00  3.2133E+00  3.1941E+00  3.1563E+00  3.3880E+00  3.5879E+00  3.7939E+00
       3.8123E+00  3.0520E+00  3.2637E+00  3.7196E+00  3.5660E+00  3.4141E+00  3.4325E+00  3.6767E+00  3.5353E+00  3.6732E+00
       3.8991E+00  3.7999E+00  3.8382E+00  3.6125E+00  3.8854E+00  3.4210E+00  3.4365E+00  3.6491E+00  4.5712E+00  3.8745E+00
       4.0185E+00  3.5780E+00  3.6200E+00  3.5192E+00  3.2094E+00  3.7069E+00  3.1869E+00  3.1492E+00  3.6360E+00  3.8429E+00
       3.7271E+00  3.0692E+00  3.2295E+00  3.8979E+00  3.5599E+00  3.9339E+00  4.2744E+00  3.3722E+00  3.7729E+00  4.2381E+00
       4.5755E+00  3.6899E+00  3.8170E+00  4.1057E+00  3.1716E+00  3.5441E+00  3.7618E+00  3.9126E+00  3.9144E+00  4.0917E+00
       4.1231E+00  3.9451E+00  4.2994E+00  3.7736E+00  3.4602E+00  3.3602E+00  3.5753E+00  3.8216E+00  4.3251E+00  3.8168E+00
       3.7229E+00  3.7342E+00  3.9033E+00  4.0608E+00  3.6166E+00  3.4056E+00  3.6139E+00  3.5676E+00  3.6212E+00  3.5791E+00
       4.4578E+00  4.0717E+00  3.6903E+00  3.3369E+00  3.5883E+00  3.1476E+00  3.2754E+00  3.3495E+00  3.4256E+00  3.9059E+00
       4.0671E+00  4.0568E+00  3.6894E+00  3.6702E+00  3.0257E+00  3.4858E+00  3.4473E+00  3.5984E+00  3.6381E+00  4.3652E+00
       4.0877E+00  4.0971E+00  3.9360E+00  3.8621E+00  3.6967E+00  3.3179E+00  3.7934E+00  3.7626E+00  4.0296E+00  4.0826E+00
       4.3901E+00  3.7100E+00  3.7706E+00  3.5846E+00  3.9653E+00  3.7484E+00  3.3121E+00  3.8841E+00  4.3508E+00  4.1882E+00
       3.9561E+00  3.7955E+00  3.9625E+00  3.4927E+00  4.0736E+00  3.4307E+00  3.6920E+00  4.0552E+00  4.4257E+00  4.2961E+00
       3.5189E+00  4.0989E+00  4.1891E+00  4.0790E+00  3.3276E+00  3.7627E+00  3.4132E+00  3.8536E+00  3.7612E+00  4.0974E+00
       3.9137E+00  3.2997E+00  3.9844E+00  3.6014E+00  3.4269E+00  3.6450E+00  3.8792E+00  3.7583E+00  3.7235E+00  3.8736E+00
       3.7654E+00  3.7405E+00  4.4326E+00  3.7608E+00  3.7675E+00  2.9114E+00  3.6730E+00  3.7612E+00  3.6527E+00  4.1987E+00
       3.7095E+00  3.6421E+00  3.8432E+00  3.8800E+00  3.1912E+00  3.4527E+00  3.3543E+00  3.4321E+00  3.8725E+00  4.1354E+00
       3.8609E+00  3.5701E+00  3.4932E+00  3.5676E+00  3.2868E+00  3.1790E+00  3.6858E+00  3.8043E+00  4.0836E+00  3.6338E+00
       3.6511E+00  3.5873E+00  3.6406E+00  3.5911E+00  3.2048E+00  3.2856E+00  3.2279E+00  4.0434E+00  3.5732E+00  4.1033E+00
       3.8058E+00  3.8336E+00  3.5242E+00  3.7076E+00  3.2665E+00  3.0588E+00  3.5367E+00  3.8140E+00  3.7059E+00  3.9019E+00
       3.7839E+00  4.1735E+00  4.0315E+00  3.2149E+00  3.6128E+00  3.4249E+00  4.0359E+00  3.4371E+00  3.4846E+00  3.8020E+00
       4.0453E+00  4.0280E+00  4.1884E+00  3.3084E+00  4.1105E+00  3.1898E+00  3.1992E+00  3.3596E+00  4.0127E+00  4.0694E+00
       3.9715E+00  3.8418E+00  3.7881E+00  3.4613E+00  3.5577E+00  3.1985E+00  3.3268E+00  3.6136E+00  4.6034E+00  4.2056E+00
       3.7805E+00  4.1673E+00  3.6762E+00  3.7564E+00  3.4741E+00  3.4744E+00  3.5439E+00  3.6722E+00  3.5200E+00  4.2460E+00
