1
   Cartesian binning n.   1  "DoseEq    " , generalized particle n.  240
      X coordinate: from -8.5000E+01 to  8.5000E+01 cm,    10 bins ( 1.7000E+01 cm wide)
      Y coordinate: from -2.5000E+01 to  2.5000E+01 cm,    10 bins ( 5.0000E+00 cm wide)
      Z coordinate: from  2.2500E+02 to  2.7500E+02 cm,    10 bins ( 5.0000E+00 cm wide)
      Data follow in a matrix A(ix,iy,iz), format (1(5x,1p,10(1x,e11.4)))

      accurate deposition along the tracks requested
      this is a track-length binning
       3.1348E-04  3.7345E-04  4.0718E-04  4.6764E-04  4.7352E-04  4.8029E-04  4.4121E-04  4.2185E-04  3.8608E-04  2.9202E-04
       3.4596E-04  4.3245E-04  4.8505E-04  5.3840E-04  5.5841E-04  5.5894E-04  5.4807E-04  4.8478E-04  4.1947E-04  3.4151E-04
       3.6616E-04  4.5712E-04  5.0530E-04  5.8181E-04  5.7341E-04  5.7441E-04  5.5069E-04  5.0600E-04  4.5820E-04  3.8149E-04
       3.6166E-04  4.8311E-04  5.4751E-04  5.8521E-04  6.1359E-04  6.0209E-04  5.6984E-04  5.2692E-04  4.7517E-04  3.8011E-04
       3.6737E-04  4.7935E-04  5.4471E-04  5.8083E-04  5.9655E-04  6.1243E-04  5.6578E-04  5.4417E-04  4.7145E-04  3.8424E-04
       3.6267E-04  4.6154E-04  5.3320E-04  5.4827E-04  5.9105E-04  5.9869E-04  5.7370E-04  5.3610E-04  4.7841E-04  3.7438E-04
       3.5187E-04  4.6467E-04  5.1775E-04  5.6000E-04  6.1242E-04  5.7869E-04  5.6935E-04  5.0003E-04  4.9791E-04  3.6080E-04
       3.4672E-04  4.5998E-04  5.0981E-04  5.6294E-04  5.9997E-04  5.5219E-04  5.4480E-04  4.8727E-04  4.5951E-04  3.4477E-04
       3.3576E-04  4.5415E-04  5.1663E-04  5.1682E-04  5.5117E-04  5.3815E-04  5.3667E-04  4.5555E-04  4.3846E-04  3.5580E-04
       3.0793E-04  3.5943E-04  4.2188E-04  4.6640E-04  4.6612E-04  4.7472E-04  4.2628E-04  4.1775E-04  3.8475E-04  3.0791E-04
       2.5447E-04  3.0210E-04  3.4824E-04  3.8905E-04  3.8345E-04  4.0746E-04  3.7407E-04  3.4445E-04  3.2164E-04  2.3007E-04
       3.0173E-04  3.7384E-04  4.2414E-04  4.7946E-04  4.8369E-04  5.1421E-04  4.7351E-04  4.2824E-04  3.5574E-04  2.9016E-04
       3.3208E-04  3.9432E-04  4.5323E-04  5.1849E-04  5.3563E-04  5.3959E-04  5.2106E-04  4.6774E-04  4.1487E-04  3.2046E-04
       3.3351E-04  4.3685E-04  4.8314E-04  5.4887E-04  5.5916E-04  5.6598E-04  5.1891E-04  4.8970E-04  4.4674E-04  3.1639E-04
       3.2161E-04  4.6810E-04  5.0997E-04  5.3609E-04  5.6598E-04  5.7100E-04  5.5134E-04  4.9304E-04  4.3755E-04  3.2148E-04
       3.0622E-04  4.3160E-04  4.9560E-04  5.0400E-04  5.5128E-04  5.9604E-04  5.4129E-04  4.9295E-04  4.5067E-04  3.2876E-04
       3.0286E-04  4.4452E-04  4.8933E-04  5.2115E-04  5.7084E-04  5.3996E-04  5.3359E-04  4.5657E-04  4.3450E-04  3.3195E-04
       2.9795E-04  4.1732E-04  4.8381E-04  5.1920E-04  5.5398E-04  5.2510E-04  5.1533E-04  4.6163E-04  3.9469E-04  3.1611E-04
       2.7761E-04  3.9086E-04  4.4564E-04  4.5745E-04  4.7411E-04  4.7982E-04  4.5440E-04  4.2135E-04  3.7037E-04  3.0253E-04
       2.3700E-04  2.7829E-04  3.4658E-04  3.8446E-04  3.9362E-04  4.0447E-04  3.5497E-04  3.3984E-04  3.0436E-04  2.3788E-04
       1.8237E-04  2.4814E-04  2.8332E-04  2.8830E-04  2.9954E-04  3.2078E-04  2.8874E-04  2.7521E-04  2.4330E-04  1.6653E-04
       2.3864E-04  2.9460E-04  3.4484E-04  3.8156E-04  4.0505E-04  4.0373E-04  3.7207E-04  3.5031E-04  2.9930E-04  2.2955E-04
       2.4166E-04  3.3399E-04  3.7640E-04  4.1470E-04  4.3546E-04  4.4197E-04  4.2466E-04  3.7259E-04  3.3427E-04  2.5052E-04
       2.5833E-04  3.6345E-04  4.1282E-04  4.5424E-04  4.7040E-04  4.6771E-04  4.5092E-04  4.0742E-04  3.5108E-04  2.6322E-04
       2.5813E-04  3.6994E-04  4.2043E-04  4.4566E-04  4.8518E-04  4.8273E-04  4.5953E-04  4.0523E-04  3.7513E-04  2.6820E-04
       2.4739E-04  3.6969E-04  4.0838E-04  4.3888E-04  4.7541E-04  4.7936E-04  4.4333E-04  4.0697E-04  3.5895E-04  2.5350E-04
       2.4219E-04  3.6756E-04  4.1808E-04  4.3248E-04  4.5353E-04  4.6412E-04  4.3024E-04  3.9792E-04  3.4397E-04  2.6453E-04
       2.3368E-04  3.2779E-04  4.0006E-04  4.3836E-04  4.5127E-04  4.3986E-04  4.2025E-04  3.7846E-04  3.2776E-04  2.5502E-04
       2.1228E-04  2.9959E-04  3.5614E-04  3.6518E-04  3.7226E-04  3.8520E-04  3.6623E-04  3.3874E-04  3.0174E-04  2.3065E-04
       1.7869E-04  2.2198E-04  2.8000E-04  2.9586E-04  2.8812E-04  3.1304E-04  2.9339E-04  2.6014E-04  2.4488E-04  1.7842E-04
       1.3645E-04  1.7698E-04  2.0842E-04  2.1700E-04  2.3571E-04  2.3582E-04  1.9825E-04  2.0385E-04  1.8254E-04  1.3253E-04
       1.7381E-04  2.3132E-04  2.5589E-04  2.9599E-04  3.0837E-04  3.1846E-04  2.7957E-04  2.6936E-04  2.3909E-04  1.7315E-04
       1.8176E-04  2.5654E-04  3.0726E-04  3.2192E-04  3.4719E-04  3.6247E-04  3.3524E-04  3.0066E-04  2.6608E-04  1.9470E-04
       1.8513E-04  2.8300E-04  3.3564E-04  3.4991E-04  3.7766E-04  3.7752E-04  3.6635E-04  3.1468E-04  2.8531E-04  2.0148E-04
       1.9386E-04  2.8239E-04  3.3493E-04  3.6092E-04  3.8697E-04  3.8281E-04  3.6414E-04  3.1106E-04  2.9323E-04  2.0319E-04
       1.9041E-04  2.9066E-04  3.1794E-04  3.6659E-04  3.7349E-04  3.8350E-04  3.6481E-04  3.1924E-04  2.7004E-04  2.0525E-04
       1.8632E-04  2.9534E-04  3.1851E-04  3.5165E-04  3.6947E-04  3.7950E-04  3.5313E-04  3.0735E-04  2.7891E-04  2.0572E-04
       1.8472E-04  2.7282E-04  3.1074E-04  3.4328E-04  3.5811E-04  3.4684E-04  3.3087E-04  2.8421E-04  2.7103E-04  1.9301E-04
       1.6623E-04  2.3514E-04  2.7745E-04  2.8263E-04  3.1147E-04  3.0296E-04  2.9799E-04  2.6351E-04  2.2774E-04  1.7318E-04
       1.3454E-04  1.6805E-04  2.0399E-04  2.1883E-04  2.2616E-04  2.6076E-04  2.2636E-04  2.0126E-04  1.7995E-04  1.3950E-04
       1.0144E-04  1.4575E-04  1.5286E-04  1.7271E-04  1.7204E-04  1.8450E-04  1.6442E-04  1.6384E-04  1.3977E-04  9.8523E-05
       1.3897E-04  1.7045E-04  2.0034E-04  2.2171E-04  2.3637E-04  2.3997E-04  2.3495E-04  2.1560E-04  1.7301E-04  1.2330E-04
       1.4357E-04  2.0436E-04  2.2747E-04  2.5920E-04  2.9423E-04  2.7987E-04  2.6255E-04  2.4670E-04  2.0015E-04  1.5211E-04
       1.4369E-04  2.3335E-04  2.6397E-04  2.7396E-04  3.1585E-04  3.0512E-04  3.0366E-04  2.5758E-04  2.1456E-04  1.5698E-04
       1.5390E-04  2.3127E-04  2.6555E-04  2.9502E-04  3.1922E-04  3.0542E-04  2.9941E-04  2.5726E-04  2.2410E-04  1.5186E-04
       1.6164E-04  2.3584E-04  2.5886E-04  2.8795E-04  3.0898E-04  3.0640E-04  2.9039E-04  2.5315E-04  2.2106E-04  1.5093E-04
       1.5254E-04  2.3791E-04  2.4064E-04  2.8662E-04  2.9963E-04  3.0813E-04  2.7807E-04  2.3911E-04  2.1968E-04  1.5798E-04
       1.5109E-04  2.1273E-04  2.3175E-04  2.7927E-04  2.8409E-04  2.8344E-04  2.7425E-04  2.3347E-04  2.1126E-04  1.5183E-04
       1.3143E-04  1.9719E-04  2.1575E-04  2.2742E-04  2.4494E-04  2.3046E-04  2.3556E-04  1.9618E-04  1.7537E-04  1.4087E-04
       9.7998E-05  1.3308E-04  1.5143E-04  1.7355E-04  1.6367E-04  1.9145E-04  1.6834E-04  1.5866E-04  1.3058E-04  1.0632E-04
       7.9337E-05  1.1187E-04  1.3081E-04  1.2295E-04  1.3720E-04  1.4017E-04  1.4219E-04  1.1445E-04  9.3305E-05  8.3670E-05
       1.1145E-04  1.3537E-04  1.6369E-04  1.8224E-04  1.7985E-04  2.0032E-04  2.0622E-04  1.7493E-04  1.3132E-04  9.4584E-05
       1.0392E-04  1.5575E-04  1.8774E-04  2.0209E-04  2.3495E-04  2.2168E-04  2.0301E-04  1.8998E-04  1.4477E-04  1.0941E-04
       1.1899E-04  1.6309E-04  2.0511E-04  2.1322E-04  2.4298E-04  2.4414E-04  2.3475E-04  2.0128E-04  1.5671E-04  1.1292E-04
       1.1768E-04  1.7352E-04  2.0629E-04  2.2069E-04  2.4247E-04  2.3889E-04  2.2616E-04  1.9860E-04  1.8148E-04  1.1226E-04
       1.2152E-04  1.7592E-04  1.9364E-04  2.2232E-04  2.4381E-04  2.3539E-04  2.3173E-04  2.1346E-04  1.7495E-04  1.1881E-04
       1.1481E-04  1.7677E-04  1.9585E-04  2.1689E-04  2.2881E-04  2.5094E-04  2.2536E-04  1.8741E-04  1.6861E-04  1.1238E-04
       1.2099E-04  1.6579E-04  1.8310E-04  2.0603E-04  2.2879E-04  2.2695E-04  2.0979E-04  1.8142E-04  1.7319E-04  1.1725E-04
       1.1098E-04  1.6127E-04  1.6832E-04  1.9306E-04  2.0265E-04  1.9575E-04  1.7284E-04  1.5143E-04  1.4222E-04  1.0539E-04
       8.3695E-05  1.1017E-04  1.2638E-04  1.3628E-04  1.2863E-04  1.4900E-04  1.2815E-04  1.1837E-04  1.0503E-04  7.6785E-05
       6.5956E-05  8.1170E-05  9.5666E-05  1.0432E-04  1.0224E-04  1.1206E-04  1.0912E-04  8.4710E-05  6.8264E-05  6.3108E-05
       7.6119E-05  1.0409E-04  1.3088E-04  1.4375E-04  1.4227E-04  1.6043E-04  1.5222E-04  1.2982E-04  1.0979E-04  7.8181E-05
       8.1773E-05  1.1842E-04  1.4661E-04  1.6095E-04  1.7656E-04  1.6565E-04  1.4752E-04  1.5192E-04  1.2088E-04  8.0174E-05
       8.4365E-05  1.2830E-04  1.5897E-04  1.6837E-04  1.9173E-04  1.8812E-04  1.8180E-04  1.5714E-04  1.2412E-04  7.9413E-05
       9.1284E-05  1.4008E-04  1.7389E-04  1.7782E-04  1.8649E-04  2.0563E-04  1.8252E-04  1.6360E-04  1.3473E-04  9.7759E-05
       9.9382E-05  1.4063E-04  1.5351E-04  1.7902E-04  1.8522E-04  2.0693E-04  1.8479E-04  1.6893E-04  1.3546E-04  9.2859E-05
       8.9039E-05  1.3680E-04  1.4817E-04  1.7128E-04  1.8195E-04  1.6972E-04  1.7168E-04  1.5306E-04  1.2732E-04  8.6924E-05
       9.4095E-05  1.2919E-04  1.4131E-04  1.7158E-04  1.8651E-04  1.7645E-04  1.5774E-04  1.4892E-04  1.3176E-04  8.1716E-05
       8.1630E-05  1.1802E-04  1.3670E-04  1.4796E-04  1.6167E-04  1.5188E-04  1.3023E-04  1.2502E-04  1.1131E-04  8.1693E-05
       5.8179E-05  7.4709E-05  1.0001E-04  1.0714E-04  1.1002E-04  1.1198E-04  9.5353E-05  8.3847E-05  8.0284E-05  6.1440E-05
       4.5646E-05  6.3151E-05  7.6309E-05  8.0999E-05  7.2139E-05  8.7354E-05  9.2203E-05  6.9400E-05  5.7251E-05  4.7803E-05
       5.6764E-05  8.5042E-05  1.0129E-04  1.0761E-04  1.0311E-04  1.1524E-04  1.1130E-04  9.5641E-05  8.0258E-05  5.3962E-05
       6.5332E-05  9.6829E-05  1.2254E-04  1.2283E-04  1.2563E-04  1.2403E-04  1.2487E-04  1.1104E-04  9.0988E-05  5.9385E-05
       7.1285E-05  1.0278E-04  1.2519E-04  1.4486E-04  1.4080E-04  1.5276E-04  1.4424E-04  1.1715E-04  1.0337E-04  6.2903E-05
       6.7524E-05  9.8767E-05  1.3240E-04  1.3912E-04  1.5033E-04  1.5251E-04  1.3740E-04  1.2201E-04  9.9690E-05  7.7810E-05
       7.4199E-05  1.0312E-04  1.2554E-04  1.4232E-04  1.5491E-04  1.5625E-04  1.4008E-04  1.2795E-04  8.9664E-05  6.8058E-05
       6.0803E-05  1.0426E-04  1.1150E-04  1.4018E-04  1.4584E-04  1.3703E-04  1.2655E-04  1.1448E-04  9.4377E-05  6.3310E-05
       6.8308E-05  9.1753E-05  1.1065E-04  1.2608E-04  1.4452E-04  1.3485E-04  1.2540E-04  1.1507E-04  9.4025E-05  7.1398E-05
       6.1000E-05  8.1094E-05  9.3135E-05  1.2764E-04  1.2876E-04  1.1874E-04  1.0561E-04  1.0492E-04  8.1644E-05  6.9087E-05
       4.7694E-05  5.4920E-05  7.5342E-05  9.0533E-05  8.5621E-05  9.3023E-05  7.5500E-05  6.8386E-05  6.6581E-05  5.2718E-05
       3.7530E-05  4.6465E-05  5.9025E-05  6.2906E-05  5.9686E-05  6.4909E-05  6.1557E-05  5.7364E-05  4.8772E-05  3.3901E-05
       4.1481E-05  6.5083E-05  7.6016E-05  8.3913E-05  7.9295E-05  8.3086E-05  8.3953E-05  7.3521E-05  6.7169E-05  3.7868E-05
       4.7350E-05  7.4179E-05  8.5432E-05  9.8303E-05  1.0419E-04  1.0312E-04  9.4926E-05  8.6521E-05  6.5872E-05  4.4232E-05
       5.7997E-05  7.5136E-05  9.3752E-05  1.0313E-04  1.0374E-04  1.1571E-04  1.0764E-04  8.8936E-05  7.0275E-05  5.1937E-05
       5.4444E-05  7.9894E-05  9.7678E-05  1.1012E-04  1.1144E-04  1.2274E-04  1.1492E-04  8.8690E-05  7.5792E-05  6.1998E-05
       5.3947E-05  7.9011E-05  1.0239E-04  1.1301E-04  1.2154E-04  1.1171E-04  1.1027E-04  9.6435E-05  7.2709E-05  4.9050E-05
       5.6201E-05  7.6682E-05  9.1716E-05  1.0745E-04  1.1580E-04  1.0423E-04  1.0603E-04  9.1594E-05  7.4579E-05  5.2595E-05
       5.2993E-05  7.0650E-05  8.2364E-05  8.8609E-05  1.0372E-04  9.8532E-05  8.3902E-05  8.1184E-05  8.5632E-05  5.1070E-05
       4.2384E-05  6.4700E-05  6.9811E-05  8.8833E-05  9.1575E-05  8.7010E-05  7.5266E-05  7.1669E-05  7.0085E-05  4.8525E-05
       3.6189E-05  4.7393E-05  6.1079E-05  6.9509E-05  6.8597E-05  7.1098E-05  6.6651E-05  5.7267E-05  5.4075E-05  4.2135E-05
       3.2507E-05  3.6001E-05  4.3268E-05  4.2129E-05  5.1762E-05  4.4333E-05  4.7020E-05  5.0736E-05  3.3932E-05  3.1179E-05
       4.0540E-05  5.0960E-05  6.1377E-05  5.8118E-05  6.7180E-05  5.9477E-05  6.0973E-05  5.6171E-05  4.4396E-05  3.6495E-05
       3.7859E-05  5.9391E-05  5.7777E-05  6.4880E-05  7.0737E-05  7.2971E-05  6.5453E-05  6.1833E-05  5.2462E-05  3.9989E-05
       4.7602E-05  6.0336E-05  6.1031E-05  6.9006E-05  6.8313E-05  8.2675E-05  7.6381E-05  6.2855E-05  5.4533E-05  4.4720E-05
       3.7313E-05  5.8630E-05  6.2295E-05  6.6857E-05  7.5002E-05  7.9129E-05  7.0778E-05  6.4273E-05  5.9207E-05  4.5276E-05
       4.1263E-05  5.1955E-05  6.8948E-05  7.1286E-05  7.7884E-05  8.0835E-05  8.1365E-05  7.1060E-05  6.1477E-05  3.7133E-05
       4.4743E-05  4.9093E-05  6.1129E-05  7.3987E-05  8.2072E-05  7.4684E-05  6.5470E-05  6.5235E-05  6.1951E-05  3.8060E-05
       4.2711E-05  5.1641E-05  5.6110E-05  6.6459E-05  7.2909E-05  6.8610E-05  6.9003E-05  6.0381E-05  5.9087E-05  4.3180E-05
       3.6703E-05  4.4077E-05  4.8054E-05  5.9985E-05  6.7115E-05  5.6486E-05  5.7200E-05  5.5823E-05  4.7647E-05  3.5460E-05
       2.8336E-05  3.8010E-05  4.5798E-05  5.3094E-05  5.7237E-05  4.7841E-05  5.2077E-05  4.2412E-05  3.4208E-05  2.9890E-05

      Percentage errors follow in a matrix A(ix,iy,iz), format (1(5x,1p,10(1x,e11.4)))

       2.8375E+00  2.9743E+00  3.5059E+00  2.8190E+00  2.3357E+00  2.2912E+00  2.1940E+00  2.9112E+00  2.6463E+00  3.1545E+00
       2.8698E+00  3.5988E+00  2.6926E+00  2.6780E+00  2.2484E+00  2.1364E+00  2.4735E+00  2.8723E+00  2.5918E+00  2.7445E+00
       2.7244E+00  2.5234E+00  3.0293E+00  2.4829E+00  2.7412E+00  1.8677E+00  1.9999E+00  2.8656E+00  3.3403E+00  3.2657E+00
       2.7058E+00  2.6733E+00  2.6537E+00  2.1289E+00  2.2119E+00  2.4063E+00  3.0333E+00  1.9069E+00  3.3831E+00  4.7410E+00
       3.3246E+00  2.2032E+00  2.1285E+00  2.1926E+00  1.9383E+00  1.9776E+00  3.2854E+00  2.2138E+00  3.4315E+00  2.5448E+00
       2.9893E+00  1.9630E+00  2.6367E+00  2.8142E+00  2.4157E+00  2.5626E+00  2.7118E+00  1.9116E+00  2.1501E+00  3.1470E+00
       2.7327E+00  2.2557E+00  2.1309E+00  2.1884E+00  2.6314E+00  2.4024E+00  2.2368E+00  2.0071E+00  2.0746E+00  3.1882E+00
       3.0874E+00  1.8559E+00  2.0960E+00  3.2871E+00  2.7842E+00  2.8300E+00  2.4265E+00  3.0151E+00  2.2235E+00  3.2568E+00
       2.8406E+00  2.4216E+00  2.5345E+00  2.3203E+00  2.5548E+00  2.5821E+00  3.0444E+00  2.8134E+00  2.9570E+00  2.8540E+00
       2.8361E+00  3.0710E+00  2.4060E+00  1.9415E+00  3.1882E+00  1.8894E+00  2.2711E+00  2.2785E+00  2.8700E+00  3.1600E+00
       2.8257E+00  3.4149E+00  3.8250E+00  3.4872E+00  2.4350E+00  2.3542E+00  2.1595E+00  3.3338E+00  2.8793E+00  3.3153E+00
       4.1909E+00  2.8005E+00  2.9339E+00  1.9215E+00  2.2790E+00  3.0350E+00  2.9973E+00  2.8417E+00  3.3646E+00  3.0115E+00
       2.5540E+00  2.5205E+00  3.3026E+00  2.5070E+00  2.8347E+00  2.3063E+00  2.5813E+00  2.3173E+00  2.7703E+00  3.4932E+00
       3.7561E+00  3.0955E+00  3.0298E+00  1.8540E+00  2.6050E+00  2.3549E+00  3.0509E+00  2.0299E+00  2.9785E+00  3.6454E+00
       2.7044E+00  3.4648E+00  2.9181E+00  3.0258E+00  2.9351E+00  2.5523E+00  2.6437E+00  2.2676E+00  2.4419E+00  3.1822E+00
       2.9516E+00  2.8526E+00  2.3035E+00  2.3694E+00  2.6836E+00  2.7972E+00  2.3860E+00  2.1507E+00  2.0835E+00  3.5405E+00
       3.1888E+00  2.1448E+00  2.8984E+00  2.5745E+00  3.0827E+00  3.4728E+00  2.7060E+00  2.7657E+00  2.6775E+00  2.5376E+00
       2.8977E+00  3.0789E+00  2.9194E+00  2.4099E+00  3.1833E+00  2.6877E+00  3.0928E+00  2.4127E+00  2.5619E+00  3.8891E+00
       2.8345E+00  3.0683E+00  3.0187E+00  2.5605E+00  2.8302E+00  2.3205E+00  2.6630E+00  3.3683E+00  2.9054E+00  4.0286E+00
       3.4588E+00  3.5181E+00  3.1516E+00  2.7337E+00  3.4991E+00  2.3124E+00  2.4174E+00  2.7822E+00  3.3735E+00  3.8935E+00
       3.3309E+00  3.3298E+00  3.0755E+00  3.2027E+00  2.9124E+00  4.0316E+00  2.8311E+00  3.9760E+00  4.2497E+00  4.2910E+00
       3.8893E+00  3.5911E+00  3.6140E+00  2.9142E+00  3.0331E+00  3.2367E+00  2.8826E+00  3.9428E+00  3.8153E+00  4.0101E+00
       3.7852E+00  2.7673E+00  3.0510E+00  2.4723E+00  3.1125E+00  2.6280E+00  3.0443E+00  2.9989E+00  4.4861E+00  4.1207E+00
       4.0783E+00  3.1821E+00  3.0582E+00  2.2483E+00  2.4440E+00  2.5979E+00  3.5348E+00  3.0056E+00  3.3298E+00  3.2698E+00
       3.0696E+00  3.8019E+00  3.0700E+00  3.5236E+00  2.9708E+00  2.6214E+00  2.8952E+00  2.9141E+00  3.2237E+00  4.7630E+00
       3.3321E+00  3.6288E+00  2.0351E+00  2.6705E+00  3.1695E+00  3.3890E+00  2.7478E+00  3.1020E+00  3.9484E+00  3.0700E+00
       3.3223E+00  2.1950E+00  3.2056E+00  2.3969E+00  2.8110E+00  2.9226E+00  3.5177E+00  2.7653E+00  3.9938E+00  3.3958E+00
       4.3357E+00  3.4558E+00  3.1240E+00  2.6517E+00  2.4779E+00  3.3565E+00  3.6067E+00  3.3513E+00  3.2158E+00  3.9843E+00
       4.0999E+00  3.2951E+00  3.1928E+00  3.2543E+00  2.7447E+00  3.3614E+00  2.7995E+00  3.7833E+00  3.7971E+00  3.7908E+00
       4.8021E+00  3.3502E+00  4.2700E+00  3.1233E+00  3.7940E+00  2.4474E+00  3.9633E+00  3.6268E+00  3.4075E+00  3.5033E+00
       4.6347E+00  3.7602E+00  3.2106E+00  3.8552E+00  3.4230E+00  4.5679E+00  4.0474E+00  4.3900E+00  4.3390E+00  5.2388E+00
       4.9826E+00  2.7273E+00  3.8356E+00  2.7206E+00  3.9920E+00  3.1125E+00  3.6598E+00  3.5084E+00  5.0521E+00  4.8332E+00
       3.8275E+00  3.8398E+00  2.6831E+00  2.6601E+00  3.0256E+00  3.3666E+00  2.7735E+00  3.3476E+00  4.2912E+00  3.7745E+00
       3.7269E+00  2.8387E+00  3.5918E+00  2.9841E+00  3.5078E+00  2.9761E+00  2.9221E+00  2.8564E+00  3.6330E+00  3.3470E+00
       3.1957E+00  3.6080E+00  2.4263E+00  3.2798E+00  3.0886E+00  2.8001E+00  3.5072E+00  2.9062E+00  3.4449E+00  3.8190E+00
       3.6840E+00  3.4739E+00  2.6407E+00  3.4191E+00  3.2847E+00  3.1688E+00  3.7533E+00  2.8466E+00  2.9457E+00  5.3156E+00
       3.9042E+00  3.1035E+00  2.8358E+00  3.4185E+00  1.9901E+00  2.9534E+00  3.9708E+00  4.4075E+00  4.5575E+00  4.4879E+00
       6.5986E+00  3.6574E+00  3.9480E+00  2.4181E+00  2.2390E+00  3.8121E+00  2.5888E+00  3.8399E+00  2.2067E+00  4.6776E+00
       4.6442E+00  2.7779E+00  2.7803E+00  2.9727E+00  2.4680E+00  4.1322E+00  3.0631E+00  4.7741E+00  4.5748E+00  4.4032E+00
       4.5946E+00  4.6832E+00  3.6930E+00  3.5563E+00  3.6479E+00  2.9252E+00  4.1879E+00  3.8540E+00  4.0422E+00  5.1145E+00
       4.9936E+00  3.9470E+00  3.7946E+00  4.6538E+00  5.5337E+00  3.9569E+00  5.1050E+00  4.3245E+00  5.3087E+00  5.7419E+00
       5.7908E+00  4.0169E+00  4.8303E+00  3.4604E+00  3.8123E+00  3.4225E+00  4.9338E+00  3.7362E+00  5.1167E+00  6.1269E+00
       4.7396E+00  3.8814E+00  4.2293E+00  3.9600E+00  4.6506E+00  3.9826E+00  3.7666E+00  4.3621E+00  4.6058E+00  5.2141E+00
       5.3257E+00  4.1307E+00  3.4303E+00  3.4199E+00  4.1796E+00  2.3685E+00  2.9266E+00  3.1327E+00  4.2830E+00  4.4360E+00
       4.1773E+00  4.2093E+00  2.9534E+00  3.5180E+00  4.3454E+00  3.7698E+00  2.9390E+00  2.6766E+00  4.8470E+00  6.7146E+00
       5.6006E+00  3.6866E+00  3.2709E+00  3.8428E+00  3.8919E+00  2.3839E+00  3.5222E+00  3.8852E+00  4.7423E+00  5.0003E+00
       4.3676E+00  5.7055E+00  3.1008E+00  4.6033E+00  3.1887E+00  2.9670E+00  2.9944E+00  3.6525E+00  3.3920E+00  4.7266E+00
       5.0675E+00  5.2603E+00  3.8126E+00  3.4858E+00  3.4957E+00  3.4109E+00  3.3392E+00  3.8176E+00  5.0492E+00  6.0175E+00
       4.6786E+00  3.5525E+00  3.7677E+00  4.3355E+00  2.9938E+00  4.2291E+00  3.3405E+00  4.6508E+00  4.3105E+00  5.4917E+00
       5.5379E+00  5.4960E+00  4.2095E+00  4.9424E+00  4.2866E+00  4.0825E+00  3.7707E+00  4.1771E+00  4.5625E+00  5.6621E+00
       8.8278E+00  5.8800E+00  4.6667E+00  4.2690E+00  4.5695E+00  5.3344E+00  4.8208E+00  4.4897E+00  4.6184E+00  5.7801E+00
       5.4240E+00  4.7898E+00  4.6318E+00  5.1310E+00  5.0698E+00  4.4932E+00  5.8095E+00  3.7451E+00  5.8222E+00  6.8483E+00
       5.8312E+00  4.6795E+00  4.7177E+00  5.0583E+00  4.4725E+00  4.0148E+00  3.9222E+00  3.5555E+00  6.9892E+00  4.6882E+00
       4.9787E+00  6.3501E+00  3.9349E+00  3.5962E+00  4.0890E+00  5.0066E+00  5.0639E+00  4.6838E+00  4.2091E+00  4.9163E+00
       6.1821E+00  4.4852E+00  4.3602E+00  4.5348E+00  3.9760E+00  3.3989E+00  4.3664E+00  5.1829E+00  5.3252E+00  6.2285E+00
       6.1502E+00  4.3904E+00  4.2839E+00  3.8474E+00  3.6470E+00  3.9564E+00  2.2859E+00  5.2203E+00  5.9161E+00  6.3312E+00
       4.7894E+00  4.1067E+00  4.5199E+00  4.6153E+00  4.1783E+00  3.0596E+00  4.3008E+00  4.3389E+00  5.4828E+00  6.2928E+00
       3.8614E+00  6.0083E+00  4.3806E+00  3.8688E+00  4.7774E+00  3.7719E+00  4.1473E+00  5.6003E+00  3.9103E+00  6.2925E+00
       6.0166E+00  5.6565E+00  4.4689E+00  4.1079E+00  4.6768E+00  5.5538E+00  5.1675E+00  3.6869E+00  4.8773E+00  4.7946E+00
       5.5232E+00  5.6021E+00  4.5843E+00  4.5553E+00  4.2730E+00  5.8234E+00  4.6790E+00  4.2686E+00  6.3259E+00  5.2744E+00
       5.6466E+00  6.0685E+00  6.0834E+00  5.1317E+00  5.6400E+00  5.2978E+00  4.6276E+00  5.3830E+00  6.7210E+00  8.6925E+00
       5.9560E+00  6.1441E+00  5.7420E+00  6.1662E+00  3.9900E+00  4.4033E+00  5.4236E+00  5.5129E+00  6.3130E+00  5.6261E+00
       7.7122E+00  5.4809E+00  5.2217E+00  5.1420E+00  4.9434E+00  4.8890E+00  3.9111E+00  5.7277E+00  7.3699E+00  7.0025E+00
       5.0260E+00  6.6449E+00  4.0782E+00  3.4568E+00  4.1399E+00  4.8012E+00  3.6834E+00  5.3737E+00  5.8544E+00  6.1589E+00
       5.8234E+00  4.6170E+00  4.0441E+00  4.5300E+00  5.3389E+00  4.3810E+00  3.0477E+00  4.3329E+00  5.4512E+00  5.2992E+00
       6.6081E+00  4.3644E+00  4.6090E+00  3.9251E+00  4.6412E+00  4.6911E+00  4.6501E+00  5.9228E+00  6.3316E+00  7.8604E+00
       6.1696E+00  5.4182E+00  5.8430E+00  4.3557E+00  5.8580E+00  3.4306E+00  4.4104E+00  4.3123E+00  6.5285E+00  7.4746E+00
       7.0672E+00  6.1666E+00  4.6159E+00  2.5519E+00  4.3751E+00  5.2019E+00  4.1838E+00  5.4863E+00  4.3983E+00  6.5834E+00
       7.1497E+00  6.5382E+00  5.6530E+00  3.8427E+00  4.2945E+00  3.0368E+00  6.7730E+00  4.4332E+00  5.2918E+00  5.9998E+00
       5.4392E+00  6.9564E+00  6.3105E+00  3.8213E+00  4.1632E+00  5.7250E+00  5.6097E+00  5.5919E+00  7.0276E+00  5.8522E+00
       9.2802E+00  7.1097E+00  5.8952E+00  6.6214E+00  8.9211E+00  7.3134E+00  5.9780E+00  6.7532E+00  9.4404E+00  1.0690E+01
       9.0532E+00  5.4176E+00  5.3349E+00  5.1672E+00  5.5114E+00  5.2440E+00  6.8038E+00  5.1819E+00  5.7184E+00  4.4212E+00
       9.2966E+00  5.1416E+00  5.5629E+00  5.9371E+00  5.4440E+00  7.0691E+00  3.8204E+00  6.8594E+00  8.1736E+00  6.3555E+00
       7.4673E+00  5.9495E+00  4.5889E+00  5.5598E+00  5.8169E+00  6.1853E+00  5.4637E+00  5.6038E+00  7.4821E+00  6.0063E+00
       8.6537E+00  5.9768E+00  6.4099E+00  5.0601E+00  4.6341E+00  4.5699E+00  3.5115E+00  4.2981E+00  6.3678E+00  6.8619E+00
       7.8505E+00  6.9212E+00  6.2377E+00  5.0754E+00  4.8531E+00  6.1723E+00  4.5225E+00  6.0312E+00  6.2798E+00  5.9259E+00
       8.4392E+00  6.3596E+00  6.6042E+00  3.9808E+00  6.4521E+00  6.2148E+00  4.6766E+00  5.5464E+00  7.2054E+00  6.7129E+00
       8.5484E+00  4.5328E+00  6.6366E+00  4.8869E+00  6.0841E+00  3.4562E+00  5.1506E+00  5.9070E+00  6.3042E+00  7.0522E+00
       8.6953E+00  5.6301E+00  4.3325E+00  4.1185E+00  5.5987E+00  4.8494E+00  5.9661E+00  5.1033E+00  5.2362E+00  8.3306E+00
       6.3542E+00  7.1954E+00  3.8860E+00  6.0619E+00  5.3533E+00  6.4493E+00  6.2777E+00  7.2643E+00  8.2154E+00  7.7677E+00
       8.8935E+00  7.5292E+00  7.9480E+00  8.4607E+00  7.4834E+00  7.9041E+00  5.7688E+00  4.6688E+00  6.7426E+00  9.6335E+00
       7.5012E+00  7.2535E+00  5.7828E+00  7.3082E+00  5.4286E+00  6.5588E+00  5.4959E+00  7.0218E+00  7.6952E+00  4.7056E+00
       7.4002E+00  7.4854E+00  8.0394E+00  5.6056E+00  5.9795E+00  6.5883E+00  6.7473E+00  6.2690E+00  6.2987E+00  7.3167E+00
       8.5835E+00  7.6892E+00  5.5483E+00  6.2667E+00  5.2678E+00  5.6252E+00  4.7022E+00  6.4028E+00  6.1796E+00  8.2440E+00
       8.5396E+00  8.1082E+00  6.5934E+00  6.5658E+00  3.9119E+00  5.5746E+00  4.9979E+00  6.2032E+00  7.1216E+00  9.9998E+00
       7.2781E+00  5.9892E+00  6.1001E+00  5.5220E+00  4.7678E+00  7.3490E+00  7.1182E+00  5.3993E+00  6.4566E+00  7.4551E+00
       7.9628E+00  7.6286E+00  5.5667E+00  5.4574E+00  5.9934E+00  4.7356E+00  5.9416E+00  6.1953E+00  8.6554E+00  6.7131E+00
       8.4898E+00  6.1803E+00  7.2029E+00  4.1184E+00  6.6503E+00  6.0459E+00  7.0980E+00  7.6140E+00  7.2011E+00  7.6596E+00
       9.9992E+00  7.8988E+00  6.4715E+00  4.8106E+00  6.1236E+00  5.9499E+00  6.2939E+00  9.4122E+00  7.8890E+00  1.1019E+01
       9.0992E+00  8.2833E+00  5.4462E+00  6.0071E+00  6.4396E+00  7.1991E+00  6.4047E+00  8.9112E+00  7.8697E+00  9.1569E+00
       1.0504E+01  9.1927E+00  1.1237E+01  8.2047E+00  8.3311E+00  7.6349E+00  1.1082E+01  8.2898E+00  7.1003E+00  9.6614E+00
       8.6337E+00  6.5102E+00  7.7126E+00  8.8323E+00  8.3939E+00  7.2170E+00  7.4818E+00  7.1600E+00  7.6189E+00  7.4423E+00
       9.1233E+00  7.8847E+00  6.8780E+00  6.0461E+00  5.1560E+00  7.0098E+00  5.4550E+00  8.5182E+00  1.0169E+01  1.1507E+01
       7.7995E+00  9.2707E+00  8.4874E+00  4.9728E+00  6.6416E+00  6.8585E+00  6.3651E+00  7.0157E+00  8.0709E+00  6.6877E+00
       8.6601E+00  8.6576E+00  8.7062E+00  7.6758E+00  5.0314E+00  6.8447E+00  5.6378E+00  6.5393E+00  8.6183E+00  9.4822E+00
       1.1130E+01  8.6793E+00  7.0495E+00  6.9796E+00  5.9637E+00  5.0146E+00  5.3434E+00  8.8984E+00  9.0334E+00  9.3451E+00
       1.0073E+01  8.8290E+00  6.8485E+00  5.5379E+00  8.7866E+00  6.8684E+00  6.5483E+00  7.0217E+00  5.6613E+00  7.8025E+00
       7.8167E+00  8.7688E+00  1.0108E+01  7.1392E+00  5.9735E+00  7.1839E+00  6.6430E+00  7.0515E+00  7.3480E+00  9.7898E+00
       1.0058E+01  6.4074E+00  6.4452E+00  4.8888E+00  5.9450E+00  8.0875E+00  7.0214E+00  6.9901E+00  8.5911E+00  9.8511E+00
       1.1284E+01  1.0520E+01  6.6607E+00  7.6380E+00  5.3499E+00  8.0821E+00  5.9772E+00  9.0526E+00  8.9253E+00  1.0512E+01
