1
   Cartesian binning n.   1  "DoseEq    " , generalized particle n.  240
      X coordinate: from -8.5000E+01 to  8.5000E+01 cm,    10 bins ( 1.7000E+01 cm wide)
      Y coordinate: from -2.5000E+01 to  2.5000E+01 cm,    10 bins ( 5.0000E+00 cm wide)
      Z coordinate: from  2.2500E+02 to  2.7500E+02 cm,    10 bins ( 5.0000E+00 cm wide)
      Data follow in a matrix A(ix,iy,iz), format (1(5x,1p,10(1x,e11.4)))

      accurate deposition along the tracks requested
      this is a track-length binning
       3.0821E-04  3.8181E-04  4.0965E-04  4.5488E-04  4.6266E-04  4.6484E-04  4.5243E-04  3.9383E-04  3.6778E-04  3.1069E-04
       3.5400E-04  4.2151E-04  4.9437E-04  5.1238E-04  5.5831E-04  5.5546E-04  5.3274E-04  4.8893E-04  4.1631E-04  3.4835E-04
       3.6335E-04  4.2080E-04  5.0645E-04  5.4281E-04  5.9704E-04  6.0079E-04  5.4278E-04  5.1980E-04  4.6525E-04  3.6414E-04
       3.5072E-04  4.5861E-04  5.3346E-04  5.8645E-04  6.1815E-04  5.8406E-04  5.8076E-04  5.0356E-04  4.6672E-04  3.7899E-04
       3.5892E-04  4.7052E-04  5.3258E-04  5.8927E-04  6.1815E-04  6.2353E-04  5.5554E-04  5.3140E-04  4.6018E-04  3.9595E-04
       3.7856E-04  4.7109E-04  5.3755E-04  5.8087E-04  6.0950E-04  5.9829E-04  5.6649E-04  5.1142E-04  4.7315E-04  3.7440E-04
       3.5703E-04  4.5552E-04  5.2726E-04  5.4759E-04  6.0373E-04  5.7311E-04  5.7699E-04  5.0273E-04  4.7546E-04  3.7080E-04
       3.6034E-04  4.4911E-04  5.0547E-04  5.6426E-04  5.7972E-04  5.5230E-04  5.4181E-04  4.8770E-04  4.5297E-04  3.5251E-04
       3.3901E-04  4.3235E-04  4.8982E-04  5.1398E-04  5.5029E-04  5.2230E-04  5.1875E-04  4.6474E-04  4.2182E-04  3.3458E-04
       3.0985E-04  3.6621E-04  4.0357E-04  4.7114E-04  4.6284E-04  4.6733E-04  4.2648E-04  4.0307E-04  3.6454E-04  2.8863E-04
       2.5038E-04  3.0098E-04  3.4821E-04  3.7366E-04  3.9315E-04  3.8960E-04  3.6675E-04  3.1664E-04  2.9717E-04  2.4999E-04
       2.9227E-04  3.7155E-04  4.4420E-04  4.7133E-04  4.8714E-04  4.8395E-04  4.5368E-04  4.3068E-04  3.5717E-04  2.8452E-04
       3.2077E-04  3.9204E-04  4.6055E-04  4.9534E-04  5.3549E-04  5.4935E-04  5.0197E-04  4.6091E-04  4.0271E-04  3.0759E-04
       3.1928E-04  4.2192E-04  4.8379E-04  5.3619E-04  5.7052E-04  5.6730E-04  5.2661E-04  4.7276E-04  4.2920E-04  3.2764E-04
       3.2136E-04  4.2649E-04  4.9631E-04  5.2685E-04  5.9683E-04  5.8519E-04  5.3527E-04  4.7910E-04  4.3324E-04  3.3497E-04
       3.2014E-04  4.4023E-04  4.8920E-04  5.2455E-04  5.7286E-04  5.5272E-04  5.1901E-04  4.7161E-04  4.3101E-04  3.3173E-04
       3.1390E-04  4.2893E-04  4.9101E-04  5.3602E-04  5.6467E-04  5.2635E-04  5.3396E-04  4.5613E-04  4.2765E-04  3.2244E-04
       2.9860E-04  4.1134E-04  4.7229E-04  5.2679E-04  5.5398E-04  5.2604E-04  4.9481E-04  4.4544E-04  3.8900E-04  3.0809E-04
       2.7368E-04  3.8286E-04  4.2599E-04  4.7684E-04  4.7691E-04  4.7573E-04  4.7382E-04  4.1929E-04  3.5873E-04  2.8211E-04
       2.3587E-04  3.1331E-04  3.4199E-04  3.9046E-04  3.9612E-04  3.9936E-04  3.4945E-04  3.2905E-04  3.0399E-04  2.2156E-04
       1.8146E-04  2.2725E-04  2.6500E-04  2.8592E-04  3.0882E-04  2.9980E-04  2.7188E-04  2.5364E-04  2.2944E-04  1.7934E-04
       2.2499E-04  2.8948E-04  3.3962E-04  3.6888E-04  3.9363E-04  3.9370E-04  3.6010E-04  3.4266E-04  2.7187E-04  2.2149E-04
       2.4324E-04  3.2167E-04  3.7145E-04  4.1566E-04  4.3286E-04  4.2959E-04  4.0178E-04  3.7252E-04  3.2095E-04  2.5039E-04
       2.5760E-04  3.3563E-04  4.0012E-04  4.3962E-04  4.8339E-04  4.6933E-04  4.1990E-04  3.8506E-04  3.3571E-04  2.6611E-04
       2.5377E-04  3.4558E-04  4.0681E-04  4.4330E-04  4.9556E-04  4.9131E-04  4.5194E-04  4.1385E-04  3.4375E-04  2.6916E-04
       2.4603E-04  3.5763E-04  4.1349E-04  4.4451E-04  4.7674E-04  4.8281E-04  4.5069E-04  4.0784E-04  3.6275E-04  2.6454E-04
       2.5339E-04  3.5720E-04  4.0105E-04  4.4926E-04  4.7100E-04  4.4896E-04  4.4520E-04  3.8342E-04  3.4183E-04  2.5894E-04
       2.4097E-04  3.3737E-04  3.7957E-04  4.3479E-04  4.4599E-04  4.4004E-04  4.0911E-04  3.5698E-04  3.1898E-04  2.4266E-04
       2.2416E-04  2.9657E-04  3.3721E-04  3.8503E-04  3.8973E-04  3.7119E-04  3.7730E-04  3.2870E-04  2.9297E-04  2.1526E-04
       1.8029E-04  2.4185E-04  2.5901E-04  3.0980E-04  3.0768E-04  2.9905E-04  2.7774E-04  2.5824E-04  2.3143E-04  1.7910E-04
       1.2992E-04  1.6877E-04  1.9474E-04  2.0683E-04  2.4271E-04  2.2527E-04  2.0903E-04  2.0470E-04  1.7244E-04  1.3383E-04
       1.7484E-04  2.2178E-04  2.6438E-04  2.9104E-04  2.9007E-04  3.0378E-04  2.8143E-04  2.7527E-04  2.1457E-04  1.6495E-04
       1.7431E-04  2.4831E-04  3.0343E-04  3.4017E-04  3.4844E-04  3.4827E-04  3.2300E-04  3.0303E-04  2.5850E-04  1.8470E-04
       2.0025E-04  2.6044E-04  3.1221E-04  3.4525E-04  3.7012E-04  3.8180E-04  3.5318E-04  3.1277E-04  2.7139E-04  2.0001E-04
       1.9767E-04  2.7940E-04  3.2250E-04  3.7140E-04  4.0740E-04  3.9056E-04  3.5229E-04  3.1967E-04  2.6856E-04  2.0892E-04
       2.0353E-04  2.7134E-04  3.2574E-04  3.7400E-04  3.8894E-04  4.0561E-04  3.5923E-04  3.2839E-04  2.8513E-04  1.9970E-04
       1.9294E-04  2.8078E-04  3.2017E-04  3.6443E-04  3.8372E-04  3.7670E-04  3.4949E-04  3.0804E-04  2.7148E-04  2.0802E-04
       1.8059E-04  2.6339E-04  3.0614E-04  3.3217E-04  3.6077E-04  3.4267E-04  3.4028E-04  2.8170E-04  2.5383E-04  1.9489E-04
       1.7142E-04  2.3232E-04  2.4785E-04  2.9649E-04  2.8682E-04  2.9765E-04  2.8768E-04  2.4241E-04  2.2912E-04  1.6324E-04
       1.3220E-04  1.7889E-04  2.0090E-04  2.2711E-04  2.3092E-04  2.3013E-04  2.0590E-04  1.9814E-04  1.7034E-04  1.3307E-04
       9.6389E-05  1.3535E-04  1.4063E-04  1.5986E-04  1.8299E-04  1.8691E-04  1.7032E-04  1.6141E-04  1.3447E-04  1.0238E-04
       1.3683E-04  1.6807E-04  1.9341E-04  2.2271E-04  2.4160E-04  2.3718E-04  2.3728E-04  2.0963E-04  1.6482E-04  1.2073E-04
       1.3800E-04  1.9377E-04  2.3109E-04  2.7579E-04  2.8127E-04  2.7271E-04  2.5587E-04  2.1650E-04  2.0140E-04  1.5901E-04
       1.5670E-04  2.2678E-04  2.3649E-04  2.7090E-04  3.0391E-04  3.0056E-04  2.8093E-04  2.4783E-04  2.1151E-04  1.5183E-04
       1.5554E-04  2.2067E-04  2.5091E-04  3.0028E-04  3.1639E-04  3.0340E-04  2.7838E-04  2.7304E-04  2.3111E-04  1.5063E-04
       1.4959E-04  2.3208E-04  2.6493E-04  3.0333E-04  3.0555E-04  3.1335E-04  2.8009E-04  2.5948E-04  2.2193E-04  1.5097E-04
       1.4617E-04  2.1731E-04  2.4947E-04  2.8934E-04  2.9564E-04  2.9268E-04  2.8542E-04  2.4206E-04  2.2133E-04  1.5985E-04
       1.4323E-04  1.9038E-04  2.3303E-04  2.6617E-04  2.8637E-04  2.9297E-04  2.6674E-04  2.2644E-04  1.9649E-04  1.5585E-04
       1.3707E-04  1.7869E-04  1.9724E-04  2.2470E-04  2.3080E-04  2.3264E-04  2.3418E-04  1.9732E-04  1.7199E-04  1.2735E-04
       8.9667E-05  1.3760E-04  1.6300E-04  1.7420E-04  1.6948E-04  1.7941E-04  1.6223E-04  1.4511E-04  1.2175E-04  9.7266E-05
       8.0486E-05  1.0478E-04  1.2337E-04  1.1778E-04  1.4430E-04  1.3484E-04  1.3005E-04  1.1468E-04  1.0313E-04  8.7616E-05
       1.0291E-04  1.3562E-04  1.6653E-04  1.7507E-04  1.8287E-04  1.8752E-04  1.8750E-04  1.6808E-04  1.3157E-04  1.0386E-04
       1.0907E-04  1.5426E-04  1.9007E-04  2.1416E-04  2.0598E-04  2.1708E-04  2.0869E-04  1.6798E-04  1.4816E-04  1.1603E-04
       1.2141E-04  1.6128E-04  1.9608E-04  2.1544E-04  2.5144E-04  2.4062E-04  2.2471E-04  1.7918E-04  1.5818E-04  1.1562E-04
       1.0957E-04  1.7887E-04  1.9615E-04  2.2732E-04  2.3493E-04  2.5469E-04  2.2524E-04  1.9955E-04  1.8231E-04  1.1705E-04
       1.0658E-04  1.6671E-04  2.0839E-04  2.3873E-04  2.5527E-04  2.4896E-04  2.1711E-04  2.0771E-04  1.7806E-04  1.1516E-04
       1.0340E-04  1.5448E-04  1.9244E-04  2.2021E-04  2.3486E-04  2.4077E-04  2.2555E-04  1.9469E-04  1.6812E-04  1.2772E-04
       1.0821E-04  1.4786E-04  1.7846E-04  1.9799E-04  2.3008E-04  2.2441E-04  2.0801E-04  1.8387E-04  1.6008E-04  1.1919E-04
       1.0130E-04  1.2793E-04  1.6507E-04  1.7857E-04  1.8763E-04  2.0215E-04  1.6889E-04  1.4983E-04  1.3607E-04  9.9621E-05
       8.2051E-05  1.0004E-04  1.2900E-04  1.3775E-04  1.3063E-04  1.4644E-04  1.2610E-04  1.1567E-04  9.3375E-05  7.1664E-05
       6.8591E-05  7.8592E-05  9.2621E-05  9.7926E-05  1.0525E-04  1.0662E-04  1.0884E-04  8.5559E-05  7.7754E-05  5.6497E-05
       7.3870E-05  1.0771E-04  1.2511E-04  1.3419E-04  1.3715E-04  1.4329E-04  1.3711E-04  1.2959E-04  1.0594E-04  8.1876E-05
       8.5497E-05  1.1996E-04  1.4551E-04  1.6281E-04  1.5825E-04  1.5999E-04  1.5996E-04  1.3396E-04  1.2090E-04  8.1205E-05
       8.9292E-05  1.2465E-04  1.5007E-04  1.5950E-04  1.8428E-04  1.8326E-04  1.6275E-04  1.4477E-04  1.3458E-04  9.1102E-05
       8.6838E-05  1.3733E-04  1.5392E-04  1.6870E-04  1.8491E-04  2.0009E-04  1.7528E-04  1.5381E-04  1.4130E-04  9.4178E-05
       8.7294E-05  1.4429E-04  1.4747E-04  1.7796E-04  1.8981E-04  2.0857E-04  1.7779E-04  1.6326E-04  1.4305E-04  9.5302E-05
       8.4667E-05  1.2436E-04  1.4594E-04  1.7528E-04  1.8426E-04  1.7462E-04  1.7738E-04  1.5618E-04  1.3721E-04  1.0024E-04
       8.4736E-05  1.1117E-04  1.4391E-04  1.6507E-04  1.9199E-04  1.7148E-04  1.5750E-04  1.4237E-04  1.2442E-04  9.1982E-05
       8.0173E-05  9.9292E-05  1.2383E-04  1.3800E-04  1.5073E-04  1.5172E-04  1.4720E-04  1.2157E-04  1.0528E-04  7.7027E-05
       6.4462E-05  7.4410E-05  9.6782E-05  1.0754E-04  1.0870E-04  1.0849E-04  1.0039E-04  9.0399E-05  7.9313E-05  5.5191E-05
       5.2173E-05  6.4026E-05  7.6826E-05  8.2557E-05  7.9191E-05  8.2544E-05  7.8586E-05  6.8612E-05  6.1029E-05  4.2157E-05
       6.2963E-05  8.3901E-05  8.8389E-05  1.0949E-04  1.0607E-04  1.0616E-04  1.1084E-04  1.0039E-04  7.9322E-05  5.5443E-05
       7.0292E-05  9.1893E-05  1.0979E-04  1.2798E-04  1.2274E-04  1.2230E-04  1.1876E-04  1.0552E-04  8.6550E-05  6.3188E-05
       7.4457E-05  9.8537E-05  1.1984E-04  1.2964E-04  1.4417E-04  1.4406E-04  1.3025E-04  1.1326E-04  1.0863E-04  6.6155E-05
       7.4249E-05  1.0419E-04  1.2382E-04  1.4041E-04  1.4461E-04  1.4494E-04  1.2940E-04  1.1592E-04  1.0933E-04  7.9186E-05
       8.0181E-05  1.0179E-04  1.1906E-04  1.3942E-04  1.5179E-04  1.5521E-04  1.3594E-04  1.2168E-04  1.0060E-04  7.4827E-05
       6.8397E-05  9.9989E-05  1.1296E-04  1.3410E-04  1.4534E-04  1.4209E-04  1.3564E-04  1.2655E-04  9.8196E-05  7.1306E-05
       7.0319E-05  8.6159E-05  1.1651E-04  1.2475E-04  1.4378E-04  1.3353E-04  1.2383E-04  1.1823E-04  9.4472E-05  7.4811E-05
       6.3528E-05  7.6727E-05  9.5594E-05  1.1126E-04  1.1910E-04  1.1573E-04  1.1116E-04  9.8446E-05  7.9529E-05  6.2791E-05
       4.8341E-05  4.9676E-05  7.4860E-05  8.7664E-05  8.3062E-05  8.6079E-05  8.0763E-05  6.9120E-05  5.8517E-05  4.3389E-05
       4.4882E-05  4.8959E-05  5.3626E-05  7.1333E-05  6.5915E-05  6.5210E-05  6.3472E-05  5.5727E-05  4.8528E-05  4.0392E-05
       4.9296E-05  6.7058E-05  7.4906E-05  7.8822E-05  8.5767E-05  8.2711E-05  8.2388E-05  7.5875E-05  6.5644E-05  4.5911E-05
       5.5793E-05  7.5106E-05  8.3906E-05  1.0291E-04  1.0610E-04  9.6031E-05  9.2291E-05  7.9144E-05  6.5975E-05  4.7549E-05
       6.2926E-05  7.2276E-05  8.7953E-05  1.0010E-04  1.1466E-04  1.0928E-04  1.0211E-04  9.2565E-05  8.2481E-05  5.4675E-05
       5.5169E-05  7.8011E-05  9.1880E-05  1.0354E-04  1.1125E-04  1.0725E-04  9.5031E-05  9.3506E-05  8.3030E-05  5.8213E-05
       5.4900E-05  8.2255E-05  9.3984E-05  1.0917E-04  1.0585E-04  1.1479E-04  9.6369E-05  9.5663E-05  7.9089E-05  5.3347E-05
       5.7852E-05  8.1376E-05  9.4982E-05  1.0020E-04  1.1197E-04  1.0556E-04  9.5813E-05  9.3451E-05  7.4337E-05  5.0732E-05
       5.7561E-05  7.1251E-05  8.1366E-05  9.1201E-05  9.9341E-05  1.0505E-04  9.0364E-05  8.5393E-05  7.2108E-05  4.9490E-05
       5.0654E-05  6.2286E-05  7.6585E-05  7.7131E-05  9.0681E-05  8.8387E-05  7.3246E-05  7.3807E-05  5.6810E-05  4.7035E-05
       4.5744E-05  4.9497E-05  6.1394E-05  6.4365E-05  6.3270E-05  6.6862E-05  5.3002E-05  5.2266E-05  4.8214E-05  3.5097E-05
       3.5670E-05  3.6645E-05  4.0969E-05  4.3833E-05  5.4832E-05  5.4185E-05  4.7218E-05  4.1113E-05  3.7276E-05  3.2906E-05
       3.7867E-05  4.7251E-05  5.2523E-05  5.8056E-05  6.2605E-05  6.6468E-05  6.1541E-05  5.4209E-05  4.7401E-05  4.0633E-05
       3.9747E-05  6.0572E-05  6.2937E-05  7.2328E-05  6.4559E-05  7.3104E-05  7.1257E-05  6.0845E-05  4.6049E-05  4.1390E-05
       4.0942E-05  5.5511E-05  6.1434E-05  7.0353E-05  7.4491E-05  7.3197E-05  7.7159E-05  6.8154E-05  5.9108E-05  4.1376E-05
       3.9124E-05  5.8434E-05  6.6400E-05  7.6892E-05  6.9590E-05  7.1151E-05  5.9823E-05  6.3012E-05  5.8569E-05  4.4174E-05
       4.4759E-05  6.0946E-05  6.4356E-05  7.8555E-05  7.7890E-05  7.6200E-05  6.8415E-05  7.0257E-05  6.1725E-05  4.1264E-05
       4.8567E-05  5.6949E-05  6.4910E-05  6.8389E-05  7.5878E-05  8.0655E-05  6.1876E-05  6.5731E-05  5.8781E-05  4.0841E-05
       4.1640E-05  5.4058E-05  6.1647E-05  6.2931E-05  6.9958E-05  7.1202E-05  6.0836E-05  5.8039E-05  5.3475E-05  4.5828E-05
       3.5614E-05  4.6793E-05  5.5592E-05  5.9657E-05  6.5406E-05  5.7267E-05  6.3715E-05  4.7936E-05  4.5175E-05  4.5274E-05
       3.4808E-05  3.9080E-05  5.2297E-05  5.0850E-05  5.0003E-05  4.8288E-05  4.2922E-05  4.5120E-05  4.0398E-05  3.0949E-05

      Percentage errors follow in a matrix A(ix,iy,iz), format (1(5x,1p,10(1x,e11.4)))

       2.8497E+00  2.3947E+00  2.8355E+00  3.1188E+00  2.3296E+00  1.8516E+00  2.4861E+00  2.9342E+00  2.8815E+00  3.2205E+00
       2.5636E+00  3.2462E+00  2.3021E+00  2.1460E+00  2.4234E+00  2.2757E+00  2.1995E+00  2.3632E+00  2.6529E+00  3.3632E+00
       3.2147E+00  2.1577E+00  2.2300E+00  1.6424E+00  2.2730E+00  2.2689E+00  1.5478E+00  3.0443E+00  2.2309E+00  3.4005E+00
       1.8623E+00  1.9883E+00  1.9257E+00  2.1612E+00  2.2150E+00  2.0641E+00  2.0347E+00  1.9084E+00  2.9922E+00  2.7226E+00
       2.6332E+00  2.2251E+00  1.9770E+00  2.4484E+00  1.8118E+00  2.5206E+00  2.5459E+00  2.7839E+00  2.1833E+00  2.8864E+00
       2.2481E+00  2.3003E+00  2.8320E+00  2.1941E+00  2.1086E+00  2.1364E+00  2.3273E+00  2.9337E+00  1.9368E+00  2.8229E+00
       2.0199E+00  2.5918E+00  2.0232E+00  2.2821E+00  1.8219E+00  2.4356E+00  2.8570E+00  2.3541E+00  2.2927E+00  3.0958E+00
       2.9929E+00  2.1374E+00  2.0051E+00  2.6417E+00  2.6894E+00  1.8206E+00  2.1538E+00  2.8925E+00  2.2963E+00  3.1144E+00
       2.7367E+00  2.6924E+00  2.1899E+00  2.4049E+00  1.8951E+00  2.1323E+00  2.1324E+00  2.2212E+00  3.4079E+00  2.1480E+00
       3.1717E+00  2.9338E+00  2.4670E+00  1.6760E+00  2.8124E+00  1.8377E+00  2.4088E+00  2.2981E+00  3.2474E+00  1.8239E+00
       3.7538E+00  3.0656E+00  3.3023E+00  2.9411E+00  3.0331E+00  2.9247E+00  3.0649E+00  2.7303E+00  2.7609E+00  3.2632E+00
       3.0376E+00  2.6336E+00  2.9430E+00  1.9604E+00  2.4889E+00  2.4980E+00  2.8538E+00  2.2555E+00  2.3524E+00  3.1662E+00
       3.7301E+00  2.3738E+00  2.1945E+00  2.3559E+00  2.6853E+00  2.3286E+00  2.0964E+00  2.7537E+00  2.5934E+00  3.5578E+00
       2.5373E+00  2.2365E+00  2.7780E+00  2.1876E+00  1.9643E+00  2.4900E+00  2.3983E+00  2.2751E+00  2.4481E+00  2.7232E+00
       3.8602E+00  2.2237E+00  1.7343E+00  2.2836E+00  1.8371E+00  2.3999E+00  2.2734E+00  2.4162E+00  2.7209E+00  3.0393E+00
       3.2535E+00  2.4420E+00  1.6327E+00  2.7245E+00  2.4274E+00  2.3058E+00  2.0916E+00  2.4646E+00  2.5954E+00  2.8344E+00
       2.8011E+00  2.4453E+00  2.3868E+00  2.4396E+00  2.2281E+00  2.6629E+00  2.2481E+00  2.6203E+00  2.0415E+00  3.9709E+00
       3.1155E+00  2.5639E+00  2.4500E+00  2.6186E+00  2.6594E+00  2.7817E+00  2.3505E+00  2.9966E+00  3.1533E+00  2.7539E+00
       2.9367E+00  2.4593E+00  2.5791E+00  2.4853E+00  1.9461E+00  1.8660E+00  2.1880E+00  2.8426E+00  2.8150E+00  3.2540E+00
       4.1708E+00  3.0600E+00  2.8411E+00  2.7340E+00  2.4937E+00  2.6737E+00  2.6911E+00  2.4516E+00  2.3211E+00  3.9143E+00
       4.5682E+00  3.0011E+00  3.7657E+00  2.6438E+00  2.9345E+00  3.3140E+00  3.4281E+00  3.5230E+00  2.8520E+00  3.8082E+00
       2.6997E+00  3.3948E+00  3.4836E+00  2.8402E+00  2.5006E+00  3.2058E+00  2.9010E+00  3.1157E+00  2.1655E+00  4.4740E+00
       3.6533E+00  2.4483E+00  2.1943E+00  2.5003E+00  2.1445E+00  2.5733E+00  2.7348E+00  2.7454E+00  2.9799E+00  3.6147E+00
       4.0917E+00  2.7018E+00  3.2611E+00  2.6049E+00  2.4533E+00  1.9980E+00  2.9737E+00  2.6239E+00  2.7279E+00  3.2354E+00
       3.0028E+00  3.1047E+00  2.9447E+00  2.7528E+00  2.1755E+00  2.3042E+00  2.6036E+00  3.3129E+00  3.4583E+00  3.1559E+00
       2.7404E+00  2.6274E+00  2.9732E+00  3.1080E+00  3.4867E+00  2.0622E+00  2.6995E+00  3.4232E+00  2.8220E+00  3.1643E+00
       3.2774E+00  3.0037E+00  2.0146E+00  2.2731E+00  2.6191E+00  2.9230E+00  1.9490E+00  2.7438E+00  3.3620E+00  3.9427E+00
       4.0351E+00  2.5470E+00  3.3274E+00  2.8964E+00  2.5361E+00  3.2475E+00  1.8616E+00  2.2653E+00  3.4230E+00  3.5632E+00
       3.4192E+00  3.6405E+00  2.8203E+00  2.5599E+00  2.5728E+00  2.1764E+00  2.6243E+00  2.7622E+00  4.2198E+00  4.2541E+00
       5.2050E+00  3.2468E+00  2.8812E+00  3.2034E+00  2.9810E+00  3.3444E+00  2.4170E+00  3.8772E+00  3.0909E+00  3.3847E+00
       4.8075E+00  3.1719E+00  5.0248E+00  3.7457E+00  4.0898E+00  3.8412E+00  3.3665E+00  3.0534E+00  3.5250E+00  4.8442E+00
       2.9242E+00  4.4794E+00  4.1359E+00  3.3254E+00  3.6368E+00  3.3806E+00  3.1354E+00  2.9376E+00  3.6658E+00  4.5962E+00
       3.7697E+00  3.6646E+00  3.5158E+00  3.2041E+00  3.3408E+00  2.8745E+00  2.8369E+00  3.3622E+00  3.3559E+00  3.6749E+00
       3.4324E+00  3.4542E+00  3.7785E+00  3.3883E+00  3.0708E+00  2.5977E+00  2.0083E+00  2.5602E+00  3.5897E+00  3.5878E+00
       3.3200E+00  3.2356E+00  3.0733E+00  3.2052E+00  3.0623E+00  2.9715E+00  2.7610E+00  3.6534E+00  4.1663E+00  3.3267E+00
       4.4115E+00  2.4673E+00  3.0841E+00  2.4337E+00  2.8580E+00  2.7457E+00  2.6167E+00  2.9157E+00  4.2388E+00  4.6319E+00
       3.9536E+00  2.9844E+00  3.1778E+00  2.3989E+00  2.7523E+00  2.0860E+00  1.9198E+00  2.6346E+00  3.5427E+00  2.9069E+00
       4.0104E+00  3.3090E+00  3.8931E+00  3.3309E+00  3.2788E+00  2.9947E+00  2.5136E+00  3.3007E+00  3.2791E+00  3.5097E+00
       3.9165E+00  4.2165E+00  3.0341E+00  3.2467E+00  2.3055E+00  3.4762E+00  2.5829E+00  2.8842E+00  4.1303E+00  3.6454E+00
       6.2632E+00  4.1418E+00  4.5379E+00  4.0130E+00  4.0660E+00  3.0863E+00  3.2531E+00  4.1903E+00  3.6986E+00  4.6123E+00
       5.1385E+00  3.6124E+00  5.0981E+00  4.2667E+00  3.9447E+00  3.9348E+00  3.9243E+00  4.6020E+00  3.6952E+00  5.5861E+00
       2.8261E+00  5.8166E+00  4.7174E+00  3.4479E+00  3.5940E+00  3.5590E+00  4.0001E+00  4.0444E+00  5.2227E+00  3.7673E+00
       4.1343E+00  3.9556E+00  4.3551E+00  3.7295E+00  4.0881E+00  2.8936E+00  3.4480E+00  3.0648E+00  4.4816E+00  3.4666E+00
       4.7545E+00  3.4552E+00  3.7660E+00  3.6906E+00  3.2076E+00  2.8671E+00  3.1657E+00  3.0636E+00  5.0110E+00  3.1805E+00
       4.6853E+00  3.0688E+00  3.1048E+00  3.1785E+00  2.8128E+00  3.3663E+00  2.8993E+00  3.0809E+00  3.5074E+00  4.8386E+00
       4.4655E+00  3.9813E+00  3.2678E+00  2.6405E+00  3.5804E+00  3.0077E+00  2.5357E+00  3.7869E+00  3.7501E+00  4.4980E+00
       4.6074E+00  4.5301E+00  3.4236E+00  3.0362E+00  2.5930E+00  2.3943E+00  2.2819E+00  3.0372E+00  3.6618E+00  4.3386E+00
       5.0615E+00  4.0355E+00  3.0982E+00  3.8885E+00  3.5240E+00  2.9759E+00  2.9899E+00  3.5641E+00  2.9997E+00  4.8514E+00
       4.2536E+00  5.1083E+00  3.3343E+00  3.4001E+00  2.6780E+00  2.7153E+00  2.6441E+00  3.1177E+00  3.6266E+00  5.0570E+00
       3.6697E+00  6.0364E+00  4.2465E+00  4.0368E+00  3.4501E+00  3.4112E+00  4.9595E+00  3.4452E+00  4.0267E+00  4.6686E+00
       5.6108E+00  3.5325E+00  6.2518E+00  4.1692E+00  4.2878E+00  5.1552E+00  3.5566E+00  5.1382E+00  4.4576E+00  6.9522E+00
       4.4154E+00  4.8707E+00  4.4585E+00  4.3829E+00  4.9793E+00  4.5785E+00  5.0486E+00  4.5042E+00  5.3400E+00  4.2940E+00
       4.9219E+00  4.5931E+00  4.5175E+00  3.3487E+00  3.2933E+00  3.8760E+00  4.1897E+00  3.9890E+00  4.9717E+00  4.2969E+00
       4.7727E+00  3.9660E+00  4.3442E+00  3.9742E+00  3.3165E+00  3.1914E+00  4.0482E+00  2.9175E+00  4.6651E+00  5.4121E+00
       4.4459E+00  3.7955E+00  3.2087E+00  3.3501E+00  3.7291E+00  3.3202E+00  3.2767E+00  4.5626E+00  4.0622E+00  4.9194E+00
       5.7767E+00  4.6661E+00  3.9973E+00  4.1178E+00  4.9916E+00  3.7290E+00  2.2809E+00  3.5357E+00  4.3555E+00  5.1485E+00
       5.7071E+00  4.1780E+00  4.1095E+00  4.1952E+00  4.2951E+00  3.2023E+00  2.6762E+00  4.3674E+00  4.4275E+00  4.5992E+00
       6.0414E+00  4.4826E+00  3.9442E+00  4.3746E+00  4.3992E+00  3.8992E+00  2.2570E+00  4.0999E+00  3.4767E+00  5.4212E+00
       4.8642E+00  5.7309E+00  3.9481E+00  4.4408E+00  4.1859E+00  3.6351E+00  4.4190E+00  5.1761E+00  4.3707E+00  3.9901E+00
       4.8649E+00  4.8093E+00  4.2272E+00  4.5002E+00  3.3228E+00  3.9621E+00  4.7000E+00  4.5133E+00  3.5350E+00  5.2379E+00
       5.5711E+00  6.6915E+00  5.3147E+00  5.3943E+00  4.9378E+00  6.0820E+00  5.8252E+00  5.8466E+00  5.1476E+00  9.3558E+00
       5.1891E+00  5.9853E+00  5.2405E+00  3.7531E+00  4.6993E+00  5.2579E+00  5.4268E+00  5.4776E+00  5.4736E+00  5.7310E+00
       6.5991E+00  5.3836E+00  5.9831E+00  4.0652E+00  3.5252E+00  3.6622E+00  3.8236E+00  5.1605E+00  5.5936E+00  5.9284E+00
       6.2881E+00  4.0303E+00  6.2028E+00  3.9202E+00  2.8231E+00  3.7892E+00  4.3275E+00  4.4876E+00  4.8579E+00  4.8152E+00
       6.3876E+00  4.4754E+00  3.8081E+00  4.9918E+00  3.7533E+00  3.6024E+00  5.2481E+00  4.2019E+00  3.9742E+00  4.9641E+00
       6.2746E+00  5.7380E+00  3.8754E+00  4.4451E+00  4.7722E+00  4.3576E+00  4.3654E+00  4.0916E+00  3.2736E+00  5.8233E+00
       4.7132E+00  4.1738E+00  5.0863E+00  3.3968E+00  4.1538E+00  4.8905E+00  3.6584E+00  4.7425E+00  4.1670E+00  4.5309E+00
       5.1340E+00  4.7835E+00  4.5686E+00  4.2999E+00  3.4840E+00  4.3801E+00  3.7479E+00  5.7743E+00  5.0126E+00  7.0623E+00
       7.2246E+00  5.2442E+00  4.3634E+00  3.9714E+00  4.2432E+00  5.0570E+00  3.9387E+00  5.0968E+00  5.0940E+00  4.9468E+00
       5.9938E+00  6.0970E+00  5.1752E+00  4.4308E+00  4.4100E+00  5.4468E+00  4.8768E+00  5.0715E+00  5.8433E+00  6.7275E+00
       7.8000E+00  7.0585E+00  6.0486E+00  4.6341E+00  6.4296E+00  6.7844E+00  5.3024E+00  5.6501E+00  6.5337E+00  7.7405E+00
       7.1240E+00  6.5780E+00  7.2500E+00  4.9115E+00  5.9697E+00  4.7693E+00  6.2351E+00  4.2158E+00  7.0903E+00  6.1748E+00
       6.1351E+00  7.9261E+00  6.0981E+00  3.5616E+00  4.7856E+00  4.6928E+00  5.2000E+00  6.5016E+00  4.9333E+00  9.4780E+00
       7.8108E+00  5.1689E+00  6.8743E+00  4.2809E+00  4.9187E+00  5.0344E+00  6.1830E+00  5.4718E+00  5.3227E+00  6.4457E+00
       5.1173E+00  6.2119E+00  4.3035E+00  3.6731E+00  4.0170E+00  6.4256E+00  6.9510E+00  4.7331E+00  5.9124E+00  7.0260E+00
       5.1149E+00  5.0636E+00  4.3987E+00  5.0155E+00  4.9142E+00  3.3176E+00  5.2958E+00  5.9711E+00  3.6655E+00  6.8044E+00
       7.2403E+00  5.0583E+00  4.3353E+00  3.9646E+00  4.6395E+00  5.1784E+00  4.5164E+00  6.3370E+00  5.0484E+00  6.3962E+00
       7.1451E+00  5.2651E+00  5.7098E+00  4.5236E+00  4.2328E+00  4.4040E+00  4.5082E+00  5.2142E+00  5.2731E+00  6.3484E+00
       8.0370E+00  4.3275E+00  5.8051E+00  5.0823E+00  5.7384E+00  3.8962E+00  5.1553E+00  5.7402E+00  7.3832E+00  6.6064E+00
       6.3114E+00  6.1563E+00  5.7754E+00  5.1854E+00  6.5051E+00  4.9320E+00  6.8010E+00  7.1316E+00  8.6687E+00  6.8637E+00
       7.8618E+00  6.7426E+00  8.4484E+00  5.4699E+00  7.6184E+00  6.8088E+00  5.2296E+00  7.1181E+00  5.8815E+00  9.3720E+00
       6.6821E+00  6.7911E+00  6.8842E+00  5.4698E+00  6.8086E+00  5.5152E+00  7.1565E+00  6.1892E+00  7.7671E+00  9.6841E+00
       8.3927E+00  6.7879E+00  6.4517E+00  4.2754E+00  5.1082E+00  5.6301E+00  4.9364E+00  6.4966E+00  6.0071E+00  8.9548E+00
       9.3064E+00  4.8536E+00  5.6256E+00  4.0620E+00  4.7547E+00  4.1579E+00  6.0627E+00  5.9945E+00  5.8469E+00  5.9167E+00
       6.3916E+00  5.4494E+00  5.9377E+00  5.6378E+00  5.6449E+00  4.7135E+00  5.4516E+00  6.0066E+00  5.0697E+00  9.4314E+00
       6.9287E+00  6.0371E+00  5.4317E+00  6.1200E+00  5.1396E+00  5.6749E+00  4.5240E+00  3.9156E+00  5.3766E+00  7.1107E+00
       5.6963E+00  5.7417E+00  4.8920E+00  5.4557E+00  4.5986E+00  6.3432E+00  6.0061E+00  5.9992E+00  5.0174E+00  7.8195E+00
       5.9447E+00  6.1916E+00  5.0946E+00  6.4854E+00  5.7530E+00  4.4543E+00  5.5293E+00  6.9308E+00  5.2811E+00  1.0261E+01
       9.2062E+00  5.4891E+00  5.5007E+00  6.6125E+00  5.9319E+00  5.1030E+00  4.7298E+00  5.9729E+00  8.0166E+00  6.8354E+00
       7.5064E+00  8.0003E+00  6.3355E+00  3.9988E+00  6.6165E+00  6.4927E+00  8.2018E+00  6.8838E+00  7.5355E+00  8.8681E+00
       9.2051E+00  8.8627E+00  8.9700E+00  6.5576E+00  6.9880E+00  6.7739E+00  5.9071E+00  6.7938E+00  7.6676E+00  9.6234E+00
       8.4315E+00  4.8505E+00  7.4230E+00  6.3111E+00  6.6080E+00  7.0534E+00  6.2350E+00  9.8735E+00  6.2556E+00  7.0811E+00
       7.5242E+00  6.2689E+00  5.4865E+00  5.0347E+00  6.5509E+00  6.9540E+00  4.4629E+00  6.0550E+00  7.0275E+00  1.0898E+01
       7.6319E+00  6.1788E+00  7.4730E+00  5.5914E+00  6.7551E+00  5.4501E+00  5.9191E+00  6.4589E+00  5.8176E+00  8.7924E+00
       9.7098E+00  7.8442E+00  5.7794E+00  6.2434E+00  6.2883E+00  6.0610E+00  5.3153E+00  7.1432E+00  7.4384E+00  9.0293E+00
       5.9764E+00  9.0271E+00  5.6193E+00  6.0477E+00  7.0091E+00  6.1950E+00  5.3466E+00  4.7290E+00  6.8243E+00  7.5197E+00
       7.1891E+00  6.3508E+00  7.1827E+00  4.8831E+00  5.5692E+00  4.9351E+00  4.8714E+00  6.4814E+00  7.1320E+00  1.0073E+01
       8.2112E+00  7.2351E+00  6.2441E+00  6.1277E+00  7.1614E+00  3.6969E+00  5.7158E+00  8.5507E+00  7.0647E+00  9.7447E+00
       9.6170E+00  7.5933E+00  5.3277E+00  7.8579E+00  6.0252E+00  6.8672E+00  6.5284E+00  7.5812E+00  8.0303E+00  8.8769E+00
       9.0043E+00  9.1042E+00  6.9749E+00  5.6271E+00  5.5049E+00  7.2017E+00  7.3185E+00  7.6931E+00  8.1826E+00  8.2743E+00
