1
   Cartesian binning n.   1  "DoseEq    " , generalized particle n.  240
      X coordinate: from -8.5000E+01 to  8.5000E+01 cm,    10 bins ( 1.7000E+01 cm wide)
      Y coordinate: from -2.5000E+01 to  2.5000E+01 cm,    10 bins ( 5.0000E+00 cm wide)
      Z coordinate: from  2.2500E+02 to  2.7500E+02 cm,    10 bins ( 5.0000E+00 cm wide)
      Data follow in a matrix A(ix,iy,iz), format (1(5x,1p,10(1x,e11.4)))

      accurate deposition along the tracks requested
      this is a track-length binning
       2.9507E-04  3.8167E-04  4.3301E-04  4.8091E-04  4.7499E-04  4.8276E-04  4.5478E-04  4.3569E-04  3.6947E-04  3.2700E-04
       3.6666E-04  4.3523E-04  5.1464E-04  5.2451E-04  5.6732E-04  5.2770E-04  5.3695E-04  4.7034E-04  4.3419E-04  3.3069E-04
       3.6337E-04  4.6399E-04  5.5356E-04  5.6395E-04  6.0340E-04  5.8434E-04  5.8054E-04  5.0176E-04  4.2927E-04  3.5716E-04
       3.4220E-04  4.5308E-04  5.3585E-04  5.7944E-04  6.0562E-04  6.3187E-04  5.9377E-04  5.7340E-04  4.6335E-04  4.0294E-04
       3.7187E-04  4.4841E-04  5.3982E-04  5.9070E-04  6.1268E-04  6.1823E-04  5.9453E-04  5.7622E-04  4.6797E-04  3.8233E-04
       3.6171E-04  4.7762E-04  5.2310E-04  5.9707E-04  5.8362E-04  6.2174E-04  5.7934E-04  5.5217E-04  4.5034E-04  3.6538E-04
       3.6700E-04  4.7393E-04  5.2793E-04  5.6663E-04  6.1255E-04  6.3030E-04  5.7182E-04  5.2836E-04  4.7640E-04  3.5031E-04
       3.6050E-04  4.6586E-04  5.2900E-04  5.6038E-04  5.8392E-04  5.8677E-04  5.4198E-04  5.0457E-04  4.8340E-04  3.7955E-04
       3.6311E-04  4.1814E-04  4.9215E-04  5.1699E-04  5.4467E-04  5.3806E-04  5.5449E-04  5.0584E-04  4.4662E-04  3.5423E-04
       3.2967E-04  4.0542E-04  4.1729E-04  4.3749E-04  4.8135E-04  5.3414E-04  4.7605E-04  4.2749E-04  4.0596E-04  3.0691E-04
       2.3089E-04  3.1330E-04  3.5719E-04  3.9880E-04  3.8599E-04  3.8167E-04  3.8498E-04  3.5410E-04  3.2776E-04  2.4603E-04
       2.9807E-04  3.8636E-04  4.4181E-04  4.7204E-04  4.9282E-04  4.6088E-04  4.8904E-04  4.1306E-04  3.8528E-04  2.7830E-04
       3.2055E-04  3.9774E-04  4.9605E-04  5.0569E-04  5.5748E-04  5.2275E-04  5.4112E-04  4.6357E-04  3.9102E-04  3.1654E-04
       3.1236E-04  4.1349E-04  4.7702E-04  5.4444E-04  5.8150E-04  5.9515E-04  5.2699E-04  5.1091E-04  4.4311E-04  3.4129E-04
       3.0536E-04  4.0658E-04  5.0694E-04  5.3661E-04  5.8014E-04  6.0143E-04  5.5695E-04  5.3014E-04  4.3702E-04  3.3473E-04
       2.9449E-04  4.2781E-04  5.2628E-04  5.4712E-04  5.5391E-04  5.9479E-04  5.6217E-04  5.1985E-04  4.4258E-04  3.1017E-04
       3.1500E-04  4.3612E-04  5.0240E-04  5.2727E-04  5.6725E-04  5.9166E-04  5.3930E-04  5.0702E-04  4.4192E-04  3.1104E-04
       3.1120E-04  4.1851E-04  5.0747E-04  5.2191E-04  5.4346E-04  5.0028E-04  5.0360E-04  4.3837E-04  4.0686E-04  3.1070E-04
       2.8774E-04  4.0785E-04  4.5771E-04  4.7446E-04  4.9128E-04  4.9004E-04  4.9533E-04  4.3657E-04  3.6137E-04  2.9735E-04
       2.6116E-04  3.1956E-04  3.7156E-04  3.8638E-04  4.0927E-04  4.2356E-04  4.1813E-04  3.0996E-04  3.2474E-04  2.5731E-04
       1.7674E-04  2.3125E-04  2.4588E-04  2.8719E-04  2.8308E-04  2.7819E-04  2.8695E-04  2.7377E-04  2.7503E-04  1.7811E-04
       2.2464E-04  2.9327E-04  3.3710E-04  3.7512E-04  3.9067E-04  3.9088E-04  3.9362E-04  3.3511E-04  3.0886E-04  2.4166E-04
       2.5250E-04  3.2507E-04  4.0785E-04  3.9802E-04  4.7431E-04  4.5159E-04  4.3169E-04  3.8011E-04  3.2474E-04  2.5877E-04
       2.4991E-04  3.3088E-04  3.9126E-04  4.2484E-04  4.8202E-04  4.6198E-04  4.3280E-04  4.0957E-04  3.4028E-04  2.8305E-04
       2.3913E-04  3.7146E-04  4.1875E-04  4.1701E-04  4.6884E-04  5.0496E-04  4.7868E-04  4.3147E-04  3.5267E-04  2.6574E-04
       2.2979E-04  3.6302E-04  4.1285E-04  4.4095E-04  4.6321E-04  5.0236E-04  4.6773E-04  4.6513E-04  3.6720E-04  2.5350E-04
       2.4745E-04  3.2042E-04  3.9485E-04  4.4711E-04  4.4702E-04  4.5340E-04  4.3742E-04  4.3137E-04  3.6135E-04  2.6361E-04
       2.4111E-04  3.3800E-04  4.0425E-04  4.3665E-04  4.4090E-04  4.2383E-04  4.2599E-04  3.7828E-04  3.4565E-04  2.6802E-04
       2.3791E-04  3.3314E-04  3.7536E-04  3.7053E-04  4.1098E-04  3.9812E-04  4.0157E-04  3.3763E-04  3.0012E-04  2.2707E-04
       2.0129E-04  2.3093E-04  2.8224E-04  3.0865E-04  3.2243E-04  3.1400E-04  3.1218E-04  2.4873E-04  2.5163E-04  1.8486E-04
       1.2874E-04  1.7530E-04  2.0158E-04  2.2700E-04  2.1083E-04  2.3681E-04  2.3932E-04  2.0320E-04  1.9151E-04  1.4771E-04
       1.8864E-04  2.3483E-04  2.4532E-04  2.8621E-04  3.4534E-04  3.3400E-04  3.2055E-04  2.7647E-04  2.4643E-04  1.7815E-04
       2.0272E-04  2.6515E-04  3.0405E-04  3.2410E-04  3.8874E-04  3.7234E-04  3.4266E-04  2.9132E-04  2.5478E-04  1.9850E-04
       1.8567E-04  2.5695E-04  3.1901E-04  3.7214E-04  3.7425E-04  3.7947E-04  3.6869E-04  3.3116E-04  2.6849E-04  2.0554E-04
       1.9599E-04  2.9083E-04  3.4023E-04  3.4525E-04  3.9256E-04  4.1885E-04  3.7866E-04  3.5990E-04  2.9697E-04  1.9032E-04
       1.8650E-04  2.9477E-04  3.3401E-04  3.4606E-04  3.5067E-04  3.8267E-04  3.8563E-04  3.7291E-04  2.7869E-04  2.1675E-04
       1.9568E-04  2.7886E-04  3.2778E-04  3.4246E-04  3.6130E-04  3.7020E-04  3.5406E-04  3.2750E-04  2.7995E-04  2.0813E-04
       1.8165E-04  2.6637E-04  3.0848E-04  3.5151E-04  3.6787E-04  3.4233E-04  3.2312E-04  2.9491E-04  2.8098E-04  2.1357E-04
       1.6507E-04  2.3720E-04  2.7949E-04  3.1055E-04  3.1544E-04  3.0161E-04  2.9828E-04  2.5361E-04  2.4002E-04  1.8343E-04
       1.4515E-04  1.6719E-04  2.1224E-04  2.1269E-04  2.3707E-04  2.6250E-04  2.4000E-04  2.0406E-04  1.9140E-04  1.4273E-04
       1.0374E-04  1.2050E-04  1.5797E-04  1.8316E-04  1.8127E-04  1.9577E-04  1.7732E-04  1.4082E-04  1.3967E-04  1.1876E-04
       1.5008E-04  1.7196E-04  1.9754E-04  2.3210E-04  2.6420E-04  2.5903E-04  2.5189E-04  2.0302E-04  1.8133E-04  1.3930E-04
       1.4827E-04  2.1385E-04  2.5349E-04  2.6761E-04  2.7380E-04  2.5075E-04  2.7460E-04  2.2817E-04  1.9884E-04  1.5295E-04
       1.4053E-04  2.1426E-04  2.6697E-04  3.0349E-04  2.8407E-04  2.9350E-04  3.0848E-04  2.5311E-04  2.3247E-04  1.4189E-04
       1.6139E-04  2.1028E-04  2.9376E-04  2.8447E-04  3.2417E-04  3.0261E-04  3.1356E-04  2.6811E-04  2.2933E-04  1.3052E-04
       1.5513E-04  2.4258E-04  2.6296E-04  2.7390E-04  3.1074E-04  3.1954E-04  3.1333E-04  2.9324E-04  2.1856E-04  1.4328E-04
       1.5062E-04  2.2850E-04  2.6646E-04  2.8512E-04  3.0303E-04  2.8888E-04  2.8274E-04  2.6646E-04  2.2046E-04  1.6210E-04
       1.4566E-04  2.1956E-04  2.2034E-04  2.6457E-04  2.8988E-04  2.6891E-04  2.6622E-04  2.3222E-04  2.1140E-04  1.3808E-04
       1.2428E-04  1.8991E-04  2.1909E-04  2.1990E-04  2.4365E-04  2.3866E-04  2.2286E-04  2.1596E-04  1.7401E-04  1.3099E-04
       9.9808E-05  1.3545E-04  1.6345E-04  1.6542E-04  1.9636E-04  1.8738E-04  1.7378E-04  1.5461E-04  1.4169E-04  1.2682E-04
       7.6898E-05  8.8718E-05  1.2492E-04  1.3849E-04  1.4744E-04  1.5380E-04  1.3616E-04  1.1836E-04  9.8763E-05  9.3339E-05
       1.0448E-04  1.2998E-04  1.6220E-04  1.6765E-04  2.2229E-04  1.7696E-04  1.9858E-04  1.7636E-04  1.5462E-04  1.0747E-04
       1.0844E-04  1.7146E-04  1.9038E-04  2.2527E-04  2.3026E-04  2.0714E-04  2.1004E-04  1.8919E-04  1.5824E-04  1.1467E-04
       1.2086E-04  1.7284E-04  2.0907E-04  2.4274E-04  2.4912E-04  2.4399E-04  2.3660E-04  2.0228E-04  1.7497E-04  1.1655E-04
       1.1614E-04  1.6653E-04  2.1864E-04  2.5161E-04  2.5530E-04  2.4409E-04  2.4382E-04  2.0012E-04  1.7708E-04  1.3199E-04
       1.0310E-04  1.8185E-04  1.9324E-04  2.3559E-04  2.5043E-04  2.5208E-04  2.1713E-04  2.2143E-04  1.7709E-04  1.1535E-04
       1.0353E-04  1.6454E-04  1.9552E-04  2.4274E-04  2.4456E-04  2.3687E-04  2.2935E-04  2.1419E-04  1.7185E-04  1.0864E-04
       1.0967E-04  1.9341E-04  1.7860E-04  2.2152E-04  2.3197E-04  2.3271E-04  2.1808E-04  1.9386E-04  1.6003E-04  1.0995E-04
       1.0037E-04  1.4460E-04  1.5797E-04  1.7231E-04  1.8510E-04  1.9672E-04  1.7404E-04  1.7826E-04  1.2550E-04  1.0512E-04
       7.0172E-05  9.6608E-05  1.1506E-04  1.4063E-04  1.3772E-04  1.4778E-04  1.4396E-04  1.1040E-04  1.0953E-04  9.2624E-05
       5.6905E-05  8.6257E-05  8.8760E-05  1.0888E-04  1.1877E-04  1.1080E-04  1.1771E-04  9.4866E-05  8.1984E-05  6.1040E-05
       7.0648E-05  1.0472E-04  1.2108E-04  1.2190E-04  1.5740E-04  1.4881E-04  1.6528E-04  1.3823E-04  1.1226E-04  8.5135E-05
       1.0329E-04  1.2331E-04  1.6123E-04  1.6376E-04  1.9024E-04  1.7509E-04  1.6515E-04  1.4641E-04  1.3547E-04  7.8267E-05
       1.0590E-04  1.3393E-04  1.6891E-04  1.9265E-04  1.9137E-04  1.8835E-04  1.9105E-04  1.7252E-04  1.2491E-04  9.4168E-05
       8.9175E-05  1.4348E-04  1.8010E-04  2.0190E-04  1.9692E-04  1.8454E-04  1.7758E-04  1.6202E-04  1.4482E-04  1.0612E-04
       8.3572E-05  1.5492E-04  1.8161E-04  1.9086E-04  1.9555E-04  1.9534E-04  1.7591E-04  1.6578E-04  1.4950E-04  9.2884E-05
       8.0611E-05  1.3751E-04  1.5825E-04  1.8888E-04  1.9533E-04  2.0261E-04  1.8418E-04  1.7758E-04  1.3675E-04  8.7165E-05
       7.8914E-05  1.2655E-04  1.4256E-04  1.7281E-04  1.5606E-04  1.7422E-04  1.7787E-04  1.6370E-04  1.2591E-04  8.8132E-05
       7.2975E-05  1.0084E-04  1.1836E-04  1.3131E-04  1.5937E-04  1.5772E-04  1.5782E-04  1.3417E-04  1.0005E-04  7.7715E-05
       5.1674E-05  6.9302E-05  8.5295E-05  1.0702E-04  1.1092E-04  1.1814E-04  1.3300E-04  9.9963E-05  6.8203E-05  6.6443E-05
       4.7504E-05  6.9691E-05  6.9825E-05  7.9375E-05  8.4150E-05  7.2462E-05  8.0175E-05  6.7439E-05  7.2076E-05  5.7827E-05
       5.9127E-05  8.4173E-05  1.0436E-04  1.0283E-04  1.1253E-04  1.1242E-04  1.1726E-04  1.0915E-04  8.1119E-05  6.6750E-05
       6.3371E-05  9.7847E-05  1.2296E-04  1.2377E-04  1.4095E-04  1.3587E-04  1.2190E-04  1.2696E-04  9.8503E-05  6.4931E-05
       6.6428E-05  1.1149E-04  1.3261E-04  1.4730E-04  1.4585E-04  1.4678E-04  1.2391E-04  1.3298E-04  9.0956E-05  6.4163E-05
       7.3392E-05  1.1186E-04  1.4151E-04  1.4948E-04  1.3593E-04  1.3123E-04  1.5588E-04  1.3111E-04  1.0335E-04  7.0147E-05
       6.9897E-05  1.0518E-04  1.4526E-04  1.5329E-04  1.4380E-04  1.3716E-04  1.3494E-04  1.3268E-04  1.1781E-04  7.3473E-05
       5.8534E-05  1.0879E-04  1.3015E-04  1.4883E-04  1.4772E-04  1.5120E-04  1.3272E-04  1.1845E-04  1.0064E-04  5.4503E-05
       5.7204E-05  8.8084E-05  1.1885E-04  1.3334E-04  1.3392E-04  1.4574E-04  1.2813E-04  1.1616E-04  9.7133E-05  6.9724E-05
       5.7160E-05  7.3481E-05  8.6576E-05  1.0773E-04  1.2778E-04  1.2026E-04  1.1502E-04  1.0517E-04  7.4674E-05  5.3335E-05
       4.1205E-05  4.7014E-05  6.9443E-05  7.0615E-05  8.2260E-05  9.3025E-05  9.5359E-05  7.8903E-05  5.7193E-05  4.1148E-05
       3.7015E-05  5.3816E-05  6.2698E-05  6.9585E-05  6.5747E-05  6.2310E-05  5.8351E-05  6.0951E-05  5.5847E-05  4.7421E-05
       4.0727E-05  6.5892E-05  6.3168E-05  8.0239E-05  9.0726E-05  8.1540E-05  9.1703E-05  8.5321E-05  6.7071E-05  4.3768E-05
       5.6905E-05  5.2422E-05  8.6976E-05  1.0378E-04  9.5228E-05  1.0023E-04  8.6366E-05  9.9478E-05  5.8493E-05  5.2607E-05
       5.7420E-05  8.3261E-05  9.2579E-05  1.0020E-04  1.0122E-04  9.2844E-05  9.8831E-05  9.7328E-05  7.6958E-05  5.2928E-05
       5.8773E-05  8.1063E-05  9.8266E-05  1.1608E-04  1.0294E-04  1.0260E-04  1.0335E-04  1.0363E-04  7.3036E-05  5.4556E-05
       5.7643E-05  8.1080E-05  1.1963E-04  1.0404E-04  1.1498E-04  9.5766E-05  1.0014E-04  9.4480E-05  8.8583E-05  5.3928E-05
       4.7163E-05  7.4012E-05  9.7937E-05  1.0781E-04  1.1283E-04  1.1424E-04  9.9307E-05  1.0663E-04  8.0175E-05  4.8870E-05
       4.8693E-05  7.1510E-05  7.4780E-05  1.1353E-04  1.0093E-04  1.1360E-04  8.1372E-05  9.2604E-05  7.2335E-05  4.6339E-05
       5.0398E-05  5.5055E-05  6.6147E-05  8.8397E-05  9.1751E-05  9.5044E-05  6.9770E-05  7.1847E-05  4.9571E-05  4.0835E-05
       4.6029E-05  4.3375E-05  5.2220E-05  5.1174E-05  7.1813E-05  7.0334E-05  7.6713E-05  6.5892E-05  4.5722E-05  2.9639E-05
       2.2902E-05  4.0119E-05  4.9240E-05  4.5189E-05  4.7536E-05  5.2184E-05  4.9677E-05  4.6204E-05  4.5708E-05  3.5006E-05
       4.5424E-05  4.3403E-05  4.8883E-05  6.5748E-05  6.0519E-05  5.9545E-05  5.9376E-05  4.9703E-05  4.5360E-05  3.5756E-05
       3.7729E-05  4.7346E-05  5.8768E-05  6.9262E-05  6.8791E-05  7.0936E-05  6.4878E-05  6.7487E-05  4.5569E-05  4.0382E-05
       4.5364E-05  5.1918E-05  6.9973E-05  7.1821E-05  6.9051E-05  8.2309E-05  7.4219E-05  6.0561E-05  5.4542E-05  5.4493E-05
       3.9439E-05  5.6905E-05  6.6752E-05  7.1256E-05  5.9950E-05  7.6823E-05  7.6720E-05  6.9934E-05  4.9914E-05  3.9791E-05
       4.3826E-05  5.2263E-05  8.3545E-05  7.9938E-05  7.8615E-05  6.9719E-05  7.7490E-05  7.6810E-05  5.9031E-05  3.9341E-05
       3.5815E-05  4.6482E-05  6.3086E-05  8.5281E-05  7.4872E-05  9.3444E-05  6.0601E-05  6.6780E-05  6.3300E-05  4.3692E-05
       3.1123E-05  4.5556E-05  5.4603E-05  7.1921E-05  7.0806E-05  7.4612E-05  5.4137E-05  6.1246E-05  5.7325E-05  2.5336E-05
       3.7329E-05  4.6190E-05  4.8780E-05  6.4411E-05  7.3288E-05  6.3416E-05  4.9207E-05  6.1482E-05  4.3846E-05  3.1566E-05
       3.3154E-05  3.2822E-05  3.7250E-05  4.5339E-05  6.1614E-05  5.5815E-05  5.3648E-05  5.5767E-05  3.0059E-05  3.2216E-05

      Percentage errors follow in a matrix A(ix,iy,iz), format (1(5x,1p,10(1x,e11.4)))

       4.0113E+00  5.0982E+00  3.7712E+00  2.9968E+00  4.0553E+00  3.9295E+00  3.8330E+00  2.9255E+00  6.7618E+00  5.0228E+00
       4.3962E+00  4.3269E+00  4.4591E+00  2.3442E+00  4.6965E+00  2.8895E+00  2.7183E+00  4.4738E+00  3.9831E+00  5.4990E+00
       4.0855E+00  3.5167E+00  3.4748E+00  4.3450E+00  3.7367E+00  4.9606E+00  3.1280E+00  3.9197E+00  3.3520E+00  5.9098E+00
       3.3641E+00  4.7478E+00  3.3724E+00  4.0538E+00  3.6759E+00  3.5527E+00  3.0438E+00  2.8355E+00  3.3278E+00  3.4283E+00
       5.0740E+00  2.9318E+00  5.0918E+00  3.5570E+00  4.1869E+00  2.3916E+00  3.8694E+00  3.1310E+00  1.9136E+00  3.0177E+00
       4.5710E+00  6.5301E+00  3.4903E+00  2.5522E+00  2.4724E+00  3.9445E+00  3.0246E+00  4.3060E+00  4.5810E+00  3.3226E+00
       3.7522E+00  4.0807E+00  2.8666E+00  4.5504E+00  1.6255E+00  3.5483E+00  4.2326E+00  2.4890E+00  3.9988E+00  5.0210E+00
       4.0381E+00  3.5981E+00  3.3266E+00  3.9779E+00  3.9045E+00  2.7919E+00  3.8702E+00  4.2695E+00  4.6885E+00  6.4547E+00
       2.9732E+00  3.4585E+00  4.0267E+00  3.8106E+00  4.4104E+00  3.9820E+00  2.9115E+00  4.2457E+00  6.3511E+00  4.8541E+00
       3.8211E+00  3.2080E+00  2.0440E+00  4.5212E+00  3.4206E+00  3.3928E+00  4.5471E+00  3.3687E+00  4.7155E+00  4.3057E+00
       3.4754E+00  4.4341E+00  2.9849E+00  4.5752E+00  4.8323E+00  5.0662E+00  4.9436E+00  4.3351E+00  7.5065E+00  5.0118E+00
       2.3312E+00  5.2457E+00  4.3351E+00  5.8431E+00  5.5547E+00  4.8648E+00  4.2708E+00  1.9122E+00  7.0645E+00  5.6748E+00
       5.6016E+00  5.7105E+00  3.6278E+00  5.2992E+00  6.1526E+00  3.1639E+00  4.1443E+00  3.8703E+00  4.5151E+00  3.7554E+00
       6.3192E+00  3.8229E+00  3.8884E+00  4.7565E+00  4.3594E+00  3.6713E+00  3.2179E+00  2.9337E+00  3.1447E+00  4.7829E+00
       5.4024E+00  4.4370E+00  5.4077E+00  2.7405E+00  3.7115E+00  3.4997E+00  4.0020E+00  3.3700E+00  1.2631E+00  6.1054E+00
       6.7295E+00  4.8872E+00  2.2674E+00  4.3534E+00  2.8642E+00  4.0347E+00  3.2899E+00  4.2780E+00  4.0406E+00  4.6298E+00
       5.6595E+00  4.9803E+00  2.9383E+00  2.9555E+00  3.3486E+00  3.1839E+00  2.9851E+00  2.5145E+00  6.3713E+00  5.8648E+00
       2.9751E+00  4.7754E+00  2.7567E+00  1.9577E+00  2.9082E+00  4.7960E+00  3.0285E+00  4.4515E+00  5.8872E+00  3.6064E+00
       5.0934E+00  3.1621E+00  3.3848E+00  3.7094E+00  3.6940E+00  3.8530E+00  3.3751E+00  3.6187E+00  4.6460E+00  5.4548E+00
       5.1316E+00  4.2025E+00  6.4582E+00  4.1925E+00  4.3477E+00  3.0943E+00  3.8828E+00  2.7246E+00  5.3529E+00  5.2053E+00
       4.6701E+00  5.5241E+00  7.3189E+00  3.9109E+00  7.2076E+00  5.1705E+00  4.1094E+00  4.5603E+00  7.0531E+00  6.6450E+00
       5.4969E+00  4.8493E+00  5.7357E+00  4.2247E+00  6.5716E+00  5.1446E+00  3.9665E+00  4.9711E+00  5.4353E+00  6.0272E+00
       4.0647E+00  4.3865E+00  3.5385E+00  4.9737E+00  4.6470E+00  4.4636E+00  3.1324E+00  4.0513E+00  6.7100E+00  1.6280E+00
       5.1111E+00  5.1066E+00  3.3778E+00  3.4299E+00  2.8906E+00  2.0763E+00  3.8558E+00  3.8791E+00  5.8005E+00  3.8070E+00
       4.7000E+00  4.6814E+00  5.1783E+00  4.1727E+00  4.0577E+00  4.4416E+00  4.2507E+00  2.8204E+00  4.7862E+00  4.2046E+00
       3.4911E+00  4.8559E+00  4.6878E+00  4.1116E+00  3.5580E+00  3.1390E+00  4.8665E+00  5.1300E+00  3.5704E+00  6.3853E+00
       4.4596E+00  6.8858E+00  4.6003E+00  2.3880E+00  3.9836E+00  3.5394E+00  3.8541E+00  3.8188E+00  4.8977E+00  5.8464E+00
       6.1642E+00  4.0036E+00  4.5321E+00  4.1658E+00  4.6369E+00  2.5043E+00  4.9984E+00  2.5988E+00  5.8755E+00  3.3588E+00
       5.7164E+00  6.3658E+00  2.5989E+00  3.3992E+00  4.9309E+00  4.0863E+00  3.1332E+00  3.7144E+00  3.8628E+00  6.1703E+00
       6.0900E+00  4.7347E+00  4.9637E+00  6.8323E+00  3.5979E+00  3.3293E+00  3.0335E+00  4.6569E+00  4.1411E+00  4.0292E+00
       6.9788E+00  6.4046E+00  5.9319E+00  5.6229E+00  6.5446E+00  2.7446E+00  3.7081E+00  3.2098E+00  4.7662E+00  7.9047E+00
       8.3661E+00  6.1296E+00  5.0259E+00  4.2647E+00  6.4255E+00  2.4445E+00  2.9511E+00  5.6513E+00  4.2087E+00  6.9134E+00
       4.5345E+00  5.9725E+00  5.1865E+00  4.6512E+00  3.7846E+00  2.7290E+00  4.2296E+00  5.0574E+00  5.0833E+00  5.9977E+00
       4.2656E+00  6.1321E+00  5.6980E+00  3.4655E+00  5.0282E+00  3.6041E+00  4.0869E+00  6.6404E+00  7.1294E+00  6.7566E+00
       6.5291E+00  4.6075E+00  5.1068E+00  4.2486E+00  5.1022E+00  5.0321E+00  5.5313E+00  6.4906E+00  5.4699E+00  7.4954E+00
       6.8450E+00  3.4716E+00  4.4531E+00  2.2589E+00  5.5303E+00  5.9646E+00  4.0715E+00  4.0130E+00  7.1670E+00  5.0277E+00
       5.4553E+00  4.9460E+00  2.9251E+00  3.6255E+00  5.7053E+00  4.1226E+00  4.4074E+00  4.7988E+00  4.0673E+00  5.6791E+00
       6.0889E+00  4.7403E+00  6.4945E+00  5.5515E+00  4.6675E+00  4.0863E+00  5.5248E+00  4.2166E+00  5.5494E+00  6.2609E+00
       5.9879E+00  6.7420E+00  3.7600E+00  5.0037E+00  3.5926E+00  4.9528E+00  3.9573E+00  4.4305E+00  5.1835E+00  5.6059E+00
       6.2563E+00  3.8771E+00  5.4523E+00  4.8933E+00  5.2308E+00  3.9940E+00  3.6877E+00  3.5121E+00  5.3121E+00  5.8227E+00
       5.7325E+00  5.0203E+00  5.8488E+00  4.4703E+00  5.2614E+00  5.7807E+00  7.4506E+00  4.0309E+00  7.8019E+00  4.7942E+00
       8.1164E+00  5.7626E+00  6.0550E+00  3.7409E+00  4.9574E+00  5.1317E+00  2.5674E+00  6.4543E+00  4.7456E+00  6.4013E+00
       4.3707E+00  7.3027E+00  7.4419E+00  4.6280E+00  3.6233E+00  3.6010E+00  4.2398E+00  8.5828E+00  3.6046E+00  6.4230E+00
       5.3583E+00  4.0504E+00  2.9744E+00  5.6124E+00  6.8160E+00  4.0230E+00  5.3293E+00  2.9258E+00  5.1054E+00  8.7900E+00
       7.2303E+00  5.8738E+00  4.3897E+00  5.2808E+00  4.4638E+00  5.1411E+00  4.8878E+00  8.0150E+00  4.1323E+00  3.8136E+00
       4.8762E+00  4.8759E+00  4.6522E+00  6.8055E+00  5.5630E+00  4.2386E+00  5.2706E+00  6.2669E+00  6.1314E+00  4.5243E+00
       8.9513E+00  6.3861E+00  6.6357E+00  4.4627E+00  4.9865E+00  4.6857E+00  5.0956E+00  4.8330E+00  5.6542E+00  7.2344E+00
       1.0841E+01  5.5105E+00  6.1659E+00  3.9233E+00  3.7832E+00  4.7457E+00  4.6645E+00  5.8642E+00  4.7245E+00  1.1990E+01
       5.6439E+00  6.9896E+00  5.3374E+00  4.7943E+00  4.6995E+00  5.3223E+00  4.3213E+00  3.6233E+00  6.7729E+00  6.2304E+00
       9.5228E+00  6.0986E+00  5.4181E+00  7.1631E+00  5.0285E+00  4.1756E+00  6.2980E+00  5.1836E+00  5.6349E+00  8.8624E+00
       9.6346E+00  5.5794E+00  7.9559E+00  6.4116E+00  8.8472E+00  7.7284E+00  6.0740E+00  1.0365E+01  1.0405E+01  5.9599E+00
       7.8741E+00  7.2613E+00  9.1963E+00  4.8966E+00  5.2835E+00  6.6033E+00  3.6225E+00  5.6359E+00  6.8930E+00  6.0213E+00
       7.6211E+00  1.0241E+01  7.5109E+00  3.4199E+00  3.6599E+00  5.3342E+00  4.8951E+00  5.7413E+00  7.0402E+00  5.2257E+00
       6.4792E+00  6.5793E+00  8.5966E+00  6.6070E+00  6.7769E+00  5.3831E+00  6.0332E+00  4.1889E+00  8.0507E+00  9.8189E+00
       8.4151E+00  5.4817E+00  4.9179E+00  6.9556E+00  4.5332E+00  7.0021E+00  6.8147E+00  6.0886E+00  3.8539E+00  1.0579E+01
       6.6824E+00  6.3413E+00  3.3019E+00  5.2302E+00  6.2479E+00  5.1137E+00  7.5646E+00  7.9100E+00  5.6171E+00  8.6430E+00
       8.2261E+00  6.4557E+00  5.8163E+00  6.0234E+00  5.4226E+00  4.1127E+00  3.5621E+00  5.6020E+00  7.0452E+00  9.1697E+00
       7.5308E+00  6.2791E+00  6.7076E+00  4.9486E+00  5.0660E+00  5.2407E+00  3.6877E+00  5.6344E+00  5.5383E+00  1.0400E+01
       1.0647E+01  7.7558E+00  7.7932E+00  7.3509E+00  3.2864E+00  7.9552E+00  5.3013E+00  4.3293E+00  9.0960E+00  1.0614E+01
       1.2062E+01  7.2180E+00  6.3308E+00  5.3646E+00  7.1101E+00  6.4845E+00  7.8370E+00  5.9946E+00  7.6851E+00  9.8213E+00
       7.6992E+00  5.5177E+00  8.2695E+00  8.9324E+00  6.5166E+00  7.9809E+00  6.8356E+00  9.5681E+00  9.1010E+00  6.6272E+00
       8.3577E+00  1.0074E+01  1.1691E+01  7.7037E+00  3.8049E+00  6.5227E+00  5.4043E+00  5.0635E+00  1.0968E+01  5.1313E+00
       9.7691E+00  4.9462E+00  9.2100E+00  7.0951E+00  5.8525E+00  8.9662E+00  7.1377E+00  5.7319E+00  3.2823E+00  6.7655E+00
       1.1809E+01  9.8136E+00  8.1269E+00  5.5573E+00  6.4279E+00  5.8608E+00  6.2182E+00  5.1475E+00  7.2401E+00  1.2153E+01
       1.2022E+01  3.4430E+00  5.5657E+00  4.2078E+00  5.5562E+00  8.1826E+00  6.1551E+00  5.7948E+00  6.4950E+00  1.4143E+01
       1.1957E+01  8.1632E+00  4.1393E+00  5.3745E+00  6.1654E+00  6.5250E+00  5.9292E+00  8.9737E+00  4.0500E+00  1.1386E+01
       8.4685E+00  7.6354E+00  8.4223E+00  7.1663E+00  3.6661E+00  5.5489E+00  3.7298E+00  8.8811E+00  7.4576E+00  1.0778E+01
       7.2371E+00  7.8076E+00  6.5049E+00  5.6577E+00  6.9918E+00  5.4675E+00  7.0835E+00  3.9159E+00  9.3190E+00  1.2484E+01
       8.3203E+00  9.7899E+00  5.4762E+00  6.6620E+00  5.6322E+00  5.1760E+00  6.3634E+00  5.5454E+00  8.1765E+00  1.3008E+01
       1.4192E+01  9.3172E+00  5.8348E+00  9.4585E+00  9.4232E+00  6.1725E+00  6.6463E+00  6.8391E+00  1.2428E+01  1.0431E+01
       8.7689E+00  9.1212E+00  9.3617E+00  7.1520E+00  1.0992E+01  9.9100E+00  1.2238E+01  1.0247E+01  1.0030E+01  6.4904E+00
       1.6096E+01  1.0799E+01  1.0520E+01  5.9343E+00  8.5034E+00  8.1234E+00  4.4750E+00  7.3428E+00  7.0542E+00  9.3824E+00
       1.1471E+01  7.9221E+00  6.6258E+00  7.9677E+00  5.8196E+00  7.6455E+00  6.1705E+00  9.2012E+00  8.0152E+00  6.5300E+00
       1.4007E+01  6.6495E+00  1.0847E+01  4.8186E+00  4.8621E+00  4.9869E+00  7.3482E+00  7.0622E+00  8.9136E+00  1.2871E+01
       1.0759E+01  8.2863E+00  7.2395E+00  8.5866E+00  3.5422E+00  8.2761E+00  8.4991E+00  7.3648E+00  1.0937E+01  1.2810E+01
       8.0169E+00  7.2372E+00  6.8555E+00  4.9221E+00  6.2199E+00  9.2228E+00  4.5727E+00  8.1383E+00  5.8490E+00  1.6127E+01
       1.4987E+01  1.0094E+01  7.1638E+00  8.8924E+00  4.2501E+00  8.2357E+00  7.4440E+00  8.3388E+00  9.2649E+00  8.8253E+00
       1.0504E+01  1.1288E+01  7.1796E+00  6.6287E+00  6.1955E+00  8.4327E+00  7.6276E+00  7.1257E+00  8.6676E+00  1.0707E+01
       9.9606E+00  7.2860E+00  8.9655E+00  6.1985E+00  1.0243E+01  8.4691E+00  7.4371E+00  4.7378E+00  1.3469E+01  8.4428E+00
       1.7216E+01  1.0717E+01  1.1065E+01  7.3283E+00  9.1968E+00  8.1971E+00  6.8644E+00  4.1809E+00  6.8153E+00  1.5937E+01
       1.1079E+01  9.9903E+00  1.0242E+01  1.1834E+01  1.4251E+01  1.0837E+01  1.0223E+01  7.6776E+00  1.1297E+01  1.2056E+01
       1.6339E+01  9.6132E+00  8.1783E+00  1.0818E+01  9.6383E+00  7.0089E+00  8.4277E+00  9.4448E+00  1.2435E+01  1.7758E+01
       1.4826E+01  1.3141E+01  7.4912E+00  7.5024E+00  6.7807E+00  7.4561E+00  1.0447E+01  1.2678E+01  1.1758E+01  1.2711E+01
       1.0260E+01  7.9142E+00  8.0163E+00  5.6436E+00  6.7991E+00  8.1074E+00  9.2752E+00  8.5365E+00  7.8311E+00  1.5527E+01
       8.1096E+00  8.2688E+00  6.7840E+00  7.6087E+00  8.6411E+00  7.6207E+00  7.8505E+00  8.8385E+00  1.1034E+01  1.5910E+01
       8.9747E+00  7.5706E+00  9.4378E+00  6.3542E+00  6.8399E+00  7.9444E+00  1.0765E+01  6.3177E+00  8.2629E+00  1.2356E+01
       1.4052E+01  8.9196E+00  9.6435E+00  6.7602E+00  8.0504E+00  8.8237E+00  6.3398E+00  9.0132E+00  5.1917E+00  1.0185E+01
       1.0213E+01  9.5057E+00  1.2273E+01  7.1892E+00  7.8700E+00  7.9290E+00  4.7747E+00  7.4142E+00  9.1379E+00  1.1065E+01
       8.9759E+00  5.8277E+00  1.0403E+01  9.1970E+00  8.7840E+00  9.4638E+00  1.0024E+01  5.7046E+00  1.4781E+01  1.0587E+01
       1.3121E+01  1.1790E+01  1.1838E+01  1.2228E+01  5.4272E+00  8.9436E+00  7.2349E+00  8.3140E+00  1.0764E+01  1.2329E+01
       2.0031E+01  1.2876E+01  1.0313E+01  1.1806E+01  1.3014E+01  1.3307E+01  1.4100E+01  8.3139E+00  1.3118E+01  2.0006E+01
       1.3865E+01  1.2399E+01  9.6775E+00  9.6133E+00  1.0050E+01  8.4898E+00  9.9926E+00  1.7991E+01  1.1092E+01  1.2686E+01
       1.3453E+01  1.4101E+01  9.8597E+00  7.1879E+00  9.5569E+00  8.7507E+00  1.0709E+01  1.4749E+01  1.2381E+01  1.2599E+01
       1.2673E+01  9.9898E+00  1.2478E+01  8.1363E+00  1.2246E+01  1.0797E+01  1.1129E+01  1.2737E+01  1.1327E+01  1.0697E+01
       9.9139E+00  1.1529E+01  1.3406E+01  4.6607E+00  1.3042E+01  5.2676E+00  7.5526E+00  8.9272E+00  1.4821E+01  2.0482E+01
       1.1181E+01  8.7198E+00  6.7908E+00  8.4897E+00  9.9217E+00  6.2399E+00  1.0159E+01  1.0229E+01  1.1716E+01  1.2262E+01
       1.2399E+01  1.2451E+01  1.4071E+01  6.7869E+00  9.9840E+00  8.4429E+00  9.1722E+00  9.3736E+00  8.6394E+00  1.2871E+01
       1.3612E+01  1.1376E+01  7.7075E+00  1.1188E+01  9.6418E+00  1.0232E+01  7.9311E+00  9.4229E+00  1.3538E+01  2.2413E+01
       1.4781E+01  1.0172E+01  1.0963E+01  1.0276E+01  7.4922E+00  1.1608E+01  1.0891E+01  8.9958E+00  1.2911E+01  2.0287E+01
       1.4511E+01  9.5772E+00  1.1950E+01  6.5416E+00  1.2086E+01  1.4722E+01  1.0407E+01  8.5520E+00  1.6877E+01  1.3361E+01
