1
   Cartesian binning n.   1  "DoseEq    " , generalized particle n.  240
      X coordinate: from -8.5000E+01 to  8.5000E+01 cm,    10 bins ( 1.7000E+01 cm wide)
      Y coordinate: from -2.5000E+01 to  2.5000E+01 cm,    10 bins ( 5.0000E+00 cm wide)
      Z coordinate: from  2.2500E+02 to  2.7500E+02 cm,    10 bins ( 5.0000E+00 cm wide)
      Data follow in a matrix A(ix,iy,iz), format (1(5x,1p,10(1x,e11.4)))

      accurate deposition along the tracks requested
      this is a track-length binning
       3.8432E-04  7.4013E-04  1.6057E-03  4.3541E-03  1.5734E-02  1.5812E-02  4.4150E-03  1.6010E-03  6.6740E-04  3.7508E-04
       4.3685E-04  7.9608E-04  1.8896E-03  6.7444E-03  4.0264E-02  4.0095E-02  6.7868E-03  1.8654E-03  7.8256E-04  4.0691E-04
       4.2806E-04  9.0471E-04  2.1686E-03  1.0319E-02  9.2984E-02  9.2828E-02  1.0230E-02  2.0760E-03  9.0272E-04  4.3211E-04
       4.6367E-04  9.5804E-04  2.3571E-03  1.4935E-02  1.7164E-01  1.7222E-01  1.4954E-02  2.3228E-03  9.1295E-04  4.5728E-04
       4.9315E-04  9.4909E-04  2.4486E-03  1.8513E-02  2.3689E-01  2.3677E-01  1.8429E-02  2.4835E-03  9.4234E-04  4.5252E-04
       4.6251E-04  9.3155E-04  2.4407E-03  1.8522E-02  2.3671E-01  2.3703E-01  1.8333E-02  2.4647E-03  9.1738E-04  4.6844E-04
       4.7177E-04  9.0386E-04  2.2778E-03  1.5127E-02  1.7161E-01  1.7211E-01  1.5047E-02  2.2992E-03  9.2970E-04  4.5026E-04
       4.4131E-04  8.9100E-04  2.1205E-03  1.0303E-02  9.3097E-02  9.2953E-02  1.0273E-02  2.0904E-03  8.8676E-04  4.4403E-04
       4.2354E-04  8.2021E-04  1.8828E-03  6.6720E-03  4.0244E-02  4.0184E-02  6.6684E-03  1.8745E-03  8.0922E-04  4.2718E-04
       3.6695E-04  7.3113E-04  1.6342E-03  4.3926E-03  1.5814E-02  1.5870E-02  4.3747E-03  1.5744E-03  6.8257E-04  3.7280E-04
       2.0608E-04  2.7982E-04  3.5302E-04  5.1054E-04  8.6386E-04  8.6897E-04  5.0082E-04  3.3046E-04  2.6060E-04  1.9053E-04
       2.5635E-04  3.2591E-04  4.5197E-04  7.3768E-04  1.5024E-03  1.4956E-03  6.9100E-04  4.4033E-04  3.4250E-04  2.3793E-04
       2.6646E-04  3.7459E-04  5.3973E-04  9.4474E-04  2.2046E-03  2.1468E-03  9.0320E-04  4.7008E-04  3.5894E-04  2.8445E-04
       2.7358E-04  4.1352E-04  5.6471E-04  1.0146E-03  2.9558E-03  2.8441E-03  1.0306E-03  5.4819E-04  3.8877E-04  2.8327E-04
       2.9090E-04  4.0246E-04  5.5945E-04  1.1426E-03  3.3298E-03  3.3298E-03  1.0687E-03  5.5769E-04  3.8019E-04  2.7244E-04
       2.9526E-04  3.8220E-04  5.5463E-04  1.1610E-03  3.3829E-03  3.3287E-03  1.0639E-03  5.7157E-04  3.7726E-04  3.0967E-04
       2.8277E-04  3.8983E-04  5.4873E-04  1.0369E-03  2.9178E-03  2.8707E-03  1.0161E-03  5.2065E-04  3.8379E-04  2.7450E-04
       2.6422E-04  3.7534E-04  5.0039E-04  8.7774E-04  2.1523E-03  2.1865E-03  8.8768E-04  4.8258E-04  3.8574E-04  2.7519E-04
       2.4374E-04  3.4881E-04  4.5533E-04  7.2596E-04  1.4905E-03  1.4741E-03  6.5177E-04  4.2174E-04  3.4252E-04  2.6138E-04
       1.8277E-04  2.8203E-04  3.2324E-04  5.3967E-04  8.4792E-04  8.9348E-04  4.9423E-04  3.4812E-04  2.5936E-04  2.0310E-04
       1.3298E-04  2.0938E-04  2.8102E-04  4.3804E-04  6.7098E-04  7.1316E-04  4.3392E-04  2.4905E-04  2.2409E-04  1.4267E-04
       1.9504E-04  2.6841E-04  3.6692E-04  6.2486E-04  1.1515E-03  1.1149E-03  5.8939E-04  3.7359E-04  2.9910E-04  1.8945E-04
       1.9932E-04  3.1361E-04  4.4073E-04  8.0850E-04  1.5697E-03  1.5655E-03  7.4179E-04  4.3455E-04  2.9672E-04  2.2163E-04
       2.2327E-04  3.6221E-04  4.6678E-04  8.8329E-04  1.9506E-03  2.0077E-03  9.0758E-04  4.7884E-04  3.4349E-04  2.3601E-04
       2.2420E-04  3.4453E-04  4.8783E-04  9.0867E-04  2.1739E-03  2.1851E-03  9.1658E-04  5.0996E-04  3.0680E-04  2.2749E-04
       2.3652E-04  3.1841E-04  4.8373E-04  9.6494E-04  2.1665E-03  2.2104E-03  9.1267E-04  4.8579E-04  3.3955E-04  2.4745E-04
       2.2438E-04  3.1140E-04  4.8195E-04  8.8345E-04  1.9447E-03  1.8993E-03  8.5120E-04  4.6307E-04  3.4566E-04  2.4749E-04
       2.2313E-04  3.1227E-04  4.3040E-04  7.8887E-04  1.5904E-03  1.6396E-03  7.2826E-04  4.1986E-04  3.0552E-04  2.3359E-04
       2.1554E-04  2.9525E-04  3.6226E-04  6.0447E-04  1.1560E-03  1.1512E-03  5.8311E-04  3.7157E-04  2.7135E-04  2.0525E-04
       1.5656E-04  2.2306E-04  2.8811E-04  4.2642E-04  6.8109E-04  6.7767E-04  4.1430E-04  2.8790E-04  2.0207E-04  1.5705E-04
       1.0403E-04  1.6663E-04  2.1567E-04  3.3248E-04  5.0936E-04  5.2752E-04  3.2887E-04  2.0482E-04  1.7352E-04  1.1735E-04
       1.4573E-04  2.2100E-04  3.0803E-04  5.2538E-04  8.0797E-04  7.9327E-04  4.8078E-04  3.2718E-04  2.2413E-04  1.6833E-04
       1.7012E-04  2.6162E-04  3.5500E-04  6.0705E-04  1.0947E-03  1.1121E-03  6.2369E-04  3.5295E-04  2.3637E-04  1.8320E-04
       1.7703E-04  2.9310E-04  3.6742E-04  6.9495E-04  1.3162E-03  1.3091E-03  7.2824E-04  3.9310E-04  2.7247E-04  1.7437E-04
       1.8165E-04  2.8943E-04  3.9209E-04  7.1165E-04  1.4312E-03  1.4336E-03  7.4595E-04  4.0364E-04  2.6663E-04  2.0245E-04
       2.0762E-04  2.7368E-04  3.8287E-04  7.5396E-04  1.4787E-03  1.4969E-03  7.3879E-04  3.9947E-04  2.7434E-04  1.9217E-04
       1.6529E-04  2.5808E-04  4.0054E-04  6.9724E-04  1.2920E-03  1.3542E-03  6.9049E-04  4.1288E-04  2.7237E-04  2.1525E-04
       1.7253E-04  2.5065E-04  3.5215E-04  6.1629E-04  1.1051E-03  1.1661E-03  6.1064E-04  3.6481E-04  2.5332E-04  1.7813E-04
       1.6281E-04  2.4254E-04  3.0342E-04  4.8377E-04  8.4249E-04  8.5802E-04  4.7489E-04  2.8913E-04  2.3541E-04  1.5858E-04
       1.2602E-04  1.7825E-04  2.2074E-04  3.4497E-04  5.3395E-04  5.4094E-04  3.3714E-04  2.1534E-04  1.7990E-04  1.1593E-04
       7.7215E-05  1.2656E-04  1.6619E-04  2.7043E-04  3.6462E-04  3.8334E-04  2.6686E-04  1.6591E-04  1.3341E-04  9.1284E-05
       1.2844E-04  1.8867E-04  2.4962E-04  4.0993E-04  5.7737E-04  5.8706E-04  3.7539E-04  2.5202E-04  1.6397E-04  1.3764E-04
       1.5806E-04  2.0387E-04  2.9126E-04  4.6466E-04  7.8850E-04  7.9645E-04  4.5976E-04  2.9213E-04  1.9865E-04  1.4591E-04
       1.6120E-04  2.2475E-04  3.1995E-04  4.8441E-04  9.4795E-04  9.0693E-04  5.5496E-04  3.0747E-04  2.1641E-04  1.3659E-04
       1.4223E-04  2.3612E-04  3.1610E-04  5.3284E-04  1.0191E-03  9.5982E-04  5.6203E-04  3.1242E-04  2.1508E-04  1.4747E-04
       1.4400E-04  2.2563E-04  2.9948E-04  5.7054E-04  9.2864E-04  9.8751E-04  5.2492E-04  3.2273E-04  2.3016E-04  1.4436E-04
       1.3237E-04  2.1533E-04  3.0120E-04  5.2375E-04  8.8746E-04  9.3012E-04  5.3157E-04  3.1097E-04  2.1205E-04  1.6664E-04
       1.2903E-04  2.1054E-04  2.7934E-04  4.7365E-04  7.3020E-04  7.8572E-04  4.5595E-04  2.6285E-04  2.0224E-04  1.4325E-04
       1.2666E-04  1.8621E-04  2.5262E-04  3.7641E-04  5.8391E-04  6.1229E-04  3.7508E-04  2.2137E-04  1.7303E-04  1.1983E-04
       9.7975E-05  1.4475E-04  1.6358E-04  2.7633E-04  3.9109E-04  4.1212E-04  2.5428E-04  1.8535E-04  1.1846E-04  8.2315E-05
       8.2083E-05  1.0694E-04  1.2947E-04  2.0626E-04  2.7750E-04  2.7058E-04  1.9796E-04  1.3520E-04  9.5407E-05  7.4718E-05
       8.8401E-05  1.5712E-04  1.9727E-04  2.7779E-04  4.0785E-04  4.1433E-04  3.1639E-04  1.9641E-04  1.4322E-04  1.0165E-04
       1.1544E-04  1.8422E-04  2.3237E-04  3.5976E-04  5.2314E-04  5.4686E-04  3.5471E-04  2.1235E-04  1.7601E-04  1.1326E-04
       1.2580E-04  1.8814E-04  2.3006E-04  3.9366E-04  6.1271E-04  6.3674E-04  4.1465E-04  2.3381E-04  1.7759E-04  1.1249E-04
       1.0863E-04  1.8657E-04  2.2730E-04  4.2453E-04  6.6997E-04  6.5843E-04  4.1598E-04  2.7126E-04  1.6736E-04  1.2908E-04
       1.2378E-04  1.7764E-04  2.5054E-04  4.3851E-04  6.2461E-04  6.6558E-04  4.1989E-04  2.7321E-04  1.8060E-04  1.0400E-04
       1.0252E-04  1.7027E-04  2.2954E-04  4.0809E-04  6.2407E-04  6.4184E-04  3.9330E-04  2.4657E-04  1.6788E-04  1.2087E-04
       9.4048E-05  1.7580E-04  2.1859E-04  3.5051E-04  5.5344E-04  5.3031E-04  3.5554E-04  2.0533E-04  1.5683E-04  1.0859E-04
       9.8088E-05  1.3767E-04  1.9428E-04  2.9195E-04  4.5814E-04  4.1717E-04  2.8107E-04  1.6302E-04  1.3762E-04  9.2468E-05
       7.6857E-05  1.0688E-04  1.3497E-04  1.9795E-04  3.0048E-04  2.8439E-04  2.0060E-04  1.3820E-04  9.5898E-05  7.4788E-05
       6.0737E-05  9.1045E-05  1.0055E-04  1.4592E-04  2.2879E-04  1.9538E-04  1.6156E-04  1.0156E-04  8.2009E-05  5.0841E-05
       7.0808E-05  1.1225E-04  1.5162E-04  2.1332E-04  3.2002E-04  3.2529E-04  2.4494E-04  1.4779E-04  1.1813E-04  6.7089E-05
       8.5859E-05  1.3086E-04  1.9499E-04  2.8865E-04  3.7232E-04  3.8967E-04  2.6688E-04  1.5654E-04  1.3273E-04  7.1697E-05
       8.5947E-05  1.4957E-04  1.7368E-04  3.2026E-04  4.0671E-04  4.5322E-04  3.0548E-04  1.6974E-04  1.3513E-04  9.1701E-05
       9.5783E-05  1.4959E-04  1.7571E-04  3.1614E-04  4.4589E-04  4.7450E-04  3.1616E-04  1.9528E-04  1.4031E-04  1.0148E-04
       9.3896E-05  1.6644E-04  1.7837E-04  3.2952E-04  4.4018E-04  4.5899E-04  3.2477E-04  2.1544E-04  1.5254E-04  9.5541E-05
       7.5969E-05  1.4660E-04  1.8606E-04  2.9460E-04  4.0160E-04  4.2372E-04  3.2730E-04  1.9632E-04  1.3204E-04  8.3403E-05
       6.8495E-05  1.2651E-04  1.7545E-04  2.6085E-04  3.8908E-04  3.8875E-04  2.7890E-04  1.7817E-04  1.2344E-04  9.2501E-05
       7.5963E-05  1.1575E-04  1.4401E-04  2.1322E-04  2.9980E-04  3.0266E-04  2.0547E-04  1.3378E-04  9.7749E-05  8.1529E-05
       6.2625E-05  8.8353E-05  1.0529E-04  1.4823E-04  2.1453E-04  1.8777E-04  1.4688E-04  9.7561E-05  9.3289E-05  5.1314E-05
       4.0429E-05  6.5800E-05  7.3139E-05  1.1325E-04  1.6917E-04  1.5056E-04  1.3157E-04  8.4746E-05  6.1902E-05  4.6061E-05
       5.3084E-05  8.6735E-05  1.2157E-04  1.7484E-04  2.3442E-04  2.2441E-04  1.7583E-04  1.0706E-04  7.7309E-05  5.3978E-05
       6.5849E-05  9.8688E-05  1.4070E-04  1.9097E-04  2.6826E-04  2.8087E-04  2.0229E-04  1.2522E-04  9.3196E-05  5.4399E-05
       7.0765E-05  1.1837E-04  1.4006E-04  2.2133E-04  2.7007E-04  3.0745E-04  2.1043E-04  1.4274E-04  1.1403E-04  6.2972E-05
       5.7556E-05  1.1848E-04  1.5463E-04  2.4689E-04  2.8494E-04  3.0328E-04  2.2362E-04  1.5837E-04  1.1520E-04  7.0298E-05
       6.6033E-05  9.7671E-05  1.4094E-04  2.1283E-04  3.1278E-04  3.2230E-04  2.2205E-04  1.5719E-04  1.1816E-04  7.7901E-05
       6.8026E-05  1.2553E-04  1.4394E-04  1.9883E-04  2.9054E-04  2.9893E-04  2.1505E-04  1.5335E-04  9.4041E-05  6.1933E-05
       5.3721E-05  1.0325E-04  1.3112E-04  2.0135E-04  2.7124E-04  2.5677E-04  2.0939E-04  1.2211E-04  8.9582E-05  7.1592E-05
       6.7059E-05  8.4410E-05  1.2422E-04  1.6462E-04  2.2974E-04  2.2024E-04  1.6361E-04  1.0704E-04  9.6059E-05  6.8656E-05
       4.7055E-05  6.7759E-05  8.6333E-05  1.1210E-04  1.5903E-04  1.3572E-04  1.1003E-04  6.6526E-05  6.8323E-05  4.4470E-05
       3.1947E-05  4.0973E-05  5.2277E-05  8.9365E-05  1.1646E-04  1.0451E-04  7.7901E-05  6.3521E-05  4.6381E-05  4.1267E-05
       4.0852E-05  5.5861E-05  6.9736E-05  1.0494E-04  1.4737E-04  1.4776E-04  1.1776E-04  8.0531E-05  6.3993E-05  5.5000E-05
       5.0843E-05  7.7588E-05  9.5636E-05  1.3349E-04  1.9304E-04  1.8190E-04  1.3371E-04  9.6572E-05  7.3840E-05  4.5078E-05
       4.8813E-05  9.1867E-05  1.0860E-04  1.5589E-04  1.8128E-04  1.9302E-04  1.5639E-04  1.1505E-04  9.0593E-05  5.0696E-05
       4.8479E-05  9.5911E-05  1.2995E-04  1.7363E-04  2.1079E-04  1.9561E-04  1.5852E-04  1.1521E-04  9.0268E-05  5.5337E-05
       4.8969E-05  9.1202E-05  1.2140E-04  1.5527E-04  1.9520E-04  1.9920E-04  1.6976E-04  1.0893E-04  8.5456E-05  6.7782E-05
       4.0081E-05  7.3966E-05  1.0470E-04  1.4715E-04  2.2310E-04  1.9195E-04  1.4739E-04  1.0922E-04  7.6804E-05  5.2106E-05
       3.3730E-05  6.5505E-05  1.0229E-04  1.4764E-04  1.8965E-04  1.7859E-04  1.5847E-04  1.0213E-04  6.8335E-05  6.5638E-05
       5.4894E-05  5.3059E-05  9.4808E-05  1.3366E-04  1.7392E-04  1.3210E-04  1.1727E-04  8.5211E-05  6.3836E-05  4.1692E-05
       2.9348E-05  4.7609E-05  6.6865E-05  9.5257E-05  1.1225E-04  9.6977E-05  9.1712E-05  5.5193E-05  6.2997E-05  3.3498E-05
       2.0231E-05  2.9328E-05  4.1813E-05  6.0315E-05  6.4911E-05  6.4792E-05  5.9614E-05  4.4867E-05  4.3940E-05  2.4969E-05
       2.8750E-05  4.5418E-05  5.5248E-05  6.3234E-05  8.5419E-05  8.7115E-05  7.8531E-05  5.5485E-05  4.0027E-05  3.1944E-05
       3.3953E-05  5.2341E-05  5.0866E-05  8.8725E-05  1.0535E-04  1.0124E-04  9.8007E-05  5.5966E-05  5.0806E-05  3.3431E-05
       3.1785E-05  5.4067E-05  6.5884E-05  9.5152E-05  1.1010E-04  1.0413E-04  9.2866E-05  6.3438E-05  6.4440E-05  3.5085E-05
       3.5702E-05  6.1504E-05  8.8455E-05  1.1280E-04  1.3733E-04  1.1705E-04  1.0221E-04  7.6904E-05  6.7755E-05  3.9388E-05
       3.4178E-05  4.6821E-05  7.5639E-05  9.9883E-05  1.2230E-04  1.1224E-04  9.5227E-05  6.4186E-05  5.2939E-05  3.7223E-05
       3.0201E-05  5.1381E-05  7.0392E-05  1.1194E-04  1.3332E-04  1.1903E-04  9.5219E-05  6.9304E-05  5.8464E-05  3.9409E-05
       3.0282E-05  4.4447E-05  6.4551E-05  8.0728E-05  1.2088E-04  1.0291E-04  9.0137E-05  7.0601E-05  4.8179E-05  4.5294E-05
       3.2615E-05  3.4621E-05  6.3238E-05  7.1411E-05  1.0301E-04  7.9314E-05  8.6874E-05  5.1169E-05  3.5094E-05  2.6788E-05
       2.7320E-05  3.3225E-05  4.4025E-05  5.4609E-05  7.0561E-05  5.6093E-05  4.7849E-05  4.4070E-05  3.3674E-05  2.5735E-05

      Percentage errors follow in a matrix A(ix,iy,iz), format (1(5x,1p,10(1x,e11.4)))

       3.3497E+00  3.8628E+00  1.4434E+00  1.1772E+00  4.4731E-01  3.9611E-01  8.3182E-01  1.3413E+00  2.4706E+00  2.9362E+00
       3.5205E+00  1.9447E+00  1.7127E+00  9.7257E-01  1.9735E-01  3.1857E-01  7.5540E-01  8.8800E-01  2.2576E+00  2.8026E+00
       3.3453E+00  2.2801E+00  1.5980E+00  3.7598E-01  1.4780E-01  1.1547E-01  5.2993E-01  1.5772E+00  2.4270E+00  3.9395E+00
       3.1777E+00  2.8396E+00  1.2695E+00  4.1207E-01  1.7970E-01  1.4275E-01  5.1488E-01  1.2823E+00  2.2877E+00  3.5788E+00
       3.7632E+00  2.1184E+00  1.1402E+00  4.2625E-01  6.6322E-02  7.4023E-02  2.2483E-01  1.1378E+00  1.3962E+00  4.2483E+00
       4.0599E+00  2.0313E+00  1.3930E+00  3.5290E-01  1.1792E-01  1.1515E-01  3.1536E-01  1.5387E+00  2.0003E+00  2.3594E+00
       1.5582E+00  2.0514E+00  5.6841E-01  4.3423E-01  1.3247E-01  1.3692E-01  3.8932E-01  1.7342E+00  2.5598E+00  3.1820E+00
       2.1615E+00  2.9210E+00  1.4524E+00  5.8212E-01  1.3871E-01  2.3259E-01  5.6004E-01  1.3810E+00  2.2470E+00  3.2952E+00
       1.8311E+00  2.4785E+00  9.8100E-01  6.1242E-01  1.6018E-01  3.5567E-01  6.9922E-01  1.0574E+00  2.6882E+00  4.0847E+00
       1.4143E+00  2.3400E+00  1.5377E+00  4.2255E-01  5.3516E-01  4.8348E-01  7.4243E-01  1.2829E+00  2.3128E+00  3.0282E+00
       4.5145E+00  6.9185E+00  6.4585E+00  3.9113E+00  3.0638E+00  2.3060E+00  2.9787E+00  3.9049E+00  4.0929E+00  3.4047E+00
       6.3738E+00  5.2995E+00  3.7924E+00  2.7027E+00  1.4941E+00  3.7040E+00  3.8390E+00  2.6689E+00  6.1316E+00  5.3706E+00
       5.6082E+00  4.9048E+00  2.2484E+00  1.2206E+00  1.7929E+00  1.5445E+00  2.8913E+00  4.0787E+00  3.7216E+00  5.5226E+00
       4.0114E+00  3.9820E+00  2.6564E+00  2.4884E+00  1.6555E+00  1.8368E+00  2.1010E+00  4.2523E+00  5.9773E+00  6.1247E+00
       4.4764E+00  4.4338E+00  3.4307E+00  2.9494E+00  1.2157E+00  1.2635E+00  3.3948E+00  3.0354E+00  4.0253E+00  6.0110E+00
       5.3144E+00  5.4143E+00  5.1821E+00  3.2672E+00  1.2145E+00  1.4660E+00  3.1021E+00  3.5895E+00  2.9733E+00  5.0185E+00
       4.9818E+00  3.0080E+00  3.3553E+00  1.2504E+00  1.8837E+00  1.5123E+00  2.7214E+00  4.6754E+00  1.8620E+00  3.8325E+00
       5.6141E+00  4.6238E+00  2.6314E+00  2.7940E+00  1.2645E+00  2.2271E+00  2.4641E+00  3.8230E+00  3.2761E+00  6.5606E+00
       5.4026E+00  4.2447E+00  2.9250E+00  2.4782E+00  2.1779E+00  2.4623E+00  5.2191E+00  6.8855E+00  4.3986E+00  7.7559E+00
       5.1365E+00  3.1591E+00  4.6723E+00  2.4987E+00  2.7409E+00  1.7635E+00  4.0662E+00  3.3895E+00  3.9005E+00  5.4333E+00
       8.1183E+00  7.8367E+00  4.2938E+00  2.8144E+00  2.5338E+00  3.6451E+00  4.4229E+00  4.9088E+00  5.2156E+00  5.3465E+00
       5.9863E+00  6.5614E+00  3.1595E+00  3.9100E+00  2.2387E+00  2.0962E+00  2.5621E+00  3.6133E+00  6.0731E+00  6.3870E+00
       5.8720E+00  4.5923E+00  2.6413E+00  2.7650E+00  2.7517E+00  1.8924E+00  3.1916E+00  2.8153E+00  3.1370E+00  4.3858E+00
       5.6732E+00  4.2550E+00  3.2451E+00  2.2481E+00  1.4361E+00  1.0977E+00  2.9830E+00  2.6252E+00  5.5601E+00  4.8827E+00
       5.1032E+00  2.6565E+00  4.0808E+00  3.2296E+00  1.8100E+00  1.3845E+00  2.3841E+00  4.3016E+00  2.9644E+00  6.8146E+00
       3.8371E+00  2.9034E+00  3.7030E+00  3.3126E+00  1.6575E+00  1.9149E+00  2.8389E+00  3.8283E+00  4.6188E+00  4.4325E+00
       4.1352E+00  4.4179E+00  4.5888E+00  3.6488E+00  1.7915E+00  1.7429E+00  3.3172E+00  2.8596E+00  2.9741E+00  5.8944E+00
       7.5158E+00  3.8428E+00  4.5309E+00  2.4153E+00  1.8705E+00  1.4726E+00  3.4154E+00  3.7243E+00  4.2991E+00  6.4658E+00
       6.8809E+00  6.2102E+00  5.1762E+00  2.8782E+00  1.9469E+00  2.4276E+00  2.1813E+00  4.3695E+00  4.3568E+00  9.2546E+00
       5.9758E+00  6.4279E+00  4.2474E+00  2.6026E+00  2.3649E+00  4.1040E+00  2.1659E+00  4.2742E+00  6.3053E+00  5.8436E+00
       1.0174E+01  7.5046E+00  6.6237E+00  3.8180E+00  2.8749E+00  3.3547E+00  4.2169E+00  6.5008E+00  4.7708E+00  1.2023E+01
       7.5066E+00  5.1614E+00  4.5765E+00  2.8791E+00  1.6644E+00  3.2685E+00  4.6324E+00  4.0423E+00  5.5067E+00  8.3714E+00
       6.0630E+00  6.2838E+00  3.9973E+00  4.3413E+00  2.0761E+00  1.6521E+00  2.7727E+00  4.1026E+00  5.9080E+00  6.2554E+00
       5.4697E+00  5.3782E+00  4.4777E+00  3.6148E+00  2.3112E+00  1.6618E+00  3.1496E+00  3.2054E+00  4.4939E+00  5.5445E+00
       4.4423E+00  3.9405E+00  6.2415E+00  3.0033E+00  2.4009E+00  2.9413E+00  3.0391E+00  5.2512E+00  5.0555E+00  6.9690E+00
       6.6765E+00  3.2608E+00  4.6877E+00  2.8086E+00  3.1478E+00  2.5162E+00  2.0597E+00  4.8340E+00  5.8473E+00  5.5019E+00
       6.5252E+00  6.5918E+00  5.3138E+00  3.9208E+00  3.0193E+00  1.7759E+00  3.3452E+00  5.3087E+00  4.8738E+00  6.0543E+00
       8.6832E+00  5.2982E+00  3.9486E+00  2.6100E+00  2.2556E+00  3.2821E+00  3.1224E+00  5.9100E+00  4.4366E+00  7.2151E+00
       9.6950E+00  4.1191E+00  3.8258E+00  4.5226E+00  3.4787E+00  2.0268E+00  4.9313E+00  3.5326E+00  5.5117E+00  5.3609E+00
       9.1036E+00  4.3875E+00  7.4274E+00  4.1942E+00  2.5483E+00  3.2883E+00  3.7697E+00  4.7157E+00  4.9544E+00  7.6708E+00
       1.0425E+01  4.3764E+00  6.3115E+00  5.4235E+00  3.2650E+00  3.9651E+00  5.3929E+00  7.2960E+00  6.6340E+00  1.0166E+01
       8.7291E+00  6.2556E+00  6.1210E+00  3.6335E+00  3.0825E+00  3.1695E+00  3.9897E+00  4.0984E+00  7.4026E+00  9.7063E+00
       6.7647E+00  5.3609E+00  7.0777E+00  6.0519E+00  3.6305E+00  2.4763E+00  4.0393E+00  5.4561E+00  5.0610E+00  7.4986E+00
       6.4534E+00  5.1433E+00  6.5350E+00  3.5592E+00  3.1066E+00  3.2800E+00  3.9256E+00  4.4902E+00  6.4461E+00  8.6531E+00
       5.6369E+00  6.1044E+00  4.5624E+00  3.5184E+00  3.8763E+00  3.1726E+00  2.6944E+00  5.1183E+00  5.0251E+00  5.1629E+00
       6.7696E+00  4.9000E+00  2.7888E+00  1.9221E+00  2.5242E+00  2.8131E+00  1.7495E+00  3.8243E+00  4.9625E+00  4.3117E+00
       8.5991E+00  3.9384E+00  5.6670E+00  3.2031E+00  2.2672E+00  2.2261E+00  3.4629E+00  5.7243E+00  3.5836E+00  5.2538E+00
       6.5920E+00  3.3972E+00  4.9729E+00  4.3842E+00  2.7670E+00  2.8783E+00  4.6634E+00  3.9250E+00  5.9718E+00  9.1803E+00
       7.4143E+00  6.9442E+00  4.7977E+00  5.2117E+00  3.1323E+00  3.2877E+00  5.6881E+00  4.7143E+00  4.2909E+00  9.1216E+00
       8.5681E+00  7.0132E+00  6.8420E+00  3.6964E+00  3.3666E+00  3.2618E+00  5.5561E+00  7.1330E+00  5.8857E+00  8.5886E+00
       8.8583E+00  8.1654E+00  8.2896E+00  3.5575E+00  4.9012E+00  5.0981E+00  6.0207E+00  4.8444E+00  5.4173E+00  8.0937E+00
       1.0973E+01  6.3301E+00  5.2301E+00  4.2789E+00  3.6036E+00  3.8076E+00  3.3328E+00  7.1354E+00  6.8085E+00  9.5410E+00
       7.8551E+00  4.5391E+00  6.7311E+00  4.7196E+00  3.3840E+00  2.4111E+00  3.6856E+00  6.3162E+00  5.2963E+00  1.0518E+01
       7.6108E+00  6.2012E+00  5.7482E+00  6.1228E+00  4.1396E+00  3.3341E+00  3.4195E+00  5.3128E+00  6.6350E+00  9.6345E+00
       7.2163E+00  6.4584E+00  3.8771E+00  3.8516E+00  3.3713E+00  1.7585E+00  3.2318E+00  7.1223E+00  9.1678E+00  9.1156E+00
       3.8529E+00  5.4634E+00  4.6421E+00  4.9804E+00  3.3546E+00  3.0442E+00  2.6489E+00  5.3254E+00  5.8541E+00  6.7199E+00
       7.5054E+00  6.1067E+00  4.9952E+00  3.9323E+00  3.4735E+00  2.2062E+00  3.4694E+00  4.4160E+00  7.8951E+00  6.5680E+00
       7.7715E+00  7.8622E+00  4.5556E+00  4.8761E+00  3.2430E+00  4.5016E+00  5.6472E+00  4.1654E+00  6.3069E+00  7.1913E+00
       7.3523E+00  7.2171E+00  6.2749E+00  5.4551E+00  3.7706E+00  3.7206E+00  5.6890E+00  5.4665E+00  5.9431E+00  8.2693E+00
       8.2938E+00  6.2852E+00  5.9700E+00  6.0165E+00  1.9666E+00  2.3694E+00  5.3238E+00  4.7081E+00  1.0541E+01  7.4662E+00
       9.6481E+00  6.0973E+00  9.3674E+00  6.1990E+00  6.9697E+00  4.2279E+00  4.7989E+00  7.2211E+00  5.0991E+00  5.0549E+00
       1.1626E+01  8.6780E+00  8.1532E+00  5.3818E+00  2.5392E+00  5.0289E+00  4.1972E+00  6.4720E+00  3.7321E+00  1.0069E+01
       7.5873E+00  5.6835E+00  7.4321E+00  6.5034E+00  5.1998E+00  4.3494E+00  5.3640E+00  6.3011E+00  5.6564E+00  6.6679E+00
       5.2562E+00  1.1023E+01  7.3816E+00  5.4759E+00  4.1723E+00  3.8073E+00  4.9326E+00  7.6551E+00  9.3947E+00  1.1417E+01
       7.7605E+00  6.0607E+00  4.6584E+00  4.0801E+00  3.8452E+00  2.6875E+00  5.1805E+00  7.1283E+00  6.4044E+00  9.7204E+00
       7.5377E+00  6.3295E+00  5.2121E+00  4.8556E+00  2.6340E+00  5.0601E+00  5.4182E+00  7.3027E+00  5.6405E+00  7.8857E+00
       1.0071E+01  5.3561E+00  5.9671E+00  4.3220E+00  1.8879E+00  3.7952E+00  6.4765E+00  5.6615E+00  9.3393E+00  7.5647E+00
       9.8338E+00  6.1606E+00  4.5139E+00  5.6579E+00  1.9500E+00  3.2197E+00  6.7614E+00  6.8238E+00  1.0869E+01  9.3407E+00
       1.1512E+01  8.4336E+00  6.1147E+00  5.7608E+00  4.0953E+00  5.7052E+00  6.7615E+00  6.5226E+00  9.6492E+00  9.6245E+00
       9.1058E+00  1.0829E+01  9.3840E+00  4.1242E+00  3.8730E+00  2.7497E+00  5.1187E+00  8.9279E+00  7.3784E+00  8.1695E+00
       1.2982E+01  8.1954E+00  5.5348E+00  7.4526E+00  5.0043E+00  5.4945E+00  4.5771E+00  1.0356E+01  6.7367E+00  1.0667E+01
       8.3828E+00  1.0398E+01  1.0660E+01  1.0816E+01  6.9277E+00  7.7797E+00  7.9043E+00  8.9822E+00  6.1116E+00  9.0942E+00
       7.3500E+00  1.0988E+01  8.8614E+00  5.8142E+00  4.6443E+00  5.3015E+00  6.5704E+00  5.4381E+00  8.4554E+00  9.3302E+00
       6.9049E+00  1.0204E+01  5.5912E+00  4.0192E+00  3.3906E+00  3.9878E+00  4.9144E+00  7.7801E+00  5.7027E+00  1.1854E+01
       1.1177E+01  8.0197E+00  6.4864E+00  5.7360E+00  3.5516E+00  5.6205E+00  3.9316E+00  5.2761E+00  7.1056E+00  1.0935E+01
       1.4894E+01  5.8544E+00  4.1364E+00  5.6452E+00  2.0899E+00  2.6894E+00  6.0585E+00  1.0473E+01  7.1021E+00  8.9494E+00
       1.2325E+01  6.1863E+00  7.1637E+00  4.2914E+00  3.5982E+00  5.4025E+00  5.6923E+00  6.4701E+00  6.0516E+00  1.2597E+01
       1.2628E+01  8.0785E+00  7.2756E+00  7.1780E+00  6.6343E+00  3.8819E+00  4.6135E+00  7.1879E+00  9.5806E+00  1.6948E+01
       1.0483E+01  6.5962E+00  9.0690E+00  7.6728E+00  4.2311E+00  5.1137E+00  5.6623E+00  5.8554E+00  8.0033E+00  1.2156E+01
       1.3706E+01  6.8924E+00  9.0394E+00  8.7975E+00  5.3341E+00  5.3887E+00  5.9244E+00  9.7670E+00  1.0026E+01  1.4483E+01
       1.2085E+01  1.0984E+01  1.5526E+01  8.0972E+00  5.7307E+00  9.9383E+00  8.8823E+00  7.7328E+00  1.4168E+01  1.3171E+01
       1.0315E+01  1.2140E+01  8.0961E+00  9.9728E+00  7.4563E+00  9.8624E+00  6.8408E+00  8.4110E+00  1.4371E+01  1.4817E+01
       1.7301E+01  1.5355E+01  8.2896E+00  7.0643E+00  4.4362E+00  7.5852E+00  9.6464E+00  9.0617E+00  9.0398E+00  9.8301E+00
       1.1110E+01  7.7469E+00  6.7856E+00  8.4592E+00  3.5243E+00  8.2968E+00  6.3611E+00  4.1931E+00  7.5758E+00  1.6582E+01
       1.0430E+01  1.1505E+01  9.2245E+00  9.3187E+00  6.0275E+00  5.7910E+00  4.3518E+00  4.3169E+00  7.4022E+00  1.4501E+01
       1.0507E+01  5.2801E+00  6.8093E+00  7.7391E+00  3.8398E+00  5.8296E+00  6.3583E+00  7.4394E+00  7.3061E+00  1.0252E+01
       1.6624E+01  7.8896E+00  7.3938E+00  5.9999E+00  7.7238E+00  6.6686E+00  6.5055E+00  7.9732E+00  1.2023E+01  9.2860E+00
       1.0997E+01  1.0988E+01  9.4519E+00  8.1370E+00  7.5791E+00  7.1682E+00  7.2915E+00  6.9493E+00  9.2330E+00  1.0996E+01
       8.8392E+00  1.3101E+01  5.9280E+00  6.2775E+00  5.2178E+00  8.1269E+00  6.6864E+00  1.0512E+01  7.6626E+00  7.0904E+00
       1.1288E+01  1.2148E+01  5.8736E+00  1.3874E+01  9.3139E+00  7.8202E+00  1.2775E+01  1.1913E+01  9.9577E+00  1.3908E+01
       1.9088E+01  1.7286E+01  1.8812E+01  1.0205E+01  8.3532E+00  1.1002E+01  1.1134E+01  1.1046E+01  1.1618E+01  1.3138E+01
       1.7863E+01  1.1916E+01  7.2474E+00  1.2503E+01  1.0793E+01  6.8249E+00  7.3347E+00  6.2512E+00  1.2816E+01  1.4999E+01
       1.5389E+01  9.4817E+00  1.0243E+01  6.3545E+00  7.6789E+00  1.1121E+01  8.8810E+00  1.3029E+01  1.1114E+01  1.6256E+01
       9.3542E+00  1.1609E+01  7.8416E+00  1.0531E+01  9.0606E+00  8.2722E+00  7.3026E+00  9.8271E+00  9.4330E+00  1.0495E+01
       1.0249E+01  7.3400E+00  6.5867E+00  7.7798E+00  8.6982E+00  7.5136E+00  1.0055E+01  1.1037E+01  7.7426E+00  1.1708E+01
       1.7187E+01  8.9575E+00  1.4704E+01  8.6890E+00  9.5638E+00  7.6590E+00  9.0573E+00  7.2815E+00  8.4246E+00  1.1085E+01
       1.2809E+01  1.0298E+01  1.1318E+01  7.1290E+00  6.0047E+00  1.1707E+01  6.2501E+00  9.9636E+00  1.4054E+01  1.2481E+01
       1.0175E+01  9.5887E+00  9.8609E+00  8.3299E+00  6.9981E+00  8.8669E+00  5.1514E+00  1.3981E+01  1.0727E+01  1.5191E+01
       8.4972E+00  1.1094E+01  7.0270E+00  1.1106E+01  6.6500E+00  1.0993E+01  6.5540E+00  1.2472E+01  9.5659E+00  9.8598E+00
       2.0024E+01  1.2279E+01  1.2761E+01  1.2931E+01  9.1027E+00  1.0444E+01  1.4306E+01  1.1738E+01  1.4879E+01  1.2559E+01
