1
   Cartesian binning n.   1  "DoseEq    " , generalized particle n.  240
      X coordinate: from -8.5000E+01 to  8.5000E+01 cm,    10 bins ( 1.7000E+01 cm wide)
      Y coordinate: from -2.5000E+01 to  2.5000E+01 cm,    10 bins ( 5.0000E+00 cm wide)
      Z coordinate: from  2.2500E+02 to  2.7500E+02 cm,    10 bins ( 5.0000E+00 cm wide)
      Data follow in a matrix A(ix,iy,iz), format (1(5x,1p,10(1x,e11.4)))

      accurate deposition along the tracks requested
      this is a track-length binning
       2.7303E-04  3.2100E-04  3.5485E-04  3.8076E-04  3.9265E-04  3.9017E-04  3.8375E-04  3.5325E-04  3.1699E-04  2.7041E-04
       2.9764E-04  3.6896E-04  4.1469E-04  4.3691E-04  4.5785E-04  4.6831E-04  4.3247E-04  4.0094E-04  3.6035E-04  3.0721E-04
       3.1407E-04  3.8189E-04  4.3123E-04  4.7397E-04  4.8894E-04  4.8612E-04  4.5817E-04  4.1526E-04  3.9344E-04  3.1958E-04
       3.2095E-04  4.0031E-04  4.3872E-04  4.8849E-04  4.9662E-04  4.9954E-04  4.6554E-04  4.3014E-04  3.9508E-04  3.2472E-04
       3.1547E-04  4.0188E-04  4.4988E-04  4.7886E-04  5.1018E-04  4.8368E-04  4.7492E-04  4.3242E-04  3.9567E-04  3.2652E-04
       3.2008E-04  3.9180E-04  4.5207E-04  4.8330E-04  5.0083E-04  4.9395E-04  4.8640E-04  4.4286E-04  3.9455E-04  3.2277E-04
       3.2244E-04  3.8253E-04  4.4606E-04  4.7790E-04  4.9099E-04  4.9306E-04  4.6599E-04  4.3223E-04  3.9612E-04  3.1775E-04
       3.0679E-04  3.8102E-04  4.1988E-04  4.6954E-04  4.7762E-04  4.7901E-04  4.5921E-04  4.1306E-04  3.8310E-04  3.1318E-04
       2.9557E-04  3.6888E-04  4.0586E-04  4.4769E-04  4.6506E-04  4.6269E-04  4.3828E-04  4.0132E-04  3.7548E-04  2.9887E-04
       2.6881E-04  3.2124E-04  3.5308E-04  4.0015E-04  3.9630E-04  3.9031E-04  3.9025E-04  3.5504E-04  3.2683E-04  2.7218E-04
       2.0006E-04  2.5305E-04  2.7822E-04  3.0261E-04  3.2517E-04  3.2195E-04  3.1045E-04  2.7499E-04  2.4709E-04  2.0354E-04
       2.4220E-04  3.0616E-04  3.5188E-04  3.7729E-04  4.0030E-04  3.9832E-04  3.7335E-04  3.3639E-04  3.0575E-04  2.4064E-04
       2.5543E-04  3.3242E-04  3.8135E-04  4.1783E-04  4.2648E-04  4.3118E-04  4.1117E-04  3.6482E-04  3.3023E-04  2.6311E-04
       2.6771E-04  3.5313E-04  3.9308E-04  4.3232E-04  4.4727E-04  4.4296E-04  4.2113E-04  3.7563E-04  3.4235E-04  2.6680E-04
       2.6329E-04  3.4980E-04  4.0486E-04  4.3998E-04  4.6028E-04  4.3521E-04  4.2699E-04  3.9257E-04  3.5010E-04  2.7067E-04
       2.6849E-04  3.3915E-04  3.9993E-04  4.3437E-04  4.5053E-04  4.3675E-04  4.3503E-04  3.9075E-04  3.5086E-04  2.6371E-04
       2.7259E-04  3.4022E-04  4.0035E-04  4.2848E-04  4.3905E-04  4.4583E-04  4.2176E-04  3.8672E-04  3.4844E-04  2.5880E-04
       2.5567E-04  3.2203E-04  3.7464E-04  4.1426E-04  4.2094E-04  4.2526E-04  4.0835E-04  3.6916E-04  3.3326E-04  2.5738E-04
       2.4033E-04  3.1016E-04  3.4013E-04  3.8528E-04  3.8971E-04  3.9932E-04  3.7871E-04  3.4304E-04  3.1096E-04  2.4852E-04
       2.0164E-04  2.4691E-04  2.8332E-04  3.0966E-04  3.1367E-04  3.1527E-04  3.1379E-04  2.8287E-04  2.5118E-04  2.0428E-04
       1.4780E-04  1.8634E-04  2.1206E-04  2.3556E-04  2.4906E-04  2.4348E-04  2.2371E-04  2.1457E-04  1.8717E-04  1.5194E-04
       1.7884E-04  2.3620E-04  2.7759E-04  3.0085E-04  3.1219E-04  3.1749E-04  2.9112E-04  2.6541E-04  2.3437E-04  1.8284E-04
       1.9373E-04  2.6347E-04  3.1240E-04  3.2965E-04  3.4740E-04  3.4813E-04  3.2584E-04  2.9177E-04  2.5712E-04  2.0382E-04
       1.9869E-04  2.8092E-04  3.1845E-04  3.5183E-04  3.6671E-04  3.5981E-04  3.4294E-04  3.0607E-04  2.7298E-04  2.0544E-04
       2.0143E-04  2.8050E-04  3.3176E-04  3.5858E-04  3.8392E-04  3.5713E-04  3.4641E-04  3.1720E-04  2.7134E-04  2.0424E-04
       2.1478E-04  2.7690E-04  3.2984E-04  3.6166E-04  3.6671E-04  3.5851E-04  3.4440E-04  3.1727E-04  2.7213E-04  2.0690E-04
       2.0442E-04  2.7374E-04  3.2214E-04  3.4794E-04  3.6151E-04  3.5968E-04  3.3978E-04  3.1096E-04  2.6854E-04  2.0221E-04
       1.9464E-04  2.5758E-04  3.0303E-04  3.3004E-04  3.3945E-04  3.4643E-04  3.2849E-04  2.9383E-04  2.5948E-04  2.0097E-04
       1.8012E-04  2.4110E-04  2.6493E-04  2.9480E-04  3.1144E-04  3.2067E-04  3.0189E-04  2.6669E-04  2.3914E-04  1.7942E-04
       1.5162E-04  1.8388E-04  2.1115E-04  2.2919E-04  2.4549E-04  2.4675E-04  2.3504E-04  2.1037E-04  1.8794E-04  1.4927E-04
       1.1571E-04  1.4351E-04  1.6527E-04  1.7621E-04  1.9104E-04  1.8634E-04  1.7605E-04  1.6127E-04  1.4466E-04  1.1248E-04
       1.3503E-04  1.8442E-04  2.0699E-04  2.3026E-04  2.4363E-04  2.4336E-04  2.2493E-04  2.0801E-04  1.8041E-04  1.3411E-04
       1.5070E-04  2.0291E-04  2.3377E-04  2.5648E-04  2.7273E-04  2.7249E-04  2.5357E-04  2.3244E-04  2.0210E-04  1.5219E-04
       1.5902E-04  2.2217E-04  2.6259E-04  2.8160E-04  2.8806E-04  2.8503E-04  2.6426E-04  2.4022E-04  2.1453E-04  1.5879E-04
       1.6035E-04  2.1797E-04  2.6458E-04  2.8225E-04  3.0054E-04  2.8223E-04  2.7133E-04  2.5108E-04  2.2195E-04  1.6093E-04
       1.6432E-04  2.2319E-04  2.6131E-04  2.8878E-04  2.9577E-04  2.8976E-04  2.6890E-04  2.5229E-04  2.1868E-04  1.6349E-04
       1.5638E-04  2.1435E-04  2.5038E-04  2.7205E-04  2.8904E-04  2.8612E-04  2.7146E-04  2.4423E-04  2.1134E-04  1.5849E-04
       1.5237E-04  2.0547E-04  2.3402E-04  2.5569E-04  2.7209E-04  2.7104E-04  2.5921E-04  2.2810E-04  2.0085E-04  1.4726E-04
       1.3975E-04  1.8688E-04  2.1146E-04  2.2970E-04  2.3777E-04  2.4057E-04  2.2810E-04  2.1028E-04  1.8482E-04  1.3739E-04
       1.1431E-04  1.4058E-04  1.6710E-04  1.7709E-04  1.8809E-04  1.8894E-04  1.7551E-04  1.5886E-04  1.4268E-04  1.1419E-04
       8.5718E-05  1.0901E-04  1.2465E-04  1.3536E-04  1.4758E-04  1.4810E-04  1.4127E-04  1.2690E-04  1.0899E-04  9.1532E-05
       1.0083E-04  1.3864E-04  1.5887E-04  1.7816E-04  1.8663E-04  1.8043E-04  1.7460E-04  1.6080E-04  1.4302E-04  1.0212E-04
       1.1874E-04  1.5870E-04  1.7947E-04  2.0122E-04  2.1808E-04  2.0361E-04  1.9639E-04  1.7750E-04  1.5690E-04  1.1964E-04
       1.2195E-04  1.6991E-04  2.0427E-04  2.1558E-04  2.2621E-04  2.2465E-04  2.0623E-04  1.8751E-04  1.6922E-04  1.2209E-04
       1.2575E-04  1.7245E-04  2.0055E-04  2.2590E-04  2.3651E-04  2.2959E-04  2.1944E-04  1.9918E-04  1.7764E-04  1.2375E-04
       1.2488E-04  1.6930E-04  2.0007E-04  2.2348E-04  2.3771E-04  2.2739E-04  2.1563E-04  1.9629E-04  1.7130E-04  1.2475E-04
       1.2332E-04  1.6399E-04  1.9612E-04  2.1656E-04  2.2290E-04  2.2107E-04  2.0899E-04  1.9178E-04  1.6528E-04  1.2014E-04
       1.1589E-04  1.5658E-04  1.8267E-04  2.0134E-04  2.1505E-04  2.0802E-04  2.0232E-04  1.7776E-04  1.5118E-04  1.1232E-04
       1.0559E-04  1.4279E-04  1.6553E-04  1.8131E-04  1.8826E-04  1.9615E-04  1.7748E-04  1.6332E-04  1.3808E-04  1.0239E-04
       8.8100E-05  1.1223E-04  1.2587E-04  1.3578E-04  1.4380E-04  1.4591E-04  1.3422E-04  1.2704E-04  1.1116E-04  8.8869E-05
       6.8248E-05  8.9832E-05  9.8734E-05  1.0598E-04  1.1781E-04  1.1107E-04  1.0722E-04  9.6372E-05  8.3432E-05  7.0273E-05
       8.1451E-05  1.0449E-04  1.2443E-04  1.4658E-04  1.4778E-04  1.4136E-04  1.3546E-04  1.2341E-04  1.0886E-04  8.1073E-05
       9.1366E-05  1.2732E-04  1.4205E-04  1.5934E-04  1.6253E-04  1.6181E-04  1.5328E-04  1.4209E-04  1.2324E-04  9.4539E-05
       9.2523E-05  1.3297E-04  1.4830E-04  1.6464E-04  1.7087E-04  1.7382E-04  1.6327E-04  1.4994E-04  1.3142E-04  9.5694E-05
       1.0012E-04  1.3652E-04  1.5340E-04  1.7535E-04  1.7996E-04  1.7799E-04  1.7483E-04  1.5728E-04  1.3964E-04  9.3598E-05
       1.0008E-04  1.3409E-04  1.5241E-04  1.7418E-04  1.8337E-04  1.8519E-04  1.7599E-04  1.6077E-04  1.3616E-04  9.8318E-05
       9.4716E-05  1.2822E-04  1.5817E-04  1.6511E-04  1.7395E-04  1.7696E-04  1.6570E-04  1.5455E-04  1.2688E-04  9.5458E-05
       8.9055E-05  1.2401E-04  1.5105E-04  1.5884E-04  1.6169E-04  1.6354E-04  1.5854E-04  1.4038E-04  1.2062E-04  8.8681E-05
       8.1911E-05  1.1391E-04  1.3126E-04  1.4040E-04  1.4773E-04  1.5344E-04  1.4134E-04  1.2738E-04  1.0415E-04  7.9194E-05
       7.1308E-05  8.7931E-05  9.7295E-05  1.1450E-04  1.1782E-04  1.1537E-04  1.0780E-04  9.8430E-05  8.5055E-05  6.8448E-05
       5.9472E-05  6.9629E-05  8.1126E-05  9.0420E-05  9.3383E-05  9.0383E-05  8.6791E-05  7.6098E-05  6.7188E-05  5.7754E-05
       6.4693E-05  8.5819E-05  9.9354E-05  1.1404E-04  1.1203E-04  1.0963E-04  1.0595E-04  9.8171E-05  8.0753E-05  6.4309E-05
       7.1734E-05  9.5150E-05  1.0858E-04  1.2079E-04  1.2654E-04  1.2170E-04  1.1881E-04  1.0904E-04  9.5028E-05  7.0620E-05
       6.9527E-05  1.0159E-04  1.1732E-04  1.3112E-04  1.3554E-04  1.3869E-04  1.3097E-04  1.1614E-04  1.0136E-04  7.8229E-05
       7.6203E-05  1.0436E-04  1.2338E-04  1.3748E-04  1.4540E-04  1.4056E-04  1.3741E-04  1.1869E-04  1.0569E-04  7.9829E-05
       7.7773E-05  1.0612E-04  1.2192E-04  1.3265E-04  1.4256E-04  1.4344E-04  1.3474E-04  1.2405E-04  1.0174E-04  7.9373E-05
       7.6808E-05  1.0265E-04  1.2068E-04  1.3139E-04  1.3615E-04  1.3838E-04  1.3428E-04  1.2323E-04  9.6506E-05  7.7211E-05
       7.0388E-05  9.7587E-05  1.1183E-04  1.2216E-04  1.2560E-04  1.2816E-04  1.2615E-04  1.1065E-04  9.0035E-05  7.3960E-05
       6.4199E-05  8.7933E-05  1.0314E-04  1.1359E-04  1.1315E-04  1.1574E-04  1.1309E-04  9.6234E-05  8.0262E-05  6.7490E-05
       5.8539E-05  7.2984E-05  8.4277E-05  8.7524E-05  9.1395E-05  9.0589E-05  8.4913E-05  7.8605E-05  6.9520E-05  5.9007E-05
       4.8712E-05  5.7099E-05  6.6987E-05  7.2967E-05  7.1522E-05  7.3991E-05  7.0518E-05  6.5237E-05  5.6211E-05  5.0856E-05
       5.5248E-05  7.2116E-05  7.8873E-05  8.9368E-05  8.4487E-05  8.8413E-05  8.3739E-05  7.8944E-05  6.5594E-05  5.4225E-05
       5.9448E-05  7.5915E-05  9.0012E-05  9.6111E-05  1.0140E-04  9.8699E-05  9.4934E-05  8.5048E-05  7.5783E-05  6.1354E-05
       6.1455E-05  8.2075E-05  9.5691E-05  1.0454E-04  1.0704E-04  1.1083E-04  1.0329E-04  8.9594E-05  8.4832E-05  5.9559E-05
       5.9060E-05  8.3334E-05  9.3808E-05  1.0849E-04  1.1561E-04  1.1127E-04  1.0574E-04  9.6036E-05  8.5830E-05  6.4315E-05
       6.1716E-05  7.8274E-05  9.7747E-05  1.0333E-04  1.1128E-04  1.1230E-04  1.0542E-04  9.3280E-05  8.3614E-05  6.0598E-05
       6.2234E-05  7.9248E-05  9.6810E-05  1.0298E-04  1.0762E-04  1.0405E-04  1.0126E-04  9.2790E-05  7.8144E-05  6.3897E-05
       5.8878E-05  7.6459E-05  8.6437E-05  9.6255E-05  9.4882E-05  9.7768E-05  9.8870E-05  8.5860E-05  7.3106E-05  5.9900E-05
       5.1645E-05  7.1866E-05  8.0675E-05  8.8747E-05  9.0636E-05  9.0507E-05  9.2468E-05  7.6888E-05  6.1867E-05  5.5663E-05
       5.0568E-05  6.0855E-05  6.5245E-05  7.3435E-05  7.3231E-05  7.5077E-05  6.8544E-05  6.7101E-05  5.9354E-05  5.3211E-05
       4.5971E-05  4.8818E-05  5.4881E-05  5.8405E-05  6.0416E-05  6.2346E-05  5.6604E-05  5.3824E-05  4.7900E-05  4.3025E-05
       4.8105E-05  6.0207E-05  6.6203E-05  6.7039E-05  7.0411E-05  7.1898E-05  6.4239E-05  6.3215E-05  5.6324E-05  4.5865E-05
       5.2982E-05  6.3898E-05  7.1345E-05  7.7803E-05  7.8678E-05  8.1434E-05  7.5214E-05  7.0424E-05  5.9796E-05  5.1062E-05
       5.2284E-05  6.4952E-05  7.4526E-05  8.2310E-05  7.9780E-05  8.4516E-05  8.4824E-05  7.0753E-05  6.7355E-05  4.9061E-05
       5.0348E-05  6.6435E-05  7.6221E-05  8.4196E-05  8.6361E-05  8.6569E-05  8.6430E-05  7.1951E-05  6.9450E-05  5.1188E-05
       5.3377E-05  6.4724E-05  7.5787E-05  8.1166E-05  8.9443E-05  8.6366E-05  8.3754E-05  7.3652E-05  6.7141E-05  5.2677E-05
       5.0963E-05  6.8262E-05  7.3563E-05  8.0385E-05  8.4552E-05  8.1780E-05  8.3642E-05  7.3130E-05  6.6375E-05  5.0441E-05
       4.8372E-05  6.1922E-05  7.1389E-05  7.5784E-05  8.1549E-05  7.7173E-05  8.1440E-05  7.1607E-05  6.2085E-05  4.9740E-05
       4.4345E-05  5.8788E-05  6.2771E-05  7.0635E-05  7.4805E-05  7.1081E-05  7.0901E-05  6.5904E-05  5.7728E-05  4.7033E-05
       4.5857E-05  5.1307E-05  5.4838E-05  6.2291E-05  6.1805E-05  6.2273E-05  5.8950E-05  5.7439E-05  5.3273E-05  4.6706E-05
       4.1833E-05  4.6121E-05  4.7558E-05  4.9499E-05  5.4588E-05  5.4193E-05  5.1203E-05  5.1687E-05  4.5658E-05  4.1276E-05
       4.6205E-05  5.0413E-05  5.5759E-05  5.6070E-05  6.1364E-05  6.0441E-05  5.7290E-05  5.3451E-05  5.0455E-05  3.9792E-05
       4.4753E-05  5.1957E-05  6.0805E-05  6.2264E-05  6.2334E-05  6.9311E-05  6.4385E-05  5.6553E-05  5.3242E-05  4.6162E-05
       4.7223E-05  5.2873E-05  6.1764E-05  6.5192E-05  6.5302E-05  6.8580E-05  7.1501E-05  5.8623E-05  5.4939E-05  4.7781E-05
       4.6819E-05  5.4974E-05  5.8290E-05  7.0229E-05  7.0860E-05  6.8521E-05  7.2281E-05  5.6361E-05  5.3444E-05  4.5410E-05
       4.3628E-05  5.5426E-05  6.0383E-05  6.7500E-05  6.9947E-05  7.1820E-05  6.9527E-05  6.2296E-05  5.3163E-05  4.8236E-05
       4.3714E-05  5.8405E-05  6.0755E-05  6.6271E-05  6.7762E-05  6.6843E-05  6.9034E-05  6.2404E-05  5.6812E-05  4.8868E-05
       4.2552E-05  5.3752E-05  5.7918E-05  6.0966E-05  6.5458E-05  6.4799E-05  6.6308E-05  5.8366E-05  5.2931E-05  4.7433E-05
       4.3681E-05  4.9844E-05  5.4224E-05  5.9675E-05  6.1031E-05  5.9581E-05  5.8632E-05  5.4275E-05  4.9222E-05  4.2634E-05
       4.0457E-05  4.4624E-05  5.2075E-05  5.4840E-05  5.3333E-05  5.2337E-05  4.7815E-05  5.1354E-05  4.7227E-05  4.3179E-05

      Percentage errors follow in a matrix A(ix,iy,iz), format (1(5x,1p,10(1x,e11.4)))

       1.4137E+00  1.4386E+00  1.3660E+00  1.4210E+00  1.3219E+00  1.2882E+00  1.2536E+00  1.2265E+00  1.4430E+00  1.5257E+00
       1.5878E+00  1.5638E+00  1.2095E+00  1.2515E+00  1.1698E+00  1.2417E+00  1.4309E+00  1.4345E+00  1.3662E+00  1.4226E+00
       1.5010E+00  1.2953E+00  1.2735E+00  1.1942E+00  1.1695E+00  1.2283E+00  1.2499E+00  1.2983E+00  1.3978E+00  1.4029E+00
       1.4703E+00  1.1585E+00  1.1992E+00  1.2565E+00  1.2447E+00  1.0762E+00  1.2627E+00  1.1548E+00  1.4886E+00  1.5220E+00
       1.3622E+00  1.2427E+00  1.1517E+00  1.1853E+00  1.0444E+00  1.2104E+00  1.2029E+00  1.1958E+00  1.2875E+00  1.5373E+00
       1.3804E+00  1.5115E+00  1.4029E+00  1.1370E+00  1.3312E+00  1.0893E+00  1.1757E+00  1.1924E+00  1.3710E+00  1.3144E+00
       1.3053E+00  1.2717E+00  1.1435E+00  1.2101E+00  1.1018E+00  1.2134E+00  1.1491E+00  1.2234E+00  1.2747E+00  1.2602E+00
       1.4318E+00  1.2320E+00  1.1787E+00  1.2854E+00  1.1689E+00  1.2011E+00  1.1887E+00  1.1870E+00  1.4029E+00  1.4817E+00
       1.5497E+00  1.3447E+00  1.1678E+00  1.1858E+00  1.1865E+00  1.3382E+00  1.2911E+00  1.1554E+00  1.5327E+00  1.4559E+00
       1.5553E+00  1.3845E+00  1.2448E+00  1.1820E+00  1.3897E+00  1.3421E+00  1.1715E+00  1.3819E+00  1.4841E+00  1.7187E+00
       1.7445E+00  1.6487E+00  1.6372E+00  1.4764E+00  1.6115E+00  1.6084E+00  1.3792E+00  1.5946E+00  1.7163E+00  1.8417E+00
       1.7362E+00  1.8654E+00  1.3955E+00  1.4192E+00  1.4299E+00  1.3836E+00  1.3029E+00  1.6929E+00  1.4779E+00  1.9671E+00
       1.5393E+00  1.6165E+00  1.3554E+00  1.1824E+00  1.1820E+00  1.3932E+00  1.3060E+00  1.4822E+00  1.5069E+00  1.7665E+00
       1.8936E+00  1.3306E+00  1.3301E+00  1.4177E+00  1.2867E+00  1.2791E+00  1.3452E+00  1.3483E+00  1.4858E+00  1.6482E+00
       1.8503E+00  1.4674E+00  1.2303E+00  1.3620E+00  9.5738E-01  1.3641E+00  1.2238E+00  1.4956E+00  1.7593E+00  1.6631E+00
       1.7012E+00  1.5735E+00  1.2459E+00  1.2761E+00  1.4094E+00  1.1895E+00  1.1569E+00  1.4558E+00  1.6006E+00  1.6116E+00
       1.7594E+00  1.6291E+00  1.2670E+00  1.3607E+00  1.2533E+00  1.2754E+00  1.3302E+00  1.4406E+00  1.3766E+00  1.6659E+00
       1.7506E+00  1.7391E+00  1.3026E+00  1.3237E+00  1.3142E+00  1.2050E+00  1.5212E+00  1.2212E+00  1.4517E+00  1.5510E+00
       1.7657E+00  1.4928E+00  1.3673E+00  1.3917E+00  1.2503E+00  1.3750E+00  1.4479E+00  1.5523E+00  1.7307E+00  1.5517E+00
       1.9197E+00  1.7478E+00  1.3331E+00  1.4289E+00  1.5147E+00  1.3953E+00  1.6796E+00  1.6177E+00  1.6527E+00  2.0275E+00
       1.9784E+00  1.9659E+00  1.7120E+00  1.5628E+00  1.5159E+00  1.7007E+00  1.8955E+00  1.6688E+00  1.8769E+00  2.0833E+00
       1.9824E+00  2.1818E+00  1.6950E+00  1.4667E+00  1.4854E+00  1.4946E+00  1.5580E+00  1.5011E+00  1.6523E+00  2.0208E+00
       2.0828E+00  1.7621E+00  1.7410E+00  1.3409E+00  1.2850E+00  1.4900E+00  1.3743E+00  1.3991E+00  1.7229E+00  1.8158E+00
       2.1610E+00  1.4067E+00  1.4560E+00  1.4928E+00  1.3666E+00  1.3915E+00  1.4997E+00  1.4291E+00  1.7419E+00  1.9293E+00
       1.7219E+00  1.5830E+00  1.6409E+00  1.4551E+00  1.3427E+00  1.2654E+00  1.5657E+00  1.4285E+00  1.8582E+00  1.9984E+00
       1.8034E+00  1.6099E+00  1.6087E+00  1.3982E+00  1.4273E+00  1.3861E+00  1.4538E+00  1.6685E+00  1.6009E+00  1.8582E+00
       1.9076E+00  1.6716E+00  1.5583E+00  1.3839E+00  1.3646E+00  1.4817E+00  1.6380E+00  1.4344E+00  1.5417E+00  1.6828E+00
       1.9123E+00  1.6686E+00  1.6033E+00  1.4348E+00  1.5141E+00  1.6041E+00  1.7147E+00  1.5606E+00  1.9032E+00  2.0245E+00
       1.9166E+00  1.7631E+00  1.5311E+00  1.3954E+00  1.5807E+00  1.4589E+00  1.5876E+00  1.5984E+00  1.6051E+00  2.0627E+00
       2.2624E+00  1.7965E+00  1.7680E+00  1.7622E+00  1.9350E+00  1.5129E+00  1.9605E+00  1.6799E+00  1.8034E+00  1.9284E+00
       2.2741E+00  2.1110E+00  2.0437E+00  2.0388E+00  1.9317E+00  1.8002E+00  1.8916E+00  1.9533E+00  1.9981E+00  2.5040E+00
       2.2035E+00  1.9766E+00  1.9002E+00  1.6627E+00  1.7422E+00  1.6135E+00  1.8482E+00  1.8851E+00  2.0284E+00  2.3394E+00
       2.1597E+00  1.8352E+00  1.9544E+00  1.6262E+00  1.6534E+00  1.6582E+00  1.4375E+00  1.6098E+00  2.1389E+00  2.2923E+00
       2.3198E+00  1.6432E+00  1.5161E+00  1.4041E+00  1.5991E+00  1.4689E+00  1.7353E+00  1.7570E+00  2.0231E+00  2.0252E+00
       2.0611E+00  1.7404E+00  1.8835E+00  1.4462E+00  1.6976E+00  1.5038E+00  1.7260E+00  1.5316E+00  1.9570E+00  2.1895E+00
       2.2020E+00  1.7041E+00  1.7715E+00  1.6996E+00  1.8044E+00  1.5339E+00  1.5511E+00  1.9272E+00  1.9254E+00  2.3439E+00
       2.2499E+00  2.0137E+00  1.7429E+00  1.5228E+00  1.6493E+00  1.6145E+00  1.7948E+00  1.5287E+00  1.7095E+00  2.1805E+00
       2.1176E+00  1.9895E+00  1.7792E+00  1.6286E+00  1.6784E+00  1.5545E+00  1.5815E+00  1.6662E+00  1.6197E+00  2.5669E+00
       2.2060E+00  2.0168E+00  1.8270E+00  1.7550E+00  1.5503E+00  1.7062E+00  1.7717E+00  2.0223E+00  2.0213E+00  2.1494E+00
       2.1850E+00  1.9612E+00  2.0605E+00  1.8374E+00  1.8337E+00  1.7978E+00  2.0513E+00  1.9887E+00  2.0107E+00  2.4858E+00
       2.8012E+00  2.5199E+00  2.0845E+00  2.2690E+00  2.0261E+00  2.1253E+00  2.4177E+00  2.3996E+00  2.3260E+00  2.4599E+00
       3.0913E+00  2.0854E+00  2.1987E+00  2.0400E+00  2.0455E+00  2.0291E+00  2.2974E+00  2.0462E+00  2.5603E+00  2.7559E+00
       2.6071E+00  2.4318E+00  1.9793E+00  1.9933E+00  1.7619E+00  1.7580E+00  1.6775E+00  2.0696E+00  2.1982E+00  2.6942E+00
       2.8208E+00  1.9453E+00  1.8297E+00  1.8535E+00  1.7218E+00  1.8221E+00  1.7564E+00  1.7034E+00  2.0915E+00  2.4318E+00
       2.7087E+00  1.9030E+00  1.9436E+00  1.8897E+00  1.9727E+00  1.8103E+00  1.8135E+00  1.8283E+00  2.1127E+00  2.4108E+00
       2.4874E+00  2.0788E+00  1.8731E+00  1.8799E+00  1.7716E+00  1.6499E+00  1.7553E+00  1.8609E+00  2.1411E+00  2.8728E+00
       2.5697E+00  1.9537E+00  1.7195E+00  1.8557E+00  1.7666E+00  1.7719E+00  1.9600E+00  1.6475E+00  2.1125E+00  2.5490E+00
       2.3094E+00  2.1678E+00  2.1324E+00  1.8712E+00  1.7718E+00  2.0425E+00  1.9173E+00  1.6757E+00  2.2637E+00  2.5320E+00
       2.6900E+00  2.2090E+00  1.9729E+00  1.9740E+00  1.8775E+00  2.0237E+00  2.1678E+00  1.9193E+00  2.2502E+00  2.5156E+00
       2.6075E+00  2.5859E+00  2.4771E+00  1.9463E+00  2.2603E+00  2.4090E+00  2.3253E+00  2.4572E+00  2.4089E+00  2.8595E+00
       2.9717E+00  2.4573E+00  2.6181E+00  2.7567E+00  2.2794E+00  2.1943E+00  2.4467E+00  2.4616E+00  2.6049E+00  3.1550E+00
       3.0472E+00  2.3164E+00  2.2581E+00  2.3008E+00  2.0716E+00  2.0493E+00  2.0842E+00  2.3089E+00  2.7046E+00  3.2556E+00
       3.0361E+00  2.5132E+00  2.0862E+00  2.1642E+00  2.1998E+00  2.2781E+00  2.1714E+00  2.3592E+00  2.6292E+00  2.8250E+00
       2.8665E+00  2.4630E+00  2.3723E+00  1.9081E+00  1.9507E+00  2.0181E+00  1.8898E+00  2.2548E+00  2.5192E+00  2.7985E+00
       2.7262E+00  2.2670E+00  2.0869E+00  1.9986E+00  2.2009E+00  2.0206E+00  2.1037E+00  1.9976E+00  2.4863E+00  2.8956E+00
       2.6586E+00  2.3276E+00  1.9220E+00  2.1809E+00  1.8024E+00  1.7536E+00  1.9538E+00  2.0185E+00  2.4454E+00  2.9573E+00
       2.6051E+00  2.3362E+00  2.0009E+00  1.8880E+00  1.8318E+00  2.0454E+00  2.1183E+00  1.8300E+00  2.0582E+00  2.7366E+00
       2.6880E+00  2.1149E+00  2.1300E+00  2.1295E+00  2.2466E+00  2.0845E+00  1.9730E+00  2.1845E+00  2.3927E+00  2.5624E+00
       2.8325E+00  2.5239E+00  1.9210E+00  2.4504E+00  2.1665E+00  2.2108E+00  2.5176E+00  2.3493E+00  2.6431E+00  2.6759E+00
       3.3393E+00  2.8905E+00  2.6553E+00  2.3090E+00  2.7028E+00  2.5907E+00  2.3737E+00  2.1707E+00  2.8827E+00  3.1015E+00
       3.4976E+00  2.8808E+00  2.9610E+00  3.1626E+00  2.4431E+00  2.7656E+00  2.7210E+00  2.6412E+00  3.1022E+00  3.1958E+00
       3.0866E+00  2.8557E+00  2.8531E+00  2.5377E+00  2.4533E+00  2.2788E+00  2.2738E+00  2.3700E+00  2.9717E+00  3.3548E+00
       3.2092E+00  2.5184E+00  2.2775E+00  2.5688E+00  2.6560E+00  2.3110E+00  2.4929E+00  2.5093E+00  3.0515E+00  2.8042E+00
       3.3482E+00  3.0891E+00  2.4598E+00  2.2310E+00  2.0802E+00  2.2407E+00  2.4785E+00  2.2139E+00  2.9337E+00  3.0197E+00
       3.2229E+00  2.8627E+00  2.4099E+00  2.4539E+00  2.2059E+00  2.2380E+00  2.1717E+00  2.1989E+00  2.4071E+00  2.8475E+00
       3.2605E+00  2.8084E+00  2.2154E+00  2.5810E+00  2.3901E+00  2.0175E+00  2.2695E+00  2.1862E+00  2.5870E+00  3.3083E+00
       2.9369E+00  2.6998E+00  2.8503E+00  2.3558E+00  2.3047E+00  2.2354E+00  2.3647E+00  2.4512E+00  2.6862E+00  3.5078E+00
       3.1916E+00  2.9441E+00  2.4796E+00  2.3412E+00  2.5490E+00  2.2576E+00  2.1868E+00  2.3741E+00  3.1002E+00  3.7168E+00
       3.3006E+00  2.6366E+00  2.5744E+00  2.7923E+00  2.5520E+00  2.5725E+00  2.2871E+00  2.2805E+00  2.8977E+00  3.0028E+00
       3.4299E+00  2.8526E+00  2.7615E+00  2.6014E+00  2.6954E+00  2.9701E+00  2.6256E+00  2.3274E+00  3.1754E+00  3.5525E+00
       3.5051E+00  3.3417E+00  2.7498E+00  3.1264E+00  3.1883E+00  3.0729E+00  3.0680E+00  3.0458E+00  3.4469E+00  3.6570E+00
       3.3754E+00  3.5825E+00  2.7374E+00  2.8475E+00  3.1758E+00  2.9738E+00  2.6942E+00  2.9922E+00  3.3259E+00  3.7654E+00
       3.6280E+00  2.9539E+00  2.7850E+00  2.6109E+00  2.4279E+00  2.9528E+00  2.6542E+00  3.0506E+00  3.1259E+00  3.4024E+00
       3.1838E+00  3.0059E+00  2.8726E+00  2.5933E+00  2.5343E+00  2.5030E+00  2.2345E+00  2.6028E+00  2.9796E+00  3.1776E+00
       3.8189E+00  3.0202E+00  2.8123E+00  2.5297E+00  2.8266E+00  2.2366E+00  2.2063E+00  2.7779E+00  3.2811E+00  3.4536E+00
       3.3533E+00  2.6217E+00  2.8833E+00  2.5423E+00  2.5896E+00  2.3394E+00  2.4654E+00  2.9082E+00  3.0493E+00  3.3950E+00
       3.6341E+00  3.0068E+00  3.1850E+00  2.6653E+00  2.6400E+00  2.8360E+00  2.5278E+00  2.8212E+00  2.8173E+00  3.8037E+00
       3.8701E+00  2.7872E+00  2.8941E+00  2.8774E+00  3.0442E+00  2.8221E+00  2.6103E+00  2.6965E+00  3.3739E+00  3.5531E+00
       3.2439E+00  2.9044E+00  2.9792E+00  2.8799E+00  2.5332E+00  2.7629E+00  2.5539E+00  2.7739E+00  3.5502E+00  2.9706E+00
       3.6862E+00  3.4336E+00  3.0697E+00  3.4557E+00  3.3375E+00  3.4071E+00  2.9727E+00  2.8916E+00  3.3065E+00  3.3909E+00
       3.8063E+00  3.8076E+00  3.4486E+00  3.4537E+00  3.2290E+00  3.4577E+00  3.4445E+00  3.2250E+00  3.6892E+00  3.8645E+00
       4.2043E+00  3.9021E+00  3.0969E+00  2.7235E+00  3.0450E+00  3.3974E+00  3.3286E+00  3.3343E+00  3.1832E+00  3.7298E+00
       4.0199E+00  2.9671E+00  3.1530E+00  3.0565E+00  2.8781E+00  2.7514E+00  3.0008E+00  3.0364E+00  3.5687E+00  3.6441E+00
       3.6026E+00  3.1437E+00  3.0372E+00  3.0451E+00  2.7029E+00  2.3937E+00  2.7016E+00  3.2127E+00  3.3663E+00  3.3496E+00
       4.0741E+00  3.0816E+00  3.0551E+00  3.4956E+00  2.7587E+00  2.7671E+00  2.7878E+00  2.9893E+00  3.2034E+00  3.6755E+00
       3.9431E+00  3.2337E+00  2.9292E+00  2.9209E+00  3.0206E+00  2.8702E+00  2.9260E+00  2.8243E+00  3.4387E+00  3.9685E+00
       3.5527E+00  3.2406E+00  2.8476E+00  2.5243E+00  3.1969E+00  2.9424E+00  2.9629E+00  2.5730E+00  3.2953E+00  3.8793E+00
       3.6163E+00  3.2122E+00  3.3379E+00  3.2861E+00  3.0314E+00  2.8457E+00  2.8446E+00  3.3633E+00  3.7237E+00  3.6209E+00
       3.9450E+00  3.3784E+00  3.4308E+00  3.0221E+00  2.9486E+00  3.5437E+00  2.7119E+00  3.0982E+00  3.2241E+00  3.6535E+00
       3.2684E+00  3.3430E+00  3.4519E+00  3.2582E+00  3.5106E+00  3.3561E+00  3.4555E+00  3.2241E+00  3.5010E+00  3.8894E+00
       3.8647E+00  3.4072E+00  3.4763E+00  3.6893E+00  3.4781E+00  3.4488E+00  4.2273E+00  3.6413E+00  3.7236E+00  3.6396E+00
       3.9906E+00  3.7677E+00  3.3415E+00  3.4404E+00  3.3821E+00  3.1986E+00  3.2220E+00  3.8879E+00  3.6093E+00  3.6032E+00
       3.9737E+00  3.6152E+00  2.9545E+00  2.7683E+00  2.8034E+00  2.7902E+00  3.3040E+00  3.2268E+00  3.2517E+00  4.0792E+00
       3.6930E+00  3.6435E+00  2.8280E+00  3.2650E+00  3.3832E+00  3.3182E+00  3.2016E+00  3.1234E+00  3.5065E+00  3.5338E+00
       3.4483E+00  3.1725E+00  3.2142E+00  3.1728E+00  2.9966E+00  3.1725E+00  3.0143E+00  3.2886E+00  3.7722E+00  3.2389E+00
       3.6255E+00  3.3700E+00  3.2428E+00  3.1434E+00  2.9234E+00  2.8558E+00  3.2519E+00  3.1403E+00  3.7435E+00  3.6745E+00
       4.0703E+00  3.0750E+00  3.7772E+00  2.9660E+00  3.3136E+00  2.8271E+00  2.7762E+00  3.1595E+00  3.3117E+00  3.7524E+00
       3.4864E+00  3.5256E+00  2.9283E+00  3.1777E+00  3.1832E+00  3.0599E+00  3.0326E+00  3.3699E+00  3.3703E+00  4.0296E+00
       4.1873E+00  3.4784E+00  3.7188E+00  3.3121E+00  3.1189E+00  3.3630E+00  2.9155E+00  3.4574E+00  3.2943E+00  3.7104E+00
       3.7289E+00  3.6432E+00  3.4658E+00  3.1311E+00  3.2299E+00  3.4018E+00  3.2142E+00  3.2793E+00  3.5709E+00  4.0181E+00
