1
   Cartesian binning n.   1  "DoseEq    " , generalized particle n.  240
      X coordinate: from -8.5000E+01 to  8.5000E+01 cm,    10 bins ( 1.7000E+01 cm wide)
      Y coordinate: from -2.5000E+01 to  2.5000E+01 cm,    10 bins ( 5.0000E+00 cm wide)
      Z coordinate: from  2.2500E+02 to  2.7500E+02 cm,    10 bins ( 5.0000E+00 cm wide)
      Data follow in a matrix A(ix,iy,iz), format (1(5x,1p,10(1x,e11.4)))

      accurate deposition along the tracks requested
      this is a track-length binning
       1.8181E-05  4.8080E-05  1.8010E-04  7.0161E-04  2.0478E-03  2.0830E-03  6.8122E-04  1.7675E-04  5.5879E-05  2.4894E-05
       2.7856E-05  7.9730E-05  2.5707E-04  1.1608E-03  4.1500E-03  4.1549E-03  1.1455E-03  2.4503E-04  6.3734E-05  2.8416E-05
       3.6502E-05  7.8489E-05  3.0404E-04  1.6373E-03  8.4997E-03  8.4815E-03  1.6089E-03  3.1162E-04  9.4457E-05  3.0421E-05
       3.5574E-05  9.1860E-05  3.4981E-04  2.1107E-03  2.0474E-02  2.0403E-02  2.0881E-03  3.8928E-04  9.6582E-05  2.8176E-05
       3.2460E-05  9.1970E-05  4.0372E-04  2.3511E-03  3.9618E+00  3.9590E+00  2.4349E-03  3.5671E-04  9.6813E-05  3.3710E-05
       3.1128E-05  9.6962E-05  3.7268E-04  2.4420E-03  3.9596E+00  3.9610E+00  2.3672E-03  3.7719E-04  9.6792E-05  2.8360E-05
       3.2274E-05  9.0486E-05  3.5837E-04  2.0960E-03  2.0404E-02  2.0555E-02  2.1117E-03  3.6674E-04  8.5049E-05  3.8672E-05
       2.7918E-05  9.2490E-05  2.9442E-04  1.6155E-03  8.4950E-03  8.5189E-03  1.6015E-03  2.9365E-04  8.7702E-05  3.0021E-05
       2.7974E-05  7.1405E-05  2.5304E-04  1.1876E-03  4.1991E-03  4.2430E-03  1.1340E-03  2.3611E-04  7.3187E-05  2.8570E-05
       2.6259E-05  4.7470E-05  1.7318E-04  7.3177E-04  2.0500E-03  2.0762E-03  6.7970E-04  1.8720E-04  5.4957E-05  2.3055E-05
       1.1606E-05  4.2877E-05  1.6192E-04  7.1539E-04  2.2395E-03  2.2818E-03  7.1125E-04  1.7353E-04  4.7502E-05  1.5227E-05
       1.6597E-05  6.4733E-05  2.6188E-04  1.2992E-03  4.8697E-03  4.8790E-03  1.2502E-03  2.5344E-04  6.4888E-05  2.0368E-05
       2.2289E-05  8.4613E-05  3.3455E-04  1.8625E-03  9.8690E-03  9.8618E-03  1.9145E-03  3.5114E-04  9.0798E-05  2.5813E-05
       2.6207E-05  9.5044E-05  3.9646E-04  2.4228E-03  2.1633E-02  2.1735E-02  2.4383E-03  4.1542E-04  9.8636E-05  2.2453E-05
       2.6506E-05  1.0219E-04  4.2843E-04  2.7862E-03  5.6660E-02  5.6657E-02  2.8414E-03  4.3759E-04  1.0281E-04  2.4078E-05
       1.8465E-05  9.4171E-05  4.2254E-04  2.8789E-03  5.6650E-02  5.6660E-02  2.8375E-03  4.5414E-04  8.6939E-05  2.7424E-05
       2.2488E-05  8.6335E-05  4.0515E-04  2.4657E-03  2.1756E-02  2.1718E-02  2.4655E-03  3.9614E-04  8.5275E-05  3.0503E-05
       2.2201E-05  7.6185E-05  3.4243E-04  1.8406E-03  9.9070E-03  9.9347E-03  1.8530E-03  3.4622E-04  8.0981E-05  2.1593E-05
       1.6994E-05  6.2888E-05  2.6961E-04  1.3129E-03  4.9656E-03  4.8471E-03  1.2677E-03  2.5959E-04  6.9814E-05  1.8842E-05
       1.3088E-05  4.2655E-05  1.6400E-04  7.3916E-04  2.2721E-03  2.1805E-03  6.9010E-04  1.5776E-04  4.5404E-05  1.3433E-05
       1.0106E-05  4.6757E-05  1.9696E-04  8.3418E-04  2.5119E-03  2.5011E-03  8.3200E-04  1.8806E-04  5.1378E-05  1.4585E-05
       1.7193E-05  7.1105E-05  2.9900E-04  1.4821E-03  5.2415E-03  5.2537E-03  1.4284E-03  2.8496E-04  9.1547E-05  2.0400E-05
       2.1387E-05  9.7392E-05  3.8700E-04  2.1199E-03  9.8871E-03  9.9049E-03  2.1183E-03  4.0288E-04  9.9496E-05  3.0698E-05
       2.6149E-05  1.0679E-04  4.7902E-04  2.7414E-03  1.8867E-02  1.8832E-02  2.7695E-03  4.5785E-04  1.1080E-04  2.7421E-05
       2.7807E-05  1.1756E-04  5.1172E-04  3.2027E-03  3.2172E-02  3.2233E-02  3.1132E-03  5.1513E-04  1.1588E-04  3.0175E-05
       2.1158E-05  1.1542E-04  5.2873E-04  3.1357E-03  3.2252E-02  3.2215E-02  3.1458E-03  5.2050E-04  1.1364E-04  3.0731E-05
       2.6435E-05  1.0329E-04  4.8048E-04  2.7634E-03  1.8890E-02  1.8841E-02  2.7584E-03  4.6469E-04  9.6475E-05  2.6320E-05
       2.8022E-05  8.2150E-05  3.7912E-04  2.1062E-03  1.0034E-02  9.9741E-03  2.1249E-03  3.9836E-04  9.0460E-05  2.3583E-05
       1.7354E-05  7.3308E-05  3.0923E-04  1.4866E-03  5.2199E-03  5.2662E-03  1.4610E-03  3.1202E-04  8.0159E-05  2.1129E-05
       1.6139E-05  5.0563E-05  1.9943E-04  8.2035E-04  2.4970E-03  2.4812E-03  8.5076E-04  2.0159E-04  5.5881E-05  1.2031E-05
       1.1455E-05  5.1341E-05  2.0237E-04  8.4695E-04  2.3442E-03  2.3227E-03  8.6847E-04  2.0190E-04  5.2387E-05  1.2196E-05
       1.7682E-05  7.9947E-05  3.3403E-04  1.5035E-03  4.8078E-03  4.8254E-03  1.4960E-03  3.2529E-04  7.6803E-05  2.3244E-05
       2.5361E-05  1.0029E-04  4.1881E-04  2.1229E-03  8.4892E-03  8.4628E-03  2.0858E-03  4.1180E-04  1.0876E-04  2.7082E-05
       3.1607E-05  1.0759E-04  5.0137E-04  2.6432E-03  1.3848E-02  1.3724E-02  2.6777E-03  4.8785E-04  1.1610E-04  2.9701E-05
       3.1993E-05  1.1242E-04  5.4641E-04  3.0416E-03  1.9411E-02  1.9472E-02  3.0318E-03  5.3496E-04  1.1948E-04  2.7373E-05
       2.9264E-05  1.2199E-04  5.1887E-04  2.9784E-03  1.9332E-02  1.9352E-02  2.9903E-03  5.4421E-04  1.2768E-04  3.2969E-05
       3.1945E-05  1.2035E-04  5.0771E-04  2.6877E-03  1.3825E-02  1.3781E-02  2.6413E-03  5.0828E-04  1.0659E-04  2.8288E-05
       2.8285E-05  1.0851E-04  4.0870E-04  2.1144E-03  8.4101E-03  8.4101E-03  2.0944E-03  4.4285E-04  9.1431E-05  2.0652E-05
       2.0464E-05  7.7625E-05  3.3487E-04  1.4862E-03  4.7964E-03  4.7584E-03  1.5081E-03  3.1148E-04  8.1935E-05  2.0194E-05
       1.3909E-05  5.3929E-05  2.0390E-04  8.3016E-04  2.3671E-03  2.3664E-03  8.3569E-04  1.8790E-04  5.3204E-05  1.4133E-05
       1.6527E-05  5.1955E-05  1.9614E-04  8.0894E-04  2.0610E-03  2.0685E-03  8.0973E-04  2.0539E-04  5.3158E-05  1.4816E-05
       2.1779E-05  7.9720E-05  3.4319E-04  1.4228E-03  4.0262E-03  4.0314E-03  1.3699E-03  3.2725E-04  8.2949E-05  2.1420E-05
       2.6648E-05  1.0391E-04  4.2989E-04  1.9278E-03  6.5413E-03  6.5138E-03  1.8891E-03  4.3938E-04  1.0281E-04  2.6838E-05
       2.5940E-05  1.0885E-04  4.9057E-04  2.4204E-03  9.5827E-03  9.5676E-03  2.3917E-03  4.9689E-04  1.1256E-04  2.5156E-05
       2.8586E-05  1.1535E-04  5.4711E-04  2.6792E-03  1.2143E-02  1.2215E-02  2.6422E-03  5.4073E-04  1.3479E-04  2.5106E-05
       2.9841E-05  1.1864E-04  5.2167E-04  2.5819E-03  1.2042E-02  1.2051E-02  2.6237E-03  5.2924E-04  1.2332E-04  2.9069E-05
       2.8937E-05  1.0287E-04  4.9962E-04  2.3919E-03  9.5562E-03  9.6222E-03  2.3916E-03  5.3024E-04  1.1480E-04  2.8688E-05
       2.8334E-05  1.0039E-04  4.2738E-04  1.9381E-03  6.5118E-03  6.4781E-03  1.8739E-03  4.3156E-04  1.0280E-04  2.4396E-05
       2.0618E-05  7.9769E-05  3.3530E-04  1.4229E-03  3.9822E-03  3.9276E-03  1.3505E-03  3.1062E-04  7.9968E-05  2.3753E-05
       1.1508E-05  5.2544E-05  2.1028E-04  8.1290E-04  2.0881E-03  2.0762E-03  7.9535E-04  1.9704E-04  5.1123E-05  1.9924E-05
       1.3968E-05  5.0909E-05  1.9867E-04  7.1214E-04  1.6915E-03  1.6876E-03  7.2900E-04  1.9617E-04  5.7648E-05  1.2153E-05
       2.0006E-05  8.3495E-05  3.1353E-04  1.1785E-03  3.1380E-03  3.1434E-03  1.1932E-03  3.0454E-04  7.8652E-05  2.0871E-05
       2.4709E-05  1.0829E-04  3.9737E-04  1.6109E-03  4.8264E-03  4.9206E-03  1.6017E-03  4.0196E-04  9.6511E-05  2.4898E-05
       2.9953E-05  1.1207E-04  4.4854E-04  2.0431E-03  6.5932E-03  6.5916E-03  2.0081E-03  4.5884E-04  1.1235E-04  2.7021E-05
       2.6622E-05  1.1502E-04  4.8758E-04  2.2362E-03  7.7785E-03  7.7931E-03  2.1872E-03  4.8211E-04  1.1658E-04  3.1762E-05
       2.9919E-05  1.0966E-04  4.7919E-04  2.2414E-03  7.8026E-03  7.7808E-03  2.1374E-03  4.8005E-04  1.1378E-04  2.8946E-05
       3.2749E-05  1.0883E-04  4.4768E-04  1.9954E-03  6.5255E-03  6.5027E-03  1.9770E-03  4.7942E-04  1.2303E-04  3.2303E-05
       2.2414E-05  9.9409E-05  3.9048E-04  1.6250E-03  4.7990E-03  4.8023E-03  1.6435E-03  3.7507E-04  9.2149E-05  2.5310E-05
       1.7510E-05  8.0045E-05  3.0665E-04  1.1943E-03  3.1271E-03  3.1547E-03  1.2077E-03  3.0284E-04  7.1265E-05  1.8938E-05
       1.1304E-05  5.5272E-05  1.9724E-04  7.0739E-04  1.7704E-03  1.7056E-03  7.0258E-04  1.8961E-04  4.2908E-05  1.3498E-05
       1.4953E-05  4.4967E-05  1.8367E-04  5.9024E-04  1.4104E-03  1.3390E-03  5.8717E-04  1.8114E-04  4.7440E-05  1.2205E-05
       1.8523E-05  7.9823E-05  2.6674E-04  9.9357E-04  2.3655E-03  2.3973E-03  9.6115E-04  2.8115E-04  7.3581E-05  1.8937E-05
       2.7222E-05  9.4471E-05  3.5355E-04  1.3193E-03  3.4460E-03  3.4140E-03  1.2929E-03  3.3537E-04  8.9435E-05  2.5237E-05
       2.9794E-05  1.0248E-04  3.9543E-04  1.5844E-03  4.4709E-03  4.4470E-03  1.5870E-03  3.8459E-04  1.0762E-04  2.6843E-05
       3.1425E-05  1.1604E-04  4.3404E-04  1.7563E-03  5.0852E-03  5.0549E-03  1.7148E-03  4.1652E-04  1.0813E-04  2.5647E-05
       3.1386E-05  1.0653E-04  4.2100E-04  1.8296E-03  5.1136E-03  5.0204E-03  1.7104E-03  4.0047E-04  1.0923E-04  2.3331E-05
       2.9233E-05  1.0903E-04  3.9129E-04  1.5821E-03  4.4445E-03  4.4285E-03  1.5724E-03  4.0347E-04  1.1433E-04  2.7428E-05
       2.2281E-05  8.8745E-05  3.6377E-04  1.3420E-03  3.4092E-03  3.4230E-03  1.3068E-03  3.4917E-04  8.4216E-05  2.5130E-05
       1.4016E-05  6.4669E-05  2.7768E-04  9.9618E-04  2.3495E-03  2.3508E-03  9.9966E-04  2.6674E-04  6.3235E-05  1.6094E-05
       1.2513E-05  5.0760E-05  1.8657E-04  6.0483E-04  1.3574E-03  1.3261E-03  6.0263E-04  1.7451E-04  4.6126E-05  1.1846E-05
       1.3784E-05  4.0134E-05  1.4538E-04  4.6400E-04  1.0257E-03  1.0291E-03  4.7526E-04  1.4733E-04  4.2405E-05  8.6241E-06
       1.9562E-05  5.9776E-05  2.3538E-04  7.5647E-04  1.7380E-03  1.7101E-03  7.8515E-04  2.2136E-04  6.8389E-05  1.4980E-05
       1.8612E-05  8.2552E-05  2.8774E-04  1.0194E-03  2.4258E-03  2.3674E-03  9.9478E-04  2.8233E-04  8.7496E-05  2.4222E-05
       2.2680E-05  9.2968E-05  3.4838E-04  1.2095E-03  3.0226E-03  2.9560E-03  1.1752E-03  3.2225E-04  9.8533E-05  2.7049E-05
       2.4764E-05  9.7336E-05  3.6903E-04  1.3227E-03  3.3420E-03  3.2446E-03  1.2836E-03  3.4462E-04  9.9810E-05  2.5578E-05
       2.3773E-05  9.6025E-05  3.7995E-04  1.3552E-03  3.3720E-03  3.3323E-03  1.2964E-03  3.4201E-04  9.2309E-05  2.2448E-05
       2.2125E-05  9.6444E-05  3.3516E-04  1.2146E-03  2.9499E-03  2.9831E-03  1.1656E-03  3.3013E-04  9.2026E-05  2.1626E-05
       1.3557E-05  8.2219E-05  3.1048E-04  1.0331E-03  2.3404E-03  2.4365E-03  1.0250E-03  2.9074E-04  7.1100E-05  1.9084E-05
       1.5491E-05  6.8729E-05  2.4193E-04  7.5593E-04  1.6666E-03  1.7054E-03  7.8950E-04  2.3188E-04  5.4030E-05  1.4308E-05
       1.0925E-05  4.6135E-05  1.5435E-04  4.9036E-04  1.0071E-03  1.0088E-03  4.6675E-04  1.3449E-04  4.3300E-05  1.1223E-05
       1.2542E-05  3.3434E-05  1.1399E-04  3.4345E-04  7.3806E-04  7.0246E-04  3.4138E-04  1.1776E-04  3.4942E-05  7.3052E-06
       1.2753E-05  5.2863E-05  1.7538E-04  5.6463E-04  1.2081E-03  1.1779E-03  5.6145E-04  1.8197E-04  5.3001E-05  1.0709E-05
       1.5739E-05  6.6403E-05  2.2546E-04  7.4655E-04  1.6297E-03  1.6065E-03  7.3863E-04  2.1378E-04  6.5936E-05  1.6987E-05
       2.0445E-05  7.0761E-05  2.7583E-04  8.6298E-04  1.9395E-03  1.8769E-03  8.2685E-04  2.5143E-04  6.7461E-05  1.9991E-05
       1.9679E-05  7.5120E-05  2.7483E-04  9.6726E-04  2.1140E-03  2.0738E-03  9.2210E-04  2.6192E-04  6.8271E-05  2.3038E-05
       2.1957E-05  7.5237E-05  2.8288E-04  9.4764E-04  2.1620E-03  2.1353E-03  9.1286E-04  2.6612E-04  6.1465E-05  1.8915E-05
       1.7482E-05  8.1287E-05  2.8234E-04  8.6513E-04  1.9020E-03  1.9298E-03  8.4050E-04  2.5646E-04  6.5577E-05  1.5255E-05
       1.8551E-05  7.2293E-05  2.3850E-04  7.2763E-04  1.5528E-03  1.6238E-03  7.3337E-04  2.1690E-04  5.5973E-05  1.5417E-05
       1.1380E-05  5.0447E-05  1.9288E-04  5.7292E-04  1.1555E-03  1.1642E-03  5.9390E-04  1.6420E-04  4.6998E-05  7.6327E-06
       9.4918E-06  3.8964E-05  1.3988E-04  3.6767E-04  7.1953E-04  7.0660E-04  3.5527E-04  1.2098E-04  3.3651E-05  8.9670E-06
       6.3994E-06  1.8189E-05  7.6986E-05  2.2452E-04  4.3540E-04  4.6218E-04  2.4166E-04  8.4657E-05  2.6983E-05  5.1486E-06
       7.1772E-06  3.2809E-05  1.1627E-04  3.5824E-04  7.3318E-04  7.0963E-04  3.7954E-04  1.1850E-04  2.6591E-05  9.5478E-06
       1.1206E-05  4.3412E-05  1.4932E-04  4.7072E-04  9.3924E-04  9.4820E-04  4.7240E-04  1.3137E-04  3.7808E-05  1.3055E-05
       1.1697E-05  4.3769E-05  1.6296E-04  5.2832E-04  1.1102E-03  1.1045E-03  5.2596E-04  1.6277E-04  4.6673E-05  9.2508E-06
       1.4196E-05  4.7371E-05  1.7744E-04  5.7992E-04  1.2030E-03  1.1850E-03  5.7023E-04  1.6551E-04  4.6350E-05  1.1368E-05
       1.6533E-05  4.8494E-05  1.8830E-04  5.6848E-04  1.2163E-03  1.2286E-03  5.6412E-04  1.7838E-04  4.3957E-05  1.1802E-05
       1.2187E-05  5.2632E-05  1.6867E-04  5.1919E-04  1.1136E-03  1.1134E-03  5.1273E-04  1.5692E-04  4.2384E-05  1.0047E-05
       1.0061E-05  4.8036E-05  1.4663E-04  4.6220E-04  9.7571E-04  9.4997E-04  4.4782E-04  1.4854E-04  4.0612E-05  8.8122E-06
       1.1077E-05  4.0768E-05  1.2882E-04  3.6896E-04  7.2177E-04  7.2887E-04  3.5987E-04  1.1658E-04  3.7742E-05  5.2246E-06
       9.4777E-06  2.6349E-05  8.7617E-05  2.4803E-04  4.3952E-04  4.7344E-04  2.3687E-04  8.8008E-05  2.3478E-05  6.2639E-06

      Percentage errors follow in a matrix A(ix,iy,iz), format (1(5x,1p,10(1x,e11.4)))

       1.5606E+01  1.0376E+01  5.6185E+00  2.7260E+00  1.4820E+00  2.1819E+00  2.6886E+00  4.5484E+00  8.7537E+00  9.8758E+00
       1.2054E+01  1.1292E+01  5.3072E+00  1.6886E+00  8.1142E-01  9.7023E-01  2.0194E+00  5.1896E+00  9.0916E+00  9.2416E+00
       1.0461E+01  6.0097E+00  3.3380E+00  1.6756E+00  7.1161E-01  8.5404E-01  1.5014E+00  4.1706E+00  8.6003E+00  1.2845E+01
       1.1943E+01  6.3079E+00  3.3502E+00  1.4231E+00  4.3615E-01  5.7978E-01  1.4723E+00  3.7306E+00  5.6487E+00  1.4454E+01
       9.5795E+00  6.9436E+00  3.9999E+00  1.4212E+00  4.1622E-02  3.9948E-02  1.4560E+00  3.6874E+00  5.5506E+00  1.0445E+01
       1.5128E+01  7.7518E+00  3.0925E+00  1.6027E+00  3.8078E-02  3.0470E-02  1.4267E+00  3.7342E+00  5.9024E+00  1.2861E+01
       1.2389E+01  7.6461E+00  4.1933E+00  1.5211E+00  3.8911E-01  3.7309E-01  1.0653E+00  3.2774E+00  7.0617E+00  1.0380E+01
       1.0805E+01  5.8110E+00  3.5827E+00  1.9540E+00  6.1184E-01  5.2735E-01  1.4706E+00  5.3030E+00  7.7845E+00  9.1375E+00
       1.2164E+01  7.1060E+00  4.8167E+00  1.9912E+00  1.0382E+00  1.1389E+00  2.4949E+00  5.2019E+00  9.3820E+00  1.2147E+01
       1.0299E+01  8.8253E+00  6.6491E+00  2.8087E+00  1.3170E+00  1.5044E+00  2.2644E+00  4.9212E+00  7.7411E+00  1.4113E+01
       1.7055E+01  8.7652E+00  4.8091E+00  2.2799E+00  1.0491E+00  1.0094E+00  2.2626E+00  3.5467E+00  9.5394E+00  1.6185E+01
       1.6055E+01  9.8931E+00  4.7742E+00  1.4945E+00  7.7059E-01  9.3918E-01  1.7557E+00  5.4527E+00  8.9519E+00  1.5852E+01
       1.3043E+01  7.0099E+00  3.1358E+00  1.3265E+00  5.1956E-01  5.9645E-01  1.2366E+00  4.1085E+00  6.6023E+00  1.4165E+01
       1.1292E+01  7.2658E+00  3.0948E+00  1.6565E+00  3.5741E-01  3.6348E-01  1.5422E+00  3.9139E+00  6.9862E+00  1.1065E+01
       1.2492E+01  6.7397E+00  2.7459E+00  1.1673E+00  2.3576E-01  2.4821E-01  1.4349E+00  4.1124E+00  6.9936E+00  8.8899E+00
       1.7723E+01  6.1061E+00  3.1467E+00  1.4150E+00  2.9896E-01  2.2985E-01  1.3719E+00  3.8741E+00  7.1294E+00  9.7909E+00
       8.8251E+00  6.5835E+00  3.0504E+00  1.0517E+00  3.4879E-01  5.1456E-01  1.2037E+00  3.3664E+00  7.4609E+00  1.0695E+01
       1.2880E+01  5.1384E+00  3.6834E+00  1.3083E+00  5.3331E-01  6.2161E-01  1.1796E+00  2.7885E+00  1.1013E+01  1.3867E+01
       1.5671E+01  1.0350E+01  3.7678E+00  1.7244E+00  8.8732E-01  7.0886E-01  1.6580E+00  4.3897E+00  8.1325E+00  1.3296E+01
       1.3080E+01  1.0815E+01  6.5696E+00  1.9113E+00  1.3818E+00  1.2205E+00  2.3249E+00  5.1970E+00  8.8532E+00  1.3771E+01
       1.7120E+01  1.0754E+01  3.8989E+00  1.6822E+00  6.5686E-01  1.1974E+00  1.7262E+00  3.5180E+00  8.6827E+00  1.4300E+01
       1.0231E+01  8.4530E+00  3.9769E+00  1.6179E+00  8.8725E-01  8.5172E-01  1.4634E+00  3.9346E+00  5.9580E+00  1.4004E+01
       1.2563E+01  7.2951E+00  2.8072E+00  1.0246E+00  6.4666E-01  5.4845E-01  1.4963E+00  3.2081E+00  7.3480E+00  1.7281E+01
       1.3183E+01  4.3868E+00  2.6867E+00  1.3038E+00  3.1779E-01  3.9517E-01  1.3974E+00  2.4546E+00  5.9416E+00  1.2154E+01
       1.2240E+01  5.8951E+00  2.2146E+00  1.4870E+00  3.0181E-01  2.7215E-01  1.2707E+00  3.0958E+00  8.7164E+00  1.5378E+01
       1.4626E+01  6.6607E+00  2.9650E+00  9.6366E-01  3.1847E-01  2.5320E-01  9.7504E-01  3.1485E+00  5.4520E+00  1.1224E+01
       1.1911E+01  6.8650E+00  2.9439E+00  1.2235E+00  4.3991E-01  4.9723E-01  1.2117E+00  2.7711E+00  6.1255E+00  1.2063E+01
       1.3029E+01  5.7434E+00  3.1828E+00  1.4859E+00  5.9938E-01  7.6260E-01  1.4952E+00  3.5274E+00  7.4842E+00  1.4446E+01
       1.4523E+01  7.4815E+00  2.4389E+00  1.1803E+00  8.4481E-01  8.2030E-01  1.2337E+00  3.9694E+00  6.8024E+00  1.5806E+01
       1.8775E+01  7.0083E+00  4.4895E+00  1.9365E+00  1.3321E+00  1.2786E+00  2.4246E+00  3.8833E+00  1.1088E+01  1.6727E+01
       2.1487E+01  6.4303E+00  4.5088E+00  1.5460E+00  1.4621E+00  1.6208E+00  2.0896E+00  3.3097E+00  8.7812E+00  1.6887E+01
       1.2267E+01  7.3696E+00  4.2582E+00  2.0284E+00  8.0222E-01  1.2847E+00  2.1442E+00  2.9214E+00  8.7301E+00  1.4654E+01
       1.3798E+01  6.1980E+00  3.1626E+00  1.3060E+00  6.1100E-01  7.0198E-01  1.3031E+00  2.7196E+00  6.1679E+00  1.2383E+01
       1.2109E+01  6.3367E+00  2.3975E+00  1.2268E+00  5.3628E-01  4.1123E-01  8.7375E-01  2.4464E+00  5.5515E+00  1.2976E+01
       1.3492E+01  6.8974E+00  3.1861E+00  9.9857E-01  4.0770E-01  3.8958E-01  1.3014E+00  2.9318E+00  5.6115E+00  1.2778E+01
       1.6616E+01  6.4387E+00  2.0532E+00  7.6949E-01  4.1902E-01  2.6225E-01  9.4756E-01  2.9385E+00  6.1845E+00  1.1562E+01
       1.5083E+01  6.6587E+00  3.2521E+00  8.4822E-01  4.4203E-01  4.7382E-01  1.0601E+00  3.0363E+00  6.6873E+00  1.1391E+01
       1.1452E+01  5.4267E+00  2.7174E+00  1.2643E+00  7.5315E-01  4.7774E-01  1.4594E+00  3.2807E+00  7.2786E+00  1.3869E+01
       1.7099E+01  5.4722E+00  3.7615E+00  1.5852E+00  1.1594E+00  8.1911E-01  1.4085E+00  2.9332E+00  8.0722E+00  1.2877E+01
       1.6371E+01  7.5605E+00  4.5721E+00  1.9408E+00  1.0276E+00  1.1677E+00  1.5398E+00  4.0433E+00  8.9990E+00  1.6413E+01
       1.3748E+01  1.0521E+01  3.0118E+00  1.8941E+00  8.6071E-01  1.5004E+00  1.9861E+00  2.8848E+00  8.6056E+00  1.8597E+01
       1.3419E+01  7.5173E+00  3.4514E+00  1.5224E+00  8.8306E-01  8.5420E-01  1.2049E+00  3.7996E+00  7.9685E+00  1.4201E+01
       1.0383E+01  5.2501E+00  3.0233E+00  1.3041E+00  6.8454E-01  7.8947E-01  1.6559E+00  2.1793E+00  6.4509E+00  1.3954E+01
       1.1683E+01  6.6928E+00  3.0560E+00  1.0624E+00  5.2026E-01  5.5407E-01  7.7475E-01  2.9599E+00  7.4330E+00  9.9482E+00
       1.1275E+01  5.1577E+00  3.3586E+00  1.1548E+00  5.3489E-01  4.4953E-01  1.2464E+00  2.5060E+00  6.2389E+00  1.2262E+01
       8.2808E+00  6.5368E+00  2.9904E+00  8.6455E-01  5.3454E-01  5.8265E-01  8.8511E-01  3.1691E+00  5.9985E+00  1.2062E+01
       1.2919E+01  5.4212E+00  2.2235E+00  1.2539E+00  5.7497E-01  5.7303E-01  1.5973E+00  2.9126E+00  5.9428E+00  1.1315E+01
       1.0426E+01  7.0460E+00  3.4085E+00  1.4182E+00  7.8373E-01  8.3185E-01  1.3503E+00  2.6563E+00  8.0233E+00  1.7482E+01
       1.5284E+01  5.7301E+00  3.1012E+00  1.6042E+00  1.3624E+00  1.0775E+00  1.5934E+00  4.5497E+00  7.8647E+00  1.5290E+01
       1.8829E+01  7.7311E+00  4.8889E+00  1.8015E+00  1.1269E+00  1.0843E+00  2.3635E+00  3.7697E+00  7.9724E+00  1.3670E+01
       1.4613E+01  8.9355E+00  4.2080E+00  2.6974E+00  1.3798E+00  8.9704E-01  2.0615E+00  3.2061E+00  7.6969E+00  1.8727E+01
       1.2858E+01  8.9420E+00  3.4594E+00  1.2558E+00  1.0077E+00  8.9960E-01  1.2880E+00  3.8448E+00  6.0665E+00  1.2733E+01
       1.1233E+01  7.1853E+00  3.1844E+00  1.7343E+00  7.9740E-01  8.7846E-01  2.0498E+00  3.5342E+00  5.9666E+00  1.2477E+01
       1.3069E+01  5.9037E+00  2.9838E+00  1.3734E+00  5.7410E-01  5.4495E-01  1.2434E+00  3.4841E+00  7.1045E+00  1.2849E+01
       9.4982E+00  6.2341E+00  3.5375E+00  1.3463E+00  7.2465E-01  6.7890E-01  1.3992E+00  3.2365E+00  5.6929E+00  1.0128E+01
       1.2974E+01  4.5938E+00  1.9086E+00  1.0998E+00  7.9001E-01  5.9261E-01  1.1843E+00  2.8476E+00  7.3901E+00  1.2812E+01
       1.2108E+01  5.9537E+00  2.8125E+00  1.0695E+00  5.5903E-01  6.5489E-01  1.0367E+00  2.6044E+00  7.4423E+00  1.3708E+01
       1.2740E+01  8.0464E+00  4.0239E+00  1.1719E+00  9.5814E-01  8.5277E-01  1.1713E+00  3.1418E+00  6.7528E+00  1.2715E+01
       1.2044E+01  7.3714E+00  4.1172E+00  1.6737E+00  1.2775E+00  1.0775E+00  1.5875E+00  4.1486E+00  6.0191E+00  1.3942E+01
       1.7064E+01  9.1951E+00  4.2288E+00  1.6719E+00  1.4947E+00  1.5539E+00  1.4912E+00  5.5421E+00  7.5664E+00  1.6281E+01
       2.0918E+01  9.1841E+00  4.4254E+00  2.8098E+00  1.5636E+00  1.1684E+00  1.7629E+00  3.6485E+00  7.0777E+00  2.3869E+01
       1.1799E+01  9.9440E+00  4.0586E+00  1.5570E+00  1.5025E+00  1.0978E+00  2.3015E+00  3.2824E+00  9.9175E+00  1.3519E+01
       1.4599E+01  7.3783E+00  3.2900E+00  1.2738E+00  1.0774E+00  1.0458E+00  2.0351E+00  3.4915E+00  8.1101E+00  1.2539E+01
       1.5139E+01  7.5413E+00  3.8697E+00  1.1611E+00  6.5934E-01  9.5995E-01  1.3168E+00  3.6889E+00  4.9203E+00  1.5394E+01
       8.1793E+00  5.9830E+00  2.8403E+00  1.4410E+00  8.6979E-01  8.1713E-01  1.7572E+00  2.8520E+00  5.4232E+00  1.0908E+01
       1.0610E+01  5.6623E+00  2.8261E+00  1.2526E+00  8.9968E-01  6.8715E-01  1.4042E+00  2.2173E+00  5.4023E+00  8.6526E+00
       9.7951E+00  5.7424E+00  3.6194E+00  1.5124E+00  8.8659E-01  7.8353E-01  1.7988E+00  2.8283E+00  6.6920E+00  1.4290E+01
       1.1397E+01  6.7744E+00  3.0428E+00  1.7335E+00  1.1323E+00  8.8279E-01  1.2139E+00  3.7026E+00  5.5146E+00  1.2910E+01
       1.6890E+01  6.2517E+00  4.7845E+00  1.9171E+00  9.4565E-01  8.7768E-01  1.5803E+00  3.5653E+00  7.4314E+00  1.5311E+01
       1.5537E+01  9.2900E+00  3.9602E+00  2.6838E+00  1.5382E+00  1.7141E+00  2.3361E+00  3.8925E+00  7.3888E+00  1.8755E+01
       2.1055E+01  8.2262E+00  5.1145E+00  2.3633E+00  1.8232E+00  1.4915E+00  2.2037E+00  4.0528E+00  5.8726E+00  1.4473E+01
       1.4660E+01  8.7207E+00  3.5524E+00  2.0834E+00  1.4706E+00  1.4309E+00  2.5782E+00  4.2818E+00  7.7958E+00  1.6318E+01
       1.6087E+01  8.7358E+00  4.2981E+00  1.3889E+00  1.0763E+00  1.2947E+00  1.6804E+00  3.5391E+00  7.4981E+00  1.2515E+01
       1.4489E+01  7.5038E+00  3.3613E+00  1.8464E+00  8.3720E-01  1.2762E+00  1.6439E+00  3.0975E+00  6.7777E+00  1.3564E+01
       1.2836E+01  6.9693E+00  3.5095E+00  1.8280E+00  1.1983E+00  7.9328E-01  1.9861E+00  3.4852E+00  7.6089E+00  1.2699E+01
       1.1305E+01  7.6206E+00  2.3150E+00  1.8597E+00  1.0847E+00  9.9456E-01  1.4307E+00  2.9785E+00  5.3446E+00  1.1542E+01
       1.1396E+01  6.6742E+00  3.6427E+00  1.9560E+00  1.0251E+00  1.0396E+00  1.8242E+00  3.9025E+00  6.4058E+00  1.3699E+01
       1.5907E+01  8.0918E+00  3.3128E+00  2.1365E+00  1.3383E+00  1.0462E+00  2.0576E+00  3.3155E+00  6.6248E+00  1.2108E+01
       1.2194E+01  7.0452E+00  3.5876E+00  2.8139E+00  1.1360E+00  1.6504E+00  1.7367E+00  4.8131E+00  8.5681E+00  1.8300E+01
       1.5935E+01  9.3160E+00  4.3985E+00  2.4777E+00  1.5696E+00  2.0129E+00  1.9947E+00  4.5581E+00  1.2191E+01  2.8711E+01
       1.8665E+01  9.5945E+00  5.3199E+00  3.2304E+00  1.9072E+00  1.8186E+00  3.1413E+00  6.0967E+00  6.9712E+00  3.5865E+01
       1.4320E+01  7.7158E+00  4.9962E+00  1.6677E+00  1.6813E+00  2.0697E+00  2.8990E+00  4.8698E+00  7.6098E+00  2.1958E+01
       1.3830E+01  6.6721E+00  3.1893E+00  2.2607E+00  1.3418E+00  1.7416E+00  2.2494E+00  4.1414E+00  8.1880E+00  1.7695E+01
       1.2927E+01  7.4523E+00  3.6486E+00  2.3122E+00  1.6198E+00  1.2974E+00  1.9509E+00  3.7827E+00  5.6205E+00  1.4628E+01
       1.5274E+01  8.6136E+00  3.3986E+00  2.0426E+00  1.7406E+00  1.1093E+00  2.0937E+00  3.3275E+00  9.1930E+00  1.3989E+01
       8.7830E+00  8.2565E+00  3.5722E+00  2.0252E+00  1.3927E+00  1.3692E+00  1.5096E+00  3.9270E+00  6.4101E+00  1.5076E+01
       1.3418E+01  6.8205E+00  3.8878E+00  2.3972E+00  1.4296E+00  1.4610E+00  1.8000E+00  3.1901E+00  8.6863E+00  1.8390E+01
       1.4595E+01  6.3010E+00  2.8826E+00  2.5333E+00  1.5138E+00  1.3342E+00  2.2721E+00  4.4507E+00  7.6673E+00  2.2290E+01
       1.6921E+01  8.7060E+00  6.3370E+00  1.7991E+00  1.7764E+00  1.8604E+00  3.1656E+00  4.3952E+00  1.0305E+01  2.8077E+01
       2.0823E+01  9.4633E+00  5.6839E+00  4.0629E+00  2.1701E+00  1.9269E+00  3.9611E+00  5.2399E+00  1.0281E+01  2.1891E+01
       2.2877E+01  1.2038E+01  7.6801E+00  3.6342E+00  2.1904E+00  1.7164E+00  2.9280E+00  4.9137E+00  8.9424E+00  2.3294E+01
       2.0921E+01  6.5460E+00  6.6404E+00  2.8919E+00  1.8881E+00  2.3822E+00  3.2790E+00  5.0126E+00  1.1002E+01  2.2416E+01
       1.8923E+01  8.0358E+00  4.6435E+00  3.5995E+00  1.5989E+00  1.5390E+00  2.3081E+00  4.6329E+00  8.8534E+00  1.5465E+01
       1.7517E+01  9.6287E+00  4.4135E+00  1.6632E+00  1.5251E+00  1.9416E+00  2.9647E+00  3.7422E+00  8.0623E+00  1.7426E+01
       1.3447E+01  8.3554E+00  4.6884E+00  2.0690E+00  1.8015E+00  1.3414E+00  2.1976E+00  4.8903E+00  7.6644E+00  1.4413E+01
       1.3642E+01  1.0734E+01  3.1668E+00  1.6819E+00  1.8134E+00  1.4678E+00  2.3306E+00  3.9811E+00  1.0105E+01  2.0254E+01
       1.8097E+01  9.5570E+00  4.6333E+00  3.4988E+00  1.8116E+00  1.5906E+00  1.9488E+00  4.4954E+00  8.9698E+00  1.6155E+01
       1.7155E+01  9.9177E+00  4.6459E+00  2.4659E+00  2.0309E+00  1.7842E+00  2.4581E+00  4.5848E+00  1.4129E+01  1.3349E+01
       1.7590E+01  8.7755E+00  4.9082E+00  2.9293E+00  1.5558E+00  2.4451E+00  3.7332E+00  6.3079E+00  8.8685E+00  2.7779E+01
       1.8421E+01  9.9284E+00  6.1384E+00  4.2315E+00  2.6521E+00  2.0168E+00  4.1756E+00  6.0635E+00  8.8027E+00  2.4483E+01
