1
   Cartesian binning n.   1  "DoseEq    " , generalized particle n.  240
      X coordinate: from -8.5000E+01 to  8.5000E+01 cm,    10 bins ( 1.7000E+01 cm wide)
      Y coordinate: from -2.5000E+01 to  2.5000E+01 cm,    10 bins ( 5.0000E+00 cm wide)
      Z coordinate: from  2.2500E+02 to  2.7500E+02 cm,    10 bins ( 5.0000E+00 cm wide)
      Data follow in a matrix A(ix,iy,iz), format (1(5x,1p,10(1x,e11.4)))

      accurate deposition along the tracks requested
      this is a track-length binning
       3.3252E-04  3.3903E-04  3.9464E-04  4.9221E-04  6.8002E-04  6.0830E-04  5.3166E-04  4.1578E-04  3.2752E-04  2.8517E-04
       3.4696E-04  4.6213E-04  4.2259E-04  5.8104E-04  9.3791E-04  8.7852E-04  6.4645E-04  4.4394E-04  3.8592E-04  3.0105E-04
       3.9659E-04  4.5660E-04  5.2664E-04  6.8982E-04  1.1367E-03  1.1877E-03  6.6200E-04  5.2990E-04  4.8009E-04  3.3164E-04
       3.6326E-04  4.7314E-04  5.5485E-04  7.5733E-04  1.4488E-03  1.5081E-03  7.2506E-04  5.2293E-04  4.5930E-04  3.6593E-04
       3.7695E-04  5.1671E-04  5.4996E-04  8.0148E-04  1.6487E-03  1.6542E-03  8.0632E-04  5.6347E-04  4.1945E-04  3.4856E-04
       3.3896E-04  4.4984E-04  5.4860E-04  7.9509E-04  1.7042E-03  1.6798E-03  7.5852E-04  5.5976E-04  4.5461E-04  3.4513E-04
       3.4302E-04  4.2129E-04  5.3067E-04  7.7982E-04  1.4375E-03  1.4753E-03  7.8314E-04  5.6125E-04  4.1517E-04  3.1714E-04
       3.2617E-04  4.2333E-04  4.7798E-04  6.6818E-04  1.1435E-03  1.2023E-03  7.1081E-04  5.6044E-04  4.1385E-04  3.8423E-04
       3.6110E-04  4.1451E-04  4.9335E-04  6.1396E-04  9.0456E-04  9.5103E-04  6.1893E-04  4.9290E-04  3.8375E-04  3.3482E-04
       2.7611E-04  3.2615E-04  4.1703E-04  5.1456E-04  7.0282E-04  7.1381E-04  5.1162E-04  4.3974E-04  3.5327E-04  2.9574E-04
       2.4701E-04  2.6627E-04  3.5829E-04  4.0804E-04  5.1462E-04  4.8732E-04  4.3920E-04  3.4488E-04  2.5436E-04  2.1357E-04
       2.8445E-04  4.0979E-04  4.0826E-04  5.8572E-04  7.7009E-04  7.0698E-04  5.2112E-04  4.4291E-04  3.1561E-04  2.3579E-04
       3.4909E-04  4.3191E-04  4.9119E-04  6.3843E-04  9.2120E-04  8.7751E-04  6.3821E-04  5.1544E-04  4.0190E-04  2.9226E-04
       3.2495E-04  4.4406E-04  4.7905E-04  6.4428E-04  1.0245E-03  1.0823E-03  6.8305E-04  4.9894E-04  4.2789E-04  3.2121E-04
       3.2797E-04  4.4846E-04  4.7271E-04  6.8215E-04  1.0593E-03  1.1365E-03  6.8791E-04  5.1870E-04  3.8387E-04  2.7757E-04
       2.9616E-04  4.1788E-04  4.8771E-04  7.5563E-04  1.1765E-03  1.1146E-03  6.8026E-04  5.3660E-04  4.4192E-04  2.7670E-04
       3.2970E-04  3.9345E-04  4.6739E-04  6.5136E-04  1.0786E-03  1.0253E-03  7.2745E-04  5.2336E-04  3.9502E-04  2.9650E-04
       2.9257E-04  4.0853E-04  4.6529E-04  5.9616E-04  9.3206E-04  8.8637E-04  6.6318E-04  5.0349E-04  3.8880E-04  3.1144E-04
       2.8178E-04  3.9502E-04  4.2962E-04  5.1897E-04  7.7020E-04  7.7367E-04  5.2983E-04  4.2818E-04  3.5800E-04  2.9223E-04
       2.3100E-04  2.7591E-04  3.2247E-04  4.1349E-04  5.7292E-04  5.9028E-04  4.1357E-04  3.7063E-04  3.0090E-04  2.3977E-04
       1.8043E-04  2.1537E-04  2.8009E-04  3.0243E-04  3.9409E-04  3.7860E-04  3.4065E-04  2.5708E-04  1.9581E-04  1.5907E-04
       2.3590E-04  3.1089E-04  3.2100E-04  3.8698E-04  5.9698E-04  5.3306E-04  4.8274E-04  3.8443E-04  2.5361E-04  1.8675E-04
       2.6121E-04  3.2356E-04  4.2190E-04  5.0559E-04  7.1611E-04  6.8194E-04  5.6283E-04  4.0813E-04  3.3307E-04  2.4777E-04
       2.3988E-04  3.4707E-04  4.3297E-04  5.3414E-04  7.7900E-04  7.6567E-04  5.8192E-04  4.2955E-04  3.5651E-04  2.7720E-04
       2.5006E-04  4.0381E-04  4.2965E-04  5.5450E-04  7.8839E-04  7.9638E-04  5.8096E-04  4.5503E-04  3.4154E-04  2.3601E-04
       2.2585E-04  3.8566E-04  4.4727E-04  5.8985E-04  8.8568E-04  7.9848E-04  6.0862E-04  4.5394E-04  3.8692E-04  2.2866E-04
       2.5349E-04  3.3171E-04  3.9348E-04  5.3147E-04  8.5040E-04  7.4316E-04  6.0814E-04  4.6326E-04  3.4852E-04  2.2146E-04
       2.2918E-04  3.3193E-04  4.3844E-04  5.3048E-04  6.7479E-04  6.4500E-04  5.7066E-04  4.4210E-04  3.5205E-04  2.5545E-04
       2.1938E-04  2.7368E-04  3.6845E-04  4.5773E-04  5.4256E-04  5.6570E-04  4.5950E-04  3.4847E-04  2.8976E-04  2.0559E-04
       1.4007E-04  2.0707E-04  2.3475E-04  3.3325E-04  4.1833E-04  4.2215E-04  3.0160E-04  3.1808E-04  2.4662E-04  1.7354E-04
       1.3411E-04  1.7798E-04  1.9283E-04  2.2181E-04  3.0822E-04  2.8892E-04  2.5114E-04  2.0727E-04  1.8335E-04  1.1154E-04
       1.5765E-04  2.2775E-04  2.6606E-04  3.0981E-04  4.3042E-04  4.0614E-04  3.5201E-04  2.8865E-04  2.4525E-04  1.4707E-04
       1.7786E-04  2.9685E-04  3.1308E-04  3.7117E-04  5.6084E-04  5.4024E-04  4.4751E-04  3.2989E-04  2.5978E-04  1.8393E-04
       1.8564E-04  2.9647E-04  3.4101E-04  4.3289E-04  5.6943E-04  5.3535E-04  4.3873E-04  3.2988E-04  2.8864E-04  2.0642E-04
       2.0161E-04  3.1150E-04  3.3414E-04  4.6775E-04  5.9647E-04  6.1206E-04  4.7203E-04  3.3154E-04  2.7019E-04  2.0273E-04
       1.7797E-04  3.0890E-04  3.2854E-04  4.8801E-04  6.5511E-04  6.0334E-04  4.7632E-04  3.5606E-04  3.2710E-04  2.0542E-04
       2.0312E-04  2.5854E-04  3.4502E-04  4.1385E-04  6.3078E-04  5.5354E-04  4.8413E-04  3.8085E-04  2.9477E-04  1.7351E-04
       1.6477E-04  2.6380E-04  3.2635E-04  4.0321E-04  5.3930E-04  4.7136E-04  4.3696E-04  3.5582E-04  2.8199E-04  1.8281E-04
       1.6518E-04  2.0026E-04  2.8546E-04  3.8870E-04  4.1258E-04  4.2954E-04  3.7448E-04  2.8939E-04  2.8767E-04  1.4311E-04
       1.0698E-04  1.5063E-04  1.6543E-04  2.4564E-04  2.8572E-04  3.0346E-04  2.5483E-04  2.5467E-04  2.0379E-04  1.3832E-04
       9.8448E-05  1.3580E-04  1.5384E-04  1.6882E-04  2.3568E-04  2.6250E-04  1.9614E-04  1.4460E-04  1.6560E-04  8.6630E-05
       1.2888E-04  1.9206E-04  2.0140E-04  2.7184E-04  3.4999E-04  3.5053E-04  2.5841E-04  2.0492E-04  1.7627E-04  1.1077E-04
       1.3009E-04  2.2495E-04  2.6520E-04  3.3796E-04  4.0873E-04  4.3265E-04  3.1665E-04  2.4199E-04  1.9793E-04  1.3760E-04
       1.4111E-04  2.3924E-04  2.9400E-04  3.6013E-04  4.7295E-04  4.2209E-04  3.3981E-04  2.9042E-04  2.2873E-04  1.6814E-04
       1.6580E-04  2.3407E-04  2.5331E-04  3.7189E-04  4.5417E-04  4.3732E-04  3.3734E-04  3.0873E-04  2.0240E-04  1.5251E-04
       1.5966E-04  2.3830E-04  2.8670E-04  3.4711E-04  4.7905E-04  4.3012E-04  3.9872E-04  2.7953E-04  2.6554E-04  1.7255E-04
       1.7811E-04  2.1187E-04  2.7005E-04  3.2192E-04  4.6125E-04  3.9953E-04  3.5063E-04  2.9423E-04  2.1960E-04  1.4578E-04
       1.4503E-04  2.1552E-04  2.2942E-04  2.6847E-04  3.6899E-04  3.7583E-04  3.1766E-04  2.5757E-04  2.2764E-04  1.7246E-04
       1.1718E-04  1.5282E-04  2.1271E-04  3.0617E-04  3.2654E-04  3.2997E-04  2.5028E-04  2.3118E-04  1.9233E-04  9.3522E-05
       7.9194E-05  1.4316E-04  1.4292E-04  1.8231E-04  2.3714E-04  2.0462E-04  2.2054E-04  2.0036E-04  1.4446E-04  9.8048E-05
       8.8235E-05  8.9623E-05  1.0600E-04  1.4382E-04  1.5294E-04  1.6913E-04  1.4342E-04  1.0737E-04  1.1746E-04  8.2402E-05
       1.0329E-04  1.4105E-04  1.4372E-04  2.1219E-04  2.1833E-04  2.5340E-04  1.9343E-04  1.6438E-04  1.3924E-04  9.1563E-05
       1.0585E-04  1.7378E-04  1.7527E-04  2.5322E-04  3.1606E-04  2.9309E-04  2.0690E-04  2.1000E-04  1.7014E-04  9.8998E-05
       1.3018E-04  2.0350E-04  2.2067E-04  2.5623E-04  3.8971E-04  3.3450E-04  2.5608E-04  2.2644E-04  1.8991E-04  1.2781E-04
       1.4033E-04  2.0654E-04  2.1390E-04  2.5914E-04  3.4975E-04  3.4536E-04  3.0783E-04  2.2271E-04  1.7317E-04  1.0286E-04
       1.3631E-04  1.7721E-04  2.1897E-04  2.6265E-04  3.8047E-04  3.2180E-04  3.1420E-04  2.0649E-04  2.0779E-04  1.2223E-04
       1.1715E-04  1.7041E-04  1.7939E-04  2.6214E-04  3.3969E-04  3.0573E-04  2.8862E-04  2.3089E-04  1.9940E-04  1.1996E-04
       1.2828E-04  1.6108E-04  1.8246E-04  2.0109E-04  2.6546E-04  2.7127E-04  2.5504E-04  2.1274E-04  1.7889E-04  1.2140E-04
       1.1109E-04  1.4552E-04  1.6366E-04  1.8157E-04  2.3171E-04  2.3526E-04  1.9610E-04  1.8933E-04  1.4592E-04  8.6973E-05
       6.2217E-05  1.1527E-04  1.2028E-04  1.4409E-04  1.5647E-04  1.7423E-04  1.3896E-04  1.2457E-04  1.1084E-04  8.5927E-05
       6.5883E-05  8.1671E-05  8.1523E-05  1.0294E-04  1.2015E-04  1.3851E-04  1.0809E-04  9.3923E-05  8.7781E-05  6.6325E-05
       8.3638E-05  9.8039E-05  1.1701E-04  1.8647E-04  1.6709E-04  1.9290E-04  1.6044E-04  1.2615E-04  1.0575E-04  8.0607E-05
       7.8925E-05  1.2583E-04  1.3155E-04  2.1103E-04  2.4291E-04  2.0527E-04  1.9798E-04  1.6204E-04  1.1879E-04  8.3240E-05
       1.0649E-04  1.7399E-04  1.3712E-04  1.9688E-04  2.6251E-04  2.2933E-04  2.2543E-04  1.6715E-04  1.4320E-04  7.0220E-05
       1.0674E-04  1.5467E-04  1.6474E-04  1.9339E-04  2.7769E-04  2.5375E-04  2.2889E-04  1.7012E-04  1.3964E-04  8.6241E-05
       1.0790E-04  1.4138E-04  1.4855E-04  2.2857E-04  3.1369E-04  2.6716E-04  2.0864E-04  1.7586E-04  1.5390E-04  8.6002E-05
       1.0548E-04  1.2466E-04  1.2521E-04  2.1093E-04  2.5005E-04  2.2899E-04  2.2410E-04  1.6299E-04  1.3760E-04  9.7076E-05
       6.4436E-05  1.2722E-04  1.2699E-04  1.5291E-04  2.1009E-04  2.0501E-04  2.0078E-04  1.4911E-04  1.4607E-04  8.8838E-05
       6.1212E-05  1.0150E-04  1.2144E-04  1.4368E-04  1.8054E-04  1.6394E-04  1.4754E-04  1.2663E-04  1.1395E-04  6.8252E-05
       5.9420E-05  8.0965E-05  1.0051E-04  1.0714E-04  1.1152E-04  1.4339E-04  9.3216E-05  1.1080E-04  8.9356E-05  5.5246E-05
       5.6183E-05  5.3767E-05  6.2419E-05  7.2514E-05  9.8274E-05  1.0991E-04  7.6176E-05  6.6112E-05  6.6610E-05  5.9430E-05
       6.7270E-05  6.0200E-05  9.7433E-05  1.3509E-04  1.5213E-04  1.4268E-04  1.1732E-04  8.9417E-05  8.5312E-05  6.2488E-05
       5.3550E-05  1.1077E-04  9.8813E-05  1.4114E-04  1.7275E-04  1.5194E-04  1.3251E-04  1.1646E-04  1.0739E-04  6.1494E-05
       8.5558E-05  1.0746E-04  9.3720E-05  1.4427E-04  1.7144E-04  1.8701E-04  1.5105E-04  1.0138E-04  9.3201E-05  6.7715E-05
       8.5275E-05  8.7271E-05  9.9805E-05  1.5866E-04  1.8290E-04  1.9951E-04  1.3350E-04  1.2182E-04  1.0428E-04  8.5412E-05
       7.7590E-05  9.6868E-05  1.3531E-04  1.6365E-04  2.1655E-04  1.9330E-04  1.3894E-04  1.5762E-04  9.1223E-05  6.5080E-05
       7.5442E-05  1.0711E-04  1.4637E-04  1.4958E-04  1.8664E-04  1.6219E-04  1.6683E-04  1.2940E-04  9.1420E-05  6.3025E-05
       5.9175E-05  9.7921E-05  1.0801E-04  1.2003E-04  1.5117E-04  1.5642E-04  1.6905E-04  9.6136E-05  1.1120E-04  5.6684E-05
       5.0458E-05  8.5494E-05  1.1970E-04  1.0495E-04  1.3675E-04  1.3689E-04  1.2334E-04  1.0702E-04  9.7543E-05  5.5457E-05
       4.1390E-05  7.3428E-05  7.7903E-05  8.6410E-05  1.0014E-04  1.2329E-04  8.5317E-05  8.1740E-05  6.2352E-05  4.5066E-05
       3.8341E-05  5.0370E-05  5.3906E-05  6.3071E-05  7.0967E-05  8.6343E-05  7.2598E-05  6.5281E-05  5.4485E-05  3.0681E-05
       4.5300E-05  5.4747E-05  5.0042E-05  8.2509E-05  9.0772E-05  9.2025E-05  9.0115E-05  6.1346E-05  7.6525E-05  3.8201E-05
       4.9398E-05  7.4674E-05  6.9096E-05  9.4449E-05  1.2042E-04  1.0566E-04  1.0266E-04  8.3268E-05  7.2198E-05  4.4747E-05
       5.5132E-05  8.6392E-05  7.5808E-05  1.1889E-04  1.3254E-04  1.3047E-04  1.2299E-04  8.3973E-05  6.3448E-05  4.4049E-05
       5.6936E-05  7.6130E-05  7.1820E-05  1.0274E-04  1.4484E-04  1.3736E-04  1.1441E-04  1.0146E-04  7.4118E-05  5.3716E-05
       5.5119E-05  6.8725E-05  9.3758E-05  1.1706E-04  1.2690E-04  1.3837E-04  1.1050E-04  1.1177E-04  6.5275E-05  4.8869E-05
       5.4887E-05  8.7986E-05  1.0137E-04  1.2177E-04  1.3498E-04  1.3894E-04  1.3080E-04  1.0890E-04  6.9420E-05  4.5920E-05
       4.7040E-05  7.1467E-05  8.0815E-05  9.0191E-05  1.2117E-04  1.3345E-04  1.3259E-04  1.0302E-04  7.3701E-05  5.4950E-05
       3.2057E-05  5.0728E-05  8.0852E-05  7.9172E-05  1.0207E-04  1.1996E-04  8.6084E-05  8.4420E-05  6.8815E-05  5.1901E-05
       2.9774E-05  3.9610E-05  7.3287E-05  5.3414E-05  7.0442E-05  7.5186E-05  7.9660E-05  6.1264E-05  5.1179E-05  3.4470E-05
       2.9047E-05  3.3365E-05  2.6951E-05  4.5531E-05  5.0454E-05  5.4112E-05  5.0040E-05  3.6519E-05  4.2423E-05  3.5232E-05
       4.5922E-05  2.7414E-05  4.5234E-05  5.9487E-05  6.7836E-05  6.8535E-05  5.4211E-05  4.7160E-05  5.3396E-05  3.1570E-05
       2.9576E-05  5.2868E-05  5.5732E-05  7.2130E-05  8.8765E-05  7.8961E-05  7.0876E-05  5.7772E-05  4.3757E-05  4.5233E-05
       2.8235E-05  5.5004E-05  5.8442E-05  7.8999E-05  8.9342E-05  7.0636E-05  6.2505E-05  4.9218E-05  4.4882E-05  2.7845E-05
       4.4914E-05  5.1493E-05  6.8017E-05  7.3499E-05  9.8445E-05  8.6910E-05  9.2189E-05  6.5419E-05  4.2459E-05  3.5390E-05
       3.9734E-05  5.1535E-05  6.4718E-05  7.8197E-05  7.8024E-05  8.0838E-05  7.1000E-05  8.5872E-05  4.3455E-05  3.6529E-05
       3.7860E-05  5.6470E-05  6.3831E-05  7.4428E-05  8.5190E-05  8.6398E-05  8.6455E-05  7.7762E-05  4.7629E-05  2.9546E-05
       2.9970E-05  6.0820E-05  6.1731E-05  5.7798E-05  6.8628E-05  9.6715E-05  1.0033E-04  7.0768E-05  3.9364E-05  4.5254E-05
       2.7398E-05  3.9803E-05  4.9923E-05  4.4315E-05  7.2087E-05  6.3153E-05  5.8767E-05  5.1418E-05  4.5470E-05  4.5122E-05
       2.2821E-05  3.6453E-05  4.2476E-05  3.9824E-05  3.8893E-05  4.3878E-05  6.8992E-05  4.6043E-05  2.4617E-05  3.8553E-05

      Percentage errors follow in a matrix A(ix,iy,iz), format (1(5x,1p,10(1x,e11.4)))

       2.9833E+00  8.3716E+00  4.8211E+00  5.8968E+00  2.3701E+00  6.8254E+00  4.8188E+00  3.3617E+00  8.2369E+00  4.6983E+00
       4.3923E+00  2.9623E+00  3.6352E+00  3.5354E+00  1.1857E+00  4.2675E+00  1.8842E+00  6.1785E+00  8.8844E+00  8.0923E+00
       7.0173E+00  1.8115E+00  1.7053E+00  7.9081E+00  3.3145E+00  3.5444E+00  4.6374E+00  3.6962E+00  6.4837E+00  6.9543E+00
       4.5371E+00  5.0470E+00  8.2075E+00  4.1090E+00  4.1776E+00  2.5959E+00  9.7654E-01  6.7638E+00  2.9168E+00  3.9658E+00
       5.8816E+00  5.6938E+00  4.2494E+00  5.2050E+00  2.3907E+00  2.7861E+00  5.0652E+00  4.6294E+00  4.3805E+00  4.7603E+00
       5.6372E+00  4.9760E+00  6.0079E+00  5.1869E+00  2.8519E+00  4.8191E+00  3.5092E+00  3.9397E+00  2.7662E+00  6.0260E+00
       4.3684E+00  5.9104E+00  4.2176E+00  7.1617E+00  1.7431E+00  2.9593E+00  5.6410E+00  3.3734E+00  3.5460E+00  2.0334E+00
       2.3796E+00  3.9830E+00  3.5621E+00  1.5569E+00  3.9954E+00  1.8912E+00  2.9236E+00  5.1033E+00  7.8145E+00  6.6334E+00
       4.9264E+00  8.1525E+00  7.4191E+00  3.0249E+00  2.6587E+00  3.1989E+00  5.9013E+00  9.2112E+00  5.6227E+00  8.7324E+00
       6.1711E+00  6.9902E+00  4.4184E+00  9.4891E-01  5.5140E+00  3.9357E+00  4.3828E+00  3.6189E+00  3.9691E+00  4.3481E+00
       4.2407E+00  4.3565E+00  2.6949E+00  2.4771E+00  5.4563E+00  8.2138E+00  3.2518E+00  9.2313E-01  9.9165E+00  3.1809E+00
       4.8716E+00  3.0132E+00  2.7321E+00  2.6971E+00  4.3030E+00  5.3719E+00  2.1595E+00  5.9908E+00  1.0636E+01  5.2147E+00
       5.0456E+00  2.7762E+00  2.9016E+00  5.4418E+00  3.5193E+00  4.9413E+00  4.4183E+00  7.9452E+00  2.4428E+00  1.0381E+01
       7.4640E+00  4.3383E+00  1.7610E+00  4.2371E+00  2.8792E+00  3.8036E+00  3.8691E+00  5.1688E+00  3.6925E+00  4.8990E+00
       4.2915E+00  7.1733E+00  3.3877E+00  4.7686E+00  1.3812E+00  2.5137E+00  2.0652E+00  4.6819E+00  7.5418E+00  4.4550E+00
       6.1161E+00  6.3726E+00  5.1082E+00  6.1063E+00  3.2556E+00  5.7128E+00  6.1298E+00  3.3879E+00  4.2483E+00  3.6543E+00
       8.2065E+00  2.8990E+00  3.7510E+00  5.6145E+00  1.9631E+00  4.0890E+00  6.8355E+00  4.3651E+00  5.6248E+00  9.1005E+00
       5.4033E+00  4.2447E+00  4.7385E+00  2.5308E+00  4.9898E+00  3.8814E+00  6.6883E+00  4.1338E+00  8.1802E+00  3.8480E+00
       6.8174E+00  3.1145E+00  7.4389E+00  4.6813E+00  1.6845E+00  4.7248E+00  8.0240E+00  5.0095E+00  7.7783E+00  4.5464E+00
       3.9027E+00  5.9949E+00  5.5369E+00  5.7181E+00  4.4063E+00  4.0784E+00  4.9333E+00  5.6426E+00  5.4712E+00  5.7047E+00
       7.0361E+00  5.1627E+00  2.4600E+00  1.9060E+00  7.5613E+00  4.5372E+00  5.7667E+00  3.5488E+00  9.2314E+00  8.6093E+00
       9.5643E+00  8.9323E+00  6.0631E+00  5.1432E+00  5.6656E+00  5.2588E+00  8.4381E+00  9.3824E+00  5.6418E+00  1.0387E+01
       3.9794E+00  3.3146E+00  3.6788E+00  5.6667E+00  4.6045E+00  4.5392E+00  4.5348E+00  7.6911E+00  7.6799E+00  7.1366E+00
       5.1787E+00  6.0250E+00  2.8617E+00  5.6851E+00  1.9597E+00  5.5847E+00  3.1947E+00  1.0301E+01  2.7265E+00  8.1328E+00
       8.5189E+00  5.4286E+00  5.7985E+00  8.2351E+00  2.2229E+00  4.2514E+00  4.9228E+00  3.3281E+00  5.5593E+00  8.0212E+00
       5.8194E+00  6.7647E+00  5.5004E+00  4.5062E+00  2.9441E+00  3.6499E+00  5.8123E+00  5.0421E+00  4.5378E+00  5.8258E+00
       6.0957E+00  5.9673E+00  5.1276E+00  4.8232E+00  4.1845E+00  3.2162E+00  2.7971E+00  3.2566E+00  5.2534E+00  7.8818E+00
       8.3462E+00  6.0225E+00  3.2219E+00  4.8379E+00  4.5308E+00  3.9726E+00  4.6972E+00  5.2947E+00  6.6771E+00  6.9200E+00
       1.1043E+01  3.8986E+00  5.7373E+00  3.9827E+00  3.8798E+00  4.9663E+00  8.6411E+00  5.2976E+00  6.0099E+00  8.4799E+00
       6.9115E+00  6.3878E+00  3.8246E+00  5.1845E+00  8.6965E+00  4.1822E+00  4.7176E+00  1.1188E+01  7.5026E+00  9.9980E+00
       9.1020E+00  4.6879E+00  1.0396E+01  4.6604E+00  8.7729E+00  4.1023E+00  1.0693E+01  7.1608E+00  8.7291E+00  7.8953E+00
       9.1340E+00  3.9980E+00  9.4223E+00  4.1178E+00  6.3019E+00  8.2753E+00  6.4386E+00  5.7332E+00  7.6251E+00  1.2581E+01
       4.4672E+00  5.6041E+00  6.3599E+00  1.0368E+01  2.1364E+00  8.7376E+00  6.2467E+00  1.0444E+01  6.6374E+00  5.8979E+00
       7.0853E+00  4.8480E+00  8.8894E+00  6.9178E+00  3.5992E+00  7.2180E+00  2.7728E+00  9.3226E+00  1.1909E+00  7.5216E+00
       5.6973E+00  3.9681E+00  8.7273E+00  3.8034E+00  3.9543E+00  4.7190E+00  4.5230E+00  3.3879E+00  8.1478E+00  9.5572E+00
       9.0786E+00  5.0207E+00  4.7326E+00  8.6642E+00  1.8063E+00  2.8089E+00  1.6661E+00  7.1586E+00  4.8930E+00  6.8367E+00
       7.3135E+00  2.9940E+00  4.5628E+00  4.8226E+00  4.4017E+00  1.1964E+00  5.9853E+00  6.7446E+00  8.8228E+00  4.9625E+00
       7.7199E+00  8.8840E+00  7.5370E+00  7.2488E+00  9.7394E+00  5.2433E+00  6.5569E+00  8.6296E+00  9.3056E+00  4.8448E+00
       1.0570E+01  9.8035E+00  7.3391E+00  3.8579E+00  8.9716E+00  1.3014E+00  3.8300E+00  6.3380E+00  1.0633E+01  8.3254E+00
       7.5982E+00  1.7869E+00  4.5054E+00  8.3029E+00  9.5271E+00  5.1580E+00  8.2455E+00  9.4367E+00  8.5951E+00  8.5197E+00
       1.0799E+01  1.4625E+01  5.5814E+00  7.3650E+00  6.6993E+00  3.8043E+00  8.3873E+00  8.8104E+00  8.4149E+00  6.8717E+00
       1.1125E+01  9.6320E+00  7.8468E+00  8.8636E+00  4.2552E+00  4.7125E+00  4.9483E+00  1.6781E+01  9.1684E+00  1.1284E+01
       7.2704E+00  5.2371E+00  7.2644E+00  1.6065E+01  2.0296E+00  8.3582E+00  7.0239E+00  1.2297E+01  5.9551E+00  1.3551E+01
       9.4730E+00  8.9332E+00  7.3645E+00  6.4347E+00  3.8220E+00  8.6266E+00  6.1728E+00  9.8327E+00  7.4057E+00  5.7719E+00
       6.3696E+00  5.1804E+00  5.2390E+00  9.1661E+00  4.6050E+00  4.0750E+00  5.1493E+00  3.6724E+00  6.6530E+00  1.0806E+01
       1.3866E+01  6.9467E+00  6.0300E+00  8.4314E+00  1.6667E+00  3.8839E+00  1.6303E+00  6.3587E+00  5.8780E+00  9.4257E+00
       8.8256E+00  5.4223E+00  4.5941E+00  8.0604E+00  4.4746E+00  5.6498E+00  5.8111E+00  7.4608E+00  6.9076E+00  1.2774E+01
       5.4967E+00  7.8945E+00  4.2332E+00  6.8313E+00  1.5431E+01  5.9247E+00  9.0291E+00  8.5751E+00  7.9174E+00  6.4839E+00
       7.8026E+00  4.6556E+00  7.0397E+00  7.9329E+00  1.0641E+01  3.5293E+00  4.3272E+00  8.9807E+00  5.8181E+00  6.0021E+00
       8.2763E+00  4.6891E+00  9.6894E+00  1.0962E+01  7.8566E+00  5.5776E+00  7.5492E+00  1.0228E+01  1.0530E+01  1.3307E+01
       1.4042E+01  1.5558E+01  1.6223E+01  1.3685E+01  9.3555E+00  1.1377E+01  5.2657E+00  1.9584E+01  1.4940E+01  1.6246E+01
       1.4148E+01  1.0347E+01  1.5525E+01  9.2114E+00  3.4870E+00  5.5848E+00  4.4962E+00  1.4348E+01  7.1787E+00  9.7023E+00
       7.8625E+00  3.1142E+00  6.5508E+00  1.5066E+01  5.9470E-01  8.7489E+00  8.1410E+00  9.7602E+00  5.8546E+00  1.4791E+01
       5.0629E+00  9.8737E+00  8.3710E+00  8.4774E+00  7.6812E+00  4.3136E+00  6.3868E+00  6.8764E+00  8.4722E+00  1.2493E+01
       4.7142E+00  7.8997E+00  1.0759E+01  1.2144E+01  5.9166E+00  3.9396E+00  8.6093E+00  1.1597E+01  1.1517E+01  8.3968E+00
       5.0475E+00  1.2043E+01  5.3224E+00  8.1947E+00  5.4663E+00  3.9818E+00  4.3301E+00  3.4820E+00  5.9117E+00  1.3567E+01
       1.3714E+01  9.6429E+00  1.1383E+01  4.2727E+00  5.1278E+00  3.6356E+00  8.0408E+00  1.0159E+01  5.6279E+00  1.1201E+01
       8.5513E+00  6.8474E+00  7.8948E+00  8.0166E+00  5.2656E+00  4.4067E+00  1.2929E+01  8.5615E+00  7.8798E+00  1.2009E+01
       5.5347E+00  5.2198E+00  2.4163E+00  1.4677E+01  9.8141E+00  4.4558E+00  6.8022E+00  1.1675E+01  1.4879E+01  6.0773E+00
       7.1750E+00  1.0945E+01  8.8346E+00  2.0328E+01  5.0974E+00  8.2636E+00  1.2092E+01  8.9189E+00  8.8111E+00  7.6980E+00
       8.7155E+00  1.1248E+01  1.6995E+01  1.1072E+01  9.3454E+00  1.4523E+01  9.4972E+00  1.6673E+01  8.2896E+00  1.7378E+01
       5.3418E+00  1.0803E+01  1.2218E+01  8.7644E+00  8.8001E+00  8.3649E+00  1.2006E+01  6.1662E+00  3.8287E+00  1.0409E+01
       1.1330E+01  7.4351E+00  1.0554E+01  1.0000E+01  6.0073E+00  6.3956E+00  8.3574E+00  1.2549E+01  9.0209E+00  1.1880E+01
       1.1586E+01  7.0758E+00  1.0814E+01  1.3254E+01  4.7548E+00  6.4794E+00  9.2242E+00  5.8329E+00  8.7782E+00  4.8972E+00
       1.9667E+01  1.1185E+01  5.8210E+00  1.0266E+01  4.8945E+00  4.7062E+00  7.7721E+00  9.1128E+00  1.6308E+01  1.0386E+01
       1.2005E+01  1.2044E+01  5.6959E+00  8.4208E+00  9.2856E+00  7.5353E+00  9.0613E+00  8.9614E+00  5.5429E+00  1.2265E+01
       2.3222E+01  8.9222E+00  7.9838E+00  8.8123E+00  2.9754E+00  7.0966E+00  8.8498E+00  8.2880E+00  3.4946E+00  1.0155E+01
       1.2445E+01  7.5934E+00  7.7891E+00  8.4840E+00  7.6122E+00  7.1610E+00  7.5493E+00  1.4511E+01  7.9656E+00  1.5885E+01
       2.3643E+01  4.4918E+00  8.4030E+00  7.2767E+00  6.7488E+00  5.3857E+00  6.3651E+00  9.9802E+00  5.1393E+00  6.2853E+00
       1.9224E+01  1.2480E+01  5.9852E+00  1.3040E+01  9.1457E+00  9.7965E+00  1.2227E+01  7.2170E+00  1.2596E+01  8.5056E+00
       1.6305E+01  1.2149E+01  1.7116E+01  1.5390E+01  7.2279E+00  1.1644E+01  6.9871E+00  1.3708E+01  8.9061E+00  2.3178E+01
       1.5269E+01  1.0636E+01  3.4690E+00  1.1962E+01  1.2819E+01  8.6349E+00  1.0940E+01  1.0173E+01  1.8221E+01  1.1908E+01
       1.2659E+01  7.4944E+00  1.0575E+01  1.4130E+01  9.0465E+00  9.3692E+00  7.9618E+00  1.1819E+01  9.2510E+00  1.3436E+01
       1.0640E+01  1.5958E+01  1.1326E+01  1.7410E+01  8.5295E+00  7.3273E+00  1.3786E+01  1.1582E+01  8.4419E+00  1.1302E+01
       1.2256E+01  6.1476E+00  1.0746E+01  7.2915E+00  1.1302E+01  7.6740E+00  1.0820E+01  1.3049E+01  8.8589E+00  2.7820E+01
       1.7818E+01  1.6651E+01  7.9290E+00  9.2650E+00  7.9636E+00  1.0580E+01  1.5139E+01  6.9842E+00  6.4655E+00  1.2200E+01
       1.3470E+01  8.3823E+00  5.1641E+00  9.6490E+00  8.4986E+00  7.2520E+00  8.1146E+00  1.3583E+01  1.4754E+01  1.1564E+01
       1.0259E+01  1.0963E+01  7.9216E+00  8.0728E+00  1.4697E+01  5.7673E+00  7.2924E+00  1.3920E+01  1.1097E+01  1.7899E+01
       2.0376E+01  9.2158E+00  9.0117E+00  7.0756E+00  6.9287E+00  1.0280E+01  1.2761E+01  1.1596E+01  1.1473E+01  9.2527E+00
       1.8364E+01  9.5552E+00  5.0299E+00  1.4881E+01  1.1155E+01  8.7868E+00  1.1586E+01  6.7768E+00  8.1552E+00  2.1585E+01
       9.1721E+00  2.0713E+01  1.2625E+01  1.5786E+01  1.2457E+01  1.3619E+01  1.1755E+01  1.4343E+01  2.2600E+01  2.8541E+01
       1.7729E+01  1.3205E+01  9.4886E+00  1.2258E+01  9.5967E+00  8.0006E+00  9.2413E+00  1.2504E+01  1.3961E+01  7.6547E+00
       2.0378E+01  2.3323E+01  1.3228E+01  1.7495E+01  5.1181E+00  9.9726E+00  7.3066E+00  1.2744E+01  1.0270E+01  8.7115E+00
       1.8243E+01  1.2087E+01  1.4986E+01  9.4409E+00  7.1122E+00  8.1424E+00  1.2108E+01  1.9776E+01  1.5493E+01  9.2036E+00
       1.2942E+01  1.6472E+01  8.4869E+00  1.2272E+01  7.7463E+00  9.6439E+00  9.6340E+00  1.4440E+01  1.2011E+01  1.8140E+01
       1.1908E+01  1.5884E+01  1.1416E+01  1.0317E+01  1.1776E+01  1.4381E+01  1.0075E+01  1.4312E+01  9.4939E+00  8.2894E+00
       8.7120E+00  1.2161E+01  9.9377E+00  1.4259E+01  9.3179E+00  1.8040E+01  8.6909E+00  1.6193E+01  9.6892E+00  2.0739E+01
       2.3321E+01  9.3000E+00  1.2616E+01  1.7354E+01  1.0214E+01  8.8148E+00  1.1480E+01  1.2029E+01  9.6483E+00  1.4023E+01
       2.4856E+01  1.5458E+01  1.2870E+01  1.3286E+01  1.7954E+01  1.2261E+01  9.7727E+00  1.1079E+01  5.9984E+00  1.3304E+01
       2.4077E+01  4.1784E+00  8.0286E+00  2.1601E+01  8.7340E+00  9.3959E+00  6.5861E+00  5.8651E+00  2.6203E+01  2.5962E+01
       8.9799E+00  1.3831E+01  2.1800E+01  1.1730E+01  1.7622E+01  1.3706E+01  2.1945E+01  4.1029E+00  2.0229E+01  2.7397E+01
       1.3653E+01  2.0130E+01  1.0230E+01  2.7529E+01  1.6949E+01  7.2599E+00  5.6686E+00  2.0021E+01  5.1423E+00  1.0389E+01
       8.2359E+00  1.2849E+01  1.7554E+01  1.2235E+01  1.2539E+01  7.2476E+00  9.3476E+00  1.6679E+01  1.8765E+01  1.5885E+01
       1.2795E+01  2.3117E+01  8.0249E+00  1.1257E+01  1.1638E+01  1.6183E+01  1.7211E+01  1.6512E+01  1.7011E+01  2.3519E+01
       1.0556E+01  8.3539E+00  1.6815E+01  1.1280E+01  1.3483E+01  1.3698E+01  1.3817E+01  1.1846E+01  1.9121E+01  1.4735E+01
       1.8805E+01  1.1575E+01  1.2778E+01  1.1061E+01  1.8876E+01  1.9569E+01  8.6460E+00  1.1614E+01  1.5707E+01  5.9350E+00
       1.6534E+01  1.7487E+01  1.2918E+01  1.6000E+01  1.6873E+01  2.6762E+01  1.3068E+01  1.6332E+01  1.2185E+01  1.0159E+01
       1.9055E+01  1.5933E+01  1.6252E+01  2.6281E+01  1.4866E+01  1.3635E+01  4.2078E+00  9.8955E+00  1.9600E+01  1.6830E+01
       2.9096E+01  1.2876E+01  1.6675E+01  1.8817E+01  1.1892E+01  1.1193E+01  1.3526E+01  1.2508E+01  3.2979E+01  1.3091E+01
       2.0084E+01  1.5734E+01  4.1431E+00  1.6114E+01  1.6227E+01  9.0482E+00  8.2243E+00  2.2803E+01  2.2265E+01  1.2228E+01
