1
   Cartesian binning n.   1  "DoseEq    " , generalized particle n.  240
      X coordinate: from -8.5000E+01 to  8.5000E+01 cm,    10 bins ( 1.7000E+01 cm wide)
      Y coordinate: from -2.5000E+01 to  2.5000E+01 cm,    10 bins ( 5.0000E+00 cm wide)
      Z coordinate: from  2.2500E+02 to  2.7500E+02 cm,    10 bins ( 5.0000E+00 cm wide)
      Data follow in a matrix A(ix,iy,iz), format (1(5x,1p,10(1x,e11.4)))

      accurate deposition along the tracks requested
      this is a track-length binning
       4.2464E-04  9.7193E-04  2.6044E-03  7.3391E-03  2.5413E-02  2.5494E-02  7.4360E-03  2.6093E-03  9.9954E-04  4.3133E-04
       4.7420E-04  1.1778E-03  3.0846E-03  1.0929E-02  7.0552E-02  7.0467E-02  1.0901E-02  3.1682E-03  1.1335E-03  4.7427E-04
       5.4088E-04  1.2394E-03  3.5399E-03  1.6762E-02  1.8778E-01  1.8826E-01  1.6772E-02  3.5799E-03  1.2875E-03  5.1645E-04
       5.5076E-04  1.3485E-03  3.8191E-03  2.4620E-02  3.9319E-01  3.9271E-01  2.4641E-02  3.9158E-03  1.3358E-03  5.4007E-04
       5.3482E-04  1.4182E-03  4.0622E-03  3.0929E-02  5.7813E-01  5.7857E-01  3.1001E-02  4.0825E-03  1.3926E-03  5.2386E-04
       5.6470E-04  1.3612E-03  4.0408E-03  3.0960E-02  5.7814E-01  5.7874E-01  3.1048E-02  4.0790E-03  1.3637E-03  5.2537E-04
       5.2979E-04  1.3003E-03  3.9308E-03  2.4609E-02  3.9281E-01  3.9261E-01  2.4672E-02  3.8616E-03  1.3346E-03  5.3512E-04
       5.1561E-04  1.2611E-03  3.5720E-03  1.6739E-02  1.8817E-01  1.8808E-01  1.6716E-02  3.6131E-03  1.2516E-03  5.3447E-04
       4.8679E-04  1.1687E-03  3.1752E-03  1.0959E-02  7.0246E-02  7.0439E-02  1.1024E-02  3.1603E-03  1.1577E-03  4.7804E-04
       4.3427E-04  9.9634E-04  2.5839E-03  7.4774E-03  2.5530E-02  2.5332E-02  7.3931E-03  2.6443E-03  9.9037E-04  4.3189E-04
       1.9619E-04  2.5890E-04  3.2213E-04  5.2403E-04  1.0798E-03  1.0557E-03  5.6508E-04  3.3789E-04  2.6371E-04  1.8261E-04
       2.1754E-04  3.3604E-04  4.2995E-04  8.0196E-04  1.9478E-03  1.9477E-03  8.2517E-04  4.5696E-04  3.2867E-04  2.2557E-04
       2.6006E-04  3.6212E-04  4.8485E-04  1.0620E-03  3.0930E-03  3.0786E-03  1.0542E-03  5.1040E-04  3.7446E-04  2.6222E-04
       2.5939E-04  3.7302E-04  5.4960E-04  1.2614E-03  4.4222E-03  4.4112E-03  1.2148E-03  5.3336E-04  3.7942E-04  2.6342E-04
       2.5147E-04  4.0051E-04  5.6596E-04  1.4235E-03  5.3681E-03  5.3536E-03  1.3824E-03  5.4750E-04  3.8978E-04  2.6081E-04
       2.6899E-04  3.8564E-04  5.5252E-04  1.3704E-03  5.4003E-03  5.3494E-03  1.3769E-03  5.4763E-04  3.7031E-04  2.7167E-04
       2.6764E-04  3.7475E-04  5.5276E-04  1.2385E-03  4.4094E-03  4.3626E-03  1.2270E-03  5.3331E-04  3.6927E-04  2.6282E-04
       2.7031E-04  3.6534E-04  5.2436E-04  1.0194E-03  3.0818E-03  3.0535E-03  1.0494E-03  4.8482E-04  3.5114E-04  2.5185E-04
       2.4386E-04  3.1652E-04  4.2934E-04  8.3308E-04  1.9287E-03  1.9185E-03  8.2620E-04  4.2495E-04  3.4163E-04  2.2979E-04
       1.9315E-04  2.4353E-04  3.1859E-04  5.3487E-04  1.0642E-03  1.0759E-03  5.5657E-04  3.4847E-04  2.4518E-04  1.8708E-04
       1.5459E-04  1.9748E-04  2.6916E-04  4.6910E-04  8.8117E-04  8.9059E-04  4.5321E-04  2.7117E-04  2.0828E-04  1.5112E-04
       1.7390E-04  2.7717E-04  3.7284E-04  7.4163E-04  1.5541E-03  1.5439E-03  7.1065E-04  3.8645E-04  2.6379E-04  1.9297E-04
       1.8961E-04  3.0613E-04  4.1920E-04  9.2668E-04  2.2154E-03  2.2520E-03  9.3094E-04  4.6511E-04  3.1888E-04  2.0812E-04
       2.2037E-04  3.2073E-04  5.0336E-04  1.0973E-03  2.9326E-03  2.9887E-03  1.0695E-03  4.8034E-04  3.3675E-04  2.2356E-04
       2.1943E-04  3.3935E-04  5.1120E-04  1.2262E-03  3.3894E-03  3.4384E-03  1.1470E-03  5.0425E-04  3.3178E-04  2.1299E-04
       2.3454E-04  3.5598E-04  5.0809E-04  1.1729E-03  3.4754E-03  3.4080E-03  1.1514E-03  5.0039E-04  3.4189E-04  2.1197E-04
       2.0939E-04  3.2808E-04  4.8548E-04  1.0777E-03  3.0108E-03  2.9273E-03  1.0986E-03  4.8797E-04  3.2455E-04  2.0701E-04
       2.1284E-04  3.1699E-04  4.4855E-04  8.9182E-04  2.2715E-03  2.2400E-03  9.1554E-04  4.4303E-04  3.0604E-04  2.0377E-04
       1.8542E-04  2.7668E-04  3.6547E-04  7.0259E-04  1.5461E-03  1.5223E-03  7.2174E-04  3.7679E-04  2.5884E-04  1.7622E-04
       1.5764E-04  1.9665E-04  2.6377E-04  4.6618E-04  8.8695E-04  8.7157E-04  4.6416E-04  2.8303E-04  2.0303E-04  1.3972E-04
       1.2218E-04  1.5878E-04  2.2837E-04  3.8135E-04  6.6036E-04  6.7078E-04  3.8431E-04  2.1799E-04  1.7514E-04  1.1780E-04
       1.3788E-04  2.0965E-04  3.1595E-04  6.0607E-04  1.1214E-03  1.1137E-03  5.8879E-04  3.0498E-04  2.1730E-04  1.5561E-04
       1.5990E-04  2.3983E-04  3.7321E-04  8.0873E-04  1.5679E-03  1.5441E-03  7.2218E-04  3.9368E-04  2.6570E-04  1.7909E-04
       1.8063E-04  2.6632E-04  4.3765E-04  8.9806E-04  2.0257E-03  1.9560E-03  8.4972E-04  4.0355E-04  2.7567E-04  1.8073E-04
       1.8754E-04  2.7649E-04  4.4293E-04  9.4940E-04  2.2275E-03  2.1604E-03  9.5804E-04  4.0438E-04  2.8949E-04  1.6836E-04
       1.7623E-04  2.7531E-04  4.1624E-04  9.4689E-04  2.2080E-03  2.1617E-03  9.0995E-04  4.1981E-04  2.9435E-04  1.7647E-04
       1.7805E-04  2.6859E-04  4.0665E-04  8.6847E-04  2.0208E-03  1.9859E-03  8.5069E-04  4.1671E-04  2.7406E-04  1.5777E-04
       1.6114E-04  2.4961E-04  3.8839E-04  7.3476E-04  1.6090E-03  1.5910E-03  7.6652E-04  3.8095E-04  2.4157E-04  1.6934E-04
       1.5076E-04  2.2556E-04  3.0781E-04  5.8855E-04  1.1487E-03  1.1401E-03  5.8794E-04  3.2114E-04  2.0050E-04  1.3717E-04
       1.2225E-04  1.6222E-04  2.2304E-04  3.8096E-04  6.8072E-04  6.7333E-04  3.8838E-04  2.2008E-04  1.5777E-04  1.0074E-04
       8.4479E-05  1.2090E-04  1.8203E-04  3.1136E-04  5.0768E-04  4.9981E-04  3.0179E-04  1.7616E-04  1.2998E-04  9.0373E-05
       1.1078E-04  1.6307E-04  2.5213E-04  4.7196E-04  7.8994E-04  7.7520E-04  4.5145E-04  2.6617E-04  1.7307E-04  1.2035E-04
       1.2743E-04  2.0423E-04  3.1264E-04  6.0451E-04  1.1101E-03  1.0931E-03  5.8510E-04  3.2743E-04  2.1878E-04  1.3433E-04
       1.4125E-04  2.1058E-04  3.4879E-04  6.7508E-04  1.3517E-03  1.3084E-03  6.8326E-04  3.2644E-04  2.3459E-04  1.3672E-04
       1.5507E-04  2.2398E-04  3.5641E-04  7.1055E-04  1.4158E-03  1.4491E-03  7.0442E-04  3.3271E-04  2.2941E-04  1.3579E-04
       1.4459E-04  2.2177E-04  3.2815E-04  7.3130E-04  1.4561E-03  1.4490E-03  6.9473E-04  3.5235E-04  2.3172E-04  1.3140E-04
       1.3955E-04  2.1662E-04  3.4029E-04  6.8169E-04  1.3255E-03  1.3268E-03  6.5761E-04  3.3480E-04  2.1289E-04  1.2911E-04
       1.2748E-04  1.9885E-04  3.2309E-04  5.5948E-04  1.0882E-03  1.1133E-03  5.8843E-04  3.1665E-04  1.9906E-04  1.1711E-04
       1.1026E-04  1.7289E-04  2.5705E-04  4.5952E-04  8.1290E-04  8.0233E-04  4.7599E-04  2.5549E-04  1.6213E-04  1.0272E-04
       9.6135E-05  1.2181E-04  1.8006E-04  2.9596E-04  5.0226E-04  4.8815E-04  3.0513E-04  1.6774E-04  1.1737E-04  7.7695E-05
       7.0841E-05  9.8214E-05  1.5069E-04  2.2790E-04  3.6238E-04  3.6474E-04  2.3734E-04  1.4123E-04  1.0502E-04  6.8290E-05
       1.0003E-04  1.2833E-04  2.0083E-04  3.5742E-04  5.4847E-04  5.5659E-04  3.4523E-04  2.0943E-04  1.4934E-04  9.3007E-05
       1.1060E-04  1.5674E-04  2.3182E-04  4.3897E-04  7.5628E-04  7.3447E-04  4.1148E-04  2.6907E-04  1.7041E-04  1.0400E-04
       1.1056E-04  1.7608E-04  2.7456E-04  5.2530E-04  9.0389E-04  8.9972E-04  5.1805E-04  2.7595E-04  1.8097E-04  1.0967E-04
       1.2234E-04  1.6841E-04  2.6583E-04  5.6447E-04  9.5255E-04  9.5684E-04  5.3265E-04  2.7954E-04  1.7707E-04  1.0163E-04
       1.1819E-04  1.7880E-04  2.5373E-04  5.4703E-04  9.7766E-04  9.1535E-04  5.2330E-04  2.7476E-04  1.6452E-04  1.1083E-04
       1.0639E-04  1.7252E-04  2.5729E-04  4.9410E-04  8.6763E-04  8.8227E-04  5.0213E-04  2.5864E-04  1.5819E-04  1.0785E-04
       9.8140E-05  1.6627E-04  2.2267E-04  4.2471E-04  7.4708E-04  7.6067E-04  4.4884E-04  2.3584E-04  1.5054E-04  9.3730E-05
       9.1449E-05  1.3729E-04  2.0053E-04  3.4326E-04  5.9075E-04  5.9024E-04  3.5051E-04  1.9729E-04  1.3291E-04  8.1926E-05
       6.9764E-05  9.9519E-05  1.3377E-04  2.2886E-04  3.6274E-04  3.6018E-04  2.2867E-04  1.3848E-04  9.7030E-05  6.1404E-05
       5.9909E-05  7.8656E-05  1.0654E-04  1.7431E-04  2.6678E-04  2.5745E-04  1.6608E-04  1.1944E-04  8.0032E-05  5.4429E-05
       8.0408E-05  1.0127E-04  1.5164E-04  2.7017E-04  3.7623E-04  3.9998E-04  2.5681E-04  1.6214E-04  1.1111E-04  6.7653E-05
       8.5708E-05  1.1885E-04  2.0476E-04  3.3406E-04  5.0878E-04  5.1302E-04  3.1965E-04  2.1027E-04  1.1144E-04  8.7607E-05
       8.5277E-05  1.3454E-04  2.1728E-04  3.7894E-04  6.0054E-04  5.7242E-04  3.7950E-04  2.1476E-04  1.4549E-04  8.9637E-05
       9.4620E-05  1.4437E-04  2.1517E-04  4.1464E-04  6.4669E-04  6.3986E-04  3.9954E-04  2.1173E-04  1.3637E-04  7.7611E-05
       8.7562E-05  1.3712E-04  2.1664E-04  3.9871E-04  6.5631E-04  6.3991E-04  3.8751E-04  2.0483E-04  1.3589E-04  7.9142E-05
       7.8253E-05  1.2680E-04  2.0442E-04  3.6043E-04  5.9373E-04  6.0047E-04  3.9115E-04  1.9443E-04  1.3222E-04  8.0990E-05
       7.9974E-05  1.3061E-04  1.8512E-04  3.3065E-04  5.3582E-04  5.1744E-04  3.3670E-04  1.8524E-04  1.0869E-04  6.9578E-05
       7.0365E-05  9.3738E-05  1.5767E-04  2.6383E-04  4.2059E-04  4.2159E-04  2.7109E-04  1.4898E-04  9.6770E-05  6.4130E-05
       4.7790E-05  7.4786E-05  9.9885E-05  1.7710E-04  2.6214E-04  2.5236E-04  1.6707E-04  1.1348E-04  6.9903E-05  4.7167E-05
       4.7710E-05  6.3770E-05  8.3874E-05  1.2995E-04  1.8852E-04  1.7588E-04  1.3431E-04  9.8460E-05  6.6035E-05  4.1078E-05
       6.4740E-05  7.5440E-05  1.1601E-04  1.9640E-04  2.7753E-04  2.7448E-04  1.8278E-04  1.2931E-04  9.2063E-05  5.8165E-05
       6.5315E-05  9.6787E-05  1.5908E-04  2.3920E-04  3.5684E-04  3.4432E-04  2.2672E-04  1.6076E-04  9.3922E-05  6.1798E-05
       6.6525E-05  1.0149E-04  1.6681E-04  2.5968E-04  4.1300E-04  3.9156E-04  2.6790E-04  1.6293E-04  1.1008E-04  6.3776E-05
       7.5935E-05  1.1656E-04  1.6080E-04  2.8802E-04  4.2966E-04  4.2509E-04  2.9253E-04  1.6930E-04  1.1313E-04  6.6971E-05
       7.1738E-05  1.0410E-04  1.7099E-04  2.8996E-04  4.3900E-04  4.2180E-04  2.7935E-04  1.5365E-04  1.0546E-04  6.9138E-05
       6.6099E-05  9.3718E-05  1.6841E-04  2.7577E-04  4.1377E-04  4.1927E-04  2.7367E-04  1.5228E-04  9.5686E-05  6.1040E-05
       6.3261E-05  9.8956E-05  1.4680E-04  2.3278E-04  3.5294E-04  3.5725E-04  2.2951E-04  1.4629E-04  8.9565E-05  5.4096E-05
       5.3510E-05  8.0108E-05  1.2256E-04  1.9024E-04  2.9004E-04  2.8359E-04  1.8695E-04  1.2739E-04  7.7971E-05  4.7038E-05
       3.9407E-05  5.9104E-05  7.5611E-05  1.3139E-04  1.9624E-04  1.7816E-04  1.2386E-04  9.1466E-05  5.9408E-05  3.4964E-05
       3.3633E-05  5.4829E-05  7.0732E-05  9.7397E-05  1.2830E-04  1.2528E-04  9.6535E-05  6.6397E-05  5.3913E-05  3.6468E-05
       4.6179E-05  6.0341E-05  8.8259E-05  1.3362E-04  1.8861E-04  1.7805E-04  1.3805E-04  9.8215E-05  6.5073E-05  4.2140E-05
       4.9020E-05  7.1590E-05  1.0806E-04  1.6382E-04  2.3492E-04  2.2211E-04  1.6427E-04  1.1003E-04  6.8903E-05  5.0090E-05
       5.2931E-05  7.4954E-05  1.2221E-04  1.8662E-04  2.8204E-04  2.5529E-04  1.9300E-04  1.0790E-04  6.5987E-05  5.4277E-05
       5.9074E-05  8.4596E-05  1.2141E-04  1.9331E-04  3.0319E-04  2.8117E-04  1.9851E-04  1.1851E-04  8.1855E-05  4.9261E-05
       4.7279E-05  7.5809E-05  1.2455E-04  1.9946E-04  2.9921E-04  2.8005E-04  1.9342E-04  1.1606E-04  7.9950E-05  5.6111E-05
       4.6262E-05  8.3365E-05  1.2135E-04  1.8475E-04  2.7358E-04  2.8022E-04  1.7595E-04  1.1807E-04  8.1041E-05  5.5409E-05
       4.7072E-05  7.3339E-05  1.0713E-04  1.5560E-04  2.2065E-04  2.5575E-04  1.6259E-04  1.0155E-04  6.0301E-05  4.8677E-05
       4.0216E-05  6.5112E-05  8.8145E-05  1.3674E-04  1.8573E-04  1.8502E-04  1.3267E-04  9.5736E-05  5.3751E-05  3.8427E-05
       2.6698E-05  4.8028E-05  6.3857E-05  9.3796E-05  1.3139E-04  1.2349E-04  9.8502E-05  6.3113E-05  4.1194E-05  2.7867E-05
       2.1837E-05  3.4527E-05  4.4211E-05  6.2484E-05  7.7610E-05  8.0830E-05  5.9058E-05  4.4762E-05  3.7969E-05  2.3779E-05
       3.4919E-05  4.2758E-05  6.3440E-05  9.0193E-05  1.1945E-04  1.0818E-04  7.8571E-05  6.0600E-05  4.8016E-05  3.5208E-05
       3.1876E-05  5.2276E-05  7.3984E-05  1.0419E-04  1.3760E-04  1.3646E-04  1.0805E-04  7.6030E-05  4.9430E-05  3.4998E-05
       3.6343E-05  5.5749E-05  8.1349E-05  1.1654E-04  1.6287E-04  1.4969E-04  1.1107E-04  7.1748E-05  4.5445E-05  4.1974E-05
       3.7051E-05  5.5403E-05  8.1705E-05  1.2165E-04  1.7262E-04  1.6144E-04  1.2616E-04  7.4715E-05  5.1799E-05  3.9306E-05
       3.6994E-05  5.7099E-05  8.5707E-05  1.1630E-04  1.7540E-04  1.4644E-04  1.0811E-04  7.6612E-05  5.6583E-05  4.1115E-05
       3.3343E-05  5.8170E-05  7.6800E-05  1.2472E-04  1.5943E-04  1.7022E-04  1.1350E-04  8.0888E-05  6.1346E-05  3.6974E-05
       3.9174E-05  5.0047E-05  7.4554E-05  1.0146E-04  1.4028E-04  1.4821E-04  1.0221E-04  6.8112E-05  4.5530E-05  3.5854E-05
       3.2128E-05  5.0340E-05  5.8245E-05  8.4354E-05  1.1550E-04  1.2189E-04  8.7668E-05  6.0523E-05  3.8625E-05  3.2240E-05
       2.5215E-05  3.9931E-05  4.0995E-05  6.3626E-05  7.7370E-05  8.2683E-05  6.1169E-05  3.8344E-05  3.3783E-05  2.4514E-05

      Percentage errors follow in a matrix A(ix,iy,iz), format (1(5x,1p,10(1x,e11.4)))

       2.1621E+00  1.6094E+00  9.4064E-01  5.4024E-01  3.4166E-01  3.4183E-01  4.8513E-01  1.0378E+00  2.3531E+00  1.7648E+00
       2.8297E+00  2.2413E+00  1.4489E+00  5.2394E-01  1.6085E-01  1.8287E-01  4.6626E-01  9.0575E-01  1.4175E+00  1.9459E+00
       1.9891E+00  1.6615E+00  9.1697E-01  2.9859E-01  1.4764E-01  1.2612E-01  4.0938E-01  6.9716E-01  1.3392E+00  2.1514E+00
       2.2471E+00  1.4549E+00  8.5742E-01  3.5308E-01  9.9540E-02  6.3664E-02  2.6899E-01  1.0160E+00  1.7944E+00  2.1913E+00
       1.7188E+00  1.3936E+00  8.5765E-01  2.6272E-01  7.3154E-02  9.1594E-02  3.4749E-01  8.3679E-01  1.4397E+00  2.6870E+00
       2.5922E+00  1.5797E+00  8.7225E-01  3.6456E-01  5.2197E-02  8.5519E-02  2.8940E-01  8.7973E-01  1.8265E+00  2.5196E+00
       1.5606E+00  1.6122E+00  8.1189E-01  3.6066E-01  9.2888E-02  9.9032E-02  2.2135E-01  9.0170E-01  1.1118E+00  2.0829E+00
       2.8035E+00  1.0807E+00  9.0645E-01  4.6081E-01  1.0778E-01  1.2287E-01  3.8636E-01  1.1949E+00  1.4383E+00  2.0500E+00
       3.1855E+00  1.5993E+00  8.4747E-01  4.1632E-01  2.9504E-01  1.6445E-01  4.8270E-01  9.1682E-01  1.9293E+00  2.3968E+00
       2.5015E+00  1.5394E+00  1.0648E+00  6.2935E-01  3.4611E-01  3.5641E-01  6.0382E-01  9.3622E-01  2.3558E+00  2.8625E+00
       3.1888E+00  4.8471E+00  3.2446E+00  2.2491E+00  1.6303E+00  1.6329E+00  2.5493E+00  2.9344E+00  4.1814E+00  3.2299E+00
       4.5393E+00  3.4605E+00  2.2351E+00  2.0160E+00  1.0141E+00  1.1322E+00  2.4293E+00  2.4518E+00  3.3110E+00  2.9637E+00
       3.2178E+00  3.5378E+00  2.5746E+00  2.0950E+00  1.1819E+00  1.1171E+00  1.8870E+00  2.2855E+00  3.0127E+00  4.9486E+00
       2.3411E+00  3.0736E+00  2.6431E+00  2.1379E+00  8.5110E-01  7.7177E-01  1.4488E+00  3.0941E+00  3.6233E+00  3.8192E+00
       4.4038E+00  3.1824E+00  2.4775E+00  1.4419E+00  1.0195E+00  1.1270E+00  1.4452E+00  2.7790E+00  3.1057E+00  3.5604E+00
       3.6114E+00  3.9402E+00  3.1876E+00  1.8696E+00  7.6172E-01  8.4684E-01  1.2340E+00  3.1510E+00  3.2799E+00  4.9308E+00
       3.6578E+00  3.5303E+00  2.1665E+00  1.6931E+00  1.2954E+00  1.0787E+00  1.6152E+00  2.9715E+00  2.1100E+00  2.7702E+00
       3.2545E+00  2.9284E+00  2.4630E+00  1.6939E+00  1.0473E+00  1.1229E+00  2.2105E+00  2.5325E+00  3.0644E+00  4.2859E+00
       3.7693E+00  3.2937E+00  2.3915E+00  2.0036E+00  1.4104E+00  1.3492E+00  1.8256E+00  2.5895E+00  2.9632E+00  3.1211E+00
       4.6010E+00  4.3583E+00  2.9225E+00  2.3672E+00  1.8185E+00  1.4446E+00  1.9282E+00  3.2605E+00  4.1487E+00  5.6869E+00
       5.1800E+00  3.6507E+00  2.8469E+00  2.5673E+00  2.0842E+00  1.8973E+00  2.2686E+00  3.2072E+00  3.3096E+00  5.3425E+00
       4.0174E+00  3.5003E+00  2.4395E+00  2.1446E+00  1.2944E+00  2.1069E+00  1.8043E+00  2.8994E+00  4.3576E+00  4.4895E+00
       4.4333E+00  3.0822E+00  2.2168E+00  3.0672E+00  1.7583E+00  1.2349E+00  1.8410E+00  3.5661E+00  4.0326E+00  4.5765E+00
       3.7862E+00  2.4433E+00  3.4755E+00  1.8189E+00  1.4275E+00  1.3653E+00  1.5226E+00  4.0906E+00  3.5443E+00  2.8975E+00
       4.1000E+00  3.7022E+00  3.0569E+00  1.7790E+00  9.6506E-01  8.8675E-01  1.3925E+00  2.9025E+00  3.9240E+00  3.8404E+00
       4.2624E+00  3.6971E+00  2.3963E+00  2.0265E+00  1.0955E+00  7.7216E-01  1.6587E+00  2.8019E+00  3.5874E+00  4.2802E+00
       3.5184E+00  2.7415E+00  2.3603E+00  2.2265E+00  1.2816E+00  1.3738E+00  1.6074E+00  2.7958E+00  2.9398E+00  3.6059E+00
       3.5727E+00  3.5637E+00  2.5673E+00  2.3975E+00  1.3001E+00  1.4204E+00  2.4789E+00  2.7215E+00  3.2455E+00  3.8502E+00
       3.5340E+00  3.9081E+00  3.5311E+00  2.8200E+00  1.7641E+00  1.6921E+00  2.6914E+00  2.9511E+00  3.6410E+00  4.4747E+00
       3.7979E+00  4.8307E+00  3.7780E+00  2.5844E+00  1.7109E+00  1.7136E+00  2.3416E+00  3.2802E+00  4.9443E+00  4.7422E+00
       4.5270E+00  4.4230E+00  3.7647E+00  2.9134E+00  2.4617E+00  2.0260E+00  3.3036E+00  4.1094E+00  4.5477E+00  4.5459E+00
       4.6636E+00  4.8160E+00  2.9908E+00  2.8720E+00  1.5958E+00  1.9020E+00  2.6142E+00  3.7583E+00  4.6457E+00  4.8101E+00
       5.5108E+00  3.3408E+00  3.4182E+00  2.0553E+00  1.8915E+00  1.6320E+00  1.9739E+00  1.9561E+00  4.0797E+00  5.0753E+00
       3.7168E+00  3.1035E+00  3.5248E+00  2.4823E+00  1.4659E+00  1.2120E+00  2.1911E+00  3.1050E+00  4.4268E+00  4.2071E+00
       5.4555E+00  3.6306E+00  3.2946E+00  1.8466E+00  1.3584E+00  1.5302E+00  2.0528E+00  2.7974E+00  3.9306E+00  3.9429E+00
       5.2228E+00  4.1071E+00  2.3563E+00  1.5622E+00  1.4721E+00  1.0728E+00  1.8974E+00  2.4029E+00  3.4787E+00  5.2245E+00
       4.8334E+00  3.8030E+00  3.2952E+00  2.5762E+00  1.4473E+00  1.7539E+00  2.7814E+00  3.1084E+00  4.0760E+00  4.8510E+00
       4.5525E+00  4.1504E+00  3.6633E+00  1.7898E+00  1.5465E+00  1.5396E+00  2.1644E+00  3.1779E+00  4.1350E+00  4.9857E+00
       5.0644E+00  4.3329E+00  3.0594E+00  2.5310E+00  2.1523E+00  1.9442E+00  2.8148E+00  2.9375E+00  3.7149E+00  4.6240E+00
       6.4354E+00  2.8195E+00  3.4862E+00  2.4920E+00  2.1775E+00  2.7348E+00  1.9604E+00  3.1853E+00  3.7800E+00  5.5507E+00
       7.6780E+00  5.3509E+00  4.3282E+00  3.1462E+00  3.4807E+00  2.1110E+00  3.1846E+00  3.8382E+00  5.9604E+00  5.6242E+00
       6.2967E+00  4.9835E+00  2.6745E+00  3.2036E+00  2.1235E+00  2.2390E+00  2.8749E+00  4.6305E+00  4.0119E+00  6.2149E+00
       4.8337E+00  3.8381E+00  2.5051E+00  2.7532E+00  1.1600E+00  1.9265E+00  2.4151E+00  3.5164E+00  3.6156E+00  6.7227E+00
       4.1827E+00  3.7720E+00  3.4806E+00  3.2080E+00  2.1066E+00  2.0168E+00  2.0146E+00  2.6910E+00  4.7718E+00  4.7120E+00
       4.3176E+00  4.9135E+00  3.2614E+00  2.3234E+00  1.7280E+00  1.5964E+00  2.4010E+00  3.8196E+00  4.0117E+00  4.1117E+00
       4.8099E+00  5.0963E+00  3.4298E+00  2.4820E+00  1.3609E+00  1.8600E+00  2.6634E+00  2.7660E+00  4.1706E+00  5.3669E+00
       6.6711E+00  3.9654E+00  3.5984E+00  2.4318E+00  1.6143E+00  1.6681E+00  2.4472E+00  2.9525E+00  3.9350E+00  5.7247E+00
       4.4430E+00  4.7122E+00  3.7801E+00  2.3820E+00  1.6710E+00  2.0154E+00  2.2933E+00  2.4196E+00  3.1926E+00  5.4092E+00
       4.6439E+00  5.6520E+00  2.8450E+00  1.8140E+00  2.1688E+00  2.1644E+00  3.3220E+00  3.5741E+00  5.3117E+00  4.5686E+00
       6.2674E+00  4.7637E+00  3.8040E+00  2.7415E+00  3.0894E+00  2.7565E+00  3.0406E+00  3.5391E+00  7.0407E+00  7.9609E+00
       7.2063E+00  5.9799E+00  4.2533E+00  3.2122E+00  3.5090E+00  3.9535E+00  2.9445E+00  5.5470E+00  4.0080E+00  9.2778E+00
       5.0171E+00  6.8267E+00  3.1725E+00  3.4980E+00  2.5473E+00  2.9152E+00  3.2261E+00  4.7986E+00  4.7286E+00  7.4733E+00
       6.9796E+00  5.2241E+00  3.0747E+00  3.0200E+00  2.0498E+00  1.8028E+00  3.1911E+00  4.1340E+00  4.0692E+00  7.4225E+00
       4.1298E+00  3.6790E+00  3.8458E+00  3.0923E+00  1.9868E+00  2.2665E+00  3.0594E+00  3.6097E+00  4.6599E+00  6.7284E+00
       5.0925E+00  3.7191E+00  2.7669E+00  3.0591E+00  1.8302E+00  2.1616E+00  2.3921E+00  4.4419E+00  3.7072E+00  5.9301E+00
       4.8758E+00  3.9819E+00  3.6584E+00  2.4056E+00  1.8591E+00  2.0157E+00  2.7178E+00  2.7847E+00  6.2582E+00  5.5316E+00
       6.1215E+00  4.7899E+00  3.4537E+00  2.9997E+00  2.0741E+00  2.4296E+00  2.3661E+00  4.0751E+00  4.9292E+00  6.8018E+00
       4.0102E+00  4.5222E+00  4.6755E+00  3.1354E+00  1.9330E+00  3.0508E+00  3.1571E+00  4.2767E+00  4.2376E+00  4.9058E+00
       6.1281E+00  6.1025E+00  4.2718E+00  3.4401E+00  2.7630E+00  3.0758E+00  4.2246E+00  4.0857E+00  5.5489E+00  7.9817E+00
       6.1342E+00  4.5923E+00  4.6746E+00  3.4691E+00  2.9219E+00  2.5571E+00  3.1737E+00  5.4680E+00  4.0527E+00  6.4028E+00
       6.7376E+00  6.5667E+00  4.2782E+00  4.4404E+00  2.8684E+00  4.1369E+00  3.8632E+00  4.2706E+00  5.3713E+00  9.8296E+00
       5.8782E+00  6.5875E+00  5.5912E+00  3.0859E+00  2.4616E+00  2.6296E+00  3.1485E+00  4.5115E+00  5.3295E+00  7.2649E+00
       4.1106E+00  5.7458E+00  4.0384E+00  3.5775E+00  2.2585E+00  3.3669E+00  2.8345E+00  4.3823E+00  5.9342E+00  8.2417E+00
       5.7691E+00  5.3116E+00  4.0239E+00  2.9680E+00  3.0913E+00  2.1729E+00  3.9169E+00  4.2578E+00  5.4257E+00  6.2230E+00
       6.1605E+00  5.1595E+00  3.5756E+00  3.0404E+00  1.6595E+00  2.2771E+00  3.0627E+00  3.8811E+00  5.4029E+00  5.0671E+00
       5.4344E+00  6.4459E+00  2.5528E+00  2.9523E+00  2.2617E+00  2.6045E+00  3.9621E+00  3.9868E+00  6.9337E+00  4.8566E+00
       4.4079E+00  6.6576E+00  5.1225E+00  3.8543E+00  2.0179E+00  2.3237E+00  3.2324E+00  4.8465E+00  6.6809E+00  6.4819E+00
       5.7611E+00  4.8668E+00  3.7085E+00  3.2799E+00  1.9946E+00  2.6205E+00  3.7678E+00  5.1184E+00  6.3179E+00  4.8002E+00
       6.4862E+00  6.7656E+00  4.6115E+00  3.5390E+00  2.7202E+00  3.6652E+00  5.8022E+00  5.2136E+00  4.2302E+00  9.0190E+00
       9.4676E+00  5.7356E+00  5.3521E+00  5.2973E+00  4.0760E+00  4.3155E+00  4.0524E+00  7.1878E+00  6.5513E+00  8.6807E+00
       7.7403E+00  5.6351E+00  7.0285E+00  5.2814E+00  2.9200E+00  4.0184E+00  4.9517E+00  5.3682E+00  8.4223E+00  9.0906E+00
       6.8414E+00  6.8188E+00  6.5104E+00  3.9051E+00  2.9060E+00  4.0167E+00  4.9069E+00  4.3533E+00  6.1876E+00  8.5016E+00
       6.4226E+00  4.9749E+00  6.0785E+00  2.5050E+00  3.5706E+00  3.0475E+00  3.7257E+00  4.4977E+00  5.5209E+00  9.1333E+00
       6.6256E+00  6.0533E+00  4.4361E+00  3.5014E+00  2.6987E+00  2.4581E+00  3.6246E+00  5.2056E+00  6.0946E+00  6.0158E+00
       5.4154E+00  6.6474E+00  4.9028E+00  3.0956E+00  2.5649E+00  3.7667E+00  3.5081E+00  4.8134E+00  6.1443E+00  6.2870E+00
       7.6173E+00  7.9139E+00  3.9109E+00  3.4942E+00  2.3967E+00  2.8729E+00  3.8425E+00  4.9643E+00  6.2935E+00  7.1402E+00
       7.1415E+00  6.3830E+00  4.2608E+00  4.2057E+00  2.9870E+00  2.6907E+00  2.8897E+00  6.7415E+00  7.4930E+00  7.2554E+00
       7.6142E+00  7.0020E+00  4.9775E+00  3.9098E+00  2.6367E+00  3.6414E+00  4.7861E+00  6.0263E+00  6.9990E+00  7.3726E+00
       9.0094E+00  5.6201E+00  4.2663E+00  5.3618E+00  2.5174E+00  3.4013E+00  6.0231E+00  5.9001E+00  5.7628E+00  1.1458E+01
       7.2545E+00  7.3091E+00  4.7430E+00  4.5840E+00  4.4375E+00  4.2496E+00  4.6732E+00  6.0985E+00  7.7086E+00  9.7224E+00
       9.9864E+00  5.1681E+00  7.1387E+00  5.7053E+00  4.6042E+00  3.3075E+00  6.8254E+00  5.6797E+00  8.6735E+00  9.0065E+00
       8.9714E+00  6.9004E+00  6.2561E+00  3.9964E+00  2.9304E+00  3.9199E+00  6.1404E+00  5.3201E+00  5.7266E+00  9.7590E+00
       8.1407E+00  7.0182E+00  3.1892E+00  4.5699E+00  4.1763E+00  3.6782E+00  5.0165E+00  5.6415E+00  8.6738E+00  8.5719E+00
       9.0527E+00  8.7969E+00  5.2050E+00  4.8805E+00  4.1540E+00  3.2984E+00  4.6484E+00  7.2789E+00  6.3306E+00  7.5061E+00
       7.7910E+00  5.3780E+00  4.8419E+00  3.5713E+00  2.9296E+00  4.2385E+00  5.7733E+00  6.0831E+00  4.8111E+00  5.0260E+00
       8.4846E+00  7.3443E+00  6.0848E+00  3.9514E+00  4.4198E+00  3.9195E+00  5.2371E+00  5.3355E+00  5.8201E+00  7.5069E+00
       9.8864E+00  8.8030E+00  4.8348E+00  4.2048E+00  3.9756E+00  4.1280E+00  4.4104E+00  4.6929E+00  6.3963E+00  7.3310E+00
       1.1145E+01  8.2001E+00  5.5053E+00  6.1217E+00  2.5950E+00  3.8249E+00  5.4594E+00  6.0035E+00  6.0076E+00  8.3207E+00
       9.4477E+00  7.8854E+00  8.3123E+00  6.0973E+00  4.2255E+00  4.0640E+00  6.5045E+00  8.1097E+00  7.2952E+00  1.0182E+01
       1.1785E+01  9.4939E+00  7.9431E+00  6.9585E+00  5.1392E+00  3.8932E+00  5.0860E+00  6.3029E+00  7.5626E+00  9.5431E+00
       8.4752E+00  1.0474E+01  6.5700E+00  6.6545E+00  6.5058E+00  5.3040E+00  5.5200E+00  9.0165E+00  8.5278E+00  1.0405E+01
       9.5734E+00  1.0509E+01  9.0683E+00  6.6695E+00  6.5918E+00  5.2148E+00  6.3034E+00  5.8664E+00  6.7893E+00  9.6752E+00
       7.7188E+00  6.4855E+00  5.7747E+00  4.5437E+00  4.0421E+00  4.4437E+00  3.6557E+00  8.1352E+00  8.5248E+00  6.3976E+00
       1.0300E+01  7.3533E+00  6.9543E+00  4.0935E+00  4.0748E+00  4.4023E+00  3.6216E+00  7.4407E+00  7.8312E+00  7.6314E+00
       7.5852E+00  6.5927E+00  5.3890E+00  4.7956E+00  4.6161E+00  5.2879E+00  6.9254E+00  6.7269E+00  6.7158E+00  7.5362E+00
       1.0212E+01  7.2377E+00  5.4144E+00  6.2439E+00  3.7286E+00  3.8386E+00  6.7462E+00  5.7772E+00  6.4705E+00  1.0877E+01
       7.7970E+00  9.2047E+00  4.8910E+00  4.7649E+00  3.9396E+00  3.9747E+00  6.1930E+00  6.9718E+00  9.2026E+00  8.4866E+00
       1.0553E+01  8.4292E+00  6.2427E+00  5.9621E+00  4.2202E+00  5.5470E+00  5.5538E+00  6.2576E+00  1.0023E+01  1.1285E+01
       1.1974E+01  7.9734E+00  8.8277E+00  6.0917E+00  4.1079E+00  5.5328E+00  7.8768E+00  6.2237E+00  1.0685E+01  9.8613E+00
       1.2452E+01  8.9344E+00  8.7092E+00  8.1950E+00  4.8075E+00  8.0645E+00  6.5719E+00  1.0398E+01  8.8621E+00  1.1827E+01
