1
   Cartesian binning n.   1  "DoseEq    " , generalized particle n.  240
      X coordinate: from -8.5000E+01 to  8.5000E+01 cm,    10 bins ( 1.7000E+01 cm wide)
      Y coordinate: from -2.5000E+01 to  2.5000E+01 cm,    10 bins ( 5.0000E+00 cm wide)
      Z coordinate: from  2.2500E+02 to  2.7500E+02 cm,    10 bins ( 5.0000E+00 cm wide)
      Data follow in a matrix A(ix,iy,iz), format (1(5x,1p,10(1x,e11.4)))

      accurate deposition along the tracks requested
      this is a track-length binning
       2.9137E-04  3.5647E-04  4.0186E-04  4.7743E-04  5.4349E-04  5.4047E-04  4.9367E-04  4.2199E-04  3.7993E-04  3.0378E-04
       3.4165E-04  4.2788E-04  4.9701E-04  5.5911E-04  6.3750E-04  6.4120E-04  5.8158E-04  5.1085E-04  4.3305E-04  3.5251E-04
       3.5377E-04  4.3409E-04  5.3897E-04  5.9315E-04  7.2680E-04  7.3697E-04  6.1633E-04  5.2031E-04  4.7379E-04  3.8535E-04
       3.5101E-04  4.6080E-04  5.3841E-04  6.1493E-04  7.9839E-04  7.7730E-04  6.2953E-04  5.2836E-04  4.5440E-04  3.6049E-04
       3.9277E-04  4.6035E-04  5.5645E-04  6.1661E-04  8.4272E-04  8.2988E-04  6.4931E-04  5.4820E-04  4.7757E-04  3.5758E-04
       3.8248E-04  4.5982E-04  5.5978E-04  6.4408E-04  7.9978E-04  8.3196E-04  6.3285E-04  5.4897E-04  4.7700E-04  3.5979E-04
       3.4715E-04  4.5420E-04  5.2443E-04  6.4725E-04  7.7504E-04  7.8342E-04  6.2018E-04  5.5016E-04  4.8636E-04  3.5929E-04
       3.4278E-04  4.4121E-04  5.2101E-04  6.1215E-04  7.1335E-04  7.3500E-04  6.1274E-04  5.0617E-04  4.5014E-04  3.6113E-04
       3.5400E-04  4.2762E-04  4.9137E-04  5.7191E-04  6.6152E-04  6.5264E-04  5.7446E-04  4.8833E-04  4.2681E-04  3.3244E-04
       2.9332E-04  3.5010E-04  4.1350E-04  4.9246E-04  5.2767E-04  5.2956E-04  4.9423E-04  4.1137E-04  3.5698E-04  2.9345E-04
       2.2673E-04  3.0702E-04  3.4049E-04  3.9155E-04  4.5840E-04  4.4155E-04  4.0371E-04  3.4287E-04  3.1325E-04  2.4467E-04
       2.8367E-04  3.7438E-04  4.2981E-04  4.7909E-04  5.4420E-04  5.7650E-04  5.0756E-04  4.4115E-04  3.9532E-04  2.9053E-04
       3.1122E-04  3.9745E-04  4.8468E-04  5.4123E-04  6.2060E-04  6.3604E-04  5.5970E-04  4.6599E-04  4.3727E-04  3.3829E-04
       3.1440E-04  4.3278E-04  5.0610E-04  5.7709E-04  6.6782E-04  6.6166E-04  5.9101E-04  4.9166E-04  4.4793E-04  3.2830E-04
       3.4110E-04  4.2508E-04  5.3612E-04  5.9811E-04  7.0911E-04  6.8185E-04  5.7159E-04  4.9854E-04  4.2344E-04  3.3369E-04
       3.3766E-04  4.2392E-04  5.1890E-04  5.8982E-04  6.8024E-04  6.9219E-04  5.7850E-04  4.8699E-04  4.4288E-04  3.2657E-04
       3.0392E-04  4.0932E-04  4.8463E-04  5.9002E-04  6.5854E-04  6.7177E-04  5.7058E-04  4.8209E-04  4.3202E-04  3.2514E-04
       2.9031E-04  4.0853E-04  4.7502E-04  5.6437E-04  6.1897E-04  6.4454E-04  5.7117E-04  4.6424E-04  4.0252E-04  3.0774E-04
       2.8685E-04  3.7753E-04  4.4636E-04  5.0381E-04  5.7466E-04  5.5551E-04  5.0372E-04  4.2314E-04  3.8518E-04  2.6593E-04
       2.3563E-04  3.0404E-04  3.4735E-04  4.0279E-04  4.4987E-04  4.2951E-04  3.9746E-04  3.3970E-04  3.0584E-04  2.2430E-04
       1.6896E-04  2.1801E-04  2.6526E-04  3.1322E-04  3.4678E-04  3.4380E-04  3.1631E-04  2.7836E-04  2.4130E-04  1.8777E-04
       2.2130E-04  2.8912E-04  3.6137E-04  3.8241E-04  4.5948E-04  4.4864E-04  4.0096E-04  3.5613E-04  3.2486E-04  2.2761E-04
       2.3772E-04  3.3331E-04  3.9093E-04  4.2520E-04  5.1205E-04  5.1115E-04  4.7985E-04  3.8687E-04  3.3390E-04  2.6048E-04
       2.5585E-04  3.4815E-04  4.2993E-04  4.8482E-04  5.2937E-04  5.3227E-04  5.1338E-04  4.4246E-04  3.6181E-04  2.6502E-04
       2.5352E-04  3.5632E-04  4.3924E-04  4.9766E-04  5.7210E-04  5.4676E-04  4.9679E-04  4.3685E-04  3.7206E-04  2.6332E-04
       2.4650E-04  3.6686E-04  4.4880E-04  5.0340E-04  5.7101E-04  5.5675E-04  4.8660E-04  4.1617E-04  3.5997E-04  2.4596E-04
       2.3921E-04  3.4870E-04  4.1808E-04  4.9471E-04  5.4523E-04  5.4564E-04  4.6861E-04  4.0458E-04  3.4188E-04  2.5021E-04
       2.1935E-04  3.4703E-04  3.8745E-04  4.6191E-04  5.0635E-04  5.2193E-04  4.5969E-04  3.9990E-04  3.3526E-04  2.4786E-04
       2.0873E-04  2.9135E-04  3.5126E-04  4.0849E-04  4.5786E-04  4.5547E-04  3.9473E-04  3.5172E-04  3.1136E-04  2.1360E-04
       1.7039E-04  2.2946E-04  2.6664E-04  3.1100E-04  3.4236E-04  3.5657E-04  3.1977E-04  2.6557E-04  2.3791E-04  1.7284E-04
       1.3001E-04  1.6195E-04  2.1089E-04  2.3804E-04  2.6707E-04  2.5433E-04  2.4009E-04  2.1877E-04  1.7462E-04  1.3676E-04
       1.6129E-04  2.2772E-04  2.7161E-04  2.9596E-04  3.5938E-04  3.4407E-04  3.2650E-04  2.7851E-04  2.4940E-04  1.7662E-04
       1.8376E-04  2.6717E-04  3.0973E-04  3.3841E-04  4.0580E-04  4.0133E-04  3.9217E-04  3.2000E-04  2.7868E-04  2.0029E-04
       1.9548E-04  2.8071E-04  3.2707E-04  3.9038E-04  4.3270E-04  4.3357E-04  4.1187E-04  3.5582E-04  2.7430E-04  1.8715E-04
       2.0874E-04  2.8484E-04  3.5525E-04  3.9132E-04  4.3824E-04  4.3011E-04  4.0928E-04  3.5375E-04  2.9768E-04  2.0806E-04
       2.0198E-04  2.8670E-04  3.7394E-04  4.0488E-04  4.3044E-04  4.4636E-04  3.9647E-04  3.2474E-04  2.9487E-04  1.9491E-04
       1.8129E-04  2.7736E-04  3.4751E-04  3.8236E-04  4.3451E-04  4.2594E-04  4.0452E-04  3.1970E-04  2.8580E-04  2.0500E-04
       1.7040E-04  2.7672E-04  3.1409E-04  3.4793E-04  3.9301E-04  4.0461E-04  3.7879E-04  3.2938E-04  2.4993E-04  1.8033E-04
       1.5876E-04  2.3527E-04  2.7680E-04  3.2015E-04  3.5999E-04  3.6203E-04  3.1823E-04  2.7851E-04  2.4140E-04  1.7121E-04
       1.3354E-04  1.7867E-04  2.1069E-04  2.3374E-04  2.5073E-04  2.8305E-04  2.5426E-04  2.1791E-04  1.8158E-04  1.3608E-04
       9.9339E-05  1.4130E-04  1.6294E-04  1.8151E-04  1.9956E-04  1.7971E-04  1.8237E-04  1.5749E-04  1.3449E-04  9.7213E-05
       1.2156E-04  1.8019E-04  2.2414E-04  2.4324E-04  2.5924E-04  2.6238E-04  2.5648E-04  2.1284E-04  1.9055E-04  1.3722E-04
       1.4676E-04  1.9691E-04  2.3528E-04  2.7312E-04  3.1547E-04  3.1802E-04  2.9142E-04  2.4541E-04  2.0732E-04  1.4791E-04
       1.5365E-04  2.1001E-04  2.5208E-04  3.0513E-04  3.4150E-04  3.4281E-04  3.0900E-04  2.8175E-04  2.2408E-04  1.4305E-04
       1.5272E-04  2.2097E-04  2.9031E-04  3.2689E-04  3.5623E-04  3.5403E-04  3.2464E-04  2.6417E-04  2.3321E-04  1.6460E-04
       1.5869E-04  2.3177E-04  2.8731E-04  3.1287E-04  3.5374E-04  3.5277E-04  3.2192E-04  2.7130E-04  2.2669E-04  1.5878E-04
       1.4520E-04  2.2217E-04  2.4959E-04  2.9656E-04  3.3030E-04  3.2201E-04  3.1939E-04  2.6194E-04  2.2914E-04  1.6834E-04
       1.3768E-04  2.0835E-04  2.3789E-04  2.9849E-04  3.1531E-04  3.1878E-04  2.9053E-04  2.5063E-04  2.1556E-04  1.4310E-04
       1.2258E-04  1.6849E-04  2.0662E-04  2.5251E-04  2.7671E-04  2.7352E-04  2.5369E-04  2.2858E-04  1.7250E-04  1.3359E-04
       9.6624E-05  1.1814E-04  1.6756E-04  1.8003E-04  1.8272E-04  1.9724E-04  1.7868E-04  1.6227E-04  1.3176E-04  1.0442E-04
       8.1763E-05  1.0613E-04  1.2612E-04  1.2785E-04  1.4070E-04  1.3577E-04  1.4407E-04  1.2972E-04  1.0511E-04  7.6689E-05
       9.7886E-05  1.3297E-04  1.7672E-04  1.7827E-04  2.1214E-04  2.0576E-04  1.7964E-04  1.7254E-04  1.4674E-04  9.6712E-05
       1.1258E-04  1.5257E-04  1.8674E-04  2.1649E-04  2.3857E-04  2.3225E-04  2.2468E-04  1.9188E-04  1.7387E-04  1.1036E-04
       1.3160E-04  1.5722E-04  1.9677E-04  2.3632E-04  2.5701E-04  2.4915E-04  2.3373E-04  2.2680E-04  1.6991E-04  1.1456E-04
       1.3118E-04  1.7480E-04  2.2425E-04  2.4341E-04  2.6852E-04  2.6999E-04  2.4116E-04  2.2151E-04  1.8026E-04  1.2218E-04
       1.2699E-04  1.8431E-04  2.2170E-04  2.4612E-04  2.5242E-04  2.7486E-04  2.3599E-04  2.1575E-04  1.8261E-04  1.2874E-04
       1.2830E-04  1.6787E-04  1.9962E-04  2.3517E-04  2.5245E-04  2.6349E-04  2.4959E-04  2.0396E-04  1.7837E-04  1.2298E-04
       1.1633E-04  1.5758E-04  1.8664E-04  2.2751E-04  2.5475E-04  2.4341E-04  2.2582E-04  1.9252E-04  1.7719E-04  1.2112E-04
       9.8877E-05  1.4163E-04  1.7097E-04  1.9873E-04  2.0189E-04  2.1121E-04  1.8436E-04  1.6950E-04  1.4797E-04  1.0843E-04
       7.7411E-05  9.6993E-05  1.3792E-04  1.4662E-04  1.4360E-04  1.4370E-04  1.3073E-04  1.3126E-04  1.0165E-04  7.6899E-05
       7.0017E-05  8.1102E-05  1.0080E-04  9.3552E-05  1.1114E-04  1.0094E-04  1.0667E-04  8.8157E-05  7.5562E-05  6.0211E-05
       7.6160E-05  1.0289E-04  1.3674E-04  1.4087E-04  1.5361E-04  1.5009E-04  1.3781E-04  1.3333E-04  1.1152E-04  7.4896E-05
       8.5080E-05  1.2223E-04  1.5153E-04  1.6969E-04  1.7289E-04  1.7628E-04  1.6878E-04  1.4865E-04  1.2671E-04  9.1456E-05
       9.6383E-05  1.2890E-04  1.6754E-04  1.9750E-04  2.1778E-04  1.8780E-04  1.8648E-04  1.5157E-04  1.3402E-04  1.0097E-04
       1.0501E-04  1.3663E-04  1.6659E-04  1.9310E-04  2.0075E-04  2.0180E-04  1.8663E-04  1.7537E-04  1.4138E-04  1.0094E-04
       1.0708E-04  1.3361E-04  1.6294E-04  1.8376E-04  2.1716E-04  2.0869E-04  1.8635E-04  1.6483E-04  1.4042E-04  9.5348E-05
       9.5735E-05  1.3059E-04  1.5389E-04  1.8377E-04  1.9302E-04  2.0574E-04  1.8653E-04  1.6891E-04  1.4499E-04  8.7129E-05
       9.1710E-05  1.2351E-04  1.5605E-04  1.6849E-04  1.9241E-04  1.7620E-04  1.7310E-04  1.4821E-04  1.3080E-04  8.8962E-05
       7.9591E-05  1.0706E-04  1.3925E-04  1.5335E-04  1.5599E-04  1.5582E-04  1.5013E-04  1.3198E-04  1.1928E-04  7.9814E-05
       5.7937E-05  7.1292E-05  1.0874E-04  1.0331E-04  1.1728E-04  1.1313E-04  1.0378E-04  1.0622E-04  7.4857E-05  6.4407E-05
       5.7582E-05  6.3375E-05  7.3885E-05  7.9576E-05  8.4936E-05  8.2723E-05  8.0290E-05  7.2132E-05  5.6231E-05  5.2833E-05
       5.8266E-05  8.8296E-05  1.0452E-04  1.0055E-04  1.1988E-04  1.1918E-04  1.0146E-04  9.8827E-05  8.5748E-05  6.0687E-05
       6.0060E-05  9.3084E-05  1.1744E-04  1.2009E-04  1.3643E-04  1.2205E-04  1.3477E-04  1.1439E-04  9.1798E-05  7.1556E-05
       7.4603E-05  9.9715E-05  1.2274E-04  1.4336E-04  1.5014E-04  1.3913E-04  1.3504E-04  1.2888E-04  9.5324E-05  7.3743E-05
       8.1649E-05  9.8440E-05  1.3178E-04  1.4011E-04  1.4027E-04  1.6266E-04  1.3742E-04  1.2103E-04  1.0690E-04  7.7647E-05
       7.9768E-05  9.5056E-05  1.2668E-04  1.4852E-04  1.6039E-04  1.5519E-04  1.4652E-04  1.2324E-04  1.1379E-04  7.5751E-05
       7.3221E-05  9.8913E-05  1.3048E-04  1.4788E-04  1.5038E-04  1.4951E-04  1.5397E-04  1.1785E-04  1.0027E-04  6.8879E-05
       6.8336E-05  1.0207E-04  1.2708E-04  1.2850E-04  1.4080E-04  1.3200E-04  1.2544E-04  1.1645E-04  1.0157E-04  6.5439E-05
       6.7374E-05  8.3624E-05  1.0577E-04  1.1726E-04  1.2018E-04  1.1854E-04  1.2172E-04  9.8136E-05  8.4546E-05  6.5334E-05
       4.3609E-05  6.6232E-05  8.1951E-05  9.0403E-05  8.7416E-05  8.3951E-05  8.1437E-05  7.2991E-05  6.3581E-05  5.1676E-05
       3.9205E-05  5.3183E-05  5.3610E-05  5.6701E-05  6.3506E-05  6.1539E-05  5.4900E-05  5.7494E-05  4.8027E-05  4.3848E-05
       4.2809E-05  6.2849E-05  7.3226E-05  7.3665E-05  9.0172E-05  9.5275E-05  7.3616E-05  7.8349E-05  6.3741E-05  4.5118E-05
       4.7541E-05  6.4493E-05  9.4087E-05  9.8641E-05  9.1789E-05  9.2264E-05  9.8037E-05  8.6360E-05  6.7329E-05  5.1231E-05
       5.4855E-05  6.8059E-05  9.6951E-05  1.0526E-04  9.7758E-05  1.1265E-04  9.8043E-05  9.3746E-05  7.4936E-05  5.0094E-05
       5.4417E-05  6.9964E-05  1.0065E-04  1.0348E-04  1.1059E-04  1.2501E-04  1.0287E-04  9.1285E-05  7.3262E-05  5.3196E-05
       5.6253E-05  8.3671E-05  1.0150E-04  1.0314E-04  1.0832E-04  1.0221E-04  1.0262E-04  8.8253E-05  8.5305E-05  5.8825E-05
       5.8092E-05  8.0990E-05  8.5364E-05  1.0591E-04  1.0633E-04  1.0690E-04  1.1006E-04  9.2139E-05  7.3655E-05  4.9876E-05
       5.4283E-05  6.9063E-05  9.2583E-05  9.8675E-05  1.0044E-04  9.2400E-05  1.0377E-04  8.7386E-05  7.4930E-05  4.8720E-05
       4.7600E-05  6.0628E-05  7.4614E-05  8.3695E-05  9.7261E-05  8.7283E-05  9.3375E-05  7.6123E-05  6.4634E-05  5.4723E-05
       3.5958E-05  5.0130E-05  6.0060E-05  6.9834E-05  6.2525E-05  7.1575E-05  5.6181E-05  4.4851E-05  5.3077E-05  4.1113E-05
       2.3834E-05  3.4624E-05  4.2672E-05  4.1619E-05  4.5300E-05  5.2448E-05  4.4865E-05  4.6742E-05  3.4945E-05  3.0227E-05
       3.0568E-05  4.9932E-05  5.6238E-05  5.9150E-05  5.4421E-05  6.7995E-05  5.2596E-05  5.5461E-05  4.7137E-05  3.5726E-05
       3.4086E-05  5.3946E-05  5.8811E-05  6.4195E-05  6.6542E-05  7.1048E-05  7.3066E-05  5.5879E-05  5.4945E-05  3.5299E-05
       3.7080E-05  5.1798E-05  5.8595E-05  6.7236E-05  7.6515E-05  8.0003E-05  7.5337E-05  5.8965E-05  5.3336E-05  3.9029E-05
       4.6032E-05  4.9320E-05  6.7243E-05  7.0184E-05  8.1358E-05  7.8156E-05  6.9177E-05  6.0937E-05  5.4823E-05  3.9131E-05
       3.7727E-05  5.2725E-05  6.9992E-05  7.0771E-05  6.8414E-05  7.0399E-05  6.4094E-05  5.7747E-05  6.3045E-05  4.6971E-05
       4.1862E-05  5.7306E-05  6.1453E-05  7.5050E-05  7.3711E-05  6.6766E-05  6.5608E-05  6.6779E-05  5.6445E-05  4.3972E-05
       4.1747E-05  4.7265E-05  5.9165E-05  6.9421E-05  6.2848E-05  6.9760E-05  6.5558E-05  6.0484E-05  4.5293E-05  3.6587E-05
       3.2493E-05  4.2924E-05  5.7840E-05  5.8998E-05  6.2104E-05  6.1010E-05  5.1236E-05  5.3943E-05  4.8940E-05  3.7194E-05
       2.3901E-05  2.8735E-05  4.1920E-05  4.5267E-05  4.8493E-05  4.8248E-05  3.9700E-05  3.7629E-05  4.0175E-05  3.2332E-05

      Percentage errors follow in a matrix A(ix,iy,iz), format (1(5x,1p,10(1x,e11.4)))

       3.5595E+00  2.6501E+00  3.0016E+00  2.2639E+00  2.1147E+00  2.0152E+00  2.2023E+00  3.2068E+00  3.1253E+00  4.1641E+00
       4.1328E+00  2.9102E+00  2.2578E+00  1.9329E+00  3.2175E+00  1.8785E+00  2.2925E+00  2.6603E+00  3.3014E+00  2.9761E+00
       2.4896E+00  2.8104E+00  2.6000E+00  2.3465E+00  1.8211E+00  1.7280E+00  2.3128E+00  1.8410E+00  2.9233E+00  3.1498E+00
       3.2016E+00  2.8157E+00  2.8539E+00  2.6471E+00  2.4900E+00  2.3736E+00  2.2089E+00  2.7858E+00  3.3055E+00  2.8986E+00
       3.0871E+00  2.0598E+00  2.1315E+00  2.0388E+00  1.9110E+00  2.1019E+00  2.7309E+00  2.4826E+00  2.7195E+00  2.9842E+00
       3.2568E+00  2.7506E+00  2.4631E+00  2.3663E+00  2.0392E+00  2.5709E+00  2.4600E+00  2.4285E+00  3.1925E+00  2.8042E+00
       3.0452E+00  2.7768E+00  2.5296E+00  1.4738E+00  2.3091E+00  2.7264E+00  2.8491E+00  2.9462E+00  2.9830E+00  2.7454E+00
       3.2394E+00  3.0215E+00  2.1410E+00  2.5878E+00  1.7190E+00  2.4160E+00  1.4493E+00  3.0577E+00  2.3784E+00  2.7912E+00
       2.6915E+00  3.7192E+00  1.7854E+00  1.6575E+00  2.0766E+00  2.3939E+00  2.0905E+00  2.5965E+00  2.8760E+00  2.8982E+00
       4.3315E+00  2.7981E+00  3.4255E+00  2.6620E+00  3.4019E+00  2.4802E+00  2.9877E+00  3.5226E+00  2.9340E+00  3.2587E+00
       3.7761E+00  3.5612E+00  3.9390E+00  2.4345E+00  3.1012E+00  2.3650E+00  2.3775E+00  3.3959E+00  3.1711E+00  3.4778E+00
       4.0197E+00  2.7635E+00  3.9442E+00  2.8648E+00  3.4055E+00  2.2030E+00  2.4751E+00  2.5632E+00  3.6395E+00  4.0613E+00
       3.0671E+00  3.3016E+00  3.2443E+00  2.6271E+00  2.9247E+00  2.0696E+00  2.8268E+00  2.5348E+00  3.4896E+00  2.5667E+00
       2.8708E+00  2.7851E+00  3.1127E+00  2.4595E+00  2.5672E+00  2.6419E+00  2.3194E+00  3.4873E+00  3.1955E+00  2.3870E+00
       3.3332E+00  2.4327E+00  2.4630E+00  3.0706E+00  2.2200E+00  1.9916E+00  2.5569E+00  3.5688E+00  2.9884E+00  3.5727E+00
       3.7549E+00  3.0228E+00  2.6500E+00  2.9454E+00  2.5276E+00  2.7279E+00  2.3993E+00  2.9064E+00  2.9611E+00  3.4474E+00
       2.4035E+00  3.2422E+00  2.3836E+00  2.3496E+00  2.4539E+00  1.8367E+00  1.6134E+00  2.3320E+00  4.1167E+00  3.6880E+00
       2.3194E+00  2.7138E+00  2.8765E+00  2.2501E+00  2.4538E+00  2.7656E+00  3.4118E+00  3.4520E+00  2.9139E+00  3.4612E+00
       3.0195E+00  2.9493E+00  2.2033E+00  3.2902E+00  2.0997E+00  2.8465E+00  2.5178E+00  2.1217E+00  2.8545E+00  3.4921E+00
       4.6924E+00  3.1131E+00  3.1603E+00  2.4744E+00  2.5552E+00  2.2896E+00  1.9248E+00  3.2358E+00  3.4292E+00  5.0789E+00
       4.4873E+00  3.5739E+00  3.7138E+00  2.9607E+00  2.4885E+00  2.9673E+00  2.6411E+00  4.0071E+00  3.8064E+00  4.6514E+00
       4.6098E+00  5.0147E+00  3.3768E+00  3.6611E+00  3.5981E+00  3.1262E+00  3.0699E+00  3.7042E+00  3.0835E+00  4.0252E+00
       3.6460E+00  2.7388E+00  3.9226E+00  3.3678E+00  3.5122E+00  2.5538E+00  3.2298E+00  2.6651E+00  3.9919E+00  3.2585E+00
       3.2202E+00  3.2064E+00  3.3459E+00  2.9318E+00  2.2660E+00  2.9876E+00  2.6222E+00  3.1581E+00  2.5501E+00  3.7331E+00
       3.3221E+00  3.6685E+00  2.8306E+00  3.1548E+00  2.7215E+00  2.2632E+00  2.7741E+00  3.1088E+00  3.4027E+00  3.3155E+00
       3.3693E+00  2.4568E+00  3.3710E+00  2.8836E+00  2.7023E+00  2.9089E+00  3.2193E+00  2.6174E+00  3.2977E+00  3.0720E+00
       3.6657E+00  3.6898E+00  2.4252E+00  2.0800E+00  2.8263E+00  2.4045E+00  2.1961E+00  3.0241E+00  3.2143E+00  3.7464E+00
       3.6020E+00  2.5844E+00  2.3939E+00  2.6607E+00  2.5326E+00  2.3433E+00  3.4444E+00  3.1763E+00  3.4629E+00  3.5349E+00
       4.0496E+00  3.4749E+00  3.6719E+00  3.9588E+00  2.5615E+00  2.9555E+00  2.5300E+00  3.3167E+00  2.9531E+00  4.6841E+00
       4.5063E+00  3.3718E+00  3.2213E+00  3.5523E+00  1.8754E+00  2.3628E+00  4.1997E+00  3.6151E+00  3.0691E+00  4.4292E+00
       4.1469E+00  3.7467E+00  4.3183E+00  3.9631E+00  4.2720E+00  3.3941E+00  3.4669E+00  4.6099E+00  4.0778E+00  5.2682E+00
       5.1642E+00  4.5174E+00  3.4024E+00  3.5111E+00  4.7035E+00  2.5832E+00  3.8429E+00  3.7171E+00  4.5897E+00  4.1949E+00
       4.6376E+00  3.9691E+00  2.7368E+00  3.7841E+00  3.9700E+00  3.1272E+00  2.9976E+00  4.0852E+00  2.9567E+00  5.0182E+00
       4.3736E+00  3.8287E+00  2.6917E+00  2.8096E+00  3.0854E+00  2.2478E+00  3.3038E+00  3.5338E+00  4.7159E+00  4.6247E+00
       2.9000E+00  4.7924E+00  3.2046E+00  2.2861E+00  2.7177E+00  2.9291E+00  2.7048E+00  3.5147E+00  4.3551E+00  2.4970E+00
       2.8922E+00  3.0839E+00  3.6785E+00  2.6533E+00  3.1872E+00  2.0665E+00  3.2504E+00  2.5427E+00  3.3146E+00  5.0218E+00
       5.0393E+00  4.0876E+00  3.7432E+00  3.2862E+00  1.9290E+00  3.9163E+00  3.1411E+00  3.8741E+00  2.9983E+00  4.4943E+00
       4.8854E+00  3.1592E+00  3.6979E+00  2.8795E+00  2.1715E+00  2.8494E+00  3.3178E+00  3.4455E+00  3.5949E+00  4.8236E+00
       4.2432E+00  5.0922E+00  4.4072E+00  2.3639E+00  3.5598E+00  3.7201E+00  3.3099E+00  3.8370E+00  3.7655E+00  3.6609E+00
       3.3096E+00  4.5299E+00  3.8232E+00  4.6193E+00  3.7473E+00  3.0568E+00  3.6793E+00  3.7378E+00  3.3916E+00  6.4188E+00
       5.8732E+00  4.6169E+00  3.1285E+00  4.1335E+00  4.1061E+00  4.5522E+00  2.9424E+00  4.3400E+00  3.5329E+00  6.3378E+00
       6.2660E+00  4.0678E+00  4.3109E+00  3.5523E+00  4.8224E+00  3.9421E+00  3.9968E+00  2.7911E+00  3.7429E+00  4.1605E+00
       7.1284E+00  3.5835E+00  3.7685E+00  4.0758E+00  3.7307E+00  2.7842E+00  2.6230E+00  4.5725E+00  3.6417E+00  5.4200E+00
       4.8612E+00  3.0341E+00  3.7432E+00  3.0497E+00  3.4398E+00  3.2334E+00  3.1337E+00  3.5138E+00  3.7851E+00  6.0014E+00
       3.6382E+00  4.5754E+00  3.9763E+00  3.6476E+00  3.6836E+00  2.6155E+00  3.6866E+00  3.2061E+00  4.6235E+00  3.1560E+00
       5.5487E+00  3.2705E+00  2.6301E+00  3.0635E+00  3.1507E+00  3.4243E+00  3.7393E+00  5.0089E+00  3.3698E+00  3.8725E+00
       6.5598E+00  4.3905E+00  3.0551E+00  3.3896E+00  2.9534E+00  4.9093E+00  3.9553E+00  4.0467E+00  2.9204E+00  4.0076E+00
       4.4737E+00  2.8047E+00  3.5921E+00  3.5606E+00  2.9709E+00  3.3336E+00  3.5283E+00  3.3645E+00  3.6177E+00  5.4430E+00
       5.7286E+00  5.2827E+00  4.1372E+00  3.6590E+00  2.7709E+00  2.6457E+00  2.2665E+00  3.6783E+00  4.9856E+00  4.4242E+00
       4.9126E+00  4.4320E+00  5.1717E+00  5.0099E+00  4.4230E+00  2.9102E+00  3.3297E+00  4.2465E+00  4.5139E+00  5.9634E+00
       8.3559E+00  6.0768E+00  5.2506E+00  4.9650E+00  6.0217E+00  6.7251E+00  5.8570E+00  4.2522E+00  4.6693E+00  6.8058E+00
       6.4905E+00  5.0116E+00  5.7285E+00  3.8091E+00  5.1983E+00  4.1420E+00  3.5600E+00  3.9226E+00  4.6321E+00  5.6664E+00
       7.1376E+00  3.9305E+00  2.2712E+00  3.4609E+00  4.1693E+00  3.3720E+00  2.9153E+00  3.0460E+00  5.3498E+00  5.8056E+00
       6.9807E+00  4.7008E+00  4.4428E+00  3.6653E+00  4.3995E+00  4.2347E+00  4.1072E+00  3.7623E+00  4.2077E+00  6.1878E+00
       4.8236E+00  3.5439E+00  5.4503E+00  3.7358E+00  2.9862E+00  2.5289E+00  4.3708E+00  5.1751E+00  4.3589E+00  4.3627E+00
       7.1552E+00  4.1267E+00  4.1451E+00  3.9481E+00  3.7644E+00  4.0152E+00  3.7069E+00  4.0277E+00  4.1609E+00  4.5933E+00
       5.5260E+00  6.1705E+00  3.3230E+00  2.9585E+00  2.8696E+00  4.9092E+00  4.4841E+00  3.0993E+00  3.7027E+00  5.4626E+00
       4.4913E+00  4.6828E+00  3.6518E+00  4.6607E+00  2.8556E+00  4.8205E+00  3.5037E+00  3.7286E+00  4.8284E+00  5.9794E+00
       4.4953E+00  3.9148E+00  4.3305E+00  3.8942E+00  4.2174E+00  3.4723E+00  2.7984E+00  4.6845E+00  4.6785E+00  6.0853E+00
       7.0475E+00  5.2902E+00  4.7945E+00  4.5762E+00  4.1965E+00  4.1587E+00  5.4656E+00  4.5830E+00  4.4200E+00  6.6815E+00
       6.6506E+00  7.0459E+00  7.9028E+00  5.5126E+00  6.0412E+00  6.8116E+00  4.3581E+00  4.5454E+00  5.8495E+00  5.9385E+00
       6.6978E+00  3.9906E+00  4.4152E+00  4.6568E+00  5.1013E+00  4.4542E+00  3.6359E+00  3.2203E+00  6.2318E+00  6.3419E+00
       8.0100E+00  3.7018E+00  4.9790E+00  5.2686E+00  4.8913E+00  3.9391E+00  3.5994E+00  5.6986E+00  3.9686E+00  5.7660E+00
       6.3578E+00  5.0896E+00  5.5550E+00  5.6345E+00  3.9668E+00  4.7306E+00  3.8580E+00  5.3990E+00  5.0254E+00  8.4072E+00
       5.8600E+00  5.6853E+00  4.7308E+00  4.2903E+00  4.4373E+00  3.6388E+00  5.4625E+00  5.5014E+00  5.4536E+00  5.2588E+00
       5.9636E+00  5.3051E+00  4.5527E+00  4.8728E+00  4.6650E+00  3.9924E+00  4.5818E+00  4.5438E+00  4.4227E+00  6.4810E+00
       6.9160E+00  6.6089E+00  4.5710E+00  3.0278E+00  3.4478E+00  3.4894E+00  5.2759E+00  4.3047E+00  4.7719E+00  6.9757E+00
       5.3514E+00  4.5261E+00  4.4001E+00  5.6210E+00  4.4265E+00  4.5990E+00  5.4066E+00  4.6750E+00  6.9653E+00  4.7372E+00
       6.9750E+00  5.3671E+00  4.9028E+00  4.9069E+00  3.9301E+00  4.0129E+00  4.3593E+00  5.4575E+00  6.2391E+00  6.3864E+00
       6.0815E+00  7.9542E+00  4.9475E+00  5.1091E+00  5.9377E+00  5.5884E+00  5.3139E+00  5.5746E+00  5.7555E+00  6.7693E+00
       6.3201E+00  6.6150E+00  6.9224E+00  4.7659E+00  5.8805E+00  5.5889E+00  5.1780E+00  6.4217E+00  6.2834E+00  6.7490E+00
       7.5832E+00  4.7010E+00  4.4650E+00  4.3769E+00  5.6347E+00  5.1947E+00  4.8033E+00  5.6724E+00  5.4247E+00  6.1325E+00
       6.8838E+00  3.7600E+00  4.6681E+00  5.4848E+00  5.5962E+00  4.9900E+00  3.9915E+00  5.6183E+00  4.9133E+00  6.1534E+00
       4.3312E+00  7.1763E+00  6.2960E+00  5.3219E+00  3.9335E+00  4.3480E+00  4.4385E+00  6.8986E+00  5.7253E+00  8.8324E+00
       5.3387E+00  5.7661E+00  3.4682E+00  4.9182E+00  4.4709E+00  5.6545E+00  5.2203E+00  5.0144E+00  6.5773E+00  6.9740E+00
       6.8259E+00  4.8886E+00  3.1798E+00  4.7383E+00  4.8536E+00  4.5842E+00  5.2240E+00  5.6640E+00  4.6554E+00  6.9255E+00
       6.9197E+00  7.1111E+00  4.8049E+00  4.6029E+00  3.7948E+00  5.2276E+00  4.2264E+00  5.0923E+00  7.0488E+00  6.8453E+00
       5.8474E+00  5.7859E+00  4.8013E+00  4.7279E+00  4.0199E+00  4.5324E+00  3.7826E+00  6.8006E+00  5.7858E+00  5.6693E+00
       6.2457E+00  5.8590E+00  6.8464E+00  6.0197E+00  4.4956E+00  4.1313E+00  4.3652E+00  5.6181E+00  3.9853E+00  7.9544E+00
       8.3112E+00  5.7699E+00  6.0542E+00  6.3780E+00  5.4621E+00  6.5020E+00  4.7185E+00  8.9476E+00  5.3457E+00  9.5721E+00
       8.6648E+00  9.5864E+00  6.9261E+00  3.9078E+00  7.1897E+00  7.0669E+00  6.4912E+00  7.6582E+00  6.8834E+00  8.0453E+00
       6.3283E+00  6.0939E+00  5.9941E+00  5.3023E+00  4.6266E+00  3.9699E+00  5.6215E+00  5.3688E+00  6.4242E+00  6.8926E+00
       7.7547E+00  5.2699E+00  7.0131E+00  6.6531E+00  5.3998E+00  4.7222E+00  5.5502E+00  4.7283E+00  6.7265E+00  6.9339E+00
       7.3646E+00  7.3734E+00  5.1399E+00  5.9128E+00  4.5400E+00  5.6750E+00  5.2092E+00  5.4000E+00  8.4679E+00  7.4567E+00
       7.9478E+00  7.3871E+00  3.7468E+00  4.9109E+00  4.5533E+00  4.9492E+00  4.8901E+00  6.1047E+00  9.6253E+00  7.2168E+00
       8.5640E+00  6.7052E+00  4.9715E+00  5.2594E+00  5.4144E+00  7.0040E+00  5.1314E+00  8.2256E+00  8.6547E+00  6.4299E+00
       5.7094E+00  6.9344E+00  5.8827E+00  6.4833E+00  6.2022E+00  6.1203E+00  4.3029E+00  5.4556E+00  8.6347E+00  8.3157E+00
       8.2210E+00  4.5659E+00  5.6363E+00  6.1232E+00  4.2196E+00  6.0303E+00  4.5460E+00  4.9592E+00  6.0514E+00  8.2483E+00
       6.3842E+00  1.0382E+01  5.6402E+00  5.8233E+00  3.9831E+00  4.7008E+00  8.4040E+00  5.0520E+00  6.8964E+00  9.2886E+00
       1.0535E+01  7.3168E+00  9.1629E+00  7.5916E+00  5.7911E+00  6.6090E+00  6.1417E+00  8.4095E+00  7.8067E+00  9.7766E+00
       9.4936E+00  8.9683E+00  1.0633E+01  7.7666E+00  7.1285E+00  8.5073E+00  6.6434E+00  6.1359E+00  8.4790E+00  9.9971E+00
       9.0206E+00  6.6764E+00  7.4102E+00  8.1457E+00  5.2600E+00  6.6555E+00  7.7226E+00  6.5114E+00  8.4439E+00  8.5771E+00
       1.0941E+01  8.3969E+00  6.3464E+00  6.5527E+00  7.9829E+00  7.6372E+00  6.8844E+00  5.9676E+00  1.0313E+01  8.7586E+00
       1.1325E+01  6.7636E+00  7.8878E+00  6.1148E+00  5.9322E+00  6.9381E+00  4.9883E+00  7.8220E+00  8.4504E+00  1.1601E+01
       1.2083E+01  6.3476E+00  6.6177E+00  7.0983E+00  7.4226E+00  5.7978E+00  6.5647E+00  6.7309E+00  1.0384E+01  7.9192E+00
       8.9792E+00  6.2503E+00  5.7178E+00  6.4967E+00  4.9498E+00  7.8273E+00  6.7406E+00  8.0406E+00  7.8209E+00  9.6546E+00
       1.0111E+01  6.7624E+00  7.2598E+00  8.6403E+00  7.3838E+00  6.9056E+00  5.7961E+00  7.1620E+00  4.5983E+00  9.4533E+00
       9.9742E+00  8.8723E+00  7.2621E+00  5.9664E+00  7.7259E+00  7.0082E+00  6.7957E+00  6.4599E+00  9.4336E+00  9.9036E+00
       9.6033E+00  7.5465E+00  8.4592E+00  7.7929E+00  9.1312E+00  7.9186E+00  6.1842E+00  7.5841E+00  8.5150E+00  9.3679E+00
       8.3069E+00  9.2224E+00  7.7598E+00  8.2668E+00  8.3674E+00  6.0146E+00  7.3380E+00  7.6174E+00  9.2665E+00  9.3430E+00
