1
   Cartesian binning n.   1  "DoseEq    " , generalized particle n.  240
      X coordinate: from -8.5000E+01 to  8.5000E+01 cm,    10 bins ( 1.7000E+01 cm wide)
      Y coordinate: from -2.5000E+01 to  2.5000E+01 cm,    10 bins ( 5.0000E+00 cm wide)
      Z coordinate: from  2.2500E+02 to  2.7500E+02 cm,    10 bins ( 5.0000E+00 cm wide)
      Data follow in a matrix A(ix,iy,iz), format (1(5x,1p,10(1x,e11.4)))

      accurate deposition along the tracks requested
      this is a track-length binning
       4.0687E-04  9.2078E-04  2.2970E-03  6.3014E-03  1.9084E-02  1.9142E-02  6.3010E-03  2.2979E-03  8.6035E-04  3.8663E-04
       4.6700E-04  1.0229E-03  2.7487E-03  8.8464E-03  5.6007E-02  5.5646E-02  8.9213E-03  2.7878E-03  1.0124E-03  5.0871E-04
       4.8965E-04  1.1181E-03  3.2412E-03  1.3102E-02  1.7221E-01  1.7231E-01  1.3021E-02  3.1266E-03  1.0590E-03  4.7733E-04
       5.1321E-04  1.1223E-03  3.4101E-03  1.9257E-02  4.1501E-01  4.1665E-01  1.8717E-02  3.4329E-03  1.1457E-03  4.9152E-04
       5.1055E-04  1.1585E-03  3.5242E-03  2.4094E-02  6.6172E-01  6.6422E-01  2.4269E-02  3.4562E-03  1.2329E-03  5.0805E-04
       5.0733E-04  1.2177E-03  3.5091E-03  2.4053E-02  6.6458E-01  6.6448E-01  2.4125E-02  3.6068E-03  1.3047E-03  5.2755E-04
       4.9952E-04  1.1421E-03  3.4057E-03  1.9145E-02  4.1503E-01  4.1487E-01  1.9128E-02  3.4197E-03  1.1670E-03  4.7789E-04
       4.7647E-04  1.0867E-03  3.1480E-03  1.2974E-02  1.7216E-01  1.7261E-01  1.3025E-02  3.1706E-03  1.1344E-03  4.8003E-04
       4.4828E-04  9.7702E-04  2.7565E-03  8.8094E-03  5.5256E-02  5.5841E-02  8.9513E-03  2.8661E-03  1.0282E-03  4.2885E-04
       3.9946E-04  8.6817E-04  2.4040E-03  6.4706E-03  1.9353E-02  1.9397E-02  6.3687E-03  2.4135E-03  8.3977E-04  4.2252E-04
       1.7246E-04  2.7541E-04  3.3727E-04  5.7956E-04  1.3151E-03  1.2614E-03  6.0213E-04  3.1983E-04  2.3152E-04  1.6865E-04
       1.9573E-04  3.2722E-04  4.4671E-04  8.3223E-04  2.2705E-03  2.4203E-03  9.2010E-04  3.9661E-04  2.9722E-04  2.3388E-04
       2.3161E-04  2.9718E-04  5.0873E-04  1.1447E-03  4.1005E-03  4.0506E-03  1.2557E-03  4.3469E-04  3.1877E-04  2.0178E-04
       2.3333E-04  3.3695E-04  5.3954E-04  1.4722E-03  6.2517E-03  6.0572E-03  1.3536E-03  4.8336E-04  3.7888E-04  2.1756E-04
       2.2607E-04  3.1926E-04  5.9179E-04  1.6762E-03  7.6829E-03  7.5793E-03  1.5407E-03  5.1994E-04  3.6511E-04  2.3022E-04
       2.4624E-04  3.4386E-04  5.7938E-04  1.5698E-03  7.6929E-03  7.8094E-03  1.6585E-03  5.3361E-04  3.5969E-04  2.2678E-04
       2.4678E-04  3.4279E-04  5.3670E-04  1.3611E-03  6.0655E-03  6.2486E-03  1.4105E-03  5.4651E-04  3.5933E-04  2.0618E-04
       2.0821E-04  3.1543E-04  5.6350E-04  1.1721E-03  4.0153E-03  4.0775E-03  1.1334E-03  5.4238E-04  3.5268E-04  2.1288E-04
       2.1226E-04  2.9581E-04  4.1354E-04  9.1505E-04  2.3865E-03  2.3982E-03  8.8006E-04  4.4363E-04  3.4085E-04  2.0973E-04
       1.8342E-04  2.4977E-04  3.1765E-04  6.1298E-04  1.1777E-03  1.3094E-03  6.1126E-04  3.5972E-04  2.5133E-04  1.7956E-04
       1.2416E-04  1.9736E-04  2.4049E-04  5.2567E-04  1.1671E-03  1.0185E-03  4.9925E-04  2.7104E-04  2.0477E-04  1.2610E-04
       1.5159E-04  2.3554E-04  3.5540E-04  8.2474E-04  2.0424E-03  1.9875E-03  7.6297E-04  3.4836E-04  2.5355E-04  1.8069E-04
       1.7895E-04  2.6083E-04  4.3356E-04  1.1185E-03  3.1514E-03  2.9335E-03  1.0779E-03  3.5722E-04  2.7145E-04  1.9032E-04
       1.8982E-04  2.4904E-04  5.2859E-04  1.2949E-03  4.0621E-03  4.0070E-03  1.2653E-03  4.2101E-04  3.1482E-04  1.9276E-04
       1.9266E-04  2.8193E-04  5.4711E-04  1.4331E-03  4.6666E-03  4.8908E-03  1.3661E-03  4.5242E-04  3.3352E-04  1.9032E-04
       2.3419E-04  2.8306E-04  5.3330E-04  1.4120E-03  4.8545E-03  5.0032E-03  1.4412E-03  4.6285E-04  2.9244E-04  2.0090E-04
       2.0889E-04  2.8588E-04  5.4817E-04  1.2557E-03  4.1291E-03  4.1061E-03  1.2332E-03  5.0704E-04  3.0898E-04  1.9238E-04
       1.7051E-04  2.8033E-04  4.7939E-04  1.0173E-03  2.9796E-03  3.0447E-03  1.0463E-03  4.6872E-04  2.7372E-04  2.0240E-04
       1.6393E-04  2.4062E-04  3.8628E-04  8.0396E-04  1.9552E-03  1.9291E-03  7.9993E-04  3.9932E-04  2.5107E-04  1.6107E-04
       1.4657E-04  1.9422E-04  3.0573E-04  5.2263E-04  1.0565E-03  1.1156E-03  5.1977E-04  3.0073E-04  1.8692E-04  1.3851E-04
       9.9854E-05  1.2835E-04  2.3782E-04  4.1566E-04  9.1933E-04  7.7915E-04  4.4455E-04  2.0251E-04  1.6226E-04  1.1481E-04
       1.2683E-04  2.3881E-04  2.9417E-04  7.0560E-04  1.6129E-03  1.4688E-03  6.5555E-04  2.8425E-04  2.0014E-04  1.4592E-04
       1.4953E-04  2.1573E-04  3.7236E-04  8.7099E-04  2.2074E-03  2.1554E-03  8.8358E-04  3.3508E-04  2.0730E-04  1.5122E-04
       1.4679E-04  2.2700E-04  4.2490E-04  1.0661E-03  2.6870E-03  2.7007E-03  1.0369E-03  3.5874E-04  2.3822E-04  1.4113E-04
       1.4340E-04  2.5872E-04  4.4679E-04  1.1242E-03  3.1558E-03  3.1739E-03  1.1067E-03  3.8038E-04  2.5333E-04  1.6614E-04
       1.6976E-04  2.4743E-04  4.2277E-04  1.1609E-03  3.1750E-03  3.2021E-03  1.1196E-03  3.9086E-04  2.7153E-04  1.7227E-04
       1.4324E-04  2.4080E-04  4.3507E-04  9.5596E-04  2.7567E-03  2.8485E-03  1.0382E-03  4.0217E-04  2.6788E-04  1.6428E-04
       1.3476E-04  2.2901E-04  4.0141E-04  7.9326E-04  2.1695E-03  2.1907E-03  9.0184E-04  3.7861E-04  2.5458E-04  1.7862E-04
       1.1358E-04  2.1518E-04  3.5809E-04  6.4619E-04  1.5027E-03  1.5616E-03  7.7666E-04  3.1234E-04  2.1539E-04  1.6062E-04
       1.0999E-04  1.5364E-04  2.0478E-04  4.6879E-04  8.5112E-04  8.7182E-04  4.6868E-04  2.3304E-04  1.4694E-04  1.0645E-04
       9.6152E-05  1.0747E-04  1.6851E-04  3.5488E-04  6.6019E-04  6.1737E-04  3.4128E-04  1.6120E-04  1.2001E-04  9.7925E-05
       1.2038E-04  2.0187E-04  2.5995E-04  5.4431E-04  1.2084E-03  1.1369E-03  5.4138E-04  2.4254E-04  1.4086E-04  1.0133E-04
       1.1935E-04  1.8898E-04  3.1970E-04  7.5465E-04  1.5752E-03  1.4476E-03  6.6013E-04  2.9150E-04  1.6599E-04  1.1926E-04
       1.2018E-04  2.0491E-04  3.2395E-04  8.0246E-04  1.8930E-03  1.8298E-03  8.3282E-04  3.4985E-04  1.7658E-04  1.1124E-04
       1.3627E-04  2.2292E-04  3.5023E-04  8.3511E-04  2.0969E-03  2.0956E-03  8.8361E-04  3.4008E-04  1.8566E-04  1.6525E-04
       1.3462E-04  2.1682E-04  3.4266E-04  8.7803E-04  2.0762E-03  2.0285E-03  8.5212E-04  3.6112E-04  2.3678E-04  1.4319E-04
       1.2842E-04  2.1078E-04  3.4459E-04  7.8103E-04  1.8100E-03  1.9174E-03  8.2178E-04  3.2605E-04  2.7159E-04  1.2143E-04
       9.0813E-05  1.8119E-04  2.9950E-04  6.6512E-04  1.4535E-03  1.5204E-03  7.1726E-04  2.8844E-04  2.3040E-04  1.4082E-04
       7.1574E-05  1.7206E-04  2.7316E-04  5.3635E-04  1.0726E-03  1.1303E-03  5.8926E-04  2.8860E-04  1.8884E-04  1.2371E-04
       6.8493E-05  1.2719E-04  1.7227E-04  3.5108E-04  6.5426E-04  6.8307E-04  3.6997E-04  2.0690E-04  1.3237E-04  7.3245E-05
       5.6133E-05  1.0606E-04  1.5163E-04  2.5436E-04  4.5877E-04  4.4969E-04  2.5208E-04  1.3797E-04  9.3622E-05  7.4949E-05
       1.0366E-04  1.5053E-04  2.1465E-04  4.0680E-04  7.6768E-04  8.1313E-04  3.9587E-04  2.0825E-04  1.4292E-04  7.8650E-05
       9.8206E-05  1.4750E-04  2.6990E-04  5.4755E-04  1.1028E-03  1.0104E-03  5.5643E-04  2.5416E-04  1.6429E-04  8.8929E-05
       9.0612E-05  1.5557E-04  2.7897E-04  6.3625E-04  1.3247E-03  1.2435E-03  6.2616E-04  2.9123E-04  1.4861E-04  7.9629E-05
       8.9711E-05  1.6909E-04  3.0901E-04  6.9472E-04  1.4529E-03  1.3811E-03  6.5374E-04  3.1531E-04  1.6560E-04  9.0169E-05
       1.0938E-04  1.8402E-04  3.0575E-04  6.9108E-04  1.3685E-03  1.3247E-03  6.6196E-04  3.3704E-04  1.8141E-04  9.9907E-05
       8.9952E-05  1.5961E-04  3.0151E-04  6.3836E-04  1.1665E-03  1.2346E-03  6.4280E-04  2.8820E-04  1.6664E-04  1.1064E-04
       7.4421E-05  1.7109E-04  2.4159E-04  5.2923E-04  9.8526E-04  1.0586E-03  5.5227E-04  2.2965E-04  1.6002E-04  1.0582E-04
       5.9384E-05  1.4479E-04  1.9478E-04  4.1797E-04  7.8801E-04  7.6223E-04  4.4580E-04  2.1485E-04  1.3354E-04  9.0073E-05
       6.2375E-05  1.0906E-04  1.4796E-04  2.8495E-04  4.6565E-04  5.2370E-04  2.6693E-04  1.5437E-04  1.0661E-04  5.1578E-05
       4.9690E-05  7.9242E-05  1.2691E-04  2.0477E-04  3.3465E-04  3.2469E-04  1.6254E-04  1.0156E-04  7.6939E-05  5.9224E-05
       8.1901E-05  1.1520E-04  1.7428E-04  3.0607E-04  5.5878E-04  5.5745E-04  2.9536E-04  1.6416E-04  1.3045E-04  5.8889E-05
       8.7222E-05  1.2583E-04  1.8926E-04  3.8821E-04  7.5803E-04  7.2974E-04  4.0416E-04  2.0921E-04  1.0906E-04  6.3699E-05
       8.7914E-05  1.4094E-04  2.3286E-04  4.3683E-04  8.5053E-04  8.3225E-04  4.5496E-04  2.4058E-04  1.2731E-04  7.7640E-05
       8.2436E-05  1.4218E-04  2.3582E-04  4.8997E-04  9.2049E-04  9.2418E-04  4.4627E-04  2.6882E-04  1.3250E-04  6.4177E-05
       7.8365E-05  1.5050E-04  2.4352E-04  4.9962E-04  9.0998E-04  8.8771E-04  5.1463E-04  2.7731E-04  1.2946E-04  7.3476E-05
       8.5746E-05  1.1861E-04  2.2843E-04  4.5492E-04  7.7669E-04  8.3658E-04  4.4608E-04  2.5482E-04  1.2216E-04  7.9987E-05
       7.7057E-05  1.2315E-04  1.7969E-04  4.1141E-04  6.6809E-04  7.4590E-04  4.1582E-04  2.2009E-04  1.3278E-04  8.7324E-05
       5.4579E-05  1.2129E-04  1.6098E-04  3.2873E-04  5.3347E-04  5.6248E-04  3.1830E-04  1.7374E-04  9.7128E-05  8.1133E-05
       4.5482E-05  9.3151E-05  1.1911E-04  2.2621E-04  3.4285E-04  3.8958E-04  2.1569E-04  1.1329E-04  8.4567E-05  5.0382E-05
       3.1960E-05  5.5323E-05  8.7022E-05  1.4894E-04  2.3630E-04  2.2965E-04  1.3926E-04  8.9357E-05  5.7927E-05  4.9656E-05
       6.0256E-05  6.0317E-05  1.2978E-04  1.9400E-04  3.6925E-04  3.5662E-04  2.0846E-04  1.4081E-04  8.8770E-05  4.9529E-05
       5.4011E-05  8.7614E-05  1.5918E-04  2.7944E-04  5.0473E-04  4.6785E-04  2.9349E-04  1.6416E-04  9.8317E-05  6.0355E-05
       5.9746E-05  9.4121E-05  1.7049E-04  3.2764E-04  5.8644E-04  5.8251E-04  3.2757E-04  1.8027E-04  1.1899E-04  6.0806E-05
       5.6458E-05  1.1126E-04  1.9972E-04  3.6732E-04  5.9349E-04  6.1565E-04  3.7234E-04  1.9242E-04  1.2296E-04  5.5727E-05
       6.7012E-05  1.0396E-04  1.8616E-04  3.5015E-04  5.9058E-04  6.3892E-04  3.7616E-04  1.8233E-04  1.0160E-04  7.1424E-05
       5.1141E-05  1.1153E-04  1.5939E-04  3.2508E-04  4.7661E-04  5.8365E-04  3.4405E-04  1.6134E-04  1.2154E-04  6.1944E-05
       5.1459E-05  9.7649E-05  1.3938E-04  3.0268E-04  4.1793E-04  4.9562E-04  2.8731E-04  1.5169E-04  1.0374E-04  7.2729E-05
       5.1443E-05  6.2562E-05  1.1401E-04  2.5464E-04  3.9055E-04  3.6203E-04  2.3386E-04  1.3845E-04  9.0756E-05  6.7475E-05
       4.4677E-05  7.1235E-05  8.8158E-05  1.6596E-04  2.6504E-04  2.3801E-04  1.4853E-04  8.7706E-05  5.2013E-05  3.9517E-05
       2.4119E-05  3.9728E-05  7.1948E-05  1.0644E-04  1.6733E-04  1.4757E-04  1.1639E-04  7.2663E-05  4.7878E-05  3.0719E-05
       3.7908E-05  4.6576E-05  7.7789E-05  1.3957E-04  2.8047E-04  2.5073E-04  1.5753E-04  1.1039E-04  6.7021E-05  3.8366E-05
       4.2827E-05  7.4493E-05  1.1199E-04  2.0833E-04  3.0466E-04  3.1492E-04  2.0402E-04  1.2417E-04  6.5686E-05  4.3848E-05
       4.9797E-05  7.1189E-05  1.1365E-04  2.4128E-04  3.7677E-04  3.5031E-04  2.3379E-04  1.4304E-04  8.7233E-05  3.3831E-05
       5.4547E-05  1.0168E-04  1.3920E-04  2.4428E-04  3.4397E-04  3.8540E-04  2.6206E-04  1.3605E-04  8.2070E-05  5.5539E-05
       4.4438E-05  8.1100E-05  1.4227E-04  2.4845E-04  3.5496E-04  3.7738E-04  2.4166E-04  1.4110E-04  7.1113E-05  4.2402E-05
       5.0017E-05  7.1858E-05  1.3189E-04  2.3191E-04  3.4416E-04  3.5733E-04  2.4602E-04  1.1833E-04  1.0289E-04  4.0856E-05
       3.6534E-05  5.7351E-05  1.1983E-04  2.0953E-04  3.0853E-04  3.1347E-04  2.1231E-04  1.1990E-04  8.8509E-05  4.2352E-05
       3.4510E-05  4.6928E-05  7.6723E-05  1.6478E-04  2.5863E-04  2.5099E-04  1.3713E-04  9.9159E-05  6.6953E-05  3.7115E-05
       3.3778E-05  5.0545E-05  8.0139E-05  1.1095E-04  1.7712E-04  1.8014E-04  1.0708E-04  7.6599E-05  3.6500E-05  2.7366E-05
       1.3789E-05  2.4200E-05  5.0866E-05  6.3968E-05  9.9633E-05  1.0076E-04  6.6283E-05  4.6385E-05  3.4949E-05  2.6812E-05
       2.8954E-05  2.8277E-05  5.7643E-05  1.0222E-04  1.4536E-04  1.3294E-04  8.1901E-05  6.9045E-05  4.2414E-05  2.8778E-05
       3.9273E-05  5.7701E-05  6.4500E-05  1.1074E-04  1.8544E-04  1.8612E-04  1.2039E-04  7.7479E-05  4.6060E-05  2.8729E-05
       3.4574E-05  5.1529E-05  6.7723E-05  1.1295E-04  2.3313E-04  1.8654E-04  1.5542E-04  8.8905E-05  5.6721E-05  3.1777E-05
       3.1878E-05  5.8529E-05  6.0535E-05  1.5738E-04  1.9931E-04  2.1142E-04  1.3203E-04  8.2184E-05  5.1409E-05  3.8327E-05
       3.5618E-05  6.5908E-05  8.7081E-05  1.4938E-04  1.9596E-04  2.1515E-04  1.1727E-04  7.6795E-05  5.6088E-05  3.1841E-05
       3.8074E-05  5.7482E-05  9.4398E-05  1.4860E-04  1.9608E-04  1.9569E-04  1.3136E-04  7.8656E-05  5.5876E-05  2.1525E-05
       3.7598E-05  4.3280E-05  7.3867E-05  1.0354E-04  1.6947E-04  1.6893E-04  1.1461E-04  7.9686E-05  6.0454E-05  2.4645E-05
       2.7273E-05  3.4951E-05  5.6251E-05  9.5541E-05  1.4407E-04  1.5131E-04  9.3149E-05  6.9210E-05  4.8023E-05  2.9507E-05
       3.2824E-05  3.1773E-05  5.7058E-05  6.7213E-05  1.0154E-04  9.7578E-05  7.0340E-05  5.8035E-05  3.4842E-05  1.8170E-05

      Percentage errors follow in a matrix A(ix,iy,iz), format (1(5x,1p,10(1x,e11.4)))

       5.1561E+00  2.3536E+00  2.5631E+00  1.8712E+00  5.4240E-01  5.4834E-01  1.5163E+00  1.2995E+00  3.6499E+00  2.0274E+00
       5.3139E+00  1.9298E+00  2.6085E+00  8.9470E-01  6.3804E-01  8.1295E-01  1.3592E+00  2.0912E+00  4.2992E+00  2.8752E+00
       7.6327E+00  1.6380E+00  3.0833E+00  1.1691E+00  1.3345E-01  2.4430E-01  1.0005E+00  1.9699E+00  3.2097E+00  6.2250E+00
       5.1538E+00  2.7612E+00  1.5861E+00  1.0077E+00  2.5902E-01  7.5016E-02  6.2921E-01  1.8412E+00  3.3778E+00  3.7814E+00
       2.3815E+00  2.8684E+00  1.6978E+00  6.9180E-01  1.2502E-01  1.2948E-01  5.9874E-01  1.7794E+00  3.4275E+00  3.2526E+00
       7.4181E+00  3.5056E+00  1.3873E+00  7.3791E-01  1.1322E-01  1.0608E-01  8.5806E-01  1.0919E+00  3.0789E+00  5.3576E+00
       8.4972E-01  3.8107E+00  2.3312E+00  4.4234E-01  2.3456E-01  1.5825E-01  9.7585E-01  1.8550E+00  1.9560E+00  2.9860E+00
       8.7380E-01  2.5207E+00  8.4366E-01  6.0816E-01  1.6870E-01  3.9063E-01  9.1794E-01  1.5530E+00  4.5696E+00  1.1471E+00
       4.8378E+00  1.2935E+00  3.5465E+00  6.5453E-01  7.0232E-01  4.6027E-01  1.0789E+00  2.3983E+00  3.9461E+00  7.9730E+00
       5.4914E+00  3.3465E+00  9.8708E-01  6.4336E-01  9.8982E-01  6.3233E-01  6.2168E-01  1.4373E+00  3.8376E+00  6.5216E+00
       7.1061E+00  6.0047E+00  4.1680E+00  4.5332E+00  2.5512E+00  2.3393E+00  4.4689E+00  3.6564E+00  7.6709E+00  5.1777E+00
       7.5778E+00  4.6806E+00  4.9176E+00  4.4493E+00  2.5960E+00  2.6936E+00  3.9257E+00  1.3995E+00  1.0902E+00  1.0225E+01
       9.5832E+00  1.1485E+01  8.0561E+00  2.7150E+00  1.8468E+00  1.3338E+00  4.1849E+00  2.5835E+00  4.9036E+00  9.3990E+00
       5.2215E+00  9.0608E+00  6.0177E+00  2.2325E+00  9.3236E-01  1.6488E+00  2.5262E+00  5.0164E+00  6.1444E+00  5.0182E+00
       5.8852E+00  1.0016E+01  2.2299E+00  3.2772E+00  1.2999E+00  1.4341E+00  4.1058E+00  5.0713E+00  4.2234E+00  7.4808E+00
       7.5210E+00  4.3941E+00  1.4788E+00  1.6528E+00  7.4981E-01  6.6207E-01  6.3464E+00  3.3210E+00  4.6058E+00  4.5572E+00
       6.9398E+00  7.2625E+00  3.6166E+00  1.6449E+00  8.9026E-01  8.2135E-01  1.8496E+00  5.7387E+00  4.1283E+00  5.8485E+00
       1.0223E+01  7.9381E+00  5.0901E+00  3.7616E+00  1.6374E+00  1.7433E+00  2.8296E+00  1.1224E+01  5.5869E+00  3.5288E+00
       5.4964E+00  6.1054E+00  6.7333E+00  2.0733E+00  3.3317E+00  1.0919E+00  4.4337E+00  4.3637E+00  9.0236E+00  6.3017E+00
       5.6314E+00  5.4194E+00  7.0271E+00  5.7236E+00  2.3151E+00  2.6010E+00  2.5302E+00  2.9591E+00  5.5696E+00  5.7153E+00
       4.6198E+00  6.3538E+00  3.5037E+00  3.3618E+00  1.9404E+00  1.8884E+00  5.8430E+00  4.1546E+00  7.0980E+00  9.7591E+00
       1.5351E+01  5.6271E+00  9.9887E+00  2.2058E+00  1.5592E+00  3.8391E+00  3.8668E+00  6.5465E+00  6.7756E+00  6.6536E+00
       7.2012E+00  8.3473E+00  7.2807E+00  4.7902E+00  1.9924E+00  2.6005E+00  3.1389E+00  6.4422E+00  4.4585E+00  7.8060E+00
       1.3509E+01  7.8741E+00  6.3254E+00  4.7622E+00  1.9483E+00  5.1136E-01  5.2090E+00  6.0588E+00  2.2250E+00  5.0316E+00
       7.0354E+00  1.1010E+01  5.6194E+00  5.7451E+00  1.5726E+00  2.0049E+00  3.8477E+00  7.4445E+00  8.2037E+00  7.6147E+00
       8.2524E+00  8.6753E+00  5.3753E+00  3.6124E+00  9.7300E-01  1.4596E+00  3.2668E+00  9.5083E+00  4.0011E+00  1.1188E+01
       1.0095E+01  7.8520E+00  5.9631E+00  3.0206E+00  9.8984E-01  2.0475E+00  2.7679E+00  3.9001E+00  5.2844E+00  7.8911E+00
       1.2312E+01  9.6105E+00  7.1460E+00  3.6890E+00  4.3393E+00  2.1968E+00  2.7421E+00  7.2450E+00  7.0025E+00  6.2793E+00
       7.4574E+00  8.4287E+00  4.4315E+00  4.1873E+00  5.5667E+00  3.4237E+00  5.3082E+00  6.4024E+00  1.0772E+01  6.9387E+00
       7.6932E+00  7.9078E+00  2.6264E+00  6.0655E+00  3.6548E+00  3.0017E+00  5.5961E+00  5.6863E+00  1.1621E+01  6.9549E+00
       1.0099E+01  1.4108E+01  6.8911E+00  1.0881E+00  3.1563E+00  5.6958E+00  5.2036E+00  7.5191E+00  9.3488E+00  4.5756E+00
       5.4006E+00  8.5605E+00  7.2758E+00  4.2235E+00  1.6769E+00  3.6387E+00  2.4485E+00  8.9160E+00  5.0686E+00  4.8712E+00
       1.1732E+01  1.7396E+01  7.8783E+00  2.0223E+00  4.6566E+00  1.6819E+00  3.7969E+00  8.4573E+00  2.6699E+00  6.8342E+00
       8.9778E+00  6.7794E+00  9.5900E+00  5.0432E+00  1.5690E+00  1.5449E+00  2.5266E+00  7.6868E+00  9.4003E+00  4.6440E+00
       4.7646E+00  9.7036E+00  8.1827E+00  2.1207E+00  3.5370E+00  3.8275E+00  3.5778E+00  1.4378E+01  6.7879E+00  1.3417E+01
       8.3181E+00  1.0866E+01  4.2596E+00  2.5179E+00  2.3885E+00  1.7247E+00  2.5886E+00  6.5516E+00  1.0734E+01  7.8756E+00
       7.2315E+00  7.6039E+00  4.8694E+00  2.3867E+00  3.6723E+00  2.9271E+00  1.8957E+00  5.9488E+00  5.6370E+00  8.2702E+00
       1.1379E+01  8.3405E+00  4.1126E+00  4.7644E+00  4.1835E+00  1.8027E+00  2.3370E+00  1.0823E+01  8.2143E+00  6.8189E+00
       7.9004E+00  1.2859E+01  8.1012E+00  4.0207E+00  2.5496E+00  4.0811E+00  4.8762E+00  2.8760E+00  1.2316E+01  7.2899E+00
       1.0204E+01  1.4430E+01  1.4412E+01  5.6827E+00  1.4340E+00  2.9743E+00  5.8021E+00  7.4573E+00  7.7672E+00  9.0965E+00
       1.4971E+01  1.3781E+01  6.6519E+00  5.0117E+00  5.2962E+00  3.3005E+00  9.8883E+00  8.2153E+00  4.3416E+00  1.1616E+01
       7.6979E+00  7.1903E+00  9.3241E+00  2.1341E+00  1.6845E+00  4.4466E+00  7.6542E+00  6.5659E+00  8.9138E+00  6.6425E+00
       1.3221E+01  1.0462E+01  3.1021E+00  5.7723E+00  3.0546E+00  2.9153E+00  4.6096E+00  1.2335E+01  3.8294E+00  1.2337E+01
       1.3866E+01  4.5230E+00  1.0714E+01  5.2099E+00  1.7317E+00  3.8117E+00  3.3177E+00  7.0818E+00  1.0731E+01  1.6511E+01
       7.9904E+00  6.7017E+00  8.8899E+00  4.0539E+00  2.9095E+00  3.2796E+00  4.2865E+00  8.9941E+00  1.3062E+01  1.1751E+01
       9.7998E+00  6.2331E+00  8.2984E+00  1.5448E+00  4.0310E+00  4.1454E+00  5.7910E+00  7.6732E+00  2.7667E+00  7.9105E+00
       5.6130E+00  6.7663E+00  7.5561E+00  3.6195E+00  4.0976E+00  5.1065E+00  4.8530E+00  1.1982E+01  8.5213E+00  8.3902E+00
       3.8799E+00  5.6357E+00  7.4049E+00  7.4807E+00  2.8703E+00  3.1537E+00  4.5582E+00  7.4903E+00  4.6452E+00  5.7626E+00
       7.5548E+00  9.3283E+00  6.5248E+00  6.4860E+00  1.5684E+00  3.2947E+00  3.4358E+00  5.0306E+00  8.0254E+00  5.3356E+00
       9.2550E+00  1.2382E+01  4.8909E+00  5.3073E+00  1.7197E+00  4.9327E+00  5.5424E+00  6.1743E+00  1.0965E+01  6.0892E+00
       1.7385E+01  1.1543E+01  9.7838E+00  3.8161E+00  6.2817E+00  4.4328E+00  1.2786E+01  1.3625E+01  1.2242E+01  1.4974E+01
       1.3978E+01  7.6124E+00  6.3579E+00  3.9308E+00  3.5481E+00  4.7213E+00  6.2008E+00  3.9119E+00  7.9149E+00  2.3041E+01
       1.6607E+01  9.6685E+00  8.4789E+00  2.8337E+00  3.6223E+00  4.8591E+00  1.4538E+00  1.0197E+01  1.0957E+01  1.7681E+01
       8.9097E+00  1.3078E+01  1.1822E+01  4.4870E+00  1.4709E+00  3.8101E+00  3.5983E+00  1.3646E+01  1.2485E+01  1.6346E+01
       1.0915E+01  5.6842E+00  1.0837E+01  5.8432E+00  4.3154E+00  3.7898E+00  5.9199E+00  6.8171E+00  1.8661E+01  1.2287E+01
       1.3447E+01  7.0758E+00  1.0360E+01  3.4898E+00  2.7572E+00  1.5112E+00  6.1085E+00  8.6221E+00  1.1024E+01  7.9428E+00
       4.7311E+00  4.7713E+00  1.0064E+01  4.6635E+00  2.9925E+00  4.2588E+00  4.4193E+00  1.1146E+01  1.0758E+01  8.6947E+00
       4.4148E+00  9.5420E+00  1.1819E+01  2.5641E+00  2.7455E+00  4.0054E+00  2.8596E+00  4.4040E+00  1.0698E+01  1.7529E+01
       1.5115E+01  1.2948E+01  4.7432E+00  3.5178E+00  3.0156E+00  3.6392E+00  4.4653E+00  6.8608E+00  7.0058E+00  1.1709E+01
       9.8330E+00  1.3800E+01  1.6080E+01  4.5041E+00  5.5382E+00  5.0002E+00  4.2819E+00  1.0043E+01  8.7230E+00  1.2598E+01
       1.0366E+01  1.3172E+01  1.6302E+01  5.6639E+00  6.3170E+00  1.2276E+00  1.0733E+01  7.8941E+00  1.7679E+01  1.8632E+01
       1.5979E+01  3.4965E+00  5.1186E+00  1.2403E+01  5.9379E+00  3.1666E+00  8.2629E+00  6.0057E+00  9.7961E+00  1.3169E+01
       1.1433E+01  1.1065E+01  8.6285E+00  2.6347E+00  4.6154E+00  6.8603E+00  5.5936E+00  6.6098E+00  1.4733E+01  2.5876E+01
       1.1113E+01  4.4056E+00  6.3434E+00  8.0746E+00  5.4367E+00  3.2823E+00  5.7941E+00  7.0253E+00  7.0757E+00  6.5506E+00
       8.7330E+00  1.3770E+01  1.2644E+01  7.4245E+00  5.2642E+00  3.4975E+00  4.3369E+00  6.1539E+00  1.2201E+01  1.4506E+01
       9.6772E+00  6.0888E+00  9.7473E+00  6.1651E+00  5.2599E+00  3.8210E+00  4.4054E+00  4.8462E+00  8.7227E+00  1.6512E+01
       1.1587E+01  8.6214E+00  7.7041E+00  3.7218E+00  6.5197E+00  2.7208E+00  5.9295E+00  4.1202E+00  1.4930E+01  1.5102E+01
       9.3540E+00  9.1046E+00  7.5099E+00  4.9959E+00  1.8497E+00  2.1897E+00  6.4421E+00  9.2815E+00  1.2180E+01  1.2967E+01
       1.4499E+01  1.0556E+01  7.8750E+00  6.3330E+00  2.6863E+00  3.6543E+00  1.2247E+01  8.6112E+00  9.2173E+00  8.0567E+00
       1.4564E+01  1.6460E+01  8.5024E+00  8.4673E+00  4.2119E+00  4.2575E+00  9.5639E+00  1.1160E+01  1.1463E+01  1.3842E+01
       1.7050E+01  9.7173E+00  1.5299E+01  1.0417E+01  2.9011E+00  7.5157E+00  1.0290E+01  6.3610E+00  1.2399E+01  1.7041E+01
       1.0883E+01  1.0566E+01  1.0217E+01  2.9884E+00  4.3260E+00  5.1072E+00  5.8092E+00  1.1649E+01  1.4413E+01  1.2656E+01
       1.1656E+01  1.4066E+01  4.8544E+00  2.3089E+00  6.5314E+00  5.4362E+00  5.8792E+00  7.5626E+00  1.6750E+01  6.5892E+00
       1.2403E+01  7.5936E+00  8.0128E+00  7.3192E+00  6.3357E+00  4.5299E+00  5.4006E+00  6.2973E+00  7.0615E+00  6.6792E+00
       2.4058E+01  1.7255E+01  7.8820E+00  1.0975E+01  5.9650E+00  4.0340E+00  1.0139E+01  7.7191E+00  8.3857E+00  1.8059E+01
       1.5058E+01  9.7733E+00  4.3522E+00  9.0333E+00  4.8570E+00  4.9861E+00  9.5064E+00  1.1352E+01  1.0294E+01  2.4018E+01
       1.1464E+01  9.9649E+00  5.0351E+00  6.4743E+00  5.0352E+00  2.3972E+00  4.3290E+00  1.0454E+01  1.2329E+01  1.7328E+01
       1.6630E+01  9.7734E+00  3.9867E+00  9.9054E+00  6.6337E+00  2.2192E+00  1.2651E+01  1.3787E+01  1.1177E+01  1.7822E+01
       1.8338E+01  1.3768E+01  4.3933E+00  6.2391E+00  3.5728E+00  6.0075E+00  1.2645E+01  7.9350E+00  1.4988E+01  1.6916E+01
       1.5511E+01  2.0429E+01  9.4716E+00  1.1458E+01  6.8174E+00  6.0536E+00  7.2217E+00  9.9074E+00  1.2078E+01  2.0870E+01
       9.7718E+00  3.8240E+00  1.7005E+01  9.5182E+00  7.2604E+00  6.1142E+00  8.3074E+00  7.0743E+00  2.8470E+01  1.2793E+01
       8.2779E+00  1.0800E+01  1.4006E+01  7.7337E+00  1.1505E+01  9.9817E+00  4.9546E+00  1.0803E+01  1.7381E+01  1.9826E+01
       1.2685E+01  1.7998E+01  1.3998E+01  2.9331E+00  7.0544E+00  5.6931E+00  7.1382E+00  1.0197E+01  1.8913E+01  2.2512E+01
       1.4502E+01  6.8225E+00  1.0431E+01  8.3304E+00  4.7952E+00  8.6382E+00  4.6716E+00  8.3163E+00  1.0880E+01  8.1843E+00
       6.3896E+00  7.1555E+00  8.3162E+00  8.6824E+00  3.0783E+00  6.0300E+00  8.9442E+00  7.8186E+00  7.2717E+00  1.0715E+01
       2.1146E+01  1.6372E+01  1.4789E+01  1.0001E+01  6.7448E+00  4.2332E+00  1.0026E+01  1.5249E+01  1.1642E+01  2.9371E+01
       1.4502E+01  1.4125E+01  7.8756E+00  7.3526E+00  8.7502E+00  6.0035E+00  1.0567E+01  1.5736E+01  9.1367E+00  3.0270E+01
       1.7288E+01  1.2020E+01  4.0509E+00  5.1928E+00  3.7018E+00  6.8765E+00  3.9117E+00  1.0160E+01  9.9634E+00  1.9266E+01
       1.4469E+01  2.2342E+01  9.0067E+00  1.1003E+01  6.4902E+00  3.8332E+00  9.5143E+00  7.5072E+00  1.2557E+01  1.9460E+01
       2.2742E+01  1.8048E+01  1.5218E+01  1.0472E+01  1.2785E+01  1.8094E+00  7.6537E+00  1.4811E+01  1.5603E+01  2.0206E+01
       3.5751E+01  1.1372E+01  1.1702E+01  1.1192E+01  1.1397E+01  8.1671E+00  1.3248E+01  1.1855E+01  2.4248E+01  8.5024E+00
       2.0383E+01  2.2070E+01  1.0184E+01  1.2513E+01  7.4166E+00  1.7661E+01  1.0946E+01  1.3297E+01  1.7756E+01  2.1236E+01
       1.1406E+01  2.1576E+01  1.8001E+01  1.0022E+01  7.8797E+00  3.6713E+00  9.9052E+00  1.3781E+01  2.7276E+01  1.2396E+01
       2.9054E+01  8.1891E+00  1.3556E+01  1.3297E+01  9.3688E+00  9.9003E+00  4.4353E+00  9.7902E+00  1.8992E+01  1.6451E+01
       1.8842E+01  1.3767E+01  1.4790E+01  7.9734E+00  1.0642E+01  9.2995E+00  1.0415E+01  5.1880E+00  2.4173E+01  6.0354E+00
       3.0963E+01  1.2433E+01  1.5384E+01  6.0801E+00  6.6374E+00  1.0002E+01  1.1935E+01  1.1186E+01  6.6086E+00  3.1849E+01
       2.2194E+01  1.7722E+01  9.1365E+00  5.1257E+00  1.1786E+01  8.2895E+00  9.7550E+00  7.0977E+00  1.4154E+01  1.9857E+01
       1.6133E+01  2.2445E+01  7.1834E+00  1.1339E+01  7.3574E+00  8.0123E+00  8.4040E+00  1.1835E+01  1.6916E+01  8.5239E+00
       1.5976E+01  2.2689E+01  8.5706E+00  1.6026E+01  5.5609E+00  5.8707E+00  1.1827E+01  1.0515E+01  2.1426E+01  1.0086E+01
       1.8144E+01  2.2459E+01  2.0255E+01  5.6978E+00  9.4120E+00  5.6859E+00  1.3258E+01  5.0510E+00  1.8112E+01  3.7106E+01
