1
   Cartesian binning n.   1  "DoseEq    " , generalized particle n.  240
      X coordinate: from -8.5000E+01 to  8.5000E+01 cm,    10 bins ( 1.7000E+01 cm wide)
      Y coordinate: from -2.5000E+01 to  2.5000E+01 cm,    10 bins ( 5.0000E+00 cm wide)
      Z coordinate: from  2.2500E+02 to  2.7500E+02 cm,    10 bins ( 5.0000E+00 cm wide)
      Data follow in a matrix A(ix,iy,iz), format (1(5x,1p,10(1x,e11.4)))

      accurate deposition along the tracks requested
      this is a track-length binning
       2.9576E-04  3.6249E-04  4.0100E-04  4.3587E-04  4.5467E-04  4.5767E-04  4.0109E-04  3.8363E-04  3.4054E-04  2.9508E-04
       3.2943E-04  4.0994E-04  4.7016E-04  4.8196E-04  5.2558E-04  5.1836E-04  4.9322E-04  4.5237E-04  4.0319E-04  3.2254E-04
       3.5285E-04  4.2617E-04  4.8559E-04  5.4352E-04  5.6169E-04  5.7984E-04  5.3060E-04  4.4649E-04  4.4650E-04  3.3469E-04
       3.6240E-04  4.4888E-04  4.8996E-04  5.5425E-04  5.8564E-04  5.7684E-04  5.3571E-04  4.7699E-04  4.3742E-04  3.3855E-04
       3.6403E-04  4.4814E-04  4.8309E-04  5.4165E-04  5.9218E-04  5.9202E-04  5.5894E-04  4.9300E-04  4.4434E-04  3.6095E-04
       3.8235E-04  4.3532E-04  5.0554E-04  5.5204E-04  5.7830E-04  5.7357E-04  5.5537E-04  5.0030E-04  4.6556E-04  3.6201E-04
       3.6715E-04  4.2888E-04  4.9557E-04  5.4809E-04  5.7610E-04  5.4572E-04  5.4858E-04  5.0031E-04  4.4088E-04  3.4978E-04
       3.7263E-04  4.1152E-04  4.8076E-04  5.4281E-04  5.5175E-04  5.4528E-04  5.2376E-04  4.8177E-04  4.0667E-04  3.3458E-04
       3.4690E-04  4.0038E-04  4.4735E-04  5.0169E-04  5.1813E-04  5.1665E-04  4.7539E-04  4.6429E-04  4.1683E-04  3.3997E-04
       2.8918E-04  3.5428E-04  3.9625E-04  4.2074E-04  4.4706E-04  4.6198E-04  4.2890E-04  3.9400E-04  3.5781E-04  3.0267E-04
       2.2259E-04  2.8306E-04  3.2244E-04  3.5191E-04  3.7689E-04  3.7174E-04  3.5208E-04  3.3039E-04  2.8702E-04  2.2617E-04
       2.7452E-04  3.5466E-04  3.9210E-04  4.2544E-04  4.6644E-04  4.5011E-04  4.3258E-04  3.8878E-04  3.4310E-04  2.6859E-04
       2.9618E-04  3.7663E-04  4.3622E-04  4.8841E-04  5.0107E-04  5.2412E-04  4.7622E-04  4.1628E-04  3.9399E-04  2.9476E-04
       3.2516E-04  4.0101E-04  4.4970E-04  5.1090E-04  5.3463E-04  5.3683E-04  4.7314E-04  4.4561E-04  4.0975E-04  2.9560E-04
       3.1096E-04  4.0052E-04  4.7007E-04  5.0084E-04  5.5021E-04  5.3643E-04  5.2034E-04  4.5167E-04  4.1689E-04  3.0372E-04
       3.2019E-04  4.0684E-04  4.6216E-04  4.9362E-04  5.3217E-04  5.2476E-04  4.9940E-04  4.4262E-04  4.1359E-04  3.0061E-04
       3.1695E-04  3.8065E-04  4.6773E-04  5.0790E-04  5.3062E-04  5.0434E-04  4.8650E-04  4.3850E-04  3.9944E-04  2.8695E-04
       3.0349E-04  3.7192E-04  4.3759E-04  4.8749E-04  5.1182E-04  5.0966E-04  4.7529E-04  4.2473E-04  3.8052E-04  2.8726E-04
       2.8288E-04  3.5262E-04  3.9099E-04  4.5904E-04  4.4878E-04  4.6400E-04  4.2520E-04  4.0393E-04  3.4483E-04  2.7328E-04
       2.3309E-04  2.9438E-04  3.2552E-04  3.6272E-04  3.5920E-04  3.8179E-04  3.7074E-04  3.2798E-04  2.8175E-04  2.2740E-04
       1.7314E-04  2.0815E-04  2.5345E-04  2.7597E-04  2.8809E-04  2.7507E-04  2.6405E-04  2.5392E-04  2.2126E-04  1.6639E-04
       2.0999E-04  2.8193E-04  3.1255E-04  3.4620E-04  3.5725E-04  3.6048E-04  3.4801E-04  3.2864E-04  2.8431E-04  2.0738E-04
       2.1850E-04  2.9651E-04  3.6690E-04  3.9325E-04  4.1830E-04  4.2026E-04  3.9149E-04  3.4203E-04  3.1667E-04  2.2689E-04
       2.4549E-04  3.1370E-04  3.7891E-04  4.1140E-04  4.6408E-04  4.5500E-04  4.2289E-04  3.6234E-04  3.2948E-04  2.1814E-04
       2.4012E-04  3.2455E-04  3.7594E-04  4.1135E-04  4.5540E-04  4.4813E-04  4.3340E-04  3.7588E-04  3.2712E-04  2.3633E-04
       2.4065E-04  3.4138E-04  3.7468E-04  4.2261E-04  4.5613E-04  4.4052E-04  4.3162E-04  3.5899E-04  3.3033E-04  2.3626E-04
       2.4344E-04  3.1855E-04  3.8839E-04  4.0521E-04  4.5022E-04  4.4493E-04  4.2952E-04  3.6143E-04  3.1058E-04  2.4176E-04
       2.2969E-04  2.9129E-04  3.4068E-04  3.8955E-04  4.1396E-04  4.3270E-04  3.9667E-04  3.4970E-04  3.0079E-04  2.1722E-04
       2.2177E-04  2.8012E-04  3.1137E-04  3.5883E-04  3.7557E-04  3.6037E-04  3.5061E-04  3.0293E-04  2.8040E-04  2.0797E-04
       1.6915E-04  2.1015E-04  2.4676E-04  2.8129E-04  2.7626E-04  2.9139E-04  2.7186E-04  2.4912E-04  2.1150E-04  1.6712E-04
       1.2475E-04  1.5938E-04  2.0069E-04  1.9957E-04  2.2495E-04  2.2975E-04  2.0620E-04  1.9607E-04  1.7338E-04  1.2817E-04
       1.5770E-04  2.0391E-04  2.3682E-04  2.7583E-04  2.7737E-04  2.8575E-04  2.8579E-04  2.4905E-04  2.1615E-04  1.6161E-04
       1.6553E-04  2.2901E-04  2.9501E-04  3.2035E-04  3.3742E-04  3.2211E-04  3.1458E-04  2.6767E-04  2.4563E-04  1.7798E-04
       1.6803E-04  2.5395E-04  3.0189E-04  3.3543E-04  3.7363E-04  3.5666E-04  3.4242E-04  2.7948E-04  2.6436E-04  1.7961E-04
       1.8815E-04  2.6222E-04  3.0259E-04  3.3259E-04  3.9121E-04  3.5012E-04  3.6203E-04  2.8842E-04  2.6225E-04  1.9309E-04
       1.8353E-04  2.6396E-04  3.1590E-04  3.4084E-04  3.8287E-04  3.4989E-04  3.4347E-04  2.9791E-04  2.6049E-04  1.9837E-04
       1.8579E-04  2.5063E-04  3.0449E-04  3.2869E-04  3.6398E-04  3.4143E-04  3.3420E-04  2.8626E-04  2.5155E-04  1.7526E-04
       1.7213E-04  2.2632E-04  2.6766E-04  3.0546E-04  3.4566E-04  3.1506E-04  3.1035E-04  2.7629E-04  2.4236E-04  1.6269E-04
       1.5533E-04  2.0684E-04  2.3094E-04  2.7262E-04  2.8607E-04  2.7739E-04  2.6441E-04  2.4365E-04  2.0697E-04  1.4515E-04
       1.3405E-04  1.5511E-04  1.9284E-04  2.1772E-04  2.2044E-04  2.1433E-04  2.0818E-04  1.8247E-04  1.5707E-04  1.1905E-04
       9.7288E-05  1.2850E-04  1.4222E-04  1.6443E-04  1.6815E-04  1.8178E-04  1.6519E-04  1.5213E-04  1.4493E-04  8.7982E-05
       1.1829E-04  1.6127E-04  1.8335E-04  2.1131E-04  2.2118E-04  2.2902E-04  2.2837E-04  1.8483E-04  1.6853E-04  1.2098E-04
       1.2363E-04  1.9055E-04  2.1808E-04  2.5597E-04  2.6207E-04  2.6334E-04  2.5933E-04  2.1787E-04  1.8428E-04  1.3781E-04
       1.3526E-04  1.9842E-04  2.4696E-04  2.5469E-04  2.9908E-04  2.8298E-04  2.8142E-04  2.3142E-04  1.9769E-04  1.3324E-04
       1.4330E-04  1.9370E-04  2.5006E-04  2.7498E-04  2.9833E-04  2.5613E-04  2.7103E-04  2.3947E-04  2.0066E-04  1.4905E-04
       1.4351E-04  2.0755E-04  2.5073E-04  2.7320E-04  2.9979E-04  2.6591E-04  2.7740E-04  2.3547E-04  1.9647E-04  1.4090E-04
       1.4315E-04  1.9644E-04  2.3039E-04  2.5503E-04  2.9191E-04  2.7071E-04  2.6904E-04  2.2840E-04  2.0207E-04  1.3966E-04
       1.3449E-04  1.7796E-04  2.1219E-04  2.3717E-04  2.6438E-04  2.5609E-04  2.3509E-04  2.1836E-04  1.8344E-04  1.3108E-04
       1.2175E-04  1.6654E-04  1.7723E-04  2.1608E-04  2.2695E-04  2.2026E-04  2.1217E-04  1.7946E-04  1.5976E-04  1.1936E-04
       9.9327E-05  1.1920E-04  1.4019E-04  1.6398E-04  1.5977E-04  1.6541E-04  1.5733E-04  1.4196E-04  1.3239E-04  1.0507E-04
       7.6087E-05  9.8489E-05  1.1102E-04  1.1773E-04  1.3854E-04  1.3509E-04  1.3476E-04  1.1778E-04  1.0926E-04  7.0748E-05
       9.2785E-05  1.2282E-04  1.4751E-04  1.6314E-04  1.6942E-04  1.7932E-04  1.7614E-04  1.4440E-04  1.3018E-04  8.3832E-05
       1.0342E-04  1.5220E-04  1.8734E-04  1.8891E-04  1.9452E-04  1.9681E-04  2.0205E-04  1.7695E-04  1.4265E-04  1.0300E-04
       1.1754E-04  1.5534E-04  1.8344E-04  1.9666E-04  2.1705E-04  2.0723E-04  2.2045E-04  1.8350E-04  1.5499E-04  1.1233E-04
       1.1026E-04  1.6479E-04  1.8736E-04  1.9818E-04  2.2467E-04  2.1040E-04  2.2103E-04  2.0243E-04  1.4985E-04  1.1835E-04
       1.0961E-04  1.5906E-04  2.0225E-04  2.2120E-04  2.2965E-04  2.2264E-04  2.1518E-04  1.8715E-04  1.4956E-04  1.1629E-04
       1.1109E-04  1.5397E-04  1.8281E-04  2.0938E-04  2.2024E-04  2.1091E-04  2.0835E-04  1.7991E-04  1.5284E-04  1.1364E-04
       9.9226E-05  1.4158E-04  1.7465E-04  1.9202E-04  2.1619E-04  2.0973E-04  1.7624E-04  1.7115E-04  1.4363E-04  1.0454E-04
       9.2547E-05  1.2699E-04  1.4819E-04  1.6373E-04  1.9415E-04  1.8225E-04  1.6180E-04  1.4037E-04  1.2240E-04  8.6342E-05
       7.9286E-05  1.0249E-04  1.0950E-04  1.2170E-04  1.2650E-04  1.2724E-04  1.2041E-04  1.0596E-04  1.0306E-04  8.1238E-05
       6.7851E-05  8.0600E-05  8.7152E-05  9.1616E-05  1.0432E-04  1.1060E-04  1.0091E-04  9.0964E-05  8.1928E-05  5.4765E-05
       8.0954E-05  9.7192E-05  1.2202E-04  1.2585E-04  1.2954E-04  1.3591E-04  1.3559E-04  1.1254E-04  1.0102E-04  6.9357E-05
       8.5761E-05  1.1547E-04  1.4085E-04  1.4213E-04  1.5549E-04  1.4303E-04  1.5417E-04  1.3684E-04  1.1784E-04  7.7457E-05
       8.0972E-05  1.2221E-04  1.3899E-04  1.5244E-04  1.6431E-04  1.6585E-04  1.6935E-04  1.4198E-04  1.2398E-04  8.8372E-05
       8.3140E-05  1.3106E-04  1.4324E-04  1.6642E-04  1.7796E-04  1.7295E-04  1.6139E-04  1.4033E-04  1.1502E-04  8.8622E-05
       8.7594E-05  1.2657E-04  1.5499E-04  1.7265E-04  1.7003E-04  1.8431E-04  1.5312E-04  1.3735E-04  1.2708E-04  8.8906E-05
       8.4124E-05  1.2122E-04  1.4565E-04  1.5675E-04  1.6964E-04  1.6835E-04  1.5413E-04  1.4114E-04  1.1048E-04  9.1279E-05
       7.8131E-05  1.0335E-04  1.3949E-04  1.4864E-04  1.5859E-04  1.6053E-04  1.4734E-04  1.3678E-04  1.0947E-04  8.6677E-05
       7.4723E-05  8.8345E-05  1.2266E-04  1.3538E-04  1.3770E-04  1.4761E-04  1.4041E-04  1.1840E-04  9.0011E-05  7.1368E-05
       6.5568E-05  7.8586E-05  9.4073E-05  9.9934E-05  1.0842E-04  1.0798E-04  9.5345E-05  8.0601E-05  8.4577E-05  6.6923E-05
       4.7802E-05  6.3713E-05  7.8305E-05  6.8568E-05  7.9069E-05  8.0001E-05  7.9349E-05  7.3807E-05  6.1165E-05  5.1134E-05
       5.6730E-05  7.9566E-05  9.7930E-05  9.6366E-05  1.0067E-04  1.0073E-04  1.0131E-04  9.5382E-05  8.1419E-05  5.6770E-05
       6.2099E-05  9.2842E-05  1.1298E-04  1.1758E-04  1.1793E-04  1.1759E-04  1.1718E-04  1.0638E-04  9.3651E-05  5.9755E-05
       6.2245E-05  9.7724E-05  1.1388E-04  1.1989E-04  1.3067E-04  1.1947E-04  1.2363E-04  1.1257E-04  9.3732E-05  6.7667E-05
       6.6281E-05  9.9044E-05  1.1486E-04  1.3109E-04  1.4019E-04  1.2943E-04  1.2207E-04  1.2163E-04  9.4380E-05  7.3223E-05
       6.8991E-05  9.9245E-05  1.1212E-04  1.2857E-04  1.3142E-04  1.3054E-04  1.1675E-04  1.0637E-04  9.3296E-05  7.3822E-05
       6.0897E-05  8.4376E-05  1.1447E-04  1.1954E-04  1.3235E-04  1.2305E-04  1.1486E-04  1.0417E-04  8.6637E-05  6.7334E-05
       6.5899E-05  7.2880E-05  1.0871E-04  1.1986E-04  1.1901E-04  1.2838E-04  1.1794E-04  1.0532E-04  8.5588E-05  5.7711E-05
       5.8463E-05  6.8927E-05  1.0184E-04  1.0588E-04  9.6834E-05  1.0510E-04  1.0537E-04  9.2659E-05  7.3403E-05  5.7899E-05
       5.3572E-05  5.2434E-05  7.8888E-05  8.6312E-05  7.8881E-05  8.6565E-05  6.9834E-05  6.9945E-05  6.7542E-05  4.9802E-05
       4.3656E-05  4.5781E-05  5.8526E-05  5.6971E-05  5.8777E-05  5.6219E-05  6.3102E-05  6.2822E-05  5.0088E-05  4.5171E-05
       4.4598E-05  5.8416E-05  7.0471E-05  7.8483E-05  7.9239E-05  7.5249E-05  8.1398E-05  7.1828E-05  5.7078E-05  4.6640E-05
       4.7018E-05  7.4414E-05  7.5380E-05  9.2799E-05  9.0100E-05  9.7223E-05  8.8640E-05  8.3418E-05  6.4810E-05  4.6173E-05
       5.6532E-05  6.8344E-05  8.0445E-05  9.7236E-05  9.9913E-05  9.5937E-05  8.9171E-05  8.8690E-05  7.2835E-05  5.1065E-05
       5.0904E-05  7.7277E-05  9.1479E-05  9.8865E-05  1.0679E-04  1.0801E-04  9.2583E-05  9.1866E-05  7.4053E-05  5.4148E-05
       5.0785E-05  7.3931E-05  8.7067E-05  9.9275E-05  1.0146E-04  9.9342E-05  8.6051E-05  8.5149E-05  7.7692E-05  5.9361E-05
       5.2944E-05  6.2332E-05  9.0017E-05  9.0009E-05  1.0682E-04  9.8413E-05  9.8444E-05  8.7447E-05  7.1525E-05  5.4324E-05
       5.0044E-05  6.4371E-05  8.3716E-05  8.3897E-05  8.9008E-05  8.8291E-05  8.8129E-05  8.1787E-05  7.0083E-05  4.7305E-05
       4.7165E-05  5.6671E-05  7.5171E-05  7.9625E-05  7.6012E-05  7.4282E-05  7.9885E-05  6.7981E-05  6.0569E-05  4.6370E-05
       4.3403E-05  4.8122E-05  5.6928E-05  6.7926E-05  5.7653E-05  7.0762E-05  6.7248E-05  6.2289E-05  5.2568E-05  3.7873E-05
       3.6264E-05  4.2707E-05  4.7021E-05  4.7589E-05  4.7375E-05  4.4062E-05  4.8148E-05  4.7090E-05  3.9466E-05  4.1554E-05
       4.0971E-05  4.9570E-05  6.3101E-05  6.2629E-05  5.8485E-05  5.4913E-05  6.3209E-05  5.2154E-05  4.5990E-05  4.4429E-05
       4.3370E-05  5.5300E-05  6.3378E-05  7.6157E-05  6.2452E-05  7.5657E-05  6.5010E-05  6.2260E-05  5.2460E-05  3.9210E-05
       4.4597E-05  5.4455E-05  5.9316E-05  7.9178E-05  7.4657E-05  7.4197E-05  7.2300E-05  7.0108E-05  4.7903E-05  4.6029E-05
       4.3029E-05  5.1038E-05  6.0556E-05  7.3852E-05  7.1982E-05  7.1364E-05  6.2877E-05  6.3237E-05  5.9932E-05  4.4244E-05
       4.1105E-05  5.4468E-05  6.9078E-05  7.0028E-05  6.7438E-05  6.8154E-05  6.2347E-05  6.3664E-05  5.6604E-05  4.5828E-05
       4.0869E-05  5.3960E-05  6.5477E-05  6.9513E-05  6.9042E-05  6.5153E-05  6.9004E-05  6.3655E-05  5.8871E-05  4.1216E-05
       4.0179E-05  5.3341E-05  6.1288E-05  6.9539E-05  6.2259E-05  6.6811E-05  6.4895E-05  6.3769E-05  5.7033E-05  4.3091E-05
       4.0925E-05  4.5795E-05  5.7114E-05  5.8143E-05  5.7517E-05  6.1169E-05  6.5568E-05  5.0397E-05  5.0612E-05  3.5612E-05
       3.6584E-05  4.6701E-05  4.8025E-05  4.6311E-05  4.4982E-05  5.2026E-05  5.4555E-05  4.5480E-05  3.9764E-05  3.4090E-05

      Percentage errors follow in a matrix A(ix,iy,iz), format (1(5x,1p,10(1x,e11.4)))

       2.9519E+00  2.4493E+00  2.5291E+00  2.0395E+00  1.8628E+00  2.4370E+00  2.6953E+00  1.9959E+00  2.6812E+00  3.2845E+00
       2.5746E+00  2.7111E+00  1.5139E+00  2.1780E+00  1.8616E+00  1.9123E+00  2.3644E+00  2.6012E+00  2.4935E+00  2.5203E+00
       2.1630E+00  1.9198E+00  2.5352E+00  2.1902E+00  1.9702E+00  1.9866E+00  1.9298E+00  3.1150E+00  2.9461E+00  3.5766E+00
       2.6071E+00  2.4518E+00  2.3485E+00  1.9470E+00  2.8849E+00  2.3183E+00  1.8983E+00  2.7478E+00  2.8588E+00  2.6834E+00
       2.2612E+00  2.1202E+00  1.9246E+00  1.9821E+00  2.3221E+00  1.7991E+00  2.5278E+00  1.8712E+00  2.0917E+00  3.3137E+00
       1.5458E+00  2.7857E+00  2.0381E+00  2.1919E+00  1.8642E+00  2.1558E+00  2.2945E+00  1.5486E+00  2.6570E+00  1.8344E+00
       2.2460E+00  2.7160E+00  1.7755E+00  2.3804E+00  1.9369E+00  1.6088E+00  2.9199E+00  2.1808E+00  2.4619E+00  3.1066E+00
       2.4053E+00  2.3381E+00  2.7118E+00  2.3284E+00  1.6340E+00  2.5246E+00  2.1411E+00  2.1152E+00  2.1431E+00  2.1231E+00
       2.4406E+00  2.2344E+00  2.1877E+00  2.5309E+00  1.9800E+00  2.3715E+00  1.8547E+00  2.6608E+00  2.4371E+00  2.8864E+00
       3.4498E+00  2.7190E+00  2.4887E+00  3.2293E+00  2.4571E+00  2.4250E+00  2.1849E+00  2.5821E+00  2.8290E+00  2.4478E+00
       2.9448E+00  2.8576E+00  3.3764E+00  2.8956E+00  2.4714E+00  2.5711E+00  3.6997E+00  2.2838E+00  2.9684E+00  4.0847E+00
       3.3171E+00  2.6364E+00  2.4297E+00  2.1934E+00  2.4878E+00  2.7861E+00  1.9408E+00  2.9686E+00  3.7507E+00  3.5386E+00
       2.8788E+00  2.5112E+00  2.1399E+00  2.5134E+00  2.1735E+00  2.4248E+00  2.0011E+00  3.4293E+00  3.0629E+00  2.7760E+00
       3.2919E+00  2.7920E+00  2.2359E+00  1.9760E+00  2.7721E+00  2.4994E+00  2.0369E+00  2.9259E+00  3.3898E+00  3.1393E+00
       3.1824E+00  2.7270E+00  2.8798E+00  1.8439E+00  1.9836E+00  2.1476E+00  2.8418E+00  2.1733E+00  2.5242E+00  3.5873E+00
       2.6806E+00  2.2492E+00  2.7996E+00  2.5411E+00  1.9605E+00  2.4168E+00  2.4555E+00  2.3195E+00  2.0905E+00  2.7135E+00
       2.7182E+00  2.6964E+00  2.5289E+00  2.4141E+00  2.2128E+00  2.4597E+00  3.1127E+00  2.4565E+00  2.3029E+00  4.0584E+00
       2.2646E+00  2.4649E+00  2.7438E+00  2.3012E+00  2.5020E+00  3.2453E+00  1.9445E+00  2.7359E+00  2.3558E+00  3.3376E+00
       3.4324E+00  2.5738E+00  2.5191E+00  2.0797E+00  2.5239E+00  2.4837E+00  2.3780E+00  3.3998E+00  1.8660E+00  3.7884E+00
       3.6896E+00  2.9866E+00  3.8534E+00  3.6233E+00  1.9926E+00  2.3816E+00  2.6854E+00  3.0587E+00  3.0209E+00  3.2366E+00
       3.3964E+00  3.7125E+00  3.1273E+00  3.5075E+00  2.9686E+00  3.0991E+00  3.5354E+00  3.2812E+00  3.8393E+00  4.2357E+00
       3.4642E+00  3.3593E+00  3.3508E+00  2.7297E+00  3.2879E+00  2.2141E+00  3.6029E+00  2.9847E+00  3.9727E+00  4.3291E+00
       3.0217E+00  3.3497E+00  2.6467E+00  2.8404E+00  2.4324E+00  2.3453E+00  2.6712E+00  2.5944E+00  3.7916E+00  3.8562E+00
       3.5046E+00  2.4809E+00  2.4380E+00  2.8292E+00  2.7131E+00  2.3359E+00  2.5565E+00  2.5920E+00  2.3956E+00  3.4055E+00
       2.6724E+00  2.5814E+00  2.4533E+00  2.9303E+00  2.2903E+00  2.0783E+00  3.0358E+00  2.9583E+00  2.9254E+00  3.6480E+00
       3.2888E+00  3.0205E+00  2.7797E+00  2.2763E+00  2.5997E+00  3.4499E+00  2.2649E+00  3.1478E+00  3.1015E+00  4.1287E+00
       3.2276E+00  2.5852E+00  3.3369E+00  2.4374E+00  2.2221E+00  2.7596E+00  3.2016E+00  2.9266E+00  2.8042E+00  4.2118E+00
       3.1184E+00  2.7444E+00  3.7588E+00  2.9329E+00  2.4429E+00  2.5868E+00  2.9815E+00  2.4071E+00  2.4583E+00  3.8525E+00
       3.5029E+00  3.6576E+00  2.7543E+00  2.5701E+00  2.9949E+00  2.2712E+00  3.2326E+00  3.1625E+00  2.4818E+00  3.8736E+00
       4.0575E+00  3.4482E+00  2.3542E+00  2.7457E+00  3.2846E+00  2.3297E+00  3.2606E+00  3.4113E+00  3.8994E+00  4.8346E+00
       3.8639E+00  4.4897E+00  3.8551E+00  3.5914E+00  2.5113E+00  2.8816E+00  4.4005E+00  4.2766E+00  4.3471E+00  5.0394E+00
       5.3887E+00  3.6228E+00  4.4177E+00  2.5994E+00  3.5405E+00  3.5476E+00  3.3728E+00  2.9959E+00  3.5730E+00  4.5798E+00
       4.1477E+00  4.0447E+00  2.9580E+00  2.6777E+00  3.2605E+00  3.0911E+00  2.1323E+00  3.3410E+00  3.5301E+00  3.6645E+00
       4.1260E+00  3.1674E+00  2.9811E+00  3.4611E+00  3.4932E+00  2.9961E+00  3.5339E+00  2.8938E+00  3.8098E+00  3.8017E+00
       3.9021E+00  3.2120E+00  2.2840E+00  2.3672E+00  3.5427E+00  2.6013E+00  3.1703E+00  3.1254E+00  3.0737E+00  4.1938E+00
       3.6168E+00  2.7614E+00  3.3893E+00  3.1435E+00  2.8943E+00  2.7659E+00  2.3489E+00  3.8083E+00  3.0906E+00  4.3182E+00
       3.7000E+00  3.6241E+00  2.8368E+00  2.4541E+00  2.6905E+00  2.9240E+00  2.7057E+00  3.1920E+00  3.4900E+00  4.2240E+00
       3.7700E+00  3.8089E+00  4.2446E+00  2.8723E+00  2.9955E+00  3.3348E+00  2.6454E+00  2.8273E+00  4.1060E+00  3.7041E+00
       3.5729E+00  3.9205E+00  3.8731E+00  2.9235E+00  3.4297E+00  2.5076E+00  3.4017E+00  3.4077E+00  4.2848E+00  3.5015E+00
       5.6148E+00  3.9995E+00  3.4816E+00  4.0794E+00  3.9809E+00  3.7019E+00  2.9374E+00  4.5127E+00  4.6663E+00  5.7037E+00
       4.9055E+00  4.2333E+00  3.8533E+00  4.2219E+00  3.0142E+00  3.4520E+00  3.8364E+00  4.1955E+00  3.4530E+00  6.4030E+00
       5.1022E+00  4.3396E+00  4.2346E+00  3.5559E+00  3.4945E+00  3.9786E+00  4.3969E+00  4.0554E+00  4.1560E+00  4.8268E+00
       4.5869E+00  4.3160E+00  3.3643E+00  3.7316E+00  3.0988E+00  3.1414E+00  3.5079E+00  3.5471E+00  3.2288E+00  4.7343E+00
       5.5321E+00  4.7211E+00  4.3759E+00  3.3605E+00  3.6353E+00  2.5918E+00  3.2529E+00  4.1293E+00  3.4701E+00  4.5791E+00
       4.1956E+00  3.4460E+00  3.1376E+00  2.7529E+00  2.2354E+00  3.0459E+00  3.7865E+00  3.2213E+00  3.9172E+00  4.5797E+00
       4.4588E+00  3.3472E+00  3.6780E+00  3.1663E+00  3.1632E+00  2.7513E+00  2.3277E+00  3.9216E+00  4.1326E+00  5.2624E+00
       3.4069E+00  2.9523E+00  3.7166E+00  3.7388E+00  2.8227E+00  3.9488E+00  2.8987E+00  3.7344E+00  4.2143E+00  4.5634E+00
       4.4652E+00  4.0965E+00  3.7557E+00  3.9825E+00  4.3412E+00  3.1592E+00  4.4637E+00  3.7771E+00  4.3096E+00  4.0662E+00
       4.2078E+00  3.6101E+00  3.9428E+00  4.0688E+00  4.0557E+00  3.2184E+00  3.3684E+00  3.0980E+00  4.1565E+00  4.5682E+00
       4.5082E+00  4.3263E+00  4.1754E+00  3.8652E+00  3.6776E+00  3.9769E+00  4.0983E+00  3.9067E+00  5.3181E+00  6.1854E+00
       3.6742E+00  5.6097E+00  5.2398E+00  3.2072E+00  4.0791E+00  5.6918E+00  4.5652E+00  3.8743E+00  4.2329E+00  5.2220E+00
       5.2227E+00  4.4140E+00  5.1418E+00  4.2173E+00  4.7350E+00  4.9034E+00  3.6094E+00  4.2707E+00  4.8323E+00  7.6094E+00
       5.7304E+00  4.0644E+00  5.5289E+00  4.3763E+00  4.5476E+00  3.4425E+00  4.0463E+00  3.9284E+00  3.7314E+00  3.9944E+00
       5.1777E+00  3.9017E+00  5.0507E+00  4.1313E+00  3.1681E+00  3.3980E+00  4.8586E+00  3.3514E+00  3.9039E+00  5.8972E+00
       4.0347E+00  3.6364E+00  3.8126E+00  3.6504E+00  3.6085E+00  4.0577E+00  3.5703E+00  4.1399E+00  3.2660E+00  5.2396E+00
       4.5288E+00  3.3761E+00  3.5307E+00  3.5336E+00  4.1527E+00  3.9369E+00  2.7881E+00  3.8191E+00  2.7872E+00  4.2974E+00
       5.1728E+00  3.4240E+00  4.9865E+00  4.8900E+00  3.4253E+00  3.3430E+00  3.2727E+00  3.9570E+00  6.0273E+00  5.6147E+00
       4.8260E+00  4.0245E+00  4.4694E+00  3.7162E+00  3.9084E+00  3.2960E+00  3.2578E+00  4.7919E+00  5.0030E+00  5.6205E+00
       4.9998E+00  4.2036E+00  4.1266E+00  4.0486E+00  5.2521E+00  3.9069E+00  4.6048E+00  3.4408E+00  5.1748E+00  4.1806E+00
       3.9586E+00  4.5349E+00  3.7318E+00  4.4064E+00  3.5814E+00  4.3842E+00  4.9834E+00  3.5006E+00  5.8979E+00  6.3456E+00
       6.0188E+00  3.6916E+00  6.0075E+00  4.7642E+00  5.2767E+00  5.0231E+00  4.7501E+00  4.7382E+00  5.9840E+00  6.6729E+00
       6.0603E+00  5.2200E+00  5.7189E+00  4.2596E+00  5.1028E+00  4.8130E+00  4.1411E+00  4.8826E+00  5.4827E+00  6.6244E+00
       6.2737E+00  4.1134E+00  5.3345E+00  4.0776E+00  3.8192E+00  4.2814E+00  3.7185E+00  5.7180E+00  6.1523E+00  6.6544E+00
       4.3470E+00  5.8364E+00  4.5907E+00  3.5779E+00  4.0612E+00  4.0282E+00  4.0211E+00  4.0747E+00  4.7264E+00  6.8814E+00
       5.5164E+00  3.7021E+00  4.7218E+00  4.4270E+00  4.3619E+00  4.2257E+00  4.7004E+00  4.0913E+00  4.9288E+00  5.1137E+00
       5.7241E+00  5.7288E+00  4.9543E+00  4.3085E+00  4.7161E+00  2.7314E+00  4.2657E+00  4.2016E+00  4.9630E+00  5.2880E+00
       5.5238E+00  3.9012E+00  4.9287E+00  4.9494E+00  4.3245E+00  4.9886E+00  4.8235E+00  4.1682E+00  5.8069E+00  5.2350E+00
       6.0569E+00  5.1813E+00  5.8718E+00  5.4866E+00  4.6495E+00  3.2195E+00  3.4986E+00  4.9384E+00  5.3576E+00  5.6798E+00
       6.6364E+00  5.8815E+00  4.0869E+00  3.7859E+00  4.6009E+00  5.3487E+00  6.1691E+00  4.5818E+00  5.7569E+00  5.6123E+00
       5.1949E+00  6.4917E+00  4.9697E+00  5.3944E+00  4.4560E+00  4.6947E+00  4.7244E+00  5.9269E+00  4.3827E+00  6.8916E+00
       6.5009E+00  6.5910E+00  6.7156E+00  5.6337E+00  5.1989E+00  4.7095E+00  4.1831E+00  5.8586E+00  7.1087E+00  6.7861E+00
       6.0429E+00  6.2634E+00  5.8936E+00  4.7464E+00  4.7171E+00  5.2717E+00  5.3342E+00  5.2003E+00  6.3285E+00  7.1425E+00
       7.9879E+00  6.6164E+00  5.5523E+00  4.6876E+00  4.1350E+00  4.9255E+00  4.9493E+00  6.2597E+00  6.5811E+00  6.6150E+00
       7.4897E+00  5.4413E+00  4.7950E+00  3.9787E+00  4.6797E+00  6.0309E+00  3.4995E+00  4.5121E+00  5.4655E+00  5.7955E+00
       6.3175E+00  4.5687E+00  5.0567E+00  4.8071E+00  4.1226E+00  6.0925E+00  5.4217E+00  4.7748E+00  5.7037E+00  6.0318E+00
       6.3345E+00  5.7446E+00  4.8296E+00  4.4156E+00  4.0160E+00  3.4085E+00  5.4017E+00  3.9689E+00  7.7273E+00  6.7072E+00
       6.4339E+00  5.2245E+00  4.4203E+00  5.5655E+00  5.9010E+00  3.9893E+00  4.6022E+00  3.8067E+00  6.7405E+00  4.6219E+00
       7.9688E+00  5.7079E+00  5.9360E+00  4.0781E+00  3.9064E+00  4.5414E+00  4.4379E+00  4.8190E+00  5.1953E+00  8.2869E+00
       6.7810E+00  6.2652E+00  4.6943E+00  4.9297E+00  3.8535E+00  6.0008E+00  5.4907E+00  4.6397E+00  4.7031E+00  6.4061E+00
       8.4692E+00  7.3716E+00  6.0551E+00  6.5582E+00  6.9901E+00  4.8928E+00  5.9927E+00  5.5859E+00  5.2074E+00  8.3063E+00
       7.6679E+00  6.5359E+00  5.1693E+00  5.8481E+00  5.9005E+00  6.9697E+00  5.9789E+00  5.0313E+00  7.4309E+00  8.5706E+00
       7.8082E+00  7.1281E+00  5.6850E+00  5.9071E+00  6.2909E+00  7.1916E+00  5.1883E+00  5.3493E+00  6.3164E+00  7.6287E+00
       6.7686E+00  5.5055E+00  5.5060E+00  5.6808E+00  5.8677E+00  5.3065E+00  5.5157E+00  4.0264E+00  6.5943E+00  7.4399E+00
       9.6672E+00  6.8771E+00  6.5987E+00  6.4329E+00  5.5906E+00  5.5191E+00  5.0912E+00  4.0682E+00  5.2335E+00  7.7386E+00
       6.1519E+00  6.2551E+00  7.0322E+00  4.3288E+00  3.6685E+00  5.7685E+00  4.7194E+00  5.7697E+00  5.3440E+00  8.7085E+00
       6.8344E+00  6.3407E+00  7.1988E+00  6.5823E+00  4.0976E+00  5.6372E+00  5.7303E+00  5.6626E+00  5.7307E+00  8.7840E+00
       8.2421E+00  5.3309E+00  4.5670E+00  5.5594E+00  5.6509E+00  5.1821E+00  5.1579E+00  6.4932E+00  6.5109E+00  6.2968E+00
       6.5939E+00  6.3156E+00  6.6949E+00  5.7630E+00  6.5421E+00  4.2141E+00  5.2513E+00  6.2542E+00  4.5413E+00  8.9519E+00
       6.7484E+00  9.2324E+00  7.4091E+00  4.7986E+00  4.8182E+00  6.1667E+00  5.5059E+00  5.6400E+00  5.3690E+00  8.1888E+00
       6.6199E+00  6.2717E+00  7.8347E+00  5.9181E+00  6.9579E+00  6.1026E+00  5.0123E+00  7.8115E+00  6.0311E+00  8.2343E+00
       8.9227E+00  6.5434E+00  7.4614E+00  6.1058E+00  6.3280E+00  8.9903E+00  6.7158E+00  6.2960E+00  8.0128E+00  6.6791E+00
       8.5080E+00  8.9171E+00  5.7733E+00  6.0993E+00  6.0594E+00  6.5408E+00  6.6910E+00  7.3547E+00  8.6159E+00  7.8046E+00
       8.3661E+00  7.7809E+00  6.5069E+00  6.5697E+00  6.1942E+00  6.9895E+00  5.9406E+00  5.6883E+00  8.9838E+00  6.1372E+00
       6.7838E+00  6.5233E+00  7.0529E+00  5.7495E+00  5.9474E+00  5.7163E+00  6.7367E+00  5.7839E+00  6.9452E+00  6.7711E+00
       5.6785E+00  6.1641E+00  7.1712E+00  4.7058E+00  4.5536E+00  5.6364E+00  4.7774E+00  5.5259E+00  6.5726E+00  7.5943E+00
       6.3829E+00  7.5757E+00  6.2857E+00  5.3982E+00  6.3165E+00  6.0894E+00  6.5785E+00  6.1760E+00  6.4730E+00  8.3715E+00
       8.5174E+00  7.5718E+00  6.1916E+00  6.9621E+00  6.8498E+00  6.4834E+00  6.2134E+00  4.4906E+00  6.0278E+00  7.8589E+00
       8.7205E+00  5.5855E+00  7.3032E+00  5.1277E+00  7.7133E+00  6.3499E+00  5.1779E+00  6.2847E+00  7.0403E+00  7.7728E+00
       7.3671E+00  8.9532E+00  7.3667E+00  6.3576E+00  6.1853E+00  5.6610E+00  7.3180E+00  6.4856E+00  9.1239E+00  8.9570E+00
       7.0593E+00  7.0642E+00  6.9667E+00  6.0459E+00  7.4781E+00  5.8887E+00  7.2542E+00  8.1967E+00  7.1456E+00  6.9013E+00
