1
   Cartesian binning n.   1  "DoseEq    " , generalized particle n.  240
      X coordinate: from -8.5000E+01 to  8.5000E+01 cm,    10 bins ( 1.7000E+01 cm wide)
      Y coordinate: from -2.5000E+01 to  2.5000E+01 cm,    10 bins ( 5.0000E+00 cm wide)
      Z coordinate: from  2.2500E+02 to  2.7500E+02 cm,    10 bins ( 5.0000E+00 cm wide)
      Data follow in a matrix A(ix,iy,iz), format (1(5x,1p,10(1x,e11.4)))

      accurate deposition along the tracks requested
      this is a track-length binning
       2.9181E-04  3.3581E-04  3.6632E-04  4.1104E-04  4.1385E-04  4.2488E-04  3.9804E-04  3.6625E-04  3.2788E-04  2.7818E-04
       3.1870E-04  3.8185E-04  4.2091E-04  4.5527E-04  4.8982E-04  5.0106E-04  4.7991E-04  4.4114E-04  3.7347E-04  3.0984E-04
       3.2545E-04  3.9938E-04  4.2532E-04  4.9797E-04  5.2053E-04  5.3926E-04  5.0580E-04  4.6335E-04  3.8953E-04  3.4039E-04
       3.5450E-04  4.1694E-04  4.5786E-04  4.8925E-04  5.2422E-04  5.2583E-04  5.1283E-04  4.4880E-04  4.2598E-04  3.5248E-04
       3.5263E-04  4.1889E-04  4.7288E-04  5.0257E-04  5.2177E-04  5.3828E-04  5.4300E-04  4.6474E-04  4.1541E-04  3.5285E-04
       3.4362E-04  4.1646E-04  4.6364E-04  5.0030E-04  5.3740E-04  5.3200E-04  5.3165E-04  4.6347E-04  4.2061E-04  3.5540E-04
       3.2098E-04  4.0669E-04  4.5469E-04  5.1141E-04  5.6236E-04  5.3999E-04  5.1642E-04  4.5874E-04  4.1735E-04  3.3451E-04
       3.3338E-04  3.9717E-04  4.5042E-04  5.0382E-04  5.1285E-04  5.2435E-04  4.7569E-04  4.4044E-04  4.0507E-04  3.2463E-04
       3.3853E-04  3.9937E-04  4.3202E-04  4.5447E-04  4.8870E-04  4.8053E-04  4.6731E-04  4.2277E-04  3.9915E-04  3.1638E-04
       2.8246E-04  3.2908E-04  3.6985E-04  4.0286E-04  4.3082E-04  4.3602E-04  4.2348E-04  3.7229E-04  3.5835E-04  2.7914E-04
       2.1651E-04  2.6721E-04  2.8906E-04  3.3551E-04  3.5201E-04  3.4340E-04  3.1834E-04  2.9763E-04  2.6973E-04  2.0716E-04
       2.7070E-04  3.2458E-04  3.5310E-04  4.0933E-04  4.1862E-04  4.3235E-04  4.1151E-04  3.7715E-04  3.2992E-04  2.3847E-04
       2.7976E-04  3.7945E-04  3.8723E-04  4.5866E-04  4.6290E-04  4.7830E-04  4.4496E-04  4.0405E-04  3.5381E-04  2.7119E-04
       3.0177E-04  3.7322E-04  4.2486E-04  4.6796E-04  4.9806E-04  4.8613E-04  4.7757E-04  4.1303E-04  3.8475E-04  2.8764E-04
       2.8136E-04  3.6127E-04  4.1577E-04  4.5169E-04  4.9861E-04  5.0108E-04  4.9231E-04  4.2824E-04  3.7752E-04  2.8733E-04
       2.8686E-04  3.5912E-04  4.1685E-04  4.5204E-04  4.9721E-04  4.8896E-04  4.9177E-04  4.3605E-04  3.7614E-04  2.9495E-04
       2.8489E-04  3.6253E-04  4.2341E-04  4.5443E-04  4.9347E-04  4.8965E-04  4.6263E-04  4.1373E-04  3.6446E-04  2.8271E-04
       2.8057E-04  3.4902E-04  3.9783E-04  4.4812E-04  4.6959E-04  4.7675E-04  4.4253E-04  4.0294E-04  3.5284E-04  2.8485E-04
       2.6301E-04  3.3540E-04  3.6443E-04  4.0380E-04  4.1259E-04  4.2512E-04  4.1835E-04  3.6872E-04  3.3901E-04  2.6005E-04
       2.2648E-04  2.7136E-04  2.8779E-04  3.3395E-04  3.4031E-04  3.4925E-04  3.3585E-04  3.0785E-04  2.8044E-04  2.1465E-04
       1.4671E-04  2.0503E-04  2.2141E-04  2.4925E-04  2.6845E-04  2.5169E-04  2.5337E-04  2.2599E-04  1.9436E-04  1.4962E-04
       2.0580E-04  2.6117E-04  2.7916E-04  3.1437E-04  3.3449E-04  3.5159E-04  3.2960E-04  3.1088E-04  2.5115E-04  1.8137E-04
       2.1787E-04  2.9257E-04  3.0894E-04  3.6391E-04  3.6985E-04  3.7913E-04  3.5586E-04  3.3352E-04  2.8963E-04  2.0694E-04
       2.1901E-04  3.0289E-04  3.4954E-04  3.7844E-04  4.1690E-04  4.0774E-04  3.9650E-04  3.4657E-04  3.0664E-04  2.1955E-04
       2.2672E-04  2.9783E-04  3.6117E-04  3.7391E-04  4.0983E-04  4.2433E-04  3.9569E-04  3.5947E-04  3.0647E-04  2.2870E-04
       2.2935E-04  3.0542E-04  3.4601E-04  3.5914E-04  4.0126E-04  4.0631E-04  4.0655E-04  3.5378E-04  3.0023E-04  2.2648E-04
       2.2586E-04  2.8866E-04  3.3470E-04  3.6965E-04  3.9329E-04  4.0767E-04  3.9714E-04  3.2022E-04  3.0128E-04  2.2372E-04
       2.1345E-04  2.7502E-04  3.1907E-04  3.7861E-04  3.8273E-04  3.8848E-04  3.5969E-04  3.1449E-04  2.6995E-04  2.1753E-04
       1.9805E-04  2.6742E-04  2.8373E-04  3.1127E-04  3.3235E-04  3.3883E-04  3.3400E-04  2.8977E-04  2.5042E-04  1.9481E-04
       1.6643E-04  2.0348E-04  2.2452E-04  2.4652E-04  2.6163E-04  2.7521E-04  2.5463E-04  2.3343E-04  1.9496E-04  1.6031E-04
       1.2472E-04  1.5330E-04  1.7303E-04  1.9240E-04  2.0466E-04  2.1182E-04  1.9802E-04  1.7158E-04  1.4537E-04  1.1077E-04
       1.4488E-04  2.1433E-04  2.3813E-04  2.3816E-04  2.5476E-04  2.7358E-04  2.5929E-04  2.3934E-04  1.9020E-04  1.4204E-04
       1.6496E-04  2.2302E-04  2.6256E-04  2.8726E-04  2.9091E-04  3.0538E-04  2.8990E-04  2.5427E-04  2.1618E-04  1.5061E-04
       1.7444E-04  2.4454E-04  2.7889E-04  2.9467E-04  3.3132E-04  3.1816E-04  3.1381E-04  2.7118E-04  2.4279E-04  1.6455E-04
       1.7864E-04  2.2711E-04  2.8483E-04  3.0379E-04  3.3745E-04  3.3530E-04  3.2730E-04  2.9034E-04  2.4411E-04  1.7730E-04
       1.8025E-04  2.4134E-04  2.8314E-04  2.8556E-04  3.4800E-04  3.3236E-04  3.2293E-04  2.8054E-04  2.4184E-04  1.7874E-04
       1.8128E-04  2.3118E-04  2.7355E-04  2.9743E-04  3.2442E-04  3.2320E-04  3.0479E-04  2.7083E-04  2.2619E-04  1.6660E-04
       1.6286E-04  2.0546E-04  2.4779E-04  2.7955E-04  3.0659E-04  2.9297E-04  2.9503E-04  2.5168E-04  2.1737E-04  1.6504E-04
       1.5189E-04  2.0705E-04  2.1190E-04  2.5687E-04  2.6355E-04  2.6661E-04  2.5888E-04  2.3679E-04  2.0610E-04  1.4520E-04
       1.2957E-04  1.5461E-04  1.7840E-04  1.8168E-04  2.1576E-04  2.1246E-04  2.0315E-04  1.8054E-04  1.6043E-04  1.1743E-04
       9.2966E-05  1.1678E-04  1.3328E-04  1.4066E-04  1.4760E-04  1.5802E-04  1.4970E-04  1.3502E-04  1.1501E-04  9.0050E-05
       1.1812E-04  1.5888E-04  1.9172E-04  1.8654E-04  1.9819E-04  2.0565E-04  2.1160E-04  1.8570E-04  1.4702E-04  1.0347E-04
       1.3154E-04  1.8104E-04  2.0323E-04  2.1070E-04  2.3881E-04  2.3482E-04  2.2723E-04  1.9843E-04  1.7082E-04  1.2088E-04
       1.4130E-04  1.8286E-04  2.1987E-04  2.2389E-04  2.4885E-04  2.4935E-04  2.4090E-04  2.1005E-04  1.8948E-04  1.2436E-04
       1.3613E-04  1.9558E-04  2.2367E-04  2.4379E-04  2.6015E-04  2.5751E-04  2.5876E-04  2.2306E-04  1.9268E-04  1.3515E-04
       1.4112E-04  1.8246E-04  2.1325E-04  2.2606E-04  2.7117E-04  2.5618E-04  2.5500E-04  2.2440E-04  1.8700E-04  1.3835E-04
       1.3165E-04  1.8233E-04  2.2588E-04  2.4535E-04  2.5428E-04  2.5086E-04  2.4294E-04  2.1263E-04  1.9576E-04  1.3622E-04
       1.2301E-04  1.5845E-04  2.1542E-04  2.3732E-04  2.3326E-04  2.3238E-04  2.2061E-04  2.0037E-04  1.6836E-04  1.1969E-04
       1.1698E-04  1.4879E-04  1.6852E-04  2.0038E-04  1.9842E-04  2.0432E-04  1.9954E-04  1.7669E-04  1.4407E-04  1.0156E-04
       9.6415E-05  1.2304E-04  1.3145E-04  1.5163E-04  1.6356E-04  1.5997E-04  1.5848E-04  1.4073E-04  1.1781E-04  9.2061E-05
       7.5113E-05  8.2554E-05  1.1203E-04  1.1075E-04  1.2213E-04  1.2593E-04  1.1571E-04  1.1069E-04  9.5871E-05  7.4771E-05
       9.2037E-05  1.1913E-04  1.4267E-04  1.4995E-04  1.5905E-04  1.7062E-04  1.5651E-04  1.3702E-04  1.2097E-04  7.9000E-05
       1.0121E-04  1.4220E-04  1.6531E-04  1.6641E-04  1.8185E-04  1.8246E-04  1.6726E-04  1.6108E-04  1.3698E-04  8.9945E-05
       1.1211E-04  1.5457E-04  1.6755E-04  1.7801E-04  1.8444E-04  1.9883E-04  2.0119E-04  1.6757E-04  1.5341E-04  9.9944E-05
       1.1036E-04  1.6210E-04  1.8186E-04  1.9115E-04  2.1328E-04  1.9840E-04  2.0735E-04  1.6719E-04  1.4123E-04  9.4438E-05
       1.0190E-04  1.5440E-04  1.7583E-04  1.9376E-04  2.0591E-04  1.9920E-04  1.9956E-04  1.7600E-04  1.4887E-04  1.1318E-04
       9.6983E-05  1.4090E-04  1.8115E-04  1.8813E-04  1.8313E-04  1.8471E-04  1.9785E-04  1.6343E-04  1.4174E-04  1.1209E-04
       9.7495E-05  1.3300E-04  1.5650E-04  1.8273E-04  1.7969E-04  1.7957E-04  1.7043E-04  1.5671E-04  1.3558E-04  8.9728E-05
       8.7667E-05  1.1718E-04  1.2855E-04  1.5194E-04  1.6798E-04  1.5689E-04  1.5279E-04  1.4728E-04  1.1275E-04  7.9120E-05
       7.5493E-05  9.5944E-05  1.0727E-04  1.3089E-04  1.2817E-04  1.2678E-04  1.2574E-04  1.0943E-04  9.4467E-05  6.7720E-05
       6.6983E-05  7.1575E-05  8.8600E-05  8.2046E-05  8.8239E-05  9.0360E-05  9.5888E-05  8.4747E-05  7.9238E-05  5.6092E-05
       8.3581E-05  9.4473E-05  1.0681E-04  1.2071E-04  1.2748E-04  1.2333E-04  1.2406E-04  1.1342E-04  8.7292E-05  6.3821E-05
       8.3923E-05  1.0954E-04  1.2070E-04  1.3762E-04  1.4266E-04  1.3941E-04  1.3766E-04  1.3032E-04  1.0720E-04  7.0461E-05
       7.9223E-05  1.1327E-04  1.3086E-04  1.4827E-04  1.4906E-04  1.5415E-04  1.5157E-04  1.2880E-04  1.0908E-04  7.4967E-05
       8.3005E-05  1.2050E-04  1.3561E-04  1.5707E-04  1.6578E-04  1.5421E-04  1.5261E-04  1.3135E-04  1.1236E-04  7.7771E-05
       8.1180E-05  1.1764E-04  1.3933E-04  1.6003E-04  1.6107E-04  1.5645E-04  1.5721E-04  1.4421E-04  1.1476E-04  8.2236E-05
       8.3556E-05  1.0869E-04  1.4780E-04  1.4949E-04  1.5134E-04  1.4573E-04  1.5414E-04  1.3670E-04  1.1149E-04  8.3617E-05
       7.9989E-05  9.8386E-05  1.1899E-04  1.4141E-04  1.4500E-04  1.3880E-04  1.3827E-04  1.1662E-04  9.3554E-05  7.7747E-05
       6.8081E-05  9.3803E-05  1.0614E-04  1.1923E-04  1.1781E-04  1.2059E-04  1.2609E-04  9.9891E-05  8.6944E-05  6.5345E-05
       5.5313E-05  7.1506E-05  8.6438E-05  8.9818E-05  1.0095E-04  1.0013E-04  9.4243E-05  8.3471E-05  7.5443E-05  6.3109E-05
       5.0980E-05  6.5862E-05  7.8743E-05  7.6466E-05  6.8280E-05  7.3824E-05  8.3237E-05  6.6822E-05  6.3399E-05  4.4654E-05
       6.1136E-05  6.9067E-05  8.7920E-05  9.4539E-05  9.5834E-05  9.9620E-05  9.6676E-05  9.0014E-05  7.2258E-05  5.9599E-05
       6.7904E-05  7.6881E-05  9.5054E-05  1.0867E-04  1.1534E-04  1.1516E-04  1.1595E-04  1.1020E-04  7.8575E-05  5.5301E-05
       5.7405E-05  8.9582E-05  1.0030E-04  1.1292E-04  1.0752E-04  1.1900E-04  1.1759E-04  1.0290E-04  8.3084E-05  6.3761E-05
       6.8963E-05  9.2222E-05  9.8411E-05  1.1682E-04  1.1255E-04  1.2918E-04  1.1918E-04  1.0724E-04  8.7411E-05  7.4328E-05
       6.6616E-05  9.0814E-05  1.0326E-04  1.1477E-04  1.1788E-04  1.3101E-04  1.2423E-04  1.1132E-04  8.7795E-05  6.4261E-05
       6.7493E-05  7.8969E-05  1.0371E-04  1.1178E-04  1.2348E-04  1.1995E-04  1.1719E-04  1.0827E-04  8.9836E-05  6.5289E-05
       6.5439E-05  7.3850E-05  9.3756E-05  1.1381E-04  1.2065E-04  1.0985E-04  1.1402E-04  9.4454E-05  7.5265E-05  6.5405E-05
       6.1057E-05  6.7012E-05  8.8204E-05  9.7592E-05  1.0064E-04  9.8700E-05  9.5862E-05  7.7460E-05  7.1497E-05  5.4197E-05
       5.1956E-05  5.9386E-05  7.1502E-05  7.3022E-05  8.0154E-05  7.6070E-05  7.4995E-05  7.2057E-05  5.4729E-05  4.6368E-05
       4.2510E-05  5.4180E-05  6.3921E-05  6.2913E-05  5.5593E-05  6.2917E-05  6.5238E-05  5.4357E-05  4.6093E-05  4.2280E-05
       4.8579E-05  6.0032E-05  7.4299E-05  7.5325E-05  8.0661E-05  7.8319E-05  7.1991E-05  6.9998E-05  6.4845E-05  4.9195E-05
       5.1389E-05  6.5450E-05  7.2084E-05  7.5522E-05  8.6160E-05  8.8263E-05  9.5884E-05  8.1544E-05  6.2792E-05  4.8798E-05
       4.9164E-05  6.9580E-05  8.4536E-05  8.4295E-05  8.8284E-05  9.6114E-05  9.5078E-05  7.9494E-05  6.6818E-05  5.2675E-05
       5.6656E-05  7.1690E-05  8.3305E-05  8.4660E-05  9.8698E-05  1.0205E-04  8.7863E-05  8.4339E-05  6.6946E-05  5.3954E-05
       5.6606E-05  7.3002E-05  7.3291E-05  9.5117E-05  9.9445E-05  9.8094E-05  9.6884E-05  9.0951E-05  6.2194E-05  5.7902E-05
       5.5227E-05  6.3548E-05  7.6572E-05  9.5509E-05  9.4074E-05  9.6193E-05  8.1585E-05  8.6412E-05  6.5846E-05  5.0151E-05
       5.0567E-05  6.1370E-05  7.5682E-05  8.7063E-05  8.2706E-05  8.6468E-05  8.0746E-05  7.4458E-05  6.5393E-05  5.1201E-05
       4.6725E-05  5.7418E-05  6.8646E-05  8.0761E-05  8.0083E-05  7.7978E-05  7.7837E-05  6.6009E-05  5.3873E-05  4.9035E-05
       4.0871E-05  4.9201E-05  5.4756E-05  6.4939E-05  6.4909E-05  5.9636E-05  6.6618E-05  5.7495E-05  5.1026E-05  3.7765E-05
       4.1362E-05  4.7429E-05  5.1363E-05  5.3042E-05  5.3982E-05  5.3018E-05  4.8501E-05  4.6395E-05  4.3300E-05  4.2672E-05
       4.4952E-05  5.0981E-05  5.7547E-05  6.0655E-05  6.9178E-05  6.6628E-05  6.5028E-05  5.4506E-05  5.4519E-05  4.1911E-05
       4.7323E-05  5.8181E-05  6.2646E-05  6.4437E-05  6.8549E-05  7.3127E-05  7.7823E-05  5.4427E-05  5.1428E-05  4.6678E-05
       4.2302E-05  5.6126E-05  6.3849E-05  6.8508E-05  7.4981E-05  7.4004E-05  7.5273E-05  6.5768E-05  5.5088E-05  4.3321E-05
       4.4820E-05  5.6026E-05  6.4427E-05  6.6154E-05  7.6450E-05  7.8406E-05  7.0516E-05  6.5654E-05  5.7289E-05  4.2040E-05
       4.7380E-05  5.9635E-05  5.5870E-05  6.6830E-05  7.5198E-05  7.7183E-05  6.8176E-05  7.0915E-05  4.9453E-05  4.4172E-05
       5.1467E-05  6.0844E-05  5.7533E-05  6.6010E-05  7.1553E-05  7.7936E-05  6.5529E-05  6.9261E-05  5.2610E-05  4.1227E-05
       4.2036E-05  5.0183E-05  5.6741E-05  6.6286E-05  6.8324E-05  6.6668E-05  6.4748E-05  5.6819E-05  5.4344E-05  4.1131E-05
       3.8510E-05  4.9658E-05  6.1782E-05  6.4651E-05  6.1649E-05  5.6541E-05  6.8576E-05  5.3124E-05  4.6751E-05  3.6300E-05
       3.4842E-05  4.2253E-05  4.9362E-05  5.1444E-05  5.4403E-05  5.1865E-05  5.6933E-05  4.7560E-05  4.6266E-05  4.0844E-05

      Percentage errors follow in a matrix A(ix,iy,iz), format (1(5x,1p,10(1x,e11.4)))

       3.1138E+00  3.5080E+00  2.3974E+00  2.4886E+00  2.9904E+00  2.8083E+00  2.8749E+00  2.0981E+00  3.0832E+00  3.1417E+00
       2.6817E+00  2.1229E+00  2.7833E+00  2.8376E+00  2.6166E+00  2.3580E+00  2.2148E+00  2.4133E+00  2.5394E+00  3.3025E+00
       2.2650E+00  2.1835E+00  1.9491E+00  2.1474E+00  2.3595E+00  1.8336E+00  2.5468E+00  2.8246E+00  3.6288E+00  2.4159E+00
       2.4327E+00  2.1910E+00  2.3528E+00  1.8260E+00  2.4435E+00  1.6667E+00  1.9755E+00  2.4223E+00  2.9101E+00  3.4483E+00
       3.1848E+00  2.3909E+00  2.3793E+00  1.9299E+00  2.2650E+00  2.1485E+00  2.4640E+00  2.4573E+00  3.1383E+00  3.1428E+00
       2.7383E+00  2.4553E+00  1.7955E+00  2.3400E+00  2.0440E+00  2.1192E+00  2.3486E+00  2.2354E+00  2.6445E+00  2.9232E+00
       2.8534E+00  2.5238E+00  2.2074E+00  1.8703E+00  2.5154E+00  2.1272E+00  2.1832E+00  2.1239E+00  2.9637E+00  3.1966E+00
       3.2897E+00  2.3211E+00  1.9232E+00  1.9961E+00  2.5950E+00  1.8885E+00  2.4222E+00  2.3807E+00  2.4712E+00  2.9585E+00
       3.3035E+00  2.1365E+00  2.7342E+00  2.3372E+00  1.6539E+00  2.3165E+00  2.3465E+00  3.1131E+00  2.7506E+00  3.0027E+00
       2.9009E+00  2.6715E+00  2.7835E+00  2.0984E+00  2.4681E+00  1.9343E+00  2.4606E+00  2.6732E+00  2.7637E+00  3.2121E+00
       2.9445E+00  3.9312E+00  2.1485E+00  3.0687E+00  2.8482E+00  3.2865E+00  3.4077E+00  2.7365E+00  3.2613E+00  3.6652E+00
       3.4023E+00  2.9181E+00  2.6939E+00  1.8945E+00  2.2083E+00  2.4919E+00  2.2983E+00  3.2080E+00  3.0866E+00  4.1752E+00
       3.7822E+00  2.7607E+00  2.4056E+00  2.5636E+00  2.6746E+00  3.0940E+00  2.7965E+00  2.7115E+00  3.2543E+00  2.9367E+00
       2.9510E+00  2.9366E+00  2.3350E+00  2.2639E+00  2.9135E+00  2.2607E+00  2.0785E+00  2.0584E+00  2.9730E+00  3.4039E+00
       3.3817E+00  2.4490E+00  2.8932E+00  2.9483E+00  2.6679E+00  2.5194E+00  2.5083E+00  2.9410E+00  3.0066E+00  3.8153E+00
       2.1465E+00  3.1465E+00  3.2162E+00  2.5480E+00  2.0800E+00  2.3104E+00  2.7756E+00  2.9253E+00  2.2352E+00  2.8021E+00
       3.2924E+00  2.9802E+00  2.1213E+00  2.5419E+00  2.5835E+00  2.5305E+00  2.5397E+00  2.6958E+00  3.1715E+00  3.2148E+00
       2.7648E+00  2.0792E+00  2.7895E+00  2.0397E+00  2.4183E+00  2.2074E+00  3.6929E+00  2.4174E+00  3.4604E+00  3.7485E+00
       3.9713E+00  2.4287E+00  3.2922E+00  3.2516E+00  2.6173E+00  3.5164E+00  1.9895E+00  2.6884E+00  3.8644E+00  3.4923E+00
       2.8249E+00  3.3312E+00  2.7850E+00  2.2487E+00  2.9891E+00  2.7681E+00  2.6983E+00  3.5188E+00  3.1285E+00  3.8777E+00
       4.6153E+00  4.5182E+00  3.8716E+00  2.7732E+00  3.8112E+00  3.1559E+00  2.7115E+00  3.8984E+00  3.5154E+00  4.9507E+00
       4.5472E+00  3.4449E+00  3.0657E+00  3.6640E+00  3.8176E+00  2.9076E+00  3.0967E+00  3.1716E+00  3.5123E+00  4.9802E+00
       3.5264E+00  3.1975E+00  3.1989E+00  3.0772E+00  2.9054E+00  2.5673E+00  2.6943E+00  3.6053E+00  2.9997E+00  3.9422E+00
       3.2646E+00  2.4298E+00  2.4136E+00  2.9364E+00  2.8237E+00  3.1183E+00  2.3968E+00  3.2706E+00  3.6616E+00  3.4455E+00
       3.0215E+00  2.7467E+00  3.0477E+00  2.9329E+00  3.0960E+00  2.1453E+00  3.4453E+00  3.0753E+00  3.4316E+00  4.0203E+00
       2.9568E+00  2.2286E+00  2.9813E+00  2.8117E+00  2.8306E+00  2.3624E+00  3.3897E+00  3.4909E+00  3.5233E+00  3.0518E+00
       3.6804E+00  3.8129E+00  3.1925E+00  2.4424E+00  3.0006E+00  2.3240E+00  3.2989E+00  2.9056E+00  4.3430E+00  4.5247E+00
       4.4315E+00  2.9656E+00  3.2020E+00  2.5735E+00  2.6462E+00  2.8980E+00  3.0286E+00  3.1902E+00  3.7580E+00  4.7752E+00
       3.5291E+00  3.8270E+00  2.8453E+00  2.4718E+00  2.2440E+00  3.1505E+00  2.9535E+00  3.5707E+00  2.9415E+00  5.0933E+00
       4.3199E+00  4.4220E+00  2.9865E+00  2.7973E+00  3.3502E+00  2.7103E+00  3.2972E+00  3.3273E+00  3.4368E+00  4.9620E+00
       3.5653E+00  4.8976E+00  4.3443E+00  3.1990E+00  4.3516E+00  4.0561E+00  3.5659E+00  4.5210E+00  3.5779E+00  5.5258E+00
       4.4767E+00  4.6213E+00  3.3757E+00  3.7424E+00  4.1658E+00  3.1885E+00  2.5914E+00  3.5843E+00  4.3435E+00  5.5430E+00
       3.6173E+00  2.9190E+00  3.6242E+00  3.3417E+00  2.8005E+00  3.6661E+00  2.8707E+00  4.7301E+00  3.3693E+00  4.5859E+00
       3.9886E+00  3.1282E+00  3.0081E+00  2.8065E+00  2.3822E+00  3.5322E+00  2.8648E+00  3.8089E+00  4.5432E+00  4.1748E+00
       4.4497E+00  3.4272E+00  3.7645E+00  2.7866E+00  2.8841E+00  2.9093E+00  3.8206E+00  3.5225E+00  3.8228E+00  4.0797E+00
       3.2394E+00  2.4646E+00  3.1062E+00  3.3473E+00  4.0349E+00  2.8648E+00  3.5275E+00  4.4468E+00  3.2779E+00  3.6053E+00
       4.7954E+00  3.3070E+00  3.4017E+00  3.5270E+00  3.5567E+00  2.4880E+00  3.2449E+00  4.2124E+00  3.9685E+00  4.3104E+00
       5.5721E+00  3.3559E+00  3.6995E+00  2.7502E+00  2.3443E+00  2.7973E+00  3.2545E+00  3.1876E+00  3.6878E+00  4.6797E+00
       4.1232E+00  3.8043E+00  2.5180E+00  3.3309E+00  2.6245E+00  3.7657E+00  3.4470E+00  5.0270E+00  4.7001E+00  4.7122E+00
       3.8742E+00  5.5190E+00  3.7319E+00  3.9860E+00  3.2155E+00  4.5715E+00  3.2288E+00  3.8470E+00  3.3396E+00  4.1921E+00
       4.4807E+00  5.6099E+00  4.7292E+00  4.7564E+00  3.9492E+00  4.3954E+00  4.1955E+00  3.8882E+00  3.8610E+00  5.3212E+00
       5.1085E+00  4.6446E+00  3.5025E+00  3.7791E+00  4.3523E+00  3.4878E+00  2.9835E+00  3.8598E+00  4.8588E+00  4.8230E+00
       4.5369E+00  3.7854E+00  3.4373E+00  3.3697E+00  3.5504E+00  3.9743E+00  2.6342E+00  4.7211E+00  3.8493E+00  5.4319E+00
       4.8643E+00  4.3002E+00  3.1153E+00  2.9938E+00  3.0622E+00  4.2126E+00  3.9692E+00  3.9268E+00  4.5974E+00  5.2067E+00
       5.4435E+00  4.5921E+00  2.9597E+00  3.7398E+00  3.5294E+00  2.6495E+00  4.0004E+00  3.6308E+00  3.4953E+00  4.4743E+00
       4.9794E+00  3.6013E+00  3.7832E+00  3.9611E+00  3.8201E+00  3.0258E+00  3.6883E+00  3.4105E+00  3.3558E+00  5.0813E+00
       5.2877E+00  3.7774E+00  3.9546E+00  3.6797E+00  4.0087E+00  3.7230E+00  3.9584E+00  4.4315E+00  4.1465E+00  4.8830E+00
       5.5935E+00  4.7559E+00  4.3784E+00  3.7615E+00  3.5698E+00  4.0473E+00  4.2035E+00  3.8094E+00  3.0435E+00  3.9956E+00
       4.3269E+00  3.1225E+00  3.0411E+00  4.5087E+00  3.6401E+00  4.0558E+00  4.2239E+00  4.4605E+00  4.6571E+00  6.5586E+00
       5.5319E+00  3.8397E+00  3.7132E+00  3.6342E+00  3.9968E+00  3.5793E+00  3.8116E+00  4.4755E+00  4.1806E+00  4.9532E+00
       5.1690E+00  4.7883E+00  4.1564E+00  4.4554E+00  4.5707E+00  4.7315E+00  5.0356E+00  4.9269E+00  5.0239E+00  7.2023E+00
       4.7036E+00  5.3154E+00  3.5543E+00  3.9244E+00  4.3844E+00  4.3723E+00  4.2614E+00  4.8017E+00  4.9938E+00  5.3913E+00
       4.8868E+00  4.2906E+00  4.2850E+00  3.2726E+00  4.1983E+00  4.0271E+00  3.1674E+00  4.3322E+00  5.0244E+00  6.5263E+00
       5.3244E+00  4.8066E+00  4.6997E+00  4.2462E+00  4.2396E+00  4.1007E+00  4.0914E+00  3.4707E+00  4.3383E+00  5.2092E+00
       5.5972E+00  5.6273E+00  3.7550E+00  3.3441E+00  3.7018E+00  3.7121E+00  4.0606E+00  4.1396E+00  4.2614E+00  5.5732E+00
       6.0678E+00  5.5707E+00  5.1073E+00  4.4988E+00  4.4524E+00  3.4139E+00  4.2177E+00  4.2337E+00  4.5599E+00  6.0973E+00
       4.8193E+00  4.3029E+00  4.2262E+00  4.1059E+00  3.9210E+00  4.4274E+00  3.5777E+00  4.6293E+00  4.9495E+00  5.9109E+00
       6.3831E+00  4.6228E+00  4.4604E+00  3.6291E+00  3.1410E+00  4.2242E+00  4.1834E+00  4.2108E+00  4.8225E+00  6.3508E+00
       6.5952E+00  5.4630E+00  5.1708E+00  5.6217E+00  4.2730E+00  4.9729E+00  4.7117E+00  3.6162E+00  4.2341E+00  4.7497E+00
       6.6912E+00  5.0294E+00  4.3969E+00  4.8248E+00  5.0736E+00  4.9320E+00  3.8041E+00  3.8170E+00  3.7591E+00  7.1022E+00
       5.5202E+00  4.8712E+00  5.0307E+00  5.5156E+00  5.8436E+00  5.0939E+00  3.9735E+00  5.1431E+00  6.1006E+00  4.4244E+00
       5.4618E+00  5.7903E+00  4.7534E+00  4.7285E+00  5.6277E+00  4.6983E+00  4.0708E+00  3.6386E+00  5.5175E+00  8.3904E+00
       5.9014E+00  4.0262E+00  3.5014E+00  4.6193E+00  5.0301E+00  4.4223E+00  5.2986E+00  3.9775E+00  4.6593E+00  7.5312E+00
       5.8914E+00  4.3940E+00  4.3143E+00  3.9153E+00  3.6248E+00  4.0334E+00  3.1261E+00  4.6524E+00  3.9769E+00  4.3555E+00
       6.5525E+00  5.0280E+00  5.8839E+00  3.7100E+00  4.0054E+00  4.0198E+00  3.8049E+00  5.6290E+00  5.6982E+00  5.3057E+00
       7.4709E+00  5.4136E+00  3.5946E+00  4.4325E+00  4.2957E+00  3.7616E+00  4.0524E+00  5.3241E+00  4.4545E+00  4.6342E+00
       4.7335E+00  4.4954E+00  3.7944E+00  5.2385E+00  3.7824E+00  5.1956E+00  5.1568E+00  5.9583E+00  4.9187E+00  6.3139E+00
       5.9910E+00  3.8059E+00  4.7077E+00  5.3761E+00  4.8015E+00  5.0231E+00  6.0787E+00  5.1425E+00  5.0975E+00  7.0126E+00
       6.1622E+00  4.8059E+00  5.7811E+00  5.5296E+00  3.9409E+00  4.6574E+00  5.3467E+00  5.3012E+00  6.5754E+00  6.6785E+00
       6.5665E+00  4.8155E+00  5.5027E+00  6.1042E+00  6.7218E+00  5.2058E+00  4.5500E+00  4.5254E+00  5.5540E+00  6.8922E+00
       8.1981E+00  5.7396E+00  5.1599E+00  7.2487E+00  5.2060E+00  5.4076E+00  5.3246E+00  5.2484E+00  6.2218E+00  6.8563E+00
       7.0565E+00  7.7280E+00  7.3398E+00  6.7916E+00  6.1436E+00  6.7827E+00  5.9565E+00  4.7513E+00  7.5026E+00  7.8546E+00
       4.7097E+00  8.3193E+00  4.7812E+00  4.8161E+00  4.1439E+00  5.0194E+00  4.1726E+00  3.7784E+00  5.9049E+00  5.9419E+00
       7.2143E+00  5.6226E+00  4.9831E+00  4.5238E+00  4.4234E+00  4.8000E+00  5.2566E+00  6.2014E+00  6.7005E+00  6.7522E+00
       8.4530E+00  6.1504E+00  5.7409E+00  4.8181E+00  5.0442E+00  5.3837E+00  5.4414E+00  5.8112E+00  6.6756E+00  7.0399E+00
       7.3561E+00  5.8370E+00  6.1253E+00  5.4457E+00  4.9807E+00  4.3575E+00  4.6928E+00  4.5171E+00  5.6220E+00  3.7687E+00
       6.0101E+00  5.1401E+00  5.5273E+00  5.2972E+00  6.7579E+00  4.8680E+00  4.6715E+00  5.5722E+00  5.3810E+00  5.6603E+00
       6.3941E+00  6.0082E+00  5.4416E+00  5.3163E+00  6.2829E+00  5.2845E+00  6.2290E+00  3.8245E+00  5.5324E+00  5.4056E+00
       7.1850E+00  5.8627E+00  6.1186E+00  5.8241E+00  4.1821E+00  5.3224E+00  5.7118E+00  5.0447E+00  6.2952E+00  7.7569E+00
       7.6451E+00  6.2484E+00  5.5288E+00  6.3323E+00  4.5035E+00  5.7442E+00  5.3988E+00  5.7488E+00  5.3236E+00  8.2041E+00
       5.8908E+00  7.0478E+00  6.3599E+00  6.1355E+00  7.1076E+00  6.7722E+00  7.8037E+00  5.8386E+00  8.1230E+00  8.4875E+00
       8.5533E+00  5.1368E+00  7.7034E+00  8.1544E+00  5.8934E+00  5.3158E+00  6.6424E+00  6.3290E+00  6.5878E+00  7.8457E+00
       6.8743E+00  6.4341E+00  6.8127E+00  7.6616E+00  5.6686E+00  5.4171E+00  7.1089E+00  5.7199E+00  8.3871E+00  8.4667E+00
       6.3956E+00  6.2561E+00  6.5760E+00  6.1122E+00  6.7361E+00  5.6664E+00  4.6760E+00  5.4608E+00  6.0984E+00  6.8541E+00
       7.0765E+00  5.8761E+00  5.7838E+00  5.8294E+00  4.8103E+00  5.0335E+00  4.3115E+00  6.0772E+00  5.7765E+00  6.5339E+00
       8.7144E+00  5.6762E+00  5.7232E+00  5.0329E+00  4.9675E+00  5.4425E+00  6.0169E+00  6.3218E+00  7.0068E+00  6.9795E+00
       7.1563E+00  5.4094E+00  5.2384E+00  7.4801E+00  6.6890E+00  5.1624E+00  4.9852E+00  6.3622E+00  6.3080E+00  7.6644E+00
       6.2686E+00  5.6393E+00  5.5160E+00  7.1700E+00  6.6036E+00  6.2591E+00  5.1829E+00  4.5657E+00  6.7556E+00  7.8549E+00
       7.6921E+00  6.0706E+00  6.6657E+00  5.8174E+00  4.5569E+00  4.9974E+00  6.0389E+00  6.7443E+00  6.8652E+00  8.4298E+00
       8.1520E+00  5.8486E+00  5.8505E+00  4.9799E+00  6.1002E+00  5.9150E+00  6.8718E+00  6.3223E+00  7.2769E+00  8.0129E+00
       7.6722E+00  7.5148E+00  5.0556E+00  8.9164E+00  5.7273E+00  4.5671E+00  7.4472E+00  8.0295E+00  8.5192E+00  7.7130E+00
       7.0055E+00  7.6511E+00  6.1580E+00  7.5316E+00  5.2943E+00  5.9070E+00  6.4805E+00  6.9489E+00  7.1215E+00  9.4259E+00
       8.3306E+00  6.6714E+00  6.6443E+00  6.7235E+00  7.3727E+00  5.0277E+00  5.1362E+00  6.0866E+00  7.0846E+00  9.5176E+00
       7.2710E+00  6.9812E+00  5.3714E+00  4.1443E+00  5.9582E+00  3.8948E+00  4.9989E+00  4.0939E+00  5.8422E+00  6.0310E+00
       6.1141E+00  7.0913E+00  5.2186E+00  5.5194E+00  4.8291E+00  6.2545E+00  5.1127E+00  6.8660E+00  4.9898E+00  5.5846E+00
       7.0166E+00  5.2199E+00  7.5564E+00  4.2489E+00  4.8093E+00  6.3965E+00  5.9739E+00  8.2729E+00  6.9640E+00  7.5852E+00
       7.8844E+00  5.9802E+00  7.5517E+00  4.0711E+00  5.6424E+00  7.1841E+00  5.3520E+00  5.4300E+00  5.4458E+00  8.2116E+00
       8.5409E+00  8.7158E+00  5.3513E+00  6.0602E+00  7.6547E+00  5.8111E+00  4.1335E+00  5.8442E+00  5.8661E+00  8.6467E+00
       8.8534E+00  7.2330E+00  7.5097E+00  4.0782E+00  4.9470E+00  4.6197E+00  6.0807E+00  8.2337E+00  8.1619E+00  8.0538E+00
       8.0713E+00  6.5491E+00  7.3727E+00  6.2132E+00  6.8660E+00  6.9561E+00  6.2137E+00  6.5085E+00  7.1806E+00  1.2265E+01
