1
   Cartesian binning n.   1  "DoseEq    " , generalized particle n.  240
      X coordinate: from -8.5000E+01 to  8.5000E+01 cm,    10 bins ( 1.7000E+01 cm wide)
      Y coordinate: from -2.5000E+01 to  2.5000E+01 cm,    10 bins ( 5.0000E+00 cm wide)
      Z coordinate: from  2.2500E+02 to  2.7500E+02 cm,    10 bins ( 5.0000E+00 cm wide)
      Data follow in a matrix A(ix,iy,iz), format (1(5x,1p,10(1x,e11.4)))

      accurate deposition along the tracks requested
      this is a track-length binning
       2.4169E-04  3.0945E-04  3.3726E-04  3.6255E-04  3.8395E-04  3.9129E-04  3.7236E-04  3.4099E-04  2.9063E-04  2.3949E-04
       2.7032E-04  3.5829E-04  3.8578E-04  4.3866E-04  4.3682E-04  4.3828E-04  4.0999E-04  3.9694E-04  3.6630E-04  2.6549E-04
       2.7843E-04  3.6440E-04  3.9686E-04  4.6139E-04  4.7448E-04  4.6860E-04  4.5729E-04  4.2037E-04  3.4779E-04  2.8736E-04
       2.9320E-04  3.7721E-04  4.1680E-04  4.6234E-04  4.9143E-04  4.7409E-04  4.5056E-04  4.3854E-04  3.8674E-04  2.8624E-04
       3.2001E-04  3.8501E-04  4.4645E-04  4.7324E-04  5.0936E-04  4.7905E-04  4.6720E-04  4.4658E-04  3.5547E-04  2.8195E-04
       2.9554E-04  3.9865E-04  4.3753E-04  4.6669E-04  5.1045E-04  4.9312E-04  4.7490E-04  4.2156E-04  3.5128E-04  2.9943E-04
       2.8733E-04  3.8395E-04  4.1439E-04  4.5508E-04  4.7614E-04  4.8450E-04  4.6897E-04  4.3978E-04  3.6222E-04  2.9918E-04
       2.8953E-04  3.8263E-04  4.0409E-04  4.4907E-04  4.8664E-04  4.5284E-04  4.3870E-04  4.1092E-04  3.3743E-04  2.9901E-04
       2.8193E-04  3.2685E-04  3.9637E-04  4.4408E-04  4.5565E-04  4.4177E-04  4.2467E-04  3.9748E-04  3.4561E-04  2.7798E-04
       2.4226E-04  3.0332E-04  3.5158E-04  3.6748E-04  3.9871E-04  3.8160E-04  3.6557E-04  3.3048E-04  2.8249E-04  2.4496E-04
       1.8345E-04  2.4416E-04  2.7133E-04  3.0085E-04  3.1876E-04  3.2226E-04  3.0694E-04  2.8416E-04  2.4360E-04  1.8813E-04
       2.2789E-04  3.1960E-04  3.5798E-04  3.8585E-04  3.9018E-04  4.1409E-04  3.8147E-04  3.6157E-04  3.2392E-04  2.3425E-04
       2.3512E-04  3.2829E-04  3.7429E-04  4.2850E-04  4.2990E-04  4.1651E-04  4.1808E-04  3.8382E-04  3.3994E-04  2.3811E-04
       2.4808E-04  3.3194E-04  3.9392E-04  4.3258E-04  4.6168E-04  4.4074E-04  4.1688E-04  3.9532E-04  3.4606E-04  2.5291E-04
       2.5751E-04  3.4783E-04  4.0423E-04  4.3899E-04  4.7506E-04  4.3621E-04  4.3908E-04  4.1533E-04  3.2918E-04  2.4623E-04
       2.6013E-04  3.5968E-04  3.9071E-04  4.4039E-04  4.7372E-04  4.4869E-04  4.5304E-04  4.0074E-04  3.4458E-04  2.7215E-04
       2.5390E-04  3.5020E-04  3.9086E-04  4.0805E-04  4.5055E-04  4.3967E-04  4.3223E-04  4.0333E-04  3.4774E-04  2.6587E-04
       2.4932E-04  3.4087E-04  3.6343E-04  4.2388E-04  4.4490E-04  4.2766E-04  3.9873E-04  3.7194E-04  3.3146E-04  2.5960E-04
       2.3498E-04  2.9902E-04  3.4704E-04  3.8164E-04  4.1035E-04  3.9805E-04  3.8175E-04  3.4685E-04  2.9483E-04  2.3007E-04
       2.0164E-04  2.4279E-04  2.7582E-04  3.0731E-04  3.4610E-04  3.2794E-04  3.0393E-04  2.7698E-04  2.3521E-04  1.9658E-04
       1.3273E-04  1.7408E-04  2.1979E-04  2.3913E-04  2.6187E-04  2.4807E-04  2.3493E-04  2.2075E-04  1.9619E-04  1.5011E-04
       1.8097E-04  2.4134E-04  2.7552E-04  3.1599E-04  3.1616E-04  3.1670E-04  3.1656E-04  2.8946E-04  2.6321E-04  1.8643E-04
       2.0074E-04  2.6756E-04  3.2333E-04  3.5477E-04  3.8899E-04  3.4556E-04  3.4811E-04  3.1625E-04  2.8782E-04  1.9611E-04
       1.8496E-04  2.6670E-04  3.2662E-04  3.7358E-04  3.7028E-04  3.5691E-04  3.5697E-04  3.2982E-04  2.8878E-04  2.0331E-04
       2.0340E-04  2.9292E-04  3.5284E-04  3.7870E-04  3.9454E-04  3.8119E-04  3.8363E-04  3.2760E-04  2.7917E-04  2.1011E-04
       2.1150E-04  2.9868E-04  3.4617E-04  3.6738E-04  3.8363E-04  3.8753E-04  3.8252E-04  3.3229E-04  2.8832E-04  2.0644E-04
       2.1161E-04  2.8784E-04  3.3835E-04  3.5013E-04  3.6606E-04  3.6176E-04  3.5169E-04  3.4698E-04  2.9229E-04  2.1668E-04
       1.8464E-04  2.7857E-04  3.1138E-04  3.3441E-04  3.6626E-04  3.5884E-04  3.3756E-04  3.1434E-04  2.8821E-04  1.9720E-04
       1.7706E-04  2.3593E-04  2.7229E-04  3.1113E-04  3.4584E-04  3.2758E-04  3.0386E-04  2.8393E-04  2.3887E-04  1.8637E-04
       1.5204E-04  1.9811E-04  2.0896E-04  2.3822E-04  2.5971E-04  2.4987E-04  2.2570E-04  2.1079E-04  1.8942E-04  1.4715E-04
       1.0424E-04  1.5121E-04  1.5835E-04  1.7950E-04  1.9906E-04  1.8059E-04  1.9659E-04  1.5937E-04  1.5339E-04  1.1409E-04
       1.3219E-04  1.8946E-04  2.0892E-04  2.4575E-04  2.6777E-04  2.5987E-04  2.4310E-04  2.1612E-04  2.0983E-04  1.4600E-04
       1.5648E-04  2.0046E-04  2.6346E-04  2.8281E-04  2.9447E-04  2.9622E-04  2.9134E-04  2.5797E-04  2.3468E-04  1.5628E-04
       1.5496E-04  2.2087E-04  2.5814E-04  3.1217E-04  3.0769E-04  2.8503E-04  2.9955E-04  2.6722E-04  2.3533E-04  1.7546E-04
       1.5464E-04  2.3742E-04  2.9848E-04  3.1490E-04  3.0964E-04  3.1292E-04  2.9388E-04  2.7259E-04  2.3534E-04  1.6177E-04
       1.7339E-04  2.5359E-04  2.7166E-04  3.0512E-04  3.1056E-04  3.2640E-04  3.1068E-04  2.6301E-04  2.3398E-04  1.6413E-04
       1.5891E-04  2.4564E-04  2.7493E-04  2.9888E-04  2.9404E-04  3.1298E-04  2.9126E-04  2.7000E-04  2.3597E-04  1.8112E-04
       1.4326E-04  2.2903E-04  2.6951E-04  2.7082E-04  2.9985E-04  2.8665E-04  2.7626E-04  2.4826E-04  2.1585E-04  1.6390E-04
       1.3347E-04  1.9352E-04  2.2779E-04  2.6506E-04  2.8298E-04  2.5903E-04  2.5386E-04  2.0482E-04  2.0436E-04  1.3973E-04
       1.0975E-04  1.4281E-04  1.6670E-04  1.8855E-04  1.9991E-04  1.8613E-04  1.9319E-04  1.6687E-04  1.3637E-04  1.0364E-04
       7.7911E-05  1.1665E-04  1.3092E-04  1.5421E-04  1.4745E-04  1.5170E-04  1.5726E-04  1.2746E-04  1.2321E-04  7.9993E-05
       1.0231E-04  1.4213E-04  1.7630E-04  2.0818E-04  2.0996E-04  2.1289E-04  1.9442E-04  1.7640E-04  1.6197E-04  9.7796E-05
       1.2820E-04  1.5684E-04  2.0823E-04  2.3432E-04  2.4672E-04  2.3242E-04  2.1072E-04  2.0347E-04  1.7010E-04  1.3097E-04
       1.2074E-04  1.7695E-04  2.0786E-04  2.5990E-04  2.5630E-04  2.2785E-04  2.3428E-04  2.0746E-04  1.9216E-04  1.2693E-04
       1.3056E-04  1.9188E-04  2.4029E-04  2.4984E-04  2.7532E-04  2.5243E-04  2.4098E-04  2.0949E-04  1.8084E-04  1.2919E-04
       1.3238E-04  1.8183E-04  2.2856E-04  2.3815E-04  2.6627E-04  2.5785E-04  2.3781E-04  2.2717E-04  1.8775E-04  1.3653E-04
       1.2050E-04  1.9674E-04  2.1868E-04  2.4791E-04  2.5011E-04  2.5895E-04  2.4839E-04  2.1342E-04  1.9700E-04  1.3740E-04
       1.1310E-04  1.7853E-04  2.0541E-04  2.3228E-04  2.4189E-04  2.2383E-04  2.1856E-04  1.9328E-04  1.7735E-04  1.3329E-04
       1.0565E-04  1.5249E-04  1.7771E-04  1.9878E-04  2.2668E-04  2.0706E-04  1.9236E-04  1.7102E-04  1.5943E-04  1.1267E-04
       8.3963E-05  1.1340E-04  1.2804E-04  1.3486E-04  1.6288E-04  1.6041E-04  1.3835E-04  1.2194E-04  1.0063E-04  8.3965E-05
       5.8775E-05  9.0170E-05  1.0287E-04  1.2148E-04  1.1875E-04  1.1312E-04  1.1582E-04  9.8938E-05  1.0325E-04  6.2621E-05
       8.2605E-05  1.1356E-04  1.4866E-04  1.6272E-04  1.6371E-04  1.6279E-04  1.5257E-04  1.4812E-04  1.1953E-04  8.0258E-05
       9.3360E-05  1.2299E-04  1.7451E-04  1.8525E-04  1.8772E-04  1.8136E-04  1.8216E-04  1.6385E-04  1.4668E-04  9.9176E-05
       9.2573E-05  1.4565E-04  1.7608E-04  1.8988E-04  2.0498E-04  1.7888E-04  1.9041E-04  1.6579E-04  1.5823E-04  1.0230E-04
       1.0031E-04  1.5262E-04  1.8607E-04  1.9960E-04  2.1322E-04  1.9989E-04  1.8599E-04  1.6333E-04  1.4754E-04  1.0210E-04
       9.7629E-05  1.5219E-04  1.8714E-04  1.7714E-04  2.1053E-04  2.0595E-04  1.9369E-04  1.7965E-04  1.5290E-04  1.1548E-04
       9.1866E-05  1.5276E-04  1.7445E-04  1.8848E-04  1.9863E-04  2.0022E-04  1.9144E-04  1.8093E-04  1.5825E-04  1.0441E-04
       8.7701E-05  1.3152E-04  1.5215E-04  1.7857E-04  1.9030E-04  1.7628E-04  1.7206E-04  1.5252E-04  1.3292E-04  9.4331E-05
       8.8824E-05  1.1349E-04  1.3708E-04  1.5366E-04  1.6316E-04  1.5421E-04  1.5248E-04  1.3403E-04  1.1979E-04  8.8956E-05
       5.8807E-05  8.0832E-05  9.3923E-05  1.1279E-04  1.2726E-04  1.0779E-04  1.0709E-04  9.2896E-05  8.4049E-05  6.6271E-05
       5.1318E-05  7.1001E-05  8.2464E-05  9.6807E-05  8.8947E-05  8.8849E-05  9.3258E-05  7.7425E-05  7.5262E-05  4.9808E-05
       6.5523E-05  8.4865E-05  1.1937E-04  1.2582E-04  1.2718E-04  1.2313E-04  1.2008E-04  1.1242E-04  9.1943E-05  6.3564E-05
       7.2640E-05  1.0082E-04  1.3523E-04  1.4514E-04  1.3976E-04  1.4907E-04  1.4959E-04  1.2555E-04  9.9505E-05  7.8300E-05
       7.0274E-05  1.0861E-04  1.3550E-04  1.5486E-04  1.4337E-04  1.4812E-04  1.4989E-04  1.2998E-04  1.1089E-04  8.1160E-05
       8.1215E-05  1.1050E-04  1.4174E-04  1.6007E-04  1.6693E-04  1.5656E-04  1.5626E-04  1.3827E-04  1.1479E-04  7.4749E-05
       8.6615E-05  1.1443E-04  1.3987E-04  1.4645E-04  1.6820E-04  1.6371E-04  1.4979E-04  1.4385E-04  1.2004E-04  8.4661E-05
       7.7575E-05  1.1446E-04  1.2927E-04  1.4618E-04  1.6052E-04  1.5333E-04  1.5037E-04  1.4041E-04  1.1777E-04  7.4964E-05
       7.0451E-05  9.8994E-05  1.1579E-04  1.3773E-04  1.4384E-04  1.4835E-04  1.4225E-04  1.2356E-04  1.0789E-04  7.2145E-05
       7.0021E-05  9.3347E-05  1.1259E-04  1.1481E-04  1.2983E-04  1.2041E-04  1.2866E-04  1.1736E-04  9.1518E-05  6.4854E-05
       4.8863E-05  6.6339E-05  7.9967E-05  9.0399E-05  9.7458E-05  8.7523E-05  9.1104E-05  7.7574E-05  7.0737E-05  5.1219E-05
       4.5034E-05  5.5744E-05  6.5566E-05  6.8053E-05  6.6505E-05  6.5452E-05  6.7380E-05  6.3163E-05  5.6789E-05  3.5604E-05
       5.1813E-05  6.1593E-05  8.4999E-05  8.6032E-05  9.3411E-05  9.5095E-05  9.6596E-05  8.7222E-05  6.2642E-05  4.8053E-05
       6.1223E-05  7.0966E-05  1.0752E-04  1.0572E-04  1.0708E-04  1.1755E-04  1.1378E-04  9.5613E-05  7.6954E-05  5.7027E-05
       5.8844E-05  8.7564E-05  1.1730E-04  1.1441E-04  1.1502E-04  1.2279E-04  1.1327E-04  9.0347E-05  8.0562E-05  6.7143E-05
       6.1097E-05  9.5687E-05  1.1721E-04  1.2375E-04  1.3093E-04  1.2370E-04  1.2966E-04  1.0301E-04  8.9265E-05  5.6769E-05
       6.6876E-05  8.6776E-05  1.0314E-04  1.2001E-04  1.2609E-04  1.3494E-04  1.2802E-04  1.1530E-04  9.5493E-05  6.3769E-05
       6.5661E-05  8.4976E-05  9.8760E-05  1.1144E-04  1.2146E-04  1.2193E-04  1.2040E-04  1.1046E-04  9.7271E-05  5.4970E-05
       4.5606E-05  8.3094E-05  8.6845E-05  1.0751E-04  1.0872E-04  1.1089E-04  1.1230E-04  1.0256E-04  8.9194E-05  4.6281E-05
       4.8063E-05  7.1791E-05  8.4389E-05  9.1795E-05  9.9065E-05  9.0414E-05  9.5516E-05  9.0336E-05  7.1831E-05  5.1111E-05
       3.4341E-05  5.0885E-05  6.3651E-05  7.0169E-05  7.4337E-05  7.0484E-05  7.2994E-05  6.9370E-05  4.8739E-05  4.0023E-05
       3.2679E-05  4.1541E-05  4.1395E-05  5.1743E-05  5.8263E-05  5.1948E-05  5.5456E-05  4.9452E-05  4.3760E-05  3.4643E-05
       4.3719E-05  6.0460E-05  6.0077E-05  6.4884E-05  6.9397E-05  7.4916E-05  7.0796E-05  6.8444E-05  4.9901E-05  4.0352E-05
       4.8637E-05  5.6955E-05  7.1958E-05  8.9929E-05  8.7390E-05  9.1420E-05  8.6831E-05  7.9631E-05  6.9062E-05  4.7107E-05
       4.7806E-05  6.6074E-05  7.9965E-05  8.4569E-05  9.6031E-05  9.2034E-05  8.6010E-05  7.2398E-05  6.5942E-05  4.6117E-05
       4.6108E-05  7.2419E-05  8.5388E-05  9.2184E-05  1.0540E-04  8.7202E-05  9.2636E-05  7.1775E-05  6.4998E-05  5.1947E-05
       4.9196E-05  6.1857E-05  8.2170E-05  9.5075E-05  8.9692E-05  8.9922E-05  9.3255E-05  9.1767E-05  7.1105E-05  5.6463E-05
       4.9117E-05  6.4875E-05  7.7478E-05  8.6006E-05  9.1791E-05  8.4801E-05  9.1303E-05  8.8313E-05  6.8214E-05  4.3318E-05
       3.8631E-05  6.4600E-05  7.1749E-05  8.2060E-05  8.2345E-05  8.1139E-05  8.1950E-05  7.6553E-05  6.5208E-05  4.3647E-05
       3.5610E-05  5.9701E-05  6.5921E-05  6.9343E-05  7.3961E-05  7.2776E-05  7.6912E-05  7.2344E-05  6.0684E-05  3.6549E-05
       3.1190E-05  3.8928E-05  4.4613E-05  5.6160E-05  5.8702E-05  5.8066E-05  6.2606E-05  5.9788E-05  4.0198E-05  3.1945E-05
       2.2871E-05  3.2662E-05  3.2225E-05  3.8039E-05  4.2748E-05  3.9874E-05  4.4761E-05  4.1613E-05  3.2280E-05  2.5677E-05
       2.8347E-05  4.7527E-05  4.3696E-05  5.2020E-05  5.3715E-05  5.7778E-05  5.0470E-05  4.4767E-05  4.2466E-05  3.1138E-05
       3.3505E-05  3.9952E-05  4.7847E-05  6.3107E-05  5.9346E-05  6.8194E-05  6.0473E-05  5.1605E-05  4.3244E-05  3.5508E-05
       3.3723E-05  4.8640E-05  5.2062E-05  5.5112E-05  7.5275E-05  6.7740E-05  6.1126E-05  4.5655E-05  5.2655E-05  3.5647E-05
       3.3578E-05  5.0613E-05  5.0355E-05  6.2798E-05  8.0770E-05  6.4418E-05  6.3714E-05  4.9829E-05  4.6870E-05  3.9983E-05
       3.3660E-05  4.8221E-05  6.4606E-05  5.8281E-05  7.4183E-05  6.2826E-05  6.7326E-05  5.4688E-05  4.6261E-05  3.8813E-05
       3.4367E-05  4.2733E-05  4.9463E-05  6.1044E-05  6.2797E-05  6.0146E-05  6.6000E-05  5.2394E-05  5.0438E-05  3.4495E-05
       2.6895E-05  4.9527E-05  5.3461E-05  6.3279E-05  5.9587E-05  5.8438E-05  5.7072E-05  5.7372E-05  4.1894E-05  2.9021E-05
       2.7804E-05  4.2535E-05  5.1544E-05  4.9166E-05  5.5999E-05  5.2208E-05  5.4626E-05  4.9107E-05  4.4489E-05  3.4235E-05
       2.9034E-05  3.2896E-05  3.5565E-05  3.9953E-05  4.2390E-05  3.6872E-05  4.5605E-05  3.8338E-05  2.9513E-05  2.7695E-05

      Percentage errors follow in a matrix A(ix,iy,iz), format (1(5x,1p,10(1x,e11.4)))

       3.5500E+00  3.4070E+00  4.2244E+00  3.1543E+00  2.6014E+00  2.1129E+00  2.7236E+00  3.1493E+00  2.9262E+00  3.6613E+00
       3.5795E+00  3.2049E+00  3.0838E+00  3.5900E+00  2.3431E+00  3.0403E+00  2.4161E+00  3.4133E+00  2.9465E+00  2.7550E+00
       3.2595E+00  2.8508E+00  3.2077E+00  2.7341E+00  3.1324E+00  2.3614E+00  3.5684E+00  2.4865E+00  3.2335E+00  2.9210E+00
       3.2829E+00  3.0091E+00  2.7500E+00  2.6975E+00  2.9189E+00  2.4029E+00  2.5983E+00  2.5482E+00  4.0577E+00  4.0663E+00
       2.9895E+00  2.7185E+00  3.2198E+00  2.4194E+00  3.3300E+00  2.8868E+00  2.5256E+00  3.1820E+00  2.9006E+00  3.7745E+00
       3.7062E+00  3.6240E+00  2.3924E+00  2.6922E+00  2.8151E+00  2.1795E+00  2.7451E+00  3.2558E+00  3.2752E+00  3.1982E+00
       3.2273E+00  3.6030E+00  1.8420E+00  3.3489E+00  2.6192E+00  2.4748E+00  2.4888E+00  2.2261E+00  2.5514E+00  2.5151E+00
       3.3680E+00  2.7131E+00  2.3426E+00  3.1591E+00  2.6449E+00  2.3550E+00  1.7740E+00  2.0883E+00  3.1296E+00  3.6511E+00
       2.9877E+00  2.8343E+00  2.6344E+00  2.4437E+00  3.1110E+00  3.4378E+00  2.2505E+00  3.5105E+00  3.4867E+00  3.8259E+00
       3.3864E+00  3.1351E+00  2.5052E+00  3.5746E+00  2.9676E+00  2.7918E+00  2.7614E+00  3.6422E+00  2.9949E+00  4.4837E+00
       4.4011E+00  4.4764E+00  4.8060E+00  2.5730E+00  2.9652E+00  2.7939E+00  3.5459E+00  3.5703E+00  2.8744E+00  4.1668E+00
       3.6824E+00  2.5762E+00  3.6252E+00  3.4482E+00  2.4479E+00  3.4209E+00  3.3721E+00  4.2733E+00  3.3241E+00  2.9703E+00
       3.7463E+00  3.2940E+00  2.5424E+00  2.8908E+00  2.4418E+00  2.8548E+00  3.0679E+00  3.5826E+00  3.4508E+00  3.8014E+00
       3.7523E+00  2.8949E+00  2.9629E+00  4.1031E+00  3.0943E+00  2.9048E+00  3.2004E+00  3.1065E+00  3.1427E+00  3.1001E+00
       4.6764E+00  2.7153E+00  3.2996E+00  2.3694E+00  3.0306E+00  2.7030E+00  2.4949E+00  3.1266E+00  4.1677E+00  3.8790E+00
       3.8662E+00  4.2295E+00  3.1185E+00  2.8304E+00  4.0503E+00  2.3964E+00  2.1910E+00  3.2193E+00  3.0617E+00  3.4603E+00
       4.1482E+00  3.8209E+00  2.6032E+00  2.2016E+00  2.5615E+00  3.0841E+00  2.0982E+00  3.6391E+00  3.1076E+00  4.6187E+00
       2.6680E+00  3.7609E+00  2.4114E+00  2.7394E+00  2.2633E+00  3.0428E+00  2.4395E+00  3.1155E+00  3.1346E+00  3.4566E+00
       3.5971E+00  3.2789E+00  2.4845E+00  2.7335E+00  2.8408E+00  3.8654E+00  1.9595E+00  2.5898E+00  4.0003E+00  4.6160E+00
       3.0917E+00  3.9056E+00  2.7469E+00  2.6909E+00  2.2900E+00  3.8022E+00  2.7770E+00  2.9278E+00  3.0925E+00  4.7339E+00
       5.1604E+00  4.3581E+00  3.4335E+00  3.0138E+00  3.5211E+00  3.8425E+00  3.7694E+00  4.1472E+00  4.0334E+00  4.0788E+00
       5.4907E+00  3.0556E+00  3.9017E+00  3.5482E+00  3.4690E+00  3.6657E+00  4.7079E+00  3.9653E+00  2.8567E+00  4.0638E+00
       5.8642E+00  3.0876E+00  3.3174E+00  3.0727E+00  3.1963E+00  3.3939E+00  3.0568E+00  3.6052E+00  2.8349E+00  4.4595E+00
       3.3822E+00  2.4172E+00  3.7253E+00  3.3476E+00  4.0803E+00  3.0089E+00  2.6593E+00  3.2891E+00  3.2955E+00  4.1012E+00
       4.0924E+00  3.6753E+00  2.9471E+00  3.3285E+00  2.4243E+00  4.2434E+00  2.9806E+00  2.9762E+00  3.9800E+00  3.9669E+00
       3.6051E+00  3.9338E+00  3.4596E+00  2.5413E+00  3.7557E+00  3.0337E+00  3.1699E+00  2.8146E+00  3.2006E+00  2.5592E+00
       5.9442E+00  3.6239E+00  2.5545E+00  3.7090E+00  2.3144E+00  3.7497E+00  3.2198E+00  3.0958E+00  3.3955E+00  4.4676E+00
       3.6100E+00  3.4376E+00  3.2869E+00  2.6529E+00  2.7850E+00  3.2033E+00  2.3067E+00  3.3458E+00  3.0616E+00  4.5497E+00
       4.0738E+00  3.7362E+00  2.5578E+00  2.5076E+00  2.6738E+00  3.1629E+00  2.2172E+00  2.7933E+00  3.3017E+00  4.1181E+00
       4.0410E+00  4.1939E+00  4.3075E+00  3.6099E+00  2.2548E+00  3.5026E+00  3.9382E+00  3.2265E+00  5.3866E+00  5.8814E+00
       7.4963E+00  6.1089E+00  4.0593E+00  3.6587E+00  4.1675E+00  3.8524E+00  4.8309E+00  5.2644E+00  5.1132E+00  4.4156E+00
       4.9143E+00  4.8317E+00  4.1790E+00  4.1193E+00  3.9360E+00  3.7295E+00  4.0222E+00  3.4601E+00  3.7563E+00  5.5196E+00
       5.2992E+00  4.7992E+00  3.8934E+00  3.7582E+00  3.5281E+00  2.7674E+00  3.5349E+00  2.7668E+00  4.0855E+00  4.3608E+00
       3.5644E+00  4.2693E+00  3.9267E+00  3.4276E+00  3.5080E+00  4.7211E+00  3.7409E+00  1.8814E+00  5.1714E+00  5.7474E+00
       4.4482E+00  4.0722E+00  4.1571E+00  2.8996E+00  3.1589E+00  4.0443E+00  3.2999E+00  3.4747E+00  4.8627E+00  5.2726E+00
       3.5670E+00  4.3714E+00  3.4468E+00  3.0310E+00  3.3613E+00  3.7186E+00  2.1074E+00  3.8629E+00  3.2875E+00  3.1548E+00
       5.2891E+00  3.3260E+00  2.8955E+00  3.2281E+00  3.5179E+00  3.8191E+00  3.1222E+00  4.5187E+00  3.4697E+00  5.2052E+00
       5.0118E+00  3.4610E+00  3.4801E+00  2.6190E+00  3.0258E+00  3.7400E+00  3.0266E+00  4.0197E+00  3.5272E+00  5.3689E+00
       4.3777E+00  4.3838E+00  4.2802E+00  4.2408E+00  3.1556E+00  3.2180E+00  2.8287E+00  3.4460E+00  3.9889E+00  4.8545E+00
       5.2481E+00  5.0432E+00  5.1104E+00  3.9590E+00  3.4654E+00  4.0023E+00  3.9933E+00  3.3077E+00  4.1253E+00  5.1545E+00
       9.0790E+00  5.8257E+00  6.2772E+00  4.8677E+00  4.3566E+00  4.3390E+00  4.4506E+00  5.3670E+00  5.5445E+00  4.5686E+00
       5.2944E+00  5.2372E+00  4.6963E+00  4.5962E+00  5.2899E+00  3.4007E+00  4.2371E+00  4.9717E+00  3.7097E+00  4.1885E+00
       5.3964E+00  6.0422E+00  5.5460E+00  3.4800E+00  4.1213E+00  2.9373E+00  2.4234E+00  3.5534E+00  3.5326E+00  4.5898E+00
       4.7974E+00  4.0157E+00  3.3672E+00  3.4261E+00  3.8524E+00  4.5221E+00  3.0133E+00  4.4028E+00  4.6225E+00  4.4924E+00
       5.5858E+00  4.4463E+00  3.5858E+00  3.2962E+00  4.0463E+00  4.9417E+00  4.4470E+00  4.0649E+00  4.4137E+00  6.0140E+00
       4.5801E+00  3.9682E+00  3.0217E+00  3.0742E+00  3.6754E+00  4.4732E+00  2.5980E+00  2.6959E+00  3.5712E+00  3.7863E+00
       4.3039E+00  3.3492E+00  3.2311E+00  4.5596E+00  4.3821E+00  4.1171E+00  4.2685E+00  4.1307E+00  4.0869E+00  4.3832E+00
       7.6496E+00  4.6526E+00  3.3088E+00  2.8472E+00  4.2666E+00  3.7909E+00  3.8379E+00  4.8912E+00  4.9395E+00  4.5963E+00
       5.9321E+00  5.1912E+00  4.2231E+00  3.4345E+00  3.9960E+00  4.1078E+00  5.0723E+00  4.5676E+00  6.5964E+00  5.5531E+00
       4.8452E+00  5.2325E+00  5.9358E+00  4.6430E+00  2.4850E+00  4.2425E+00  4.9688E+00  4.0551E+00  4.1010E+00  5.9471E+00
       5.7915E+00  6.6594E+00  6.1849E+00  3.5215E+00  7.4160E+00  4.6366E+00  4.4831E+00  6.1683E+00  6.2120E+00  7.5500E+00
       5.6485E+00  6.0132E+00  4.8888E+00  3.3414E+00  4.8981E+00  4.9560E+00  5.2014E+00  6.8158E+00  5.6268E+00  6.4451E+00
       7.1671E+00  5.5617E+00  5.9167E+00  4.1057E+00  3.9215E+00  2.8595E+00  3.3577E+00  5.0127E+00  4.0235E+00  5.5050E+00
       8.3393E+00  4.7795E+00  4.2324E+00  4.8718E+00  3.7510E+00  4.7685E+00  4.2245E+00  4.2421E+00  4.9001E+00  5.2287E+00
       4.1275E+00  5.2851E+00  4.0820E+00  4.1484E+00  4.1938E+00  5.2155E+00  4.4174E+00  4.0590E+00  4.4912E+00  7.2221E+00
       7.4071E+00  5.2279E+00  4.3120E+00  2.8620E+00  5.0892E+00  4.3745E+00  5.0714E+00  4.7179E+00  5.4632E+00  5.7007E+00
       6.9031E+00  5.0411E+00  4.4107E+00  3.7382E+00  4.2638E+00  5.0638E+00  4.3231E+00  3.8097E+00  3.6808E+00  5.7006E+00
       7.0269E+00  4.3712E+00  4.3621E+00  4.1138E+00  4.6263E+00  4.5824E+00  4.5217E+00  5.4818E+00  5.4651E+00  6.1415E+00
       7.4733E+00  5.6402E+00  5.2706E+00  5.5895E+00  5.7034E+00  4.6883E+00  4.9761E+00  5.1850E+00  6.3883E+00  6.0968E+00
       6.8855E+00  7.2562E+00  4.2855E+00  6.0946E+00  5.8285E+00  4.4753E+00  5.8474E+00  5.6275E+00  6.3157E+00  7.2155E+00
       6.3728E+00  7.4491E+00  7.4509E+00  4.8650E+00  7.4949E+00  6.6133E+00  4.5852E+00  7.6375E+00  7.9144E+00  7.8695E+00
       4.6306E+00  6.4512E+00  6.0299E+00  4.8144E+00  5.2054E+00  5.1942E+00  5.1522E+00  6.8380E+00  6.9991E+00  5.7088E+00
       6.9291E+00  4.7739E+00  6.1797E+00  4.8181E+00  5.6874E+00  5.1818E+00  5.8570E+00  4.8710E+00  5.7931E+00  5.0258E+00
       5.5785E+00  5.1506E+00  4.0472E+00  4.7869E+00  5.0570E+00  5.8899E+00  3.6632E+00  4.6120E+00  5.9539E+00  5.8710E+00
       6.4169E+00  5.5951E+00  4.4730E+00  5.4221E+00  4.7188E+00  5.7992E+00  5.6227E+00  4.8701E+00  5.1372E+00  7.6054E+00
       4.9645E+00  4.6622E+00  4.6506E+00  5.6153E+00  5.2604E+00  4.8771E+00  4.7066E+00  4.8146E+00  5.6011E+00  8.1407E+00
       6.7640E+00  6.5574E+00  4.4830E+00  4.8650E+00  3.1637E+00  3.9915E+00  5.3070E+00  4.2698E+00  5.5503E+00  8.3007E+00
       7.5920E+00  4.2790E+00  5.6754E+00  5.0260E+00  5.5845E+00  4.5097E+00  5.6579E+00  4.7677E+00  6.9633E+00  6.2812E+00
       8.2534E+00  7.3327E+00  7.9458E+00  4.7846E+00  4.6162E+00  6.3079E+00  5.1573E+00  6.5593E+00  8.0489E+00  6.0487E+00
       6.5172E+00  7.0782E+00  6.3398E+00  7.9278E+00  8.2990E+00  6.1866E+00  5.7877E+00  8.1172E+00  6.6926E+00  7.4840E+00
       1.0059E+01  6.4705E+00  7.7760E+00  5.0630E+00  5.9547E+00  7.8627E+00  7.8295E+00  8.2735E+00  8.0132E+00  9.6296E+00
       7.1435E+00  8.7740E+00  8.0372E+00  4.3644E+00  5.2809E+00  5.5411E+00  7.6990E+00  7.9048E+00  6.4852E+00  7.2307E+00
       6.6922E+00  8.0976E+00  6.4641E+00  5.1076E+00  7.3031E+00  7.6644E+00  4.6548E+00  7.1035E+00  4.6366E+00  4.7569E+00
       6.1701E+00  5.4428E+00  5.1751E+00  6.0519E+00  5.1593E+00  4.3735E+00  3.7216E+00  6.2207E+00  4.2213E+00  6.7884E+00
       6.5032E+00  7.5183E+00  5.4396E+00  4.8897E+00  4.6050E+00  5.4616E+00  5.6302E+00  5.6058E+00  5.3879E+00  6.4255E+00
       7.5209E+00  5.4292E+00  5.8376E+00  5.2532E+00  7.0237E+00  4.6449E+00  5.9041E+00  6.4788E+00  6.1862E+00  6.8104E+00
       8.6053E+00  7.8547E+00  6.0166E+00  4.7525E+00  6.3183E+00  4.9766E+00  5.4104E+00  6.1720E+00  6.3723E+00  7.3869E+00
       9.9056E+00  5.9888E+00  6.5397E+00  4.5206E+00  5.1957E+00  4.9807E+00  6.7182E+00  6.3170E+00  6.2005E+00  9.0568E+00
       7.7595E+00  6.2765E+00  8.0174E+00  6.5050E+00  5.8859E+00  6.1286E+00  5.9317E+00  5.9073E+00  6.9481E+00  7.2504E+00
       7.8759E+00  7.1170E+00  7.1524E+00  5.7905E+00  7.7113E+00  5.9858E+00  6.3633E+00  6.9204E+00  9.8175E+00  8.5146E+00
       1.0256E+01  6.2158E+00  9.5956E+00  6.9514E+00  1.0697E+01  6.3041E+00  1.1117E+01  7.7046E+00  5.6368E+00  9.1198E+00
       7.6727E+00  7.9306E+00  1.0508E+01  7.4927E+00  5.0827E+00  5.8299E+00  5.1264E+00  1.0538E+01  7.1058E+00  9.2340E+00
       7.1806E+00  8.9424E+00  6.0425E+00  5.9449E+00  7.3109E+00  6.3175E+00  5.4463E+00  8.8628E+00  6.3343E+00  9.2496E+00
       8.3670E+00  7.3810E+00  6.3389E+00  5.8452E+00  5.7296E+00  6.4263E+00  6.8687E+00  5.9993E+00  8.1536E+00  5.9650E+00
       9.0332E+00  7.5419E+00  5.3741E+00  5.5335E+00  5.9716E+00  9.1473E+00  6.1139E+00  7.1183E+00  7.0277E+00  6.7938E+00
       8.9973E+00  8.0555E+00  7.8056E+00  6.4494E+00  4.8084E+00  7.0099E+00  7.3967E+00  6.7109E+00  6.4070E+00  8.9770E+00
       9.1929E+00  6.9158E+00  5.3314E+00  5.8023E+00  6.5512E+00  6.5116E+00  8.2927E+00  7.1014E+00  6.7377E+00  9.6161E+00
       9.2723E+00  5.8287E+00  7.5819E+00  6.4287E+00  6.6004E+00  6.1561E+00  7.9329E+00  9.5092E+00  9.4377E+00  8.5792E+00
       1.4090E+01  6.6011E+00  9.3600E+00  6.3637E+00  7.3528E+00  6.4891E+00  9.3883E+00  6.8003E+00  7.1533E+00  1.2909E+01
       1.0874E+01  8.8842E+00  8.1575E+00  7.6992E+00  8.1423E+00  5.9529E+00  6.6644E+00  9.6892E+00  5.9802E+00  8.3657E+00
       1.2034E+01  9.3715E+00  8.3526E+00  9.1748E+00  8.9494E+00  6.8154E+00  9.4837E+00  8.2114E+00  9.3053E+00  1.1918E+01
       9.2824E+00  9.4107E+00  7.2450E+00  8.5621E+00  7.1260E+00  9.1146E+00  9.0033E+00  1.2041E+01  9.5322E+00  8.6578E+00
       9.4891E+00  7.3402E+00  8.7558E+00  9.1656E+00  8.8769E+00  7.4233E+00  6.2964E+00  6.4319E+00  1.0067E+01  9.4168E+00
       8.8992E+00  9.8718E+00  7.1636E+00  8.1858E+00  7.6056E+00  5.1334E+00  7.1976E+00  7.5208E+00  7.6419E+00  7.8987E+00
       1.0161E+01  9.2790E+00  6.8829E+00  6.9023E+00  5.3302E+00  7.0365E+00  1.0599E+01  7.5355E+00  8.3590E+00  9.1835E+00
       9.0663E+00  9.3853E+00  8.4166E+00  4.3311E+00  7.5781E+00  6.1828E+00  9.4294E+00  8.8937E+00  9.0078E+00  7.4508E+00
       9.2748E+00  7.8526E+00  8.4004E+00  8.4653E+00  8.0599E+00  5.7142E+00  7.5389E+00  7.1424E+00  9.5214E+00  9.6791E+00
       8.0825E+00  7.3059E+00  7.6555E+00  5.4176E+00  6.0467E+00  5.5677E+00  8.9211E+00  8.4504E+00  9.1693E+00  1.1075E+01
       1.2435E+01  8.4801E+00  8.7620E+00  8.4479E+00  6.5874E+00  7.8074E+00  9.4075E+00  1.0467E+01  1.0641E+01  9.3434E+00
       1.0395E+01  1.0791E+01  8.0884E+00  9.8738E+00  8.5262E+00  1.0197E+01  8.4442E+00  9.6722E+00  1.2452E+01  1.1585E+01
