1
   Cartesian binning n.   1  "DoseEq    " , generalized particle n.  240
      X coordinate: from -8.5000E+01 to  8.5000E+01 cm,    10 bins ( 1.7000E+01 cm wide)
      Y coordinate: from -2.5000E+01 to  2.5000E+01 cm,    10 bins ( 5.0000E+00 cm wide)
      Z coordinate: from  2.2500E+02 to  2.7500E+02 cm,    10 bins ( 5.0000E+00 cm wide)
      Data follow in a matrix A(ix,iy,iz), format (1(5x,1p,10(1x,e11.4)))

      accurate deposition along the tracks requested
      this is a track-length binning
       1.2990E-04  1.5450E-04  1.7078E-04  1.8865E-04  2.0002E-04  2.0342E-04  1.8305E-04  1.6769E-04  1.5431E-04  1.1745E-04
       1.4790E-04  1.7070E-04  1.8652E-04  2.1077E-04  2.2923E-04  2.3615E-04  2.1504E-04  1.9730E-04  1.6997E-04  1.4089E-04
       1.3538E-04  1.8827E-04  2.2181E-04  2.2506E-04  2.4217E-04  2.3749E-04  2.3830E-04  1.9490E-04  1.8782E-04  1.4021E-04
       1.5821E-04  1.8293E-04  2.1902E-04  2.2845E-04  2.4107E-04  2.5273E-04  2.3421E-04  2.0692E-04  1.8097E-04  1.5019E-04
       1.5586E-04  1.9820E-04  2.2655E-04  2.3469E-04  2.4383E-04  2.6258E-04  2.2742E-04  2.0269E-04  1.7573E-04  1.6595E-04
       1.4711E-04  1.8616E-04  2.2285E-04  2.3354E-04  2.5298E-04  2.4310E-04  2.4577E-04  2.2328E-04  1.8727E-04  1.5400E-04
       1.4971E-04  1.8977E-04  2.1297E-04  2.3924E-04  2.5122E-04  2.3838E-04  2.3009E-04  2.0144E-04  1.8834E-04  1.5120E-04
       1.4787E-04  1.8128E-04  2.0082E-04  2.3572E-04  2.5633E-04  2.3042E-04  2.2965E-04  2.2105E-04  1.7930E-04  1.4489E-04
       1.4882E-04  1.6754E-04  1.8964E-04  2.0715E-04  2.2285E-04  2.1198E-04  2.0004E-04  2.0199E-04  1.5945E-04  1.5088E-04
       1.3158E-04  1.3938E-04  1.7625E-04  1.9539E-04  1.9783E-04  1.9462E-04  1.9141E-04  1.6419E-04  1.5611E-04  1.2760E-04
       1.0287E-04  1.3679E-04  1.4924E-04  1.5620E-04  1.7207E-04  1.8124E-04  1.5326E-04  1.4299E-04  1.3437E-04  1.0650E-04
       1.2315E-04  1.4926E-04  1.8011E-04  2.0129E-04  2.1667E-04  2.1045E-04  2.1537E-04  1.8381E-04  1.5511E-04  1.2240E-04
       1.2447E-04  1.7326E-04  2.0928E-04  2.0890E-04  2.3184E-04  2.3178E-04  2.2929E-04  1.9198E-04  1.7853E-04  1.3748E-04
       1.4276E-04  1.6820E-04  2.0307E-04  2.2149E-04  2.3542E-04  2.5193E-04  2.2904E-04  2.1581E-04  1.7950E-04  1.4499E-04
       1.4561E-04  1.7989E-04  2.2649E-04  2.2303E-04  2.4921E-04  2.4899E-04  2.3021E-04  1.9554E-04  1.7200E-04  1.3754E-04
       1.3708E-04  1.7224E-04  2.2938E-04  2.2337E-04  2.4888E-04  2.3983E-04  2.3228E-04  2.1262E-04  1.9381E-04  1.2870E-04
       1.4447E-04  1.8172E-04  2.0765E-04  2.4586E-04  2.4217E-04  2.4047E-04  2.1342E-04  1.9501E-04  1.9129E-04  1.4177E-04
       1.3449E-04  1.8090E-04  1.9850E-04  2.2771E-04  2.4389E-04  2.2329E-04  2.2069E-04  2.0198E-04  1.8047E-04  1.3697E-04
       1.2649E-04  1.5367E-04  1.7419E-04  2.0434E-04  2.1810E-04  2.0369E-04  1.9445E-04  1.7299E-04  1.6153E-04  1.2915E-04
       1.1140E-04  1.2582E-04  1.4893E-04  1.7868E-04  1.6643E-04  1.6622E-04  1.6689E-04  1.4381E-04  1.4363E-04  1.0877E-04
       8.4587E-05  1.0818E-04  1.1809E-04  1.1676E-04  1.3690E-04  1.4315E-04  1.3085E-04  1.1932E-04  1.0260E-04  8.5357E-05
       1.0291E-04  1.2849E-04  1.4579E-04  1.6197E-04  1.7805E-04  1.6845E-04  1.9012E-04  1.6080E-04  1.3364E-04  1.0203E-04
       1.0859E-04  1.5804E-04  1.6568E-04  1.8182E-04  1.9531E-04  2.0874E-04  1.8579E-04  1.6806E-04  1.4247E-04  1.1100E-04
       1.0448E-04  1.5594E-04  1.6492E-04  1.9904E-04  2.0352E-04  2.1918E-04  2.0507E-04  1.9490E-04  1.5268E-04  1.2441E-04
       1.2240E-04  1.6164E-04  1.9501E-04  2.2000E-04  2.1655E-04  2.2104E-04  2.0119E-04  1.6695E-04  1.5152E-04  1.1824E-04
       1.1430E-04  1.4223E-04  1.9423E-04  2.1305E-04  2.2723E-04  2.2109E-04  2.0738E-04  1.7866E-04  1.6477E-04  1.1397E-04
       1.1433E-04  1.4625E-04  1.7708E-04  2.0725E-04  2.1815E-04  2.1344E-04  2.0148E-04  1.8788E-04  1.5683E-04  1.1188E-04
       1.1515E-04  1.4865E-04  1.6523E-04  1.8280E-04  2.0758E-04  1.9038E-04  2.0550E-04  1.7637E-04  1.5497E-04  1.0596E-04
       1.0592E-04  1.2418E-04  1.5785E-04  1.6490E-04  1.8232E-04  1.6656E-04  1.7537E-04  1.4906E-04  1.4276E-04  1.1074E-04
       9.0262E-05  1.0306E-04  1.2455E-04  1.3648E-04  1.3953E-04  1.2783E-04  1.3748E-04  1.2059E-04  1.0977E-04  8.4868E-05
       6.4626E-05  8.7749E-05  9.1031E-05  1.0048E-04  1.1097E-04  1.1258E-04  1.1306E-04  9.0420E-05  9.0491E-05  6.8702E-05
       7.8795E-05  1.1215E-04  1.2723E-04  1.4853E-04  1.5379E-04  1.4705E-04  1.4335E-04  1.3581E-04  1.1403E-04  8.4918E-05
       8.7176E-05  1.2829E-04  1.4912E-04  1.5574E-04  1.6347E-04  1.7800E-04  1.6697E-04  1.5519E-04  1.1827E-04  9.2478E-05
       9.2864E-05  1.2366E-04  1.4421E-04  1.6908E-04  1.8330E-04  1.8261E-04  1.7423E-04  1.6209E-04  1.3084E-04  1.0712E-04
       9.4969E-05  1.3341E-04  1.5735E-04  1.8884E-04  1.8434E-04  1.8725E-04  1.6739E-04  1.4731E-04  1.4207E-04  1.0129E-04
       9.2920E-05  1.1690E-04  1.6062E-04  1.7431E-04  2.0122E-04  1.9245E-04  1.7368E-04  1.5740E-04  1.2327E-04  9.3235E-05
       1.0008E-04  1.1934E-04  1.4130E-04  1.7048E-04  1.8317E-04  1.8076E-04  1.7718E-04  1.6491E-04  1.2878E-04  9.8707E-05
       9.2658E-05  1.2650E-04  1.3721E-04  1.5315E-04  1.5841E-04  1.6871E-04  1.6274E-04  1.4157E-04  1.2032E-04  9.3890E-05
       8.5399E-05  1.0260E-04  1.2058E-04  1.2616E-04  1.5605E-04  1.4765E-04  1.4055E-04  1.1688E-04  1.1955E-04  8.1924E-05
       6.9874E-05  7.9111E-05  9.6402E-05  1.0252E-04  1.2079E-04  1.0582E-04  1.0460E-04  8.9194E-05  8.7087E-05  6.1483E-05
       4.9559E-05  6.4138E-05  7.1852E-05  8.5957E-05  8.9854E-05  9.2073E-05  8.8782E-05  8.5068E-05  6.0283E-05  4.9544E-05
       5.8887E-05  8.5782E-05  9.5151E-05  1.2835E-04  1.3047E-04  1.1233E-04  1.1665E-04  1.0831E-04  8.3579E-05  5.6298E-05
       6.5381E-05  1.0324E-04  1.1777E-04  1.3952E-04  1.4069E-04  1.2434E-04  1.3039E-04  1.2739E-04  1.0190E-04  7.6647E-05
       8.3204E-05  9.6501E-05  1.2548E-04  1.3349E-04  1.5311E-04  1.3826E-04  1.4657E-04  1.3319E-04  1.1259E-04  7.5726E-05
       8.8498E-05  1.0252E-04  1.1232E-04  1.4758E-04  1.5937E-04  1.4128E-04  1.4372E-04  1.1959E-04  1.1395E-04  7.7505E-05
       7.4371E-05  1.0994E-04  1.2354E-04  1.4344E-04  1.6455E-04  1.5397E-04  1.4526E-04  1.3644E-04  1.0472E-04  8.0028E-05
       7.1287E-05  9.4693E-05  1.2101E-04  1.3697E-04  1.5278E-04  1.4308E-04  1.3953E-04  1.2408E-04  1.0210E-04  7.7690E-05
       7.3694E-05  9.3084E-05  1.0481E-04  1.3765E-04  1.4320E-04  1.3094E-04  1.2907E-04  1.1793E-04  1.0208E-04  6.5395E-05
       6.2495E-05  8.6212E-05  8.6230E-05  1.0262E-04  1.1900E-04  1.1266E-04  1.1210E-04  9.9251E-05  8.7729E-05  6.8386E-05
       4.9818E-05  6.0824E-05  6.6466E-05  7.7987E-05  8.7671E-05  8.0917E-05  8.4443E-05  7.1247E-05  7.2183E-05  5.3539E-05
       4.0608E-05  5.1906E-05  5.0196E-05  6.7238E-05  7.2573E-05  6.6551E-05  6.8033E-05  6.3967E-05  4.2230E-05  3.5624E-05
       5.0562E-05  6.5373E-05  7.5468E-05  9.6584E-05  9.4781E-05  1.0447E-04  9.5994E-05  8.9075E-05  6.7093E-05  5.0211E-05
       5.5858E-05  8.2536E-05  9.6099E-05  1.1284E-04  1.1902E-04  9.7544E-05  1.0299E-04  1.0820E-04  7.9550E-05  5.4910E-05
       7.1452E-05  8.5567E-05  1.0858E-04  1.1466E-04  1.2748E-04  1.0966E-04  1.1528E-04  1.1079E-04  8.6474E-05  6.0580E-05
       7.1882E-05  8.3923E-05  9.9604E-05  1.0584E-04  1.2948E-04  1.2280E-04  1.1149E-04  1.0010E-04  9.7855E-05  6.6912E-05
       6.2345E-05  8.9593E-05  1.0520E-04  1.1128E-04  1.2887E-04  1.1779E-04  1.1515E-04  1.2129E-04  9.0906E-05  7.1434E-05
       6.2016E-05  8.8126E-05  1.0618E-04  1.0567E-04  1.2001E-04  1.0753E-04  1.1119E-04  1.0006E-04  9.0328E-05  7.2857E-05
       6.1467E-05  8.2117E-05  8.5175E-05  9.9188E-05  1.0643E-04  1.1004E-04  1.1114E-04  9.0540E-05  8.1143E-05  5.8796E-05
       5.3055E-05  7.1707E-05  7.4463E-05  8.3561E-05  9.8785E-05  9.6977E-05  8.1930E-05  8.3198E-05  6.2071E-05  5.8242E-05
       4.2629E-05  5.8273E-05  5.5420E-05  5.7529E-05  6.9713E-05  6.4123E-05  6.4994E-05  6.1094E-05  4.9939E-05  3.8004E-05
       3.3959E-05  4.2403E-05  4.1475E-05  4.9645E-05  5.7028E-05  5.3827E-05  5.6574E-05  4.6195E-05  3.5861E-05  2.9337E-05
       4.2934E-05  5.4547E-05  5.6101E-05  7.0977E-05  7.0845E-05  7.4283E-05  7.2609E-05  6.6683E-05  4.8563E-05  3.7844E-05
       4.7919E-05  6.2372E-05  7.3236E-05  9.3693E-05  9.5248E-05  8.7993E-05  8.4623E-05  7.1042E-05  6.7226E-05  3.8728E-05
       4.8319E-05  6.9725E-05  7.6994E-05  8.7700E-05  9.8146E-05  9.2871E-05  9.0667E-05  8.5565E-05  6.7235E-05  5.2006E-05
       5.4314E-05  7.8524E-05  8.8205E-05  9.1340E-05  1.0648E-04  9.9984E-05  9.9584E-05  8.4791E-05  7.8695E-05  5.1715E-05
       4.7201E-05  7.2228E-05  8.6880E-05  8.3956E-05  1.0098E-04  9.9366E-05  9.1521E-05  8.5875E-05  7.2881E-05  5.1347E-05
       4.7420E-05  6.9371E-05  8.6471E-05  9.0268E-05  9.3994E-05  9.1946E-05  9.7944E-05  8.0734E-05  7.8253E-05  5.3589E-05
       5.3680E-05  6.6569E-05  7.9124E-05  8.3137E-05  8.0082E-05  8.6700E-05  8.5413E-05  8.5673E-05  6.5454E-05  4.7513E-05
       4.7917E-05  5.5027E-05  6.7709E-05  5.8713E-05  7.1268E-05  8.2082E-05  6.8807E-05  7.0723E-05  4.7046E-05  4.3597E-05
       2.9188E-05  4.1758E-05  5.2710E-05  4.3960E-05  5.5564E-05  5.4428E-05  4.8725E-05  4.0772E-05  3.6860E-05  2.9254E-05
       2.5044E-05  3.1412E-05  3.2964E-05  3.7351E-05  5.0812E-05  4.1496E-05  3.7041E-05  3.4835E-05  3.3290E-05  1.9295E-05
       2.9807E-05  3.6871E-05  5.4373E-05  5.5787E-05  7.0645E-05  6.3356E-05  5.0068E-05  4.6929E-05  3.5990E-05  2.8967E-05
       3.0904E-05  4.7221E-05  6.4440E-05  7.1272E-05  7.1671E-05  7.4812E-05  6.2433E-05  5.8266E-05  5.5371E-05  3.1393E-05
       4.4879E-05  5.5939E-05  6.3209E-05  6.9774E-05  7.1835E-05  7.3855E-05  6.8235E-05  6.7721E-05  5.8242E-05  3.9150E-05
       3.8096E-05  6.1769E-05  6.8817E-05  7.4869E-05  7.5890E-05  7.8007E-05  7.4356E-05  6.7671E-05  5.6654E-05  3.8889E-05
       4.2103E-05  5.9405E-05  6.4443E-05  6.7052E-05  7.6456E-05  7.5595E-05  7.5787E-05  6.8959E-05  5.4994E-05  3.7748E-05
       4.3720E-05  5.8561E-05  6.5865E-05  5.9279E-05  7.6652E-05  6.5902E-05  6.8226E-05  5.8170E-05  5.9374E-05  3.8133E-05
       4.5344E-05  5.9602E-05  6.0411E-05  7.1709E-05  5.9326E-05  6.5685E-05  6.5348E-05  5.5359E-05  4.8404E-05  3.7627E-05
       3.2746E-05  4.7499E-05  5.4317E-05  5.0451E-05  4.8178E-05  5.8937E-05  5.6364E-05  4.5318E-05  3.7395E-05  3.5742E-05
       2.5550E-05  3.4120E-05  3.7862E-05  3.7847E-05  3.8277E-05  4.1113E-05  3.3851E-05  3.6668E-05  2.6748E-05  2.7320E-05
       1.6019E-05  2.4084E-05  2.6086E-05  2.7636E-05  3.4287E-05  3.2691E-05  2.9521E-05  2.4746E-05  2.4213E-05  1.8312E-05
       1.5764E-05  3.0711E-05  3.7199E-05  3.8905E-05  4.4460E-05  4.7826E-05  3.8884E-05  3.5159E-05  2.7780E-05  2.3155E-05
       2.5767E-05  3.9094E-05  4.3653E-05  5.2956E-05  5.2494E-05  5.2966E-05  5.2939E-05  4.2236E-05  4.1607E-05  2.7835E-05
       3.4525E-05  4.2663E-05  5.5630E-05  5.7281E-05  5.2902E-05  5.4085E-05  5.0619E-05  4.5037E-05  4.0490E-05  3.1885E-05
       4.1030E-05  4.5254E-05  5.0861E-05  5.0577E-05  4.9800E-05  5.8282E-05  5.6724E-05  5.1036E-05  3.8315E-05  3.3619E-05
       3.4771E-05  4.1338E-05  4.6631E-05  4.9151E-05  5.3362E-05  5.7330E-05  5.0062E-05  5.2368E-05  4.0898E-05  3.2501E-05
       3.0935E-05  4.2935E-05  4.5888E-05  5.2868E-05  5.7323E-05  5.6568E-05  5.1554E-05  4.8862E-05  4.2301E-05  2.6991E-05
       3.2296E-05  3.7565E-05  4.2614E-05  5.0675E-05  4.6932E-05  5.4017E-05  4.8785E-05  4.5021E-05  3.8769E-05  3.1199E-05
       2.5565E-05  4.0185E-05  3.7758E-05  3.5742E-05  3.9098E-05  4.3440E-05  4.6454E-05  3.5471E-05  3.0254E-05  2.4564E-05
       2.0245E-05  2.7570E-05  2.9545E-05  3.3086E-05  3.1697E-05  3.1912E-05  2.9052E-05  2.2818E-05  2.2380E-05  2.2361E-05
       1.3079E-05  1.8417E-05  2.0847E-05  1.9755E-05  2.5690E-05  2.3898E-05  2.3200E-05  2.1966E-05  1.7749E-05  1.2687E-05
       1.6470E-05  2.3432E-05  3.0964E-05  3.0610E-05  3.1955E-05  4.1178E-05  2.8761E-05  2.9183E-05  2.1441E-05  2.0090E-05
       2.1396E-05  2.3074E-05  3.0988E-05  3.9715E-05  3.5188E-05  3.7499E-05  4.1127E-05  2.9418E-05  2.9108E-05  2.2195E-05
       2.5249E-05  3.2540E-05  4.0878E-05  4.3472E-05  3.8420E-05  4.2118E-05  4.1571E-05  3.0785E-05  3.2643E-05  2.0728E-05
       2.4945E-05  3.4666E-05  3.9775E-05  3.4050E-05  3.4721E-05  4.2552E-05  3.6894E-05  3.4039E-05  2.6776E-05  2.1794E-05
       2.1604E-05  2.8416E-05  3.8007E-05  3.7321E-05  3.8029E-05  3.6936E-05  3.9281E-05  3.4605E-05  2.5939E-05  2.3435E-05
       1.9483E-05  2.8488E-05  3.9030E-05  3.6678E-05  4.1123E-05  3.4841E-05  3.7330E-05  3.6467E-05  2.4285E-05  2.3203E-05
       2.0230E-05  2.6308E-05  2.8830E-05  3.3522E-05  3.7638E-05  3.4637E-05  3.9178E-05  3.8598E-05  2.7434E-05  1.9763E-05
       1.7369E-05  2.2362E-05  2.9150E-05  2.8174E-05  3.1888E-05  3.2313E-05  2.8345E-05  2.7746E-05  2.6424E-05  1.6335E-05
       1.3903E-05  2.2383E-05  2.4041E-05  2.0697E-05  2.1625E-05  2.2388E-05  2.1083E-05  2.1051E-05  1.9036E-05  1.7715E-05

      Percentage errors follow in a matrix A(ix,iy,iz), format (1(5x,1p,10(1x,e11.4)))

       6.1452E+00  5.2527E+00  5.0258E+00  3.7960E+00  3.5829E+00  1.8588E+00  3.1727E+00  5.3736E+00  4.6950E+00  2.9112E+00
       4.9637E+00  3.7653E+00  3.8332E+00  4.1731E+00  3.1957E+00  3.9188E+00  4.8539E+00  2.8480E+00  4.9305E+00  4.8388E+00
       4.1084E+00  3.6943E+00  3.2727E+00  3.0932E+00  2.0689E+00  2.5671E+00  3.7140E+00  3.5067E+00  5.4949E+00  6.2185E+00
       5.4449E+00  4.2160E+00  3.3606E+00  4.0639E+00  4.6247E+00  3.8962E+00  3.7565E+00  3.1420E+00  4.1875E+00  5.3337E+00
       4.4662E+00  3.8043E+00  4.6506E+00  4.2701E+00  4.3397E+00  4.3066E+00  3.5482E+00  3.2209E+00  4.1310E+00  5.0431E+00
       4.5009E+00  5.0006E+00  3.8999E+00  3.5682E+00  3.0518E+00  3.4280E+00  3.9688E+00  3.8385E+00  4.7406E+00  3.9752E+00
       3.7934E+00  3.6893E+00  3.3542E+00  3.5634E+00  3.4653E+00  4.3219E+00  3.3753E+00  3.1221E+00  4.3809E+00  4.6341E+00
       4.6600E+00  4.0696E+00  4.0528E+00  4.0074E+00  3.4643E+00  3.9937E+00  3.4265E+00  2.8788E+00  4.2873E+00  5.4302E+00
       5.2008E+00  4.4210E+00  4.7958E+00  2.5129E+00  3.0503E+00  5.2694E+00  2.9432E+00  3.4548E+00  4.0495E+00  5.7922E+00
       5.1387E+00  4.5438E+00  4.1063E+00  3.8816E+00  3.1106E+00  3.5291E+00  3.4754E+00  4.8714E+00  3.6709E+00  3.8389E+00
       6.8540E+00  5.4835E+00  4.4712E+00  3.5206E+00  4.9004E+00  3.6029E+00  3.3986E+00  5.4647E+00  5.3826E+00  4.8081E+00
       4.8339E+00  4.0068E+00  4.7228E+00  3.3405E+00  3.3854E+00  3.9718E+00  4.5517E+00  4.4007E+00  5.4436E+00  5.5358E+00
       3.4562E+00  4.9183E+00  3.4955E+00  2.6820E+00  2.9500E+00  3.3212E+00  4.2514E+00  3.8048E+00  4.6478E+00  4.1818E+00
       4.3023E+00  4.5557E+00  3.5174E+00  4.2822E+00  3.3493E+00  3.7545E+00  5.6731E+00  3.7435E+00  3.8063E+00  4.7503E+00
       4.2266E+00  5.4022E+00  5.7291E+00  4.7538E+00  4.5828E+00  4.2059E+00  4.2608E+00  4.2768E+00  4.4448E+00  4.9979E+00
       4.5179E+00  6.4787E+00  4.2914E+00  4.7172E+00  3.7719E+00  4.4158E+00  5.2996E+00  3.9621E+00  3.9143E+00  4.1174E+00
       6.6513E+00  2.8784E+00  4.7242E+00  3.6151E+00  3.2656E+00  3.6453E+00  3.2703E+00  3.4464E+00  5.9528E+00  5.2115E+00
       5.4053E+00  4.5447E+00  4.6210E+00  4.2654E+00  3.6879E+00  4.6275E+00  3.7797E+00  4.3073E+00  5.9632E+00  6.1317E+00
       5.1936E+00  3.8964E+00  3.8308E+00  4.1732E+00  3.1163E+00  4.6316E+00  4.3033E+00  4.5457E+00  4.0445E+00  3.2528E+00
       5.5125E+00  3.4783E+00  5.0062E+00  4.0398E+00  4.7449E+00  4.6948E+00  5.0140E+00  4.2493E+00  5.3929E+00  5.1888E+00
       6.2198E+00  7.2359E+00  4.7478E+00  5.0102E+00  3.5488E+00  3.4529E+00  4.4103E+00  6.0821E+00  6.4699E+00  6.5630E+00
       5.4458E+00  5.0304E+00  5.4036E+00  3.7760E+00  4.9771E+00  3.7720E+00  4.7358E+00  4.7961E+00  5.5096E+00  4.0577E+00
       3.5670E+00  4.1470E+00  4.0383E+00  5.2922E+00  3.0274E+00  5.3510E+00  3.9303E+00  4.2001E+00  4.4200E+00  4.1018E+00
       4.3244E+00  4.0459E+00  4.9674E+00  4.7028E+00  3.2370E+00  3.9791E+00  4.8869E+00  3.8812E+00  5.2444E+00  5.7069E+00
       5.4214E+00  4.3298E+00  5.5611E+00  4.9321E+00  3.9170E+00  4.2506E+00  3.5446E+00  3.9579E+00  4.9614E+00  5.1661E+00
       6.3941E+00  5.7850E+00  4.7729E+00  4.5902E+00  3.5537E+00  4.1472E+00  4.7878E+00  4.1650E+00  4.8491E+00  5.3129E+00
       7.2938E+00  4.0876E+00  4.1610E+00  3.9846E+00  3.5099E+00  3.1403E+00  4.6140E+00  4.3206E+00  5.4260E+00  6.3127E+00
       5.3847E+00  5.2726E+00  4.7642E+00  4.4867E+00  4.4870E+00  4.8998E+00  3.6942E+00  4.4633E+00  6.3694E+00  6.0905E+00
       6.4383E+00  4.9032E+00  4.3473E+00  4.9920E+00  5.3048E+00  3.4602E+00  5.4640E+00  3.9969E+00  3.1947E+00  4.3150E+00
       6.5322E+00  4.2691E+00  5.5073E+00  4.1672E+00  5.5115E+00  4.4349E+00  5.6167E+00  6.6788E+00  5.6410E+00  6.0930E+00
       8.5490E+00  6.3119E+00  5.7760E+00  5.0724E+00  4.8715E+00  5.0084E+00  6.2092E+00  7.2112E+00  5.8983E+00  8.4681E+00
       7.3227E+00  5.5058E+00  7.1687E+00  4.7903E+00  4.2001E+00  3.7650E+00  5.1230E+00  7.0292E+00  5.1658E+00  5.5284E+00
       6.0681E+00  5.3411E+00  5.1742E+00  4.5257E+00  4.2075E+00  4.5672E+00  4.9250E+00  3.7086E+00  6.5508E+00  6.7259E+00
       6.0468E+00  5.0310E+00  5.2607E+00  5.2227E+00  3.8614E+00  4.2809E+00  4.9853E+00  3.1723E+00  4.9258E+00  5.0285E+00
       6.6893E+00  5.0673E+00  5.3828E+00  6.0142E+00  4.5919E+00  6.2172E+00  4.9837E+00  4.5832E+00  5.4674E+00  5.5408E+00
       6.8531E+00  5.8310E+00  5.0682E+00  4.3871E+00  4.6488E+00  2.7716E+00  4.7119E+00  4.0454E+00  4.7659E+00  5.9460E+00
       6.5119E+00  5.3264E+00  3.8223E+00  4.9376E+00  3.9037E+00  4.3308E+00  6.0213E+00  3.9793E+00  4.6295E+00  6.6121E+00
       4.5057E+00  5.7464E+00  3.9785E+00  4.8384E+00  3.5056E+00  4.3296E+00  5.1229E+00  4.5227E+00  5.6483E+00  8.1502E+00
       7.2549E+00  4.4499E+00  4.9142E+00  5.0245E+00  4.5890E+00  4.4922E+00  4.9533E+00  4.7603E+00  4.4463E+00  7.7260E+00
       7.7284E+00  5.0847E+00  6.9364E+00  5.0333E+00  5.4395E+00  4.3584E+00  6.5154E+00  4.7253E+00  7.2447E+00  7.6594E+00
       8.6272E+00  7.6756E+00  4.6781E+00  5.2044E+00  4.7375E+00  4.3207E+00  4.5658E+00  6.7041E+00  7.4239E+00  6.8609E+00
       9.7557E+00  5.6704E+00  6.4766E+00  4.9486E+00  5.5184E+00  5.5659E+00  5.7294E+00  6.0352E+00  6.5684E+00  7.9503E+00
       7.9368E+00  6.8646E+00  4.2252E+00  4.9254E+00  4.6646E+00  6.2869E+00  4.4192E+00  4.0334E+00  6.8234E+00  7.2206E+00
       7.8823E+00  4.2313E+00  4.7648E+00  4.8240E+00  5.3876E+00  5.6087E+00  3.8706E+00  4.2457E+00  6.4939E+00  5.6811E+00
       5.5642E+00  5.4602E+00  6.2217E+00  6.0696E+00  5.8179E+00  5.4110E+00  3.9295E+00  5.1241E+00  4.9007E+00  6.7878E+00
       8.5194E+00  5.0554E+00  6.4837E+00  5.5753E+00  5.2577E+00  4.5451E+00  5.2805E+00  4.5604E+00  4.8333E+00  4.9212E+00
       6.8824E+00  6.7918E+00  4.6783E+00  4.9644E+00  4.8572E+00  4.0890E+00  5.0957E+00  3.7172E+00  5.5899E+00  6.7874E+00
       7.6716E+00  5.2145E+00  5.9218E+00  5.0690E+00  4.3876E+00  5.4352E+00  6.9102E+00  4.3925E+00  5.3320E+00  6.6784E+00
       7.0965E+00  5.9560E+00  6.1564E+00  6.1205E+00  6.2497E+00  5.3530E+00  4.4363E+00  6.9817E+00  5.2103E+00  5.9535E+00
       9.9278E+00  7.4304E+00  5.6123E+00  6.7626E+00  7.1303E+00  5.4164E+00  7.6866E+00  3.5687E+00  7.6071E+00  9.7557E+00
       7.5316E+00  7.1754E+00  7.5527E+00  7.4158E+00  7.8011E+00  7.3526E+00  7.3994E+00  8.1329E+00  6.3561E+00  8.6183E+00
       8.2378E+00  5.1799E+00  7.2175E+00  7.0204E+00  5.6225E+00  6.4207E+00  6.1911E+00  7.4376E+00  7.0037E+00  8.5939E+00
       5.3132E+00  5.6579E+00  4.9776E+00  5.1169E+00  6.3212E+00  7.6140E+00  5.7268E+00  6.7764E+00  6.1277E+00  5.5073E+00
       6.6747E+00  4.2414E+00  4.6861E+00  5.6578E+00  5.6204E+00  5.8608E+00  5.5940E+00  5.1069E+00  5.8793E+00  7.9612E+00
       9.0888E+00  5.1976E+00  4.3991E+00  4.6420E+00  5.2676E+00  4.6843E+00  5.3984E+00  5.1647E+00  7.4372E+00  8.0953E+00
       7.7130E+00  5.3742E+00  7.2512E+00  6.9395E+00  6.0693E+00  5.6599E+00  4.7449E+00  6.2366E+00  8.0755E+00  7.1336E+00
       8.4312E+00  8.1463E+00  5.5145E+00  5.9013E+00  5.7068E+00  6.1883E+00  5.7470E+00  6.8787E+00  6.4659E+00  6.8096E+00
       8.3732E+00  5.7091E+00  6.0354E+00  4.5055E+00  6.6975E+00  5.8638E+00  6.7819E+00  6.6426E+00  6.9959E+00  6.9508E+00
       9.3599E+00  6.4384E+00  7.8265E+00  6.6565E+00  4.3650E+00  6.7205E+00  6.2788E+00  6.9070E+00  8.9158E+00  8.8207E+00
       1.0670E+01  6.6844E+00  7.0167E+00  8.4414E+00  5.0008E+00  5.2700E+00  6.3336E+00  7.9329E+00  9.5245E+00  8.7928E+00
       8.3490E+00  8.2638E+00  7.9083E+00  8.1115E+00  8.1153E+00  7.1283E+00  7.7104E+00  9.3635E+00  7.9327E+00  9.7763E+00
       7.2230E+00  8.2074E+00  6.1275E+00  6.3648E+00  7.4303E+00  7.5918E+00  7.3195E+00  7.6367E+00  7.9285E+00  8.3610E+00
       8.2716E+00  6.8823E+00  5.2208E+00  5.6019E+00  7.3987E+00  7.4694E+00  5.5674E+00  6.9035E+00  9.0680E+00  9.0454E+00
       9.1987E+00  6.5542E+00  7.7627E+00  8.2172E+00  5.8826E+00  6.7430E+00  7.5676E+00  6.2253E+00  6.5321E+00  7.3292E+00
       7.6739E+00  5.0877E+00  7.3089E+00  4.4896E+00  4.3708E+00  5.3956E+00  6.2063E+00  5.8957E+00  5.2431E+00  8.5359E+00
       5.4254E+00  7.3502E+00  6.5213E+00  6.9487E+00  4.7107E+00  5.4182E+00  6.6228E+00  6.1026E+00  6.3392E+00  8.3305E+00
       8.3940E+00  5.9257E+00  7.2154E+00  7.7437E+00  4.6208E+00  4.1087E+00  6.7854E+00  6.0281E+00  5.9644E+00  7.1634E+00
       6.7156E+00  7.1428E+00  5.5721E+00  9.0669E+00  9.8234E+00  5.8552E+00  6.1572E+00  5.7043E+00  8.9134E+00  7.0943E+00
       9.3561E+00  7.4924E+00  8.3369E+00  7.1682E+00  5.6436E+00  5.9475E+00  7.1593E+00  5.5948E+00  9.8334E+00  1.0910E+01
       1.1177E+01  8.5136E+00  9.1720E+00  9.3273E+00  7.9932E+00  6.6644E+00  9.4283E+00  8.8079E+00  6.9007E+00  1.0809E+01
       1.5104E+01  1.0907E+01  1.1487E+01  7.8583E+00  9.6878E+00  8.5889E+00  8.8301E+00  8.0233E+00  1.1547E+01  1.2768E+01
       9.2125E+00  9.4985E+00  1.0352E+01  6.1377E+00  1.0941E+01  7.7097E+00  5.8759E+00  8.6418E+00  9.2935E+00  9.1927E+00
       8.5478E+00  9.8917E+00  7.6447E+00  7.0539E+00  5.8099E+00  7.1810E+00  6.8843E+00  1.0828E+01  8.5301E+00  1.1030E+01
       8.6533E+00  8.2097E+00  7.0225E+00  6.5146E+00  5.8739E+00  6.0173E+00  8.1651E+00  6.4230E+00  9.1680E+00  8.3055E+00
       9.8132E+00  7.5246E+00  5.3292E+00  6.7846E+00  5.4434E+00  7.2022E+00  6.1834E+00  5.8136E+00  5.1726E+00  9.8496E+00
       9.3385E+00  7.4580E+00  7.3379E+00  6.6903E+00  5.2615E+00  6.9587E+00  7.7591E+00  4.7883E+00  8.2294E+00  9.1992E+00
       8.6255E+00  7.6025E+00  7.8041E+00  7.4597E+00  5.9247E+00  5.1512E+00  7.6708E+00  8.7776E+00  9.2869E+00  9.8304E+00
       9.7143E+00  6.6830E+00  7.0012E+00  8.5079E+00  8.4302E+00  6.5319E+00  9.5966E+00  8.3689E+00  8.9224E+00  1.0485E+01
       1.0824E+01  1.0484E+01  7.0689E+00  8.8059E+00  1.0040E+01  6.9271E+00  1.0091E+01  9.6404E+00  1.2089E+01  1.2702E+01
       1.2058E+01  1.1519E+01  1.0619E+01  1.0738E+01  1.0862E+01  7.7206E+00  7.0467E+00  1.1784E+01  9.1933E+00  1.2005E+01
       1.3512E+01  1.1068E+01  1.1080E+01  8.1770E+00  8.0093E+00  1.0227E+01  8.8835E+00  1.2701E+01  1.5384E+01  1.2785E+01
       8.7605E+00  1.0665E+01  1.0231E+01  7.0941E+00  1.3360E+01  8.7110E+00  8.2237E+00  7.6172E+00  1.1678E+01  1.0785E+01
       1.1957E+01  7.7108E+00  9.9139E+00  8.4380E+00  8.2038E+00  7.8760E+00  8.1403E+00  6.9230E+00  1.0234E+01  1.1131E+01
       1.2123E+01  7.8801E+00  7.2473E+00  7.7438E+00  6.1827E+00  6.8546E+00  7.1499E+00  1.0017E+01  8.3375E+00  1.4848E+01
       1.1523E+01  5.8267E+00  7.2468E+00  8.3479E+00  6.7881E+00  7.1909E+00  8.7414E+00  9.8565E+00  5.3255E+00  8.1274E+00
       1.2852E+01  6.7167E+00  7.2799E+00  8.3332E+00  5.6648E+00  8.5074E+00  6.8815E+00  8.9253E+00  8.9751E+00  7.5659E+00
       1.0082E+01  8.0018E+00  9.9561E+00  6.6570E+00  6.8767E+00  7.8224E+00  7.3342E+00  8.8140E+00  8.6387E+00  1.0210E+01
       7.6655E+00  1.2337E+01  1.2051E+01  7.9685E+00  8.1262E+00  8.8191E+00  9.9471E+00  8.0089E+00  7.6610E+00  1.7198E+01
       1.1897E+01  9.0856E+00  7.7294E+00  8.3285E+00  8.2979E+00  8.3640E+00  1.1228E+01  6.8182E+00  8.4407E+00  1.4200E+01
       1.6508E+01  7.4729E+00  1.0586E+01  1.2308E+01  1.0106E+01  1.1192E+01  9.4149E+00  1.2678E+01  1.0672E+01  1.3479E+01
       1.2607E+01  1.2249E+01  1.1197E+01  1.2836E+01  1.0059E+01  1.4079E+01  1.1440E+01  1.2717E+01  1.3798E+01  1.6599E+01
       8.5555E+00  1.2145E+01  1.0477E+01  1.0903E+01  1.1750E+01  1.0805E+01  1.0981E+01  1.0823E+01  1.2045E+01  1.3931E+01
       1.5930E+01  1.0294E+01  9.0040E+00  8.9446E+00  9.7796E+00  9.9903E+00  1.1600E+01  8.7121E+00  1.1215E+01  1.2254E+01
       1.2170E+01  1.0573E+01  8.0666E+00  1.0382E+01  7.6926E+00  8.0247E+00  9.0632E+00  8.8883E+00  7.0661E+00  1.2219E+01
       1.0650E+01  1.0063E+01  9.7914E+00  9.5595E+00  1.0561E+01  9.5958E+00  9.9736E+00  9.9960E+00  7.5752E+00  9.4775E+00
       1.0535E+01  9.3574E+00  1.1427E+01  1.0410E+01  9.0989E+00  9.7867E+00  8.1720E+00  8.7438E+00  1.1491E+01  1.1432E+01
       1.3804E+01  8.6794E+00  9.0276E+00  9.0138E+00  9.6645E+00  9.4491E+00  1.0565E+01  9.3266E+00  1.2514E+01  1.5139E+01
       1.0864E+01  1.2526E+01  1.0673E+01  1.0418E+01  9.2653E+00  1.0556E+01  1.0492E+01  7.4724E+00  1.1334E+01  1.3645E+01
       1.3426E+01  9.8468E+00  8.8873E+00  7.5635E+00  1.2418E+01  1.0856E+01  1.0304E+01  9.7728E+00  1.0519E+01  1.2197E+01
       1.6489E+01  1.1670E+01  1.1915E+01  1.3993E+01  1.0473E+01  9.8583E+00  1.3972E+01  1.3574E+01  1.1186E+01  1.0478E+01
