1
   Cartesian binning n.   1  "DoseEq    " , generalized particle n.  240
      X coordinate: from -8.5000E+01 to  8.5000E+01 cm,    10 bins ( 1.7000E+01 cm wide)
      Y coordinate: from -2.5000E+01 to  2.5000E+01 cm,    10 bins ( 5.0000E+00 cm wide)
      Z coordinate: from  2.2500E+02 to  2.7500E+02 cm,    10 bins ( 5.0000E+00 cm wide)
      Data follow in a matrix A(ix,iy,iz), format (1(5x,1p,10(1x,e11.4)))

      accurate deposition along the tracks requested
      this is a track-length binning
       2.2894E-04  2.8188E-04  3.0619E-04  3.1344E-04  3.2909E-04  3.3813E-04  3.1219E-04  2.8437E-04  2.6777E-04  2.1708E-04
       2.5006E-04  3.0948E-04  3.4330E-04  3.7959E-04  3.8861E-04  3.9930E-04  3.6135E-04  3.3907E-04  2.8936E-04  2.4160E-04
       2.6286E-04  3.1895E-04  3.7182E-04  4.0259E-04  4.0726E-04  4.1021E-04  3.9230E-04  3.6115E-04  3.1823E-04  2.5350E-04
       2.4124E-04  3.2272E-04  3.7460E-04  4.0583E-04  4.2138E-04  3.9855E-04  3.9037E-04  3.7218E-04  3.2923E-04  2.5599E-04
       2.6180E-04  3.3441E-04  3.7094E-04  4.1114E-04  4.1648E-04  4.3630E-04  4.1104E-04  3.9719E-04  3.1656E-04  2.6992E-04
       2.5579E-04  3.5436E-04  3.7966E-04  4.1914E-04  4.2198E-04  4.3123E-04  4.1485E-04  3.7567E-04  3.2398E-04  2.6056E-04
       2.5826E-04  3.2996E-04  3.6615E-04  4.0785E-04  4.1333E-04  4.1583E-04  4.0750E-04  3.7211E-04  3.1127E-04  2.7308E-04
       2.4574E-04  3.2053E-04  3.6098E-04  3.8262E-04  4.0660E-04  3.9556E-04  3.8537E-04  3.5873E-04  3.3038E-04  2.5814E-04
       2.5352E-04  2.9064E-04  3.4793E-04  3.8075E-04  3.7824E-04  3.6916E-04  3.6413E-04  3.4569E-04  3.0664E-04  2.4101E-04
       2.1716E-04  2.7826E-04  2.9608E-04  3.4475E-04  3.5694E-04  3.4721E-04  3.1678E-04  2.9750E-04  2.4085E-04  2.1240E-04
       1.7500E-04  2.3322E-04  2.2901E-04  2.6951E-04  2.8287E-04  2.9218E-04  2.7061E-04  2.3790E-04  2.2935E-04  1.6948E-04
       2.0501E-04  2.5918E-04  2.9132E-04  3.4427E-04  3.5845E-04  3.7022E-04  3.3616E-04  3.1406E-04  2.7091E-04  2.0167E-04
       2.2270E-04  2.9044E-04  3.5077E-04  3.6841E-04  3.8861E-04  3.5789E-04  3.5613E-04  3.4175E-04  3.1220E-04  2.1689E-04
       2.0543E-04  2.8632E-04  3.5972E-04  3.8838E-04  3.9381E-04  3.9063E-04  3.6318E-04  3.4561E-04  3.0567E-04  2.2844E-04
       2.2660E-04  3.1314E-04  3.5079E-04  3.8905E-04  4.1112E-04  4.0446E-04  3.9463E-04  3.5441E-04  2.8825E-04  2.4735E-04
       2.3019E-04  3.2947E-04  3.5547E-04  4.0995E-04  4.0746E-04  3.9681E-04  3.8894E-04  3.6611E-04  3.0254E-04  2.2722E-04
       2.3102E-04  3.0738E-04  3.5306E-04  3.8949E-04  3.8681E-04  3.9976E-04  3.7776E-04  3.5616E-04  3.0492E-04  2.4554E-04
       2.1330E-04  2.9494E-04  3.4635E-04  3.7002E-04  3.6551E-04  3.7665E-04  3.6572E-04  3.3253E-04  3.0717E-04  2.2386E-04
       2.1283E-04  2.6811E-04  3.0599E-04  3.3695E-04  3.3891E-04  3.4802E-04  3.2531E-04  2.9903E-04  2.6459E-04  1.9073E-04
       1.6752E-04  2.2337E-04  2.4325E-04  2.8372E-04  2.9156E-04  2.7296E-04  2.5764E-04  2.4913E-04  1.9499E-04  1.6346E-04
       1.3280E-04  1.7120E-04  1.6819E-04  2.1175E-04  2.4283E-04  2.2259E-04  2.0607E-04  1.8928E-04  1.6440E-04  1.3522E-04
       1.6084E-04  2.2245E-04  2.4882E-04  2.7461E-04  3.0211E-04  2.9283E-04  2.7837E-04  2.6260E-04  2.2636E-04  1.5785E-04
       1.8913E-04  2.4177E-04  2.8129E-04  2.9525E-04  3.3003E-04  3.1238E-04  3.0991E-04  2.9212E-04  2.5859E-04  1.7376E-04
       1.7976E-04  2.5107E-04  2.9740E-04  3.2432E-04  3.4734E-04  3.2934E-04  3.2253E-04  2.9933E-04  2.7217E-04  1.9024E-04
       1.8662E-04  2.5813E-04  3.0659E-04  3.4833E-04  3.5909E-04  3.4394E-04  3.2876E-04  3.2056E-04  2.6590E-04  2.1342E-04
       1.8486E-04  2.6036E-04  3.0150E-04  3.3550E-04  3.4578E-04  3.4313E-04  3.2024E-04  3.2551E-04  2.6013E-04  1.9022E-04
       1.8833E-04  2.3707E-04  2.9513E-04  3.1729E-04  3.1402E-04  3.4297E-04  3.1238E-04  2.9474E-04  2.6198E-04  2.0055E-04
       1.6924E-04  2.5153E-04  2.7844E-04  2.9978E-04  3.1360E-04  3.2718E-04  2.9759E-04  2.8592E-04  2.5817E-04  1.7971E-04
       1.6638E-04  2.1982E-04  2.5523E-04  2.5779E-04  2.8871E-04  2.9016E-04  2.6895E-04  2.5083E-04  2.0856E-04  1.6541E-04
       1.2461E-04  1.7042E-04  1.9355E-04  2.3002E-04  2.2414E-04  2.2592E-04  2.2075E-04  1.9838E-04  1.4899E-04  1.3115E-04
       1.0276E-04  1.2976E-04  1.4054E-04  1.6149E-04  1.7349E-04  1.8268E-04  1.6383E-04  1.4913E-04  1.2777E-04  1.0535E-04
       1.2048E-04  1.7415E-04  2.0264E-04  2.2298E-04  2.3618E-04  2.4681E-04  2.2011E-04  2.0701E-04  1.8226E-04  1.1876E-04
       1.4156E-04  1.9138E-04  2.4536E-04  2.5412E-04  2.6662E-04  2.6294E-04  2.5175E-04  2.4103E-04  2.0677E-04  1.3814E-04
       1.5251E-04  2.0067E-04  2.5251E-04  2.7360E-04  2.8321E-04  2.7849E-04  2.5610E-04  2.4562E-04  2.1014E-04  1.6086E-04
       1.4457E-04  2.1285E-04  2.6121E-04  2.8697E-04  2.7901E-04  2.8123E-04  2.7647E-04  2.5540E-04  2.1145E-04  1.6206E-04
       1.5701E-04  2.2301E-04  2.3440E-04  2.6637E-04  2.7528E-04  2.7434E-04  2.7220E-04  2.4756E-04  2.2330E-04  1.5318E-04
       1.4275E-04  1.9912E-04  2.4292E-04  2.5847E-04  2.7486E-04  2.7189E-04  2.7785E-04  2.5157E-04  2.1394E-04  1.4998E-04
       1.4152E-04  1.9714E-04  2.2842E-04  2.5452E-04  2.6671E-04  2.8240E-04  2.4445E-04  2.3664E-04  1.9714E-04  1.5492E-04
       1.3208E-04  1.7483E-04  2.0410E-04  2.1768E-04  2.3243E-04  2.3855E-04  2.1670E-04  2.0219E-04  1.7548E-04  1.3363E-04
       1.0027E-04  1.4070E-04  1.5574E-04  1.7331E-04  1.7344E-04  1.7419E-04  1.7051E-04  1.5125E-04  1.3244E-04  1.0228E-04
       7.9679E-05  1.0040E-04  1.1424E-04  1.1436E-04  1.3880E-04  1.4427E-04  1.3009E-04  1.1485E-04  1.1172E-04  8.2625E-05
       1.0106E-04  1.3801E-04  1.4758E-04  1.7256E-04  1.8934E-04  1.8435E-04  1.7601E-04  1.5901E-04  1.3362E-04  9.9954E-05
       1.1440E-04  1.3665E-04  1.8784E-04  2.0825E-04  2.1525E-04  2.1854E-04  1.9947E-04  1.9708E-04  1.5893E-04  1.0694E-04
       1.1766E-04  1.5941E-04  2.0878E-04  2.4010E-04  2.3776E-04  2.3500E-04  2.0808E-04  1.9674E-04  1.6090E-04  1.2477E-04
       1.1750E-04  1.8037E-04  2.0183E-04  2.2729E-04  2.4027E-04  2.2499E-04  2.2852E-04  2.0339E-04  1.6658E-04  1.2820E-04
       1.2100E-04  1.7404E-04  1.9422E-04  2.2822E-04  2.1343E-04  2.2714E-04  2.0834E-04  2.1457E-04  1.6575E-04  1.2705E-04
       1.1694E-04  1.5795E-04  1.9142E-04  2.1747E-04  2.3058E-04  2.2242E-04  2.2345E-04  1.9483E-04  1.6714E-04  1.2023E-04
       1.1309E-04  1.4522E-04  1.8242E-04  1.8967E-04  2.0627E-04  2.1539E-04  2.0186E-04  1.9866E-04  1.5546E-04  1.1276E-04
       1.0274E-04  1.2917E-04  1.6664E-04  1.8232E-04  1.8954E-04  1.9171E-04  1.7922E-04  1.6557E-04  1.2894E-04  1.0518E-04
       7.2893E-05  1.0206E-04  1.2540E-04  1.3783E-04  1.3859E-04  1.3511E-04  1.3080E-04  1.1866E-04  1.0497E-04  8.8147E-05
       5.9682E-05  8.0030E-05  9.1975E-05  9.2953E-05  9.9929E-05  1.1654E-04  1.0658E-04  9.2411E-05  8.8129E-05  6.1538E-05
       7.1656E-05  1.0222E-04  1.1354E-04  1.4699E-04  1.5164E-04  1.5130E-04  1.3629E-04  1.2625E-04  1.1266E-04  7.9386E-05
       7.9753E-05  1.1359E-04  1.5067E-04  1.7271E-04  1.7662E-04  1.7827E-04  1.6273E-04  1.4830E-04  1.2478E-04  8.9805E-05
       9.2546E-05  1.2569E-04  1.4960E-04  1.7821E-04  1.8501E-04  1.8393E-04  1.7160E-04  1.4807E-04  1.3178E-04  9.2825E-05
       9.4279E-05  1.3782E-04  1.7730E-04  1.7577E-04  1.9174E-04  1.8384E-04  1.8316E-04  1.5679E-04  1.4414E-04  9.6366E-05
       9.5256E-05  1.3875E-04  1.5820E-04  1.7422E-04  1.7452E-04  1.7503E-04  1.7292E-04  1.7271E-04  1.4195E-04  1.0487E-04
       9.1605E-05  1.2788E-04  1.4162E-04  1.6934E-04  1.7861E-04  1.6248E-04  1.6823E-04  1.5665E-04  1.3222E-04  9.2471E-05
       9.1461E-05  1.1885E-04  1.3713E-04  1.5071E-04  1.6876E-04  1.5891E-04  1.7172E-04  1.4190E-04  1.1915E-04  8.7623E-05
       7.2057E-05  1.0160E-04  1.3388E-04  1.2984E-04  1.4684E-04  1.5003E-04  1.4064E-04  1.2790E-04  1.0651E-04  7.7994E-05
       5.9630E-05  8.1589E-05  9.0659E-05  1.0351E-04  1.0501E-04  1.0308E-04  1.0476E-04  9.1013E-05  8.8422E-05  5.4618E-05
       4.1947E-05  6.0295E-05  7.6181E-05  7.2368E-05  8.0658E-05  9.1799E-05  8.5883E-05  7.3405E-05  6.2353E-05  5.0438E-05
       4.9046E-05  7.3723E-05  9.1315E-05  1.0425E-04  1.1909E-04  1.1496E-04  1.2552E-04  1.0232E-04  8.0424E-05  6.2899E-05
       6.2461E-05  9.8444E-05  1.0608E-04  1.1699E-04  1.3995E-04  1.3175E-04  1.2802E-04  1.0908E-04  9.3509E-05  7.5525E-05
       6.3465E-05  1.0436E-04  1.1233E-04  1.2816E-04  1.4014E-04  1.3987E-04  1.2869E-04  1.2860E-04  1.1149E-04  8.0636E-05
       7.2606E-05  9.9872E-05  1.3681E-04  1.2843E-04  1.4470E-04  1.4622E-04  1.4728E-04  1.3246E-04  1.1264E-04  6.3971E-05
       8.1709E-05  1.0970E-04  1.2479E-04  1.2986E-04  1.3801E-04  1.4140E-04  1.4369E-04  1.3591E-04  1.1259E-04  7.5649E-05
       7.5318E-05  1.0206E-04  1.1970E-04  1.2784E-04  1.2907E-04  1.4166E-04  1.2822E-04  1.2295E-04  1.0157E-04  7.5214E-05
       7.2505E-05  8.9314E-05  1.0473E-04  1.2313E-04  1.3276E-04  1.3061E-04  1.3035E-04  1.1209E-04  9.7397E-05  6.8297E-05
       5.2637E-05  8.2720E-05  1.0355E-04  1.0654E-04  1.1367E-04  1.2119E-04  1.1557E-04  1.0719E-04  8.6834E-05  5.9009E-05
       5.2901E-05  6.4965E-05  7.8695E-05  7.7560E-05  8.4230E-05  9.1036E-05  9.3753E-05  7.1754E-05  6.5771E-05  4.6291E-05
       3.4621E-05  3.8759E-05  5.4105E-05  5.8851E-05  5.6384E-05  7.3751E-05  7.2293E-05  5.8155E-05  4.9561E-05  4.0158E-05
       4.1171E-05  5.6658E-05  6.9059E-05  9.2010E-05  1.0217E-04  9.5585E-05  1.0013E-04  7.5225E-05  6.6429E-05  4.6568E-05
       4.9613E-05  7.5452E-05  7.9110E-05  8.7192E-05  1.1486E-04  1.1147E-04  1.1100E-04  8.3019E-05  8.2027E-05  6.1742E-05
       5.3072E-05  7.6092E-05  9.2353E-05  9.7769E-05  1.0454E-04  1.1122E-04  1.0741E-04  9.4960E-05  9.0289E-05  5.9685E-05
       5.8546E-05  7.4843E-05  9.3748E-05  9.9789E-05  1.0795E-04  1.1616E-04  1.0335E-04  9.5747E-05  7.8727E-05  5.9407E-05
       6.8778E-05  8.3645E-05  9.1749E-05  9.7947E-05  9.7418E-05  1.0402E-04  1.1818E-04  1.0012E-04  7.5592E-05  5.8047E-05
       6.3004E-05  8.5719E-05  8.2283E-05  9.1792E-05  1.1252E-04  1.0736E-04  1.0416E-04  1.0011E-04  8.2574E-05  5.6584E-05
       5.8630E-05  7.0275E-05  7.7855E-05  9.3133E-05  1.0794E-04  1.0578E-04  1.0396E-04  9.6173E-05  7.6270E-05  5.6580E-05
       4.8651E-05  6.0317E-05  7.6830E-05  8.6310E-05  8.8590E-05  8.9756E-05  9.5999E-05  7.8237E-05  6.3347E-05  4.6876E-05
       4.0752E-05  4.7241E-05  6.0931E-05  6.1049E-05  6.6124E-05  7.1869E-05  6.5931E-05  5.9433E-05  5.1225E-05  3.0374E-05
       2.5407E-05  3.6106E-05  3.9686E-05  5.1883E-05  4.6487E-05  6.0701E-05  4.7113E-05  4.7474E-05  3.2145E-05  2.5649E-05
       3.4758E-05  4.4727E-05  5.4541E-05  6.8191E-05  6.5216E-05  7.2637E-05  6.3680E-05  5.5004E-05  5.6980E-05  3.4146E-05
       4.3542E-05  4.9407E-05  6.0594E-05  7.4393E-05  7.6417E-05  8.2341E-05  7.2739E-05  6.5035E-05  6.8236E-05  3.8272E-05
       4.7625E-05  5.9851E-05  7.0254E-05  7.7194E-05  7.6812E-05  7.5116E-05  8.4523E-05  7.6372E-05  6.2908E-05  4.1767E-05
       4.5891E-05  6.5905E-05  6.9414E-05  7.9408E-05  8.7046E-05  9.0531E-05  8.3063E-05  7.6887E-05  5.8525E-05  4.4715E-05
       4.8907E-05  5.9338E-05  6.3085E-05  7.9428E-05  8.0254E-05  9.0448E-05  8.0908E-05  8.5785E-05  6.8202E-05  4.2822E-05
       4.8436E-05  6.1636E-05  7.0878E-05  7.1032E-05  8.5232E-05  8.5515E-05  7.6395E-05  7.5161E-05  5.3912E-05  4.1100E-05
       3.7193E-05  5.2735E-05  6.3002E-05  6.6998E-05  8.3215E-05  8.1706E-05  7.0948E-05  6.9722E-05  5.3884E-05  3.7328E-05
       3.4246E-05  5.0852E-05  6.0494E-05  5.6347E-05  6.5589E-05  8.3715E-05  7.6615E-05  5.5770E-05  5.0495E-05  3.1905E-05
       2.6373E-05  3.7171E-05  5.0002E-05  4.3535E-05  4.9664E-05  5.6568E-05  5.7202E-05  4.1744E-05  4.1772E-05  2.3427E-05
       1.8205E-05  2.7038E-05  3.0433E-05  3.8997E-05  3.7335E-05  4.1220E-05  3.0073E-05  3.5096E-05  2.9749E-05  2.1498E-05
       2.6389E-05  3.0258E-05  4.7494E-05  4.5770E-05  4.7485E-05  5.6171E-05  4.5572E-05  3.9008E-05  4.2008E-05  2.6861E-05
       3.0761E-05  4.2488E-05  5.0388E-05  5.4101E-05  4.5344E-05  5.3480E-05  5.0453E-05  4.8371E-05  4.8175E-05  2.6488E-05
       3.5892E-05  3.9872E-05  5.0403E-05  5.7952E-05  5.2231E-05  5.6429E-05  5.4171E-05  5.5423E-05  4.4710E-05  3.5369E-05
       3.5653E-05  4.1271E-05  4.5170E-05  5.2789E-05  5.4985E-05  6.0385E-05  5.2923E-05  5.5204E-05  4.3094E-05  3.1238E-05
       3.6258E-05  4.0396E-05  4.6658E-05  5.4451E-05  5.9379E-05  7.0159E-05  5.2526E-05  5.6319E-05  4.7959E-05  2.8543E-05
       3.5909E-05  4.0382E-05  4.6439E-05  5.6944E-05  4.8721E-05  6.3004E-05  5.9899E-05  4.7638E-05  4.0311E-05  3.1671E-05
       2.9139E-05  3.8662E-05  4.6954E-05  4.8801E-05  5.6280E-05  5.5701E-05  5.4933E-05  5.0657E-05  3.5674E-05  2.7609E-05
       2.5835E-05  3.6756E-05  3.8288E-05  4.2849E-05  5.0628E-05  5.3720E-05  4.4898E-05  4.5437E-05  3.8126E-05  2.6778E-05
       2.2217E-05  3.0312E-05  3.2989E-05  3.1628E-05  3.7670E-05  3.6384E-05  3.8729E-05  3.2514E-05  2.9063E-05  2.1517E-05

      Percentage errors follow in a matrix A(ix,iy,iz), format (1(5x,1p,10(1x,e11.4)))

       3.2718E+00  3.0427E+00  3.1741E+00  3.1770E+00  3.7984E+00  2.6674E+00  2.7609E+00  2.8781E+00  4.1272E+00  3.5473E+00
       4.3820E+00  4.7685E+00  2.9088E+00  2.7810E+00  2.8192E+00  3.9769E+00  2.7478E+00  2.5610E+00  2.9869E+00  3.4544E+00
       3.8035E+00  3.0035E+00  2.9978E+00  3.9504E+00  2.9071E+00  2.0100E+00  2.7073E+00  2.6193E+00  2.9706E+00  3.9385E+00
       2.9335E+00  3.2221E+00  3.1017E+00  3.3365E+00  2.6037E+00  2.0439E+00  2.9770E+00  2.1690E+00  2.5599E+00  3.5697E+00
       3.4439E+00  3.7272E+00  2.1725E+00  2.6947E+00  2.3097E+00  2.9346E+00  3.1590E+00  2.4453E+00  3.1573E+00  3.1156E+00
       2.4290E+00  3.3999E+00  2.6439E+00  3.3384E+00  2.3390E+00  2.6805E+00  3.1820E+00  2.6082E+00  3.1156E+00  2.9978E+00
       4.3647E+00  4.0378E+00  2.5269E+00  3.1517E+00  2.8720E+00  3.0458E+00  3.2926E+00  3.1398E+00  2.8006E+00  3.1707E+00
       3.6219E+00  3.5786E+00  3.3195E+00  2.2721E+00  2.9741E+00  3.1037E+00  2.3825E+00  2.8446E+00  3.0916E+00  2.4822E+00
       3.6845E+00  4.9365E+00  3.1969E+00  3.0972E+00  2.9204E+00  3.7205E+00  3.0783E+00  3.5684E+00  3.1518E+00  4.8325E+00
       3.5241E+00  2.9122E+00  3.2313E+00  3.6656E+00  3.0494E+00  3.0665E+00  3.4720E+00  3.6845E+00  4.0386E+00  4.8546E+00
       3.4203E+00  4.1459E+00  4.2886E+00  3.5094E+00  4.1047E+00  2.2683E+00  3.0967E+00  3.7002E+00  4.1875E+00  3.7195E+00
       4.6357E+00  2.9141E+00  4.0657E+00  2.6685E+00  3.5005E+00  3.2377E+00  2.9167E+00  3.4063E+00  4.6064E+00  4.6003E+00
       3.9642E+00  3.7078E+00  4.6313E+00  2.8311E+00  3.4336E+00  2.0940E+00  2.5117E+00  3.0161E+00  2.8728E+00  4.3682E+00
       3.9807E+00  3.6785E+00  3.5326E+00  2.9933E+00  2.5478E+00  2.9949E+00  2.8555E+00  2.4063E+00  3.0972E+00  4.5094E+00
       2.8941E+00  4.0957E+00  2.7001E+00  2.4507E+00  2.7387E+00  2.9379E+00  2.9177E+00  3.2613E+00  3.6467E+00  4.3278E+00
       3.5337E+00  2.8706E+00  3.1516E+00  3.3414E+00  2.6811E+00  2.2939E+00  3.4720E+00  2.7785E+00  3.4759E+00  4.0821E+00
       5.6325E+00  2.8635E+00  4.0662E+00  2.9507E+00  3.3229E+00  3.0214E+00  3.3233E+00  2.8282E+00  3.9363E+00  4.0526E+00
       3.9845E+00  3.4608E+00  2.5186E+00  2.6622E+00  3.6281E+00  3.3249E+00  2.3911E+00  2.7647E+00  3.5755E+00  3.5792E+00
       3.9718E+00  4.9655E+00  3.3861E+00  2.8559E+00  3.1642E+00  3.6345E+00  3.5102E+00  2.5703E+00  3.6775E+00  6.8982E+00
       3.6817E+00  3.1397E+00  3.6270E+00  4.2357E+00  3.1592E+00  3.3611E+00  2.5782E+00  3.9519E+00  4.4151E+00  4.5725E+00
       4.7685E+00  3.8393E+00  4.1317E+00  3.7190E+00  4.1896E+00  3.3996E+00  4.8175E+00  6.4031E+00  4.1008E+00  4.6138E+00
       5.5579E+00  3.4775E+00  4.0047E+00  3.3756E+00  3.2582E+00  2.8360E+00  3.7506E+00  3.1574E+00  4.7484E+00  5.1506E+00
       4.0011E+00  3.7933E+00  3.9834E+00  3.7522E+00  3.2245E+00  4.5190E+00  3.9816E+00  4.1155E+00  4.2841E+00  4.5731E+00
       4.7116E+00  5.3045E+00  3.3881E+00  3.2683E+00  3.0575E+00  3.2460E+00  3.4003E+00  3.8171E+00  3.4391E+00  3.6910E+00
       4.5796E+00  5.2440E+00  3.8661E+00  3.0972E+00  2.7329E+00  2.8550E+00  2.9173E+00  3.8146E+00  3.5956E+00  3.5822E+00
       4.7453E+00  3.8834E+00  3.4921E+00  3.4114E+00  2.9867E+00  3.3461E+00  3.6448E+00  3.7751E+00  3.8063E+00  3.8977E+00
       3.6399E+00  3.8552E+00  4.8600E+00  2.8859E+00  2.6683E+00  3.6730E+00  3.1311E+00  3.3334E+00  3.8238E+00  3.6036E+00
       5.1829E+00  3.6080E+00  4.3531E+00  2.8859E+00  4.0242E+00  4.0065E+00  3.3363E+00  4.0982E+00  4.0961E+00  4.4913E+00
       6.1897E+00  4.4435E+00  4.9590E+00  3.5448E+00  3.0949E+00  3.5536E+00  2.9448E+00  2.2365E+00  4.2098E+00  5.6029E+00
       4.5652E+00  3.7573E+00  5.0069E+00  5.1478E+00  4.3064E+00  4.3084E+00  3.5423E+00  3.7751E+00  4.7684E+00  6.6499E+00
       6.8363E+00  4.5725E+00  5.4854E+00  4.0812E+00  2.5851E+00  3.2276E+00  4.5583E+00  5.2246E+00  4.1696E+00  6.4795E+00
       5.3713E+00  4.8263E+00  4.7014E+00  4.4695E+00  4.1396E+00  4.3520E+00  3.9743E+00  4.0560E+00  3.3692E+00  6.5709E+00
       6.3100E+00  4.9728E+00  3.1040E+00  3.0709E+00  4.2471E+00  4.7921E+00  4.0999E+00  3.0421E+00  3.7811E+00  5.4325E+00
       5.6384E+00  5.0356E+00  2.9213E+00  3.6169E+00  5.1711E+00  3.7908E+00  3.1456E+00  4.8124E+00  4.6522E+00  5.2211E+00
       4.4882E+00  4.7996E+00  3.6576E+00  3.9369E+00  3.5810E+00  3.1811E+00  2.4792E+00  4.9719E+00  3.1242E+00  4.6775E+00
       4.7276E+00  4.7272E+00  4.2614E+00  4.2279E+00  2.7485E+00  4.6164E+00  3.2160E+00  3.9224E+00  3.0095E+00  3.1376E+00
       5.0885E+00  4.9176E+00  5.2734E+00  3.2830E+00  2.8037E+00  4.2898E+00  3.4803E+00  3.6325E+00  3.7135E+00  3.9700E+00
       6.0516E+00  4.5619E+00  4.7148E+00  3.7338E+00  3.0238E+00  4.2260E+00  3.7568E+00  2.9719E+00  3.7767E+00  5.3952E+00
       6.0953E+00  5.0644E+00  5.1476E+00  4.9846E+00  3.3223E+00  4.6098E+00  3.4594E+00  5.2942E+00  4.9517E+00  3.0769E+00
       4.9607E+00  4.7485E+00  3.8697E+00  3.7604E+00  6.1517E+00  5.2821E+00  4.0864E+00  4.9271E+00  4.4464E+00  5.7399E+00
       6.2739E+00  7.6634E+00  6.4400E+00  4.7057E+00  4.2593E+00  4.9107E+00  5.5671E+00  5.2842E+00  5.4148E+00  7.4072E+00
       5.6999E+00  6.4288E+00  5.5210E+00  3.9273E+00  5.3416E+00  4.4639E+00  5.1042E+00  3.6154E+00  6.3413E+00  4.9973E+00
       6.5502E+00  6.0504E+00  4.2509E+00  4.3547E+00  4.0533E+00  3.4860E+00  4.5160E+00  3.9812E+00  5.0913E+00  5.7148E+00
       5.4481E+00  4.5695E+00  4.0481E+00  4.2322E+00  5.2849E+00  5.2014E+00  5.5527E+00  5.2134E+00  3.6563E+00  5.7333E+00
       6.4420E+00  3.8138E+00  4.4795E+00  4.4319E+00  3.7775E+00  4.6521E+00  4.6349E+00  4.4877E+00  4.6002E+00  5.6119E+00
       6.3520E+00  3.8405E+00  3.8154E+00  5.0598E+00  3.6558E+00  4.9777E+00  3.5792E+00  4.1638E+00  4.9343E+00  4.8381E+00
       5.7495E+00  4.9358E+00  4.1248E+00  4.4672E+00  4.3682E+00  3.6446E+00  4.1817E+00  3.4872E+00  4.6086E+00  4.7495E+00
       5.7240E+00  6.0310E+00  5.0703E+00  3.5810E+00  2.9550E+00  5.0816E+00  4.2566E+00  6.1605E+00  3.3371E+00  5.9375E+00
       5.4285E+00  6.4131E+00  5.9623E+00  4.1060E+00  5.9097E+00  5.4832E+00  3.5075E+00  3.7478E+00  3.3597E+00  5.2497E+00
       6.9866E+00  5.8949E+00  6.6002E+00  6.8056E+00  4.8505E+00  6.9184E+00  4.7893E+00  5.5412E+00  6.9237E+00  4.6003E+00
       7.7868E+00  6.0390E+00  6.1406E+00  4.7517E+00  5.5399E+00  4.7485E+00  4.7108E+00  6.9184E+00  8.9235E+00  7.6189E+00
       6.4440E+00  6.1644E+00  9.1207E+00  5.5788E+00  3.3959E+00  4.7475E+00  7.0508E+00  4.9260E+00  5.7792E+00  6.8507E+00
       6.0877E+00  7.0964E+00  4.2569E+00  4.4329E+00  4.5980E+00  4.0415E+00  3.8254E+00  4.2578E+00  5.6722E+00  7.9345E+00
       6.7066E+00  5.7868E+00  5.2664E+00  6.4823E+00  4.5424E+00  4.2746E+00  3.7391E+00  4.4474E+00  5.7446E+00  7.4988E+00
       5.5832E+00  3.6059E+00  4.5332E+00  4.8796E+00  4.4524E+00  4.3574E+00  4.6420E+00  4.4493E+00  4.9419E+00  6.7224E+00
       5.0108E+00  5.0053E+00  6.2954E+00  4.4453E+00  4.4649E+00  4.3095E+00  3.9119E+00  5.1466E+00  3.5333E+00  6.7662E+00
       6.6541E+00  6.4936E+00  6.1679E+00  4.1280E+00  4.4182E+00  5.7297E+00  4.6129E+00  4.0231E+00  3.8200E+00  4.5603E+00
       5.3933E+00  8.3990E+00  5.4590E+00  4.8064E+00  4.2363E+00  4.9955E+00  5.2537E+00  4.6872E+00  4.8306E+00  5.9285E+00
       6.1181E+00  7.0155E+00  6.3185E+00  5.9731E+00  5.5057E+00  4.6151E+00  4.9258E+00  5.1736E+00  4.4172E+00  6.2267E+00
       5.9074E+00  6.9656E+00  6.5636E+00  6.4509E+00  5.1972E+00  6.5535E+00  7.1832E+00  5.8767E+00  7.3170E+00  5.8736E+00
       8.4423E+00  6.5925E+00  7.7107E+00  6.6401E+00  8.2549E+00  6.8924E+00  5.6130E+00  6.7326E+00  8.2349E+00  8.2322E+00
       7.8150E+00  4.6886E+00  6.5505E+00  6.8156E+00  6.2768E+00  5.9504E+00  5.7002E+00  5.0748E+00  7.4905E+00  8.1238E+00
       7.6730E+00  6.7505E+00  5.5883E+00  5.7373E+00  5.9851E+00  4.4888E+00  4.5451E+00  4.3157E+00  5.2486E+00  8.4274E+00
       8.4017E+00  6.7312E+00  5.9989E+00  6.7140E+00  4.6978E+00  5.4501E+00  4.5982E+00  5.7693E+00  6.1404E+00  6.2729E+00
       5.1753E+00  5.6242E+00  6.0310E+00  4.7349E+00  4.5931E+00  5.2230E+00  4.1051E+00  5.5184E+00  6.0921E+00  7.3794E+00
       5.6081E+00  6.7322E+00  7.6306E+00  5.0087E+00  4.1069E+00  5.9823E+00  3.4567E+00  6.6452E+00  7.0531E+00  6.5356E+00
       4.6819E+00  5.5472E+00  6.9609E+00  5.3941E+00  4.7368E+00  6.0910E+00  5.4547E+00  5.1534E+00  5.3663E+00  5.6092E+00
       7.5142E+00  7.1521E+00  5.0828E+00  6.8415E+00  6.6057E+00  6.7580E+00  5.6485E+00  6.3220E+00  5.1458E+00  7.4955E+00
       6.8431E+00  7.2154E+00  7.2285E+00  6.0282E+00  7.0535E+00  6.0640E+00  5.0841E+00  6.4460E+00  6.7379E+00  6.8975E+00
       7.6726E+00  1.0158E+01  6.9082E+00  6.1555E+00  6.6771E+00  7.6270E+00  6.5665E+00  5.9363E+00  4.7908E+00  8.2905E+00
       9.1904E+00  9.1235E+00  7.2616E+00  7.5278E+00  6.2299E+00  5.5919E+00  6.3747E+00  8.6961E+00  7.6590E+00  7.6160E+00
       9.2567E+00  7.6936E+00  6.1100E+00  6.2816E+00  5.5261E+00  7.6428E+00  5.2400E+00  5.9995E+00  6.3246E+00  7.2848E+00
       7.2094E+00  8.0987E+00  8.2151E+00  5.8352E+00  5.8647E+00  8.2036E+00  5.7186E+00  5.0029E+00  4.6673E+00  1.1907E+01
       1.0046E+01  8.1953E+00  5.3299E+00  6.5104E+00  6.2748E+00  5.2520E+00  4.2940E+00  6.6684E+00  7.2466E+00  8.4909E+00
       8.1247E+00  7.0952E+00  6.7571E+00  5.9321E+00  5.5247E+00  4.8054E+00  6.2749E+00  6.0213E+00  7.2048E+00  7.0653E+00
       7.9056E+00  7.1766E+00  7.4296E+00  5.3825E+00  6.3992E+00  4.2545E+00  5.8568E+00  5.1329E+00  7.6879E+00  9.2532E+00
       6.2034E+00  6.8477E+00  9.8660E+00  6.6317E+00  6.1332E+00  6.2781E+00  7.5764E+00  5.2731E+00  6.3445E+00  7.4239E+00
       7.6726E+00  7.3532E+00  7.2131E+00  6.9165E+00  5.3383E+00  6.6988E+00  5.5729E+00  5.5653E+00  6.5100E+00  8.5479E+00
       8.7340E+00  8.3273E+00  8.1315E+00  6.7172E+00  6.3771E+00  5.6035E+00  6.0195E+00  5.5808E+00  7.9118E+00  9.3918E+00
       8.2739E+00  6.4342E+00  6.9357E+00  7.7695E+00  5.7690E+00  8.5981E+00  8.6699E+00  5.8458E+00  7.7897E+00  1.1017E+01
       1.2128E+01  7.6280E+00  8.5303E+00  8.7325E+00  8.8168E+00  5.4850E+00  7.1954E+00  6.8535E+00  8.8202E+00  9.7670E+00
       9.7909E+00  6.0999E+00  5.8154E+00  6.8384E+00  7.2297E+00  8.2822E+00  8.9038E+00  8.2081E+00  7.1788E+00  1.1112E+01
       5.0581E+00  9.6635E+00  5.4425E+00  5.5289E+00  6.3710E+00  5.3725E+00  6.5068E+00  6.3743E+00  7.2753E+00  9.0251E+00
       7.5139E+00  9.5286E+00  7.2109E+00  8.2457E+00  7.3585E+00  5.6269E+00  5.4748E+00  7.7133E+00  8.4918E+00  1.1358E+01
       7.2354E+00  8.2913E+00  7.6797E+00  5.9428E+00  6.7490E+00  6.9912E+00  6.5495E+00  7.5337E+00  6.2759E+00  8.2894E+00
       6.3148E+00  9.2895E+00  7.8107E+00  5.5668E+00  6.6740E+00  5.8911E+00  6.1380E+00  6.6003E+00  6.2051E+00  7.1522E+00
       7.2363E+00  8.7204E+00  9.7896E+00  6.3699E+00  5.7152E+00  6.0077E+00  7.4267E+00  6.7091E+00  8.1256E+00  8.5269E+00
       9.1951E+00  9.2447E+00  9.1289E+00  6.7810E+00  6.8225E+00  7.2557E+00  7.5210E+00  5.4110E+00  7.3730E+00  8.7524E+00
       9.3272E+00  8.8132E+00  7.8774E+00  7.0886E+00  7.6693E+00  4.8893E+00  7.4155E+00  6.0899E+00  7.8988E+00  1.5943E+01
       9.0027E+00  6.7537E+00  7.7629E+00  1.1192E+01  9.1155E+00  6.9319E+00  8.2335E+00  9.9269E+00  8.9834E+00  1.0657E+01
       1.3933E+01  1.0654E+01  9.5635E+00  7.7006E+00  1.0068E+01  9.6716E+00  7.9069E+00  7.8990E+00  1.0075E+01  1.2198E+01
       1.2469E+01  9.2499E+00  7.8230E+00  6.2270E+00  8.4093E+00  8.8431E+00  9.0662E+00  9.8094E+00  9.0573E+00  1.1977E+01
       7.7168E+00  9.5659E+00  8.0361E+00  1.0174E+01  8.1944E+00  8.7907E+00  7.0334E+00  9.2532E+00  9.5019E+00  9.9658E+00
       1.0295E+01  8.2372E+00  5.7799E+00  6.8303E+00  6.5718E+00  8.3185E+00  7.0246E+00  7.5320E+00  7.3493E+00  7.5763E+00
       1.2172E+01  6.8755E+00  9.1424E+00  8.8053E+00  6.2699E+00  6.1432E+00  5.0860E+00  7.8876E+00  1.0393E+01  7.0268E+00
       1.1544E+01  7.0459E+00  8.6597E+00  6.1708E+00  9.5172E+00  5.2242E+00  6.5411E+00  9.2313E+00  6.8568E+00  9.1621E+00
       7.6428E+00  1.0452E+01  9.5191E+00  8.4828E+00  5.8983E+00  7.6054E+00  8.5396E+00  7.4738E+00  7.4111E+00  7.7964E+00
       1.2589E+01  1.0148E+01  1.0316E+01  9.2930E+00  5.8690E+00  6.0225E+00  8.3996E+00  7.7208E+00  1.0610E+01  1.3386E+01
       1.0204E+01  9.1808E+00  7.9126E+00  8.8439E+00  7.9806E+00  6.7058E+00  6.1879E+00  8.9640E+00  8.1926E+00  1.4031E+01
       1.2933E+01  7.8891E+00  6.6288E+00  1.1182E+01  6.8716E+00  6.9484E+00  1.0059E+01  1.2595E+01  1.0131E+01  1.2434E+01
