1
   Cartesian binning n.   1  "DoseEq    " , generalized particle n.  240
      X coordinate: from -8.5000E+01 to  8.5000E+01 cm,    10 bins ( 1.7000E+01 cm wide)
      Y coordinate: from -2.5000E+01 to  2.5000E+01 cm,    10 bins ( 5.0000E+00 cm wide)
      Z coordinate: from  2.2500E+02 to  2.7500E+02 cm,    10 bins ( 5.0000E+00 cm wide)
      Data follow in a matrix A(ix,iy,iz), format (1(5x,1p,10(1x,e11.4)))

      accurate deposition along the tracks requested
      this is a track-length binning
       2.6870E-04  3.2810E-04  3.4928E-04  3.9271E-04  3.9149E-04  3.9444E-04  3.8670E-04  3.5311E-04  3.0194E-04  2.6592E-04
       3.0997E-04  3.7611E-04  4.1934E-04  4.5037E-04  4.6367E-04  4.5771E-04  4.5434E-04  4.3728E-04  3.6217E-04  3.0857E-04
       3.3334E-04  3.8080E-04  4.3586E-04  4.3799E-04  4.7542E-04  4.8706E-04  4.8556E-04  4.3603E-04  3.8172E-04  3.3558E-04
       3.1877E-04  4.0526E-04  4.3643E-04  4.7135E-04  5.1103E-04  5.0341E-04  5.0546E-04  4.3504E-04  3.7726E-04  3.3144E-04
       3.3140E-04  4.0006E-04  4.4490E-04  5.1305E-04  4.9363E-04  5.1549E-04  5.0895E-04  4.7629E-04  3.9169E-04  3.3438E-04
       3.1520E-04  4.0608E-04  4.5684E-04  5.0027E-04  5.1957E-04  5.2426E-04  4.8978E-04  4.7677E-04  3.9124E-04  3.1567E-04
       3.2264E-04  4.0838E-04  4.6300E-04  4.8214E-04  5.0401E-04  5.1327E-04  4.8494E-04  4.6573E-04  4.0726E-04  3.2224E-04
       3.1764E-04  4.0300E-04  4.3686E-04  4.9781E-04  5.1960E-04  4.9641E-04  4.6511E-04  4.1470E-04  3.6761E-04  3.0389E-04
       2.9538E-04  3.8281E-04  4.3471E-04  4.7123E-04  4.7814E-04  4.4357E-04  4.4870E-04  3.9904E-04  3.7659E-04  2.8953E-04
       2.3560E-04  3.0225E-04  3.6568E-04  4.0961E-04  4.2235E-04  4.3217E-04  3.6677E-04  3.4793E-04  3.2174E-04  2.5382E-04
       2.1664E-04  2.5941E-04  2.9405E-04  3.2168E-04  3.1492E-04  3.3479E-04  3.3219E-04  2.9170E-04  2.5188E-04  1.9634E-04
       2.5465E-04  3.2392E-04  3.8952E-04  3.8430E-04  4.1909E-04  4.2451E-04  3.9914E-04  3.7879E-04  3.2052E-04  2.5322E-04
       2.7471E-04  3.2405E-04  4.0526E-04  3.9460E-04  4.3899E-04  4.4005E-04  4.4240E-04  4.0541E-04  3.3827E-04  2.7990E-04
       2.8165E-04  3.4942E-04  4.3058E-04  4.3487E-04  4.6767E-04  4.5185E-04  4.5234E-04  4.1955E-04  3.5164E-04  2.7601E-04
       2.8365E-04  3.5953E-04  4.3219E-04  4.7211E-04  4.7807E-04  5.0572E-04  4.7805E-04  4.3276E-04  3.6099E-04  2.7303E-04
       2.7322E-04  3.7486E-04  4.3317E-04  4.6559E-04  4.8840E-04  4.9606E-04  4.6229E-04  4.3865E-04  3.6857E-04  2.7898E-04
       2.8523E-04  3.7491E-04  4.2980E-04  4.5782E-04  4.6684E-04  4.7619E-04  4.6748E-04  4.1447E-04  3.5900E-04  2.6326E-04
       2.7356E-04  3.5905E-04  3.9000E-04  4.4286E-04  4.6587E-04  4.5617E-04  4.4103E-04  3.8716E-04  3.1962E-04  2.5286E-04
       2.4469E-04  3.4195E-04  3.7275E-04  4.1148E-04  4.2616E-04  4.0769E-04  3.9976E-04  3.4689E-04  3.3307E-04  2.4693E-04
       1.8884E-04  2.4348E-04  2.9638E-04  3.2407E-04  3.5798E-04  3.4521E-04  3.1719E-04  2.9942E-04  2.6449E-04  2.0030E-04
       1.6884E-04  1.9690E-04  2.2355E-04  2.4366E-04  2.6089E-04  2.5806E-04  2.6063E-04  2.2979E-04  2.0745E-04  1.4100E-04
       1.8412E-04  2.5377E-04  2.8380E-04  3.1464E-04  3.4179E-04  3.3709E-04  3.0852E-04  3.0438E-04  2.6649E-04  1.8654E-04
       2.2215E-04  2.7593E-04  3.2387E-04  3.5493E-04  3.6761E-04  3.6301E-04  3.8407E-04  3.4079E-04  3.0002E-04  2.2160E-04
       2.2064E-04  2.9882E-04  3.5000E-04  3.7059E-04  4.0023E-04  3.8938E-04  3.7455E-04  3.5540E-04  3.0524E-04  2.3542E-04
       2.2969E-04  3.1290E-04  3.6690E-04  4.1274E-04  4.0717E-04  4.1242E-04  3.9020E-04  3.6602E-04  3.0426E-04  2.2600E-04
       2.3373E-04  3.1447E-04  3.8136E-04  3.9520E-04  4.3440E-04  4.2086E-04  4.0153E-04  3.7793E-04  2.9636E-04  2.2929E-04
       2.2677E-04  3.0426E-04  3.3635E-04  3.7612E-04  4.0338E-04  4.1280E-04  3.9368E-04  3.6686E-04  2.9760E-04  2.0835E-04
       2.1623E-04  2.8105E-04  3.3221E-04  3.6108E-04  3.8931E-04  3.6811E-04  3.7155E-04  3.3398E-04  2.7316E-04  2.0196E-04
       1.9857E-04  2.7412E-04  3.2361E-04  3.4625E-04  3.5645E-04  3.4144E-04  3.2561E-04  2.9220E-04  2.8045E-04  1.9191E-04
       1.4644E-04  1.8725E-04  2.4420E-04  2.4272E-04  2.9514E-04  2.6340E-04  2.4806E-04  2.2615E-04  1.9186E-04  1.4622E-04
       1.2247E-04  1.5896E-04  1.8418E-04  1.9084E-04  1.9670E-04  1.9783E-04  2.0140E-04  1.7994E-04  1.5677E-04  1.0824E-04
       1.3596E-04  2.0534E-04  2.2752E-04  2.5734E-04  2.9742E-04  2.7281E-04  2.7205E-04  2.3971E-04  2.1316E-04  1.5189E-04
       1.6365E-04  2.1976E-04  2.6402E-04  2.6368E-04  3.2663E-04  3.0718E-04  3.1655E-04  2.7052E-04  2.1755E-04  1.7253E-04
       1.6755E-04  2.3992E-04  2.7330E-04  3.0715E-04  3.1516E-04  3.3465E-04  3.0714E-04  2.8743E-04  2.4174E-04  1.8385E-04
       1.6397E-04  2.2992E-04  2.8622E-04  3.2843E-04  3.3871E-04  3.5258E-04  3.3349E-04  2.8902E-04  2.4538E-04  1.8486E-04
       1.8603E-04  2.5898E-04  2.7982E-04  3.0793E-04  3.5544E-04  3.4359E-04  3.1470E-04  2.9185E-04  2.3956E-04  1.7030E-04
       1.7790E-04  2.4330E-04  2.7342E-04  3.1012E-04  3.3990E-04  3.4376E-04  3.2006E-04  3.0212E-04  2.3921E-04  1.6832E-04
       1.6531E-04  2.3103E-04  2.7438E-04  2.9398E-04  3.2192E-04  3.2188E-04  3.0123E-04  2.6353E-04  2.2575E-04  1.5946E-04
       1.4771E-04  2.1007E-04  2.4952E-04  2.6103E-04  2.7526E-04  2.7479E-04  2.3745E-04  2.1261E-04  2.1140E-04  1.4997E-04
       1.1075E-04  1.3833E-04  1.8368E-04  1.9642E-04  2.1879E-04  1.9742E-04  1.8053E-04  1.6952E-04  1.4582E-04  1.1054E-04
       8.2076E-05  1.1238E-04  1.3699E-04  1.4902E-04  1.5885E-04  1.6495E-04  1.6135E-04  1.3788E-04  1.2786E-04  8.4944E-05
       1.1465E-04  1.5517E-04  1.7904E-04  1.9525E-04  2.1662E-04  2.1599E-04  2.1901E-04  1.9911E-04  1.5336E-04  1.1139E-04
       1.2327E-04  1.7667E-04  2.1096E-04  2.3403E-04  2.4829E-04  2.4422E-04  2.3902E-04  2.1928E-04  1.7082E-04  1.2408E-04
       1.2845E-04  1.8571E-04  2.1386E-04  2.4497E-04  2.6709E-04  2.7891E-04  2.5222E-04  2.3355E-04  1.7343E-04  1.3411E-04
       1.3255E-04  1.9193E-04  2.1918E-04  2.5372E-04  2.7443E-04  2.7116E-04  2.6528E-04  2.2178E-04  1.7975E-04  1.2969E-04
       1.4425E-04  2.0655E-04  2.2993E-04  2.5282E-04  2.7748E-04  2.7389E-04  2.5838E-04  2.3130E-04  1.7950E-04  1.3591E-04
       1.3087E-04  2.0005E-04  2.2548E-04  2.4488E-04  2.5482E-04  2.7052E-04  2.4626E-04  2.4064E-04  1.8589E-04  1.3361E-04
       1.1930E-04  1.7652E-04  2.1275E-04  2.3218E-04  2.5857E-04  2.6016E-04  2.2691E-04  2.0797E-04  1.8128E-04  1.2161E-04
       1.1315E-04  1.5405E-04  1.8225E-04  2.0253E-04  2.2315E-04  2.0668E-04  2.0779E-04  1.7329E-04  1.6435E-04  1.1902E-04
       8.9274E-05  1.1790E-04  1.4925E-04  1.4601E-04  1.5870E-04  1.5477E-04  1.3702E-04  1.2736E-04  1.1172E-04  8.9661E-05
       7.0830E-05  8.2916E-05  9.9107E-05  1.1098E-04  1.1659E-04  1.2494E-04  1.2661E-04  1.0544E-04  8.5129E-05  6.7631E-05
       8.6827E-05  1.2699E-04  1.3734E-04  1.5876E-04  1.7451E-04  1.7033E-04  1.6742E-04  1.5229E-04  1.1316E-04  8.9786E-05
       9.7577E-05  1.4744E-04  1.6367E-04  1.7974E-04  1.9648E-04  1.9945E-04  1.8886E-04  1.7157E-04  1.3373E-04  9.1564E-05
       1.1411E-04  1.5123E-04  1.6904E-04  1.9053E-04  2.0573E-04  2.0695E-04  1.8740E-04  1.8075E-04  1.3198E-04  9.4284E-05
       1.1537E-04  1.5225E-04  1.7031E-04  1.9640E-04  2.0129E-04  2.2007E-04  1.9844E-04  1.8154E-04  1.4144E-04  9.8605E-05
       1.0910E-04  1.6675E-04  1.6737E-04  1.9330E-04  2.1703E-04  2.1621E-04  2.0906E-04  1.8047E-04  1.5508E-04  1.0259E-04
       1.0109E-04  1.5058E-04  1.7188E-04  2.0331E-04  2.0495E-04  2.0231E-04  1.8635E-04  1.8467E-04  1.5521E-04  1.0300E-04
       9.4108E-05  1.2593E-04  1.6358E-04  1.8057E-04  1.9553E-04  1.9381E-04  1.7324E-04  1.7596E-04  1.4616E-04  9.5036E-05
       9.6105E-05  1.1907E-04  1.4897E-04  1.4782E-04  1.7576E-04  1.5516E-04  1.5456E-04  1.3722E-04  1.3239E-04  9.8238E-05
       6.7764E-05  9.1579E-05  1.0960E-04  1.2092E-04  1.2693E-04  1.0399E-04  1.1348E-04  1.0263E-04  9.2239E-05  6.6993E-05
       5.3886E-05  7.2299E-05  8.0165E-05  8.8291E-05  9.1938E-05  9.5308E-05  9.2345E-05  8.3208E-05  6.6849E-05  4.9030E-05
       7.3020E-05  9.2447E-05  1.0913E-04  1.1154E-04  1.3724E-04  1.2930E-04  1.2863E-04  1.1250E-04  9.2561E-05  6.4571E-05
       8.0742E-05  1.0472E-04  1.2809E-04  1.3362E-04  1.6374E-04  1.5155E-04  1.5103E-04  1.2713E-04  1.0085E-04  6.6357E-05
       8.4091E-05  1.1976E-04  1.2774E-04  1.5382E-04  1.7020E-04  1.6525E-04  1.3347E-04  1.2733E-04  1.1140E-04  7.7879E-05
       7.8947E-05  1.1943E-04  1.4217E-04  1.4686E-04  1.7385E-04  1.6801E-04  1.5393E-04  1.3595E-04  1.1775E-04  7.5408E-05
       8.9070E-05  1.2207E-04  1.4071E-04  1.4941E-04  1.6111E-04  1.6685E-04  1.4777E-04  1.4491E-04  1.2149E-04  7.8476E-05
       8.7024E-05  1.1957E-04  1.3270E-04  1.4885E-04  1.7199E-04  1.6119E-04  1.5171E-04  1.3423E-04  1.1338E-04  8.4899E-05
       7.7734E-05  1.0240E-04  1.2884E-04  1.5063E-04  1.5281E-04  1.5376E-04  1.2531E-04  1.3310E-04  1.1010E-04  8.7140E-05
       6.9772E-05  9.5253E-05  1.1435E-04  1.2236E-04  1.2175E-04  1.2722E-04  1.2022E-04  1.0515E-04  9.4986E-05  7.0810E-05
       5.7063E-05  7.0831E-05  7.9123E-05  9.6872E-05  1.0336E-04  9.5349E-05  8.4592E-05  8.3744E-05  6.7129E-05  5.1869E-05
       4.5547E-05  5.6063E-05  6.4796E-05  7.3464E-05  7.8437E-05  8.5286E-05  7.0809E-05  6.8630E-05  5.2713E-05  4.0437E-05
       5.9425E-05  6.8935E-05  7.3183E-05  9.2316E-05  1.1498E-04  1.0231E-04  9.8408E-05  9.6089E-05  6.7951E-05  4.5323E-05
       5.8970E-05  8.0061E-05  8.8943E-05  9.7579E-05  1.2860E-04  1.1871E-04  1.0922E-04  9.4267E-05  8.0064E-05  4.7571E-05
       6.9769E-05  9.7503E-05  1.1237E-04  1.1465E-04  1.3171E-04  1.2370E-04  1.0170E-04  9.5921E-05  8.3920E-05  5.6402E-05
       6.7633E-05  1.0016E-04  1.1333E-04  1.2436E-04  1.3454E-04  1.3709E-04  1.2884E-04  1.0720E-04  9.1278E-05  6.0018E-05
       6.5109E-05  9.9527E-05  1.0168E-04  1.1252E-04  1.2529E-04  1.3263E-04  1.1892E-04  1.0364E-04  8.7868E-05  6.3665E-05
       7.0064E-05  9.1747E-05  9.5768E-05  1.2050E-04  1.3722E-04  1.2699E-04  1.1847E-04  1.0275E-04  8.2772E-05  5.5567E-05
       6.1529E-05  7.8677E-05  9.6709E-05  1.1345E-04  1.2371E-04  1.1103E-04  9.8187E-05  9.7375E-05  9.1515E-05  6.1958E-05
       5.4708E-05  6.9322E-05  8.4598E-05  9.7084E-05  1.0309E-04  9.9011E-05  9.0007E-05  8.5574E-05  7.5165E-05  5.2239E-05
       3.5552E-05  5.4088E-05  6.6307E-05  6.4907E-05  7.3524E-05  7.1388E-05  6.5078E-05  6.8600E-05  5.4633E-05  4.3947E-05
       3.6112E-05  3.9913E-05  5.0630E-05  5.5303E-05  5.9882E-05  6.5140E-05  6.3265E-05  5.0246E-05  4.5286E-05  3.1121E-05
       4.0439E-05  5.5190E-05  5.6634E-05  6.3699E-05  8.0799E-05  7.7917E-05  7.0602E-05  8.1358E-05  5.5684E-05  3.5588E-05
       4.0868E-05  6.0839E-05  6.9555E-05  7.7381E-05  9.9034E-05  8.1747E-05  8.4782E-05  8.1077E-05  6.8238E-05  3.3885E-05
       5.5890E-05  7.1742E-05  7.7273E-05  8.1287E-05  9.5836E-05  9.0056E-05  7.4094E-05  7.4698E-05  6.4781E-05  4.4200E-05
       5.7214E-05  7.4955E-05  7.6321E-05  8.8414E-05  1.0708E-04  9.9870E-05  9.5781E-05  7.8610E-05  6.4933E-05  4.8286E-05
       5.6583E-05  7.2174E-05  8.1547E-05  8.9012E-05  9.9930E-05  9.6339E-05  9.3731E-05  7.5457E-05  6.6278E-05  4.9892E-05
       4.5886E-05  6.1468E-05  7.4416E-05  9.5323E-05  9.5272E-05  8.7578E-05  8.9936E-05  6.9586E-05  6.9428E-05  4.8364E-05
       4.7985E-05  5.5149E-05  7.1344E-05  7.6824E-05  9.8139E-05  8.4308E-05  7.7626E-05  8.0275E-05  7.6250E-05  5.2921E-05
       4.8313E-05  5.3650E-05  6.9711E-05  7.3632E-05  8.0111E-05  6.9726E-05  7.0635E-05  6.4140E-05  5.5548E-05  3.6097E-05
       2.9707E-05  3.6712E-05  4.8651E-05  5.1935E-05  5.8277E-05  5.3587E-05  4.9740E-05  4.5991E-05  3.4855E-05  3.0550E-05
       2.4145E-05  2.8424E-05  3.4263E-05  4.1144E-05  4.5083E-05  4.9812E-05  4.1471E-05  4.0102E-05  3.5121E-05  3.0968E-05
       2.5575E-05  4.0679E-05  4.2758E-05  5.2913E-05  4.8787E-05  5.2196E-05  4.8211E-05  4.6831E-05  4.2881E-05  2.6472E-05
       3.3788E-05  4.4404E-05  5.2015E-05  5.5600E-05  5.7268E-05  5.6260E-05  5.4799E-05  5.8481E-05  4.5409E-05  3.4131E-05
       4.5025E-05  4.1706E-05  5.4000E-05  6.1224E-05  6.7631E-05  6.3056E-05  5.9460E-05  5.1607E-05  4.4743E-05  3.5597E-05
       4.5900E-05  5.2447E-05  5.6454E-05  6.0245E-05  7.7466E-05  6.0896E-05  6.9197E-05  6.6423E-05  4.6758E-05  4.0642E-05
       3.8471E-05  4.6950E-05  5.1103E-05  5.8621E-05  6.9747E-05  6.8492E-05  6.2318E-05  5.6237E-05  4.9228E-05  3.5600E-05
       3.3331E-05  4.2469E-05  5.2281E-05  6.7173E-05  6.2916E-05  6.7879E-05  6.7331E-05  4.9675E-05  5.2149E-05  3.2792E-05
       3.5348E-05  4.4192E-05  5.6625E-05  5.2291E-05  6.5743E-05  6.3972E-05  5.4974E-05  5.4397E-05  5.7095E-05  3.4410E-05
       3.3005E-05  3.4981E-05  4.7557E-05  5.4247E-05  5.0921E-05  4.9725E-05  5.4863E-05  4.2829E-05  4.6448E-05  3.1454E-05
       2.5184E-05  2.9543E-05  3.5075E-05  4.2940E-05  4.2696E-05  3.7982E-05  4.0688E-05  3.5946E-05  3.1127E-05  2.4791E-05

      Percentage errors follow in a matrix A(ix,iy,iz), format (1(5x,1p,10(1x,e11.4)))

       3.4135E+00  3.2518E+00  2.9808E+00  3.0259E+00  3.3653E+00  2.9208E+00  2.9187E+00  3.5722E+00  2.4432E+00  4.5491E+00
       3.0424E+00  2.8487E+00  2.3447E+00  2.7411E+00  2.5486E+00  2.4117E+00  2.6491E+00  2.1548E+00  2.5002E+00  2.8984E+00
       2.8229E+00  2.4238E+00  2.7006E+00  2.1402E+00  2.6633E+00  2.3429E+00  2.3943E+00  2.6545E+00  3.6429E+00  3.6428E+00
       3.4897E+00  2.7327E+00  2.6371E+00  2.4033E+00  2.7444E+00  2.6551E+00  2.5885E+00  1.7945E+00  2.5531E+00  3.3851E+00
       3.3491E+00  2.7991E+00  2.7334E+00  1.9098E+00  2.6414E+00  2.8697E+00  1.9797E+00  2.2072E+00  2.1475E+00  3.7113E+00
       3.2652E+00  3.0571E+00  3.4986E+00  3.0933E+00  2.2708E+00  2.0130E+00  1.8093E+00  2.2841E+00  2.8074E+00  3.9049E+00
       3.1915E+00  2.6714E+00  2.0507E+00  2.3790E+00  2.1134E+00  2.2384E+00  2.3186E+00  3.4528E+00  3.1272E+00  3.0408E+00
       3.9349E+00  3.0706E+00  3.1905E+00  2.8773E+00  2.2046E+00  2.4735E+00  2.9621E+00  3.3045E+00  3.8017E+00  3.8803E+00
       2.2750E+00  3.0219E+00  2.2376E+00  3.1373E+00  2.6325E+00  2.0729E+00  3.4419E+00  2.8430E+00  2.3170E+00  2.9841E+00
       3.6475E+00  3.2682E+00  3.6402E+00  3.2901E+00  2.4664E+00  2.4770E+00  2.4490E+00  2.7868E+00  3.7648E+00  3.1543E+00
       2.8332E+00  3.3617E+00  3.4212E+00  2.7529E+00  4.0501E+00  3.2621E+00  3.1638E+00  2.7111E+00  4.0818E+00  4.1728E+00
       4.2994E+00  3.1755E+00  1.4838E+00  3.3601E+00  2.6413E+00  3.0117E+00  2.5264E+00  2.9127E+00  3.6799E+00  2.7503E+00
       2.6651E+00  3.4304E+00  2.5907E+00  2.0682E+00  3.2263E+00  3.7521E+00  2.1007E+00  3.1422E+00  3.3776E+00  3.8722E+00
       3.2396E+00  3.4157E+00  2.9952E+00  2.5123E+00  2.5241E+00  3.3943E+00  1.8509E+00  3.2673E+00  3.5332E+00  4.2648E+00
       2.7652E+00  3.5983E+00  2.0888E+00  3.0429E+00  2.3354E+00  2.7687E+00  1.6206E+00  2.6306E+00  2.3043E+00  3.5617E+00
       4.3037E+00  3.8320E+00  3.7352E+00  3.4630E+00  2.7884E+00  2.6011E+00  2.0357E+00  2.8476E+00  3.7106E+00  4.9876E+00
       3.5480E+00  2.7314E+00  2.6199E+00  2.4966E+00  2.2668E+00  2.2487E+00  2.3054E+00  2.7867E+00  2.6775E+00  3.0052E+00
       4.1807E+00  3.0492E+00  3.2839E+00  3.2091E+00  2.2889E+00  3.2430E+00  3.0557E+00  3.4363E+00  2.8973E+00  3.5906E+00
       3.2593E+00  3.7162E+00  3.1652E+00  2.8182E+00  2.9200E+00  3.1547E+00  2.8417E+00  3.8088E+00  2.6661E+00  3.1238E+00
       3.8871E+00  3.5959E+00  3.9245E+00  3.5794E+00  4.0579E+00  3.6141E+00  3.4564E+00  3.1357E+00  4.4677E+00  4.9344E+00
       4.5159E+00  3.9052E+00  4.7818E+00  4.9783E+00  3.9849E+00  3.4728E+00  2.9034E+00  3.3151E+00  4.1098E+00  5.5291E+00
       4.3651E+00  3.3885E+00  3.1966E+00  3.8134E+00  3.4157E+00  3.2566E+00  3.6378E+00  3.7881E+00  4.2367E+00  3.8245E+00
       4.1943E+00  4.0270E+00  3.0454E+00  2.6245E+00  2.9551E+00  3.6486E+00  3.4138E+00  4.1839E+00  3.7717E+00  3.2013E+00
       3.9004E+00  3.5158E+00  3.1840E+00  4.2341E+00  3.0093E+00  3.9142E+00  2.1031E+00  3.5483E+00  3.2630E+00  4.0275E+00
       2.9855E+00  4.5681E+00  2.3278E+00  2.8593E+00  3.0086E+00  4.0350E+00  2.9509E+00  3.4803E+00  3.9154E+00  4.2031E+00
       3.7978E+00  3.0706E+00  2.7535E+00  3.0650E+00  2.7570E+00  3.1829E+00  3.0755E+00  3.0329E+00  4.7216E+00  4.8766E+00
       2.4820E+00  3.6875E+00  2.4543E+00  2.5059E+00  2.4956E+00  2.1677E+00  2.8875E+00  2.6592E+00  3.8337E+00  4.6487E+00
       3.1934E+00  4.6159E+00  3.2136E+00  3.2988E+00  2.8373E+00  3.7779E+00  2.3233E+00  3.2691E+00  2.8654E+00  4.3304E+00
       2.9687E+00  4.2767E+00  3.2076E+00  2.8115E+00  2.7776E+00  4.7370E+00  3.8343E+00  3.1680E+00  4.2422E+00  5.7612E+00
       4.4506E+00  3.6959E+00  4.6287E+00  4.2300E+00  3.7132E+00  3.3747E+00  2.5781E+00  4.3630E+00  5.2346E+00  6.1397E+00
       4.4265E+00  4.5527E+00  4.6305E+00  3.5361E+00  4.8872E+00  3.4759E+00  4.6762E+00  5.1145E+00  4.0482E+00  4.2649E+00
       3.9925E+00  5.1045E+00  4.0839E+00  3.9357E+00  4.1598E+00  4.0946E+00  3.5351E+00  4.2490E+00  4.1794E+00  4.2466E+00
       4.7130E+00  4.0648E+00  4.7169E+00  3.1425E+00  3.0338E+00  3.5680E+00  3.7454E+00  4.7239E+00  4.1628E+00  3.5441E+00
       3.9995E+00  3.9350E+00  3.5503E+00  4.0834E+00  3.2212E+00  3.4936E+00  2.9564E+00  4.4761E+00  3.9625E+00  6.3711E+00
       4.4626E+00  5.2874E+00  3.3140E+00  3.1525E+00  3.0785E+00  3.1073E+00  3.2141E+00  3.7463E+00  5.0760E+00  4.3872E+00
       4.9593E+00  3.9746E+00  3.0708E+00  3.5974E+00  2.7983E+00  3.8057E+00  2.5703E+00  3.2453E+00  4.7849E+00  3.5791E+00
       3.6619E+00  3.2373E+00  3.4745E+00  3.5983E+00  3.3738E+00  3.8367E+00  3.7252E+00  3.6915E+00  3.9764E+00  3.3701E+00
       3.6664E+00  4.4164E+00  3.7832E+00  3.2940E+00  3.3914E+00  2.7979E+00  3.0279E+00  4.0221E+00  4.3481E+00  4.0379E+00
       3.8569E+00  4.4882E+00  3.7290E+00  3.5356E+00  3.6398E+00  4.8596E+00  4.6197E+00  3.6994E+00  4.2935E+00  5.9132E+00
       5.0006E+00  4.8741E+00  3.8106E+00  5.1149E+00  4.8544E+00  3.7382E+00  3.8187E+00  3.7250E+00  5.0517E+00  5.3956E+00
       7.4145E+00  5.7748E+00  4.7934E+00  4.9638E+00  3.5665E+00  4.8882E+00  4.3317E+00  6.5147E+00  4.1747E+00  6.6622E+00
       5.5265E+00  5.0514E+00  5.2584E+00  4.4355E+00  3.9520E+00  4.3673E+00  3.6040E+00  5.3020E+00  5.7873E+00  5.1385E+00
       4.7210E+00  4.8102E+00  4.7507E+00  3.1037E+00  3.1053E+00  3.1201E+00  3.5126E+00  4.9035E+00  4.0027E+00  4.6310E+00
       5.0766E+00  4.3959E+00  3.9444E+00  3.0620E+00  4.2501E+00  3.4997E+00  3.2398E+00  3.7932E+00  4.3608E+00  5.7250E+00
       3.7092E+00  5.3752E+00  3.2639E+00  3.0801E+00  3.3027E+00  4.1469E+00  3.2118E+00  4.5534E+00  4.8189E+00  6.0946E+00
       5.2307E+00  6.2310E+00  3.1528E+00  3.2016E+00  2.5678E+00  3.8280E+00  4.3907E+00  4.4526E+00  4.6420E+00  5.7043E+00
       5.0203E+00  4.7173E+00  3.8464E+00  3.6144E+00  3.2166E+00  4.3921E+00  3.5169E+00  3.6617E+00  3.7198E+00  5.1344E+00
       5.5521E+00  4.7286E+00  3.1194E+00  3.6017E+00  3.3486E+00  4.8686E+00  4.6874E+00  4.8171E+00  4.6002E+00  4.2318E+00
       4.6181E+00  6.2310E+00  3.5341E+00  4.6530E+00  3.7537E+00  4.3448E+00  3.8925E+00  3.8065E+00  5.1433E+00  5.6806E+00
       6.9223E+00  5.7602E+00  5.4257E+00  5.6645E+00  6.0043E+00  4.3459E+00  3.7146E+00  4.8457E+00  5.3163E+00  5.8412E+00
       8.1402E+00  5.8197E+00  6.2412E+00  5.7651E+00  6.1145E+00  4.4193E+00  4.5489E+00  5.8976E+00  5.4022E+00  9.0078E+00
       5.2682E+00  6.4421E+00  4.3502E+00  4.9930E+00  3.2858E+00  4.9854E+00  3.3663E+00  6.1189E+00  5.2074E+00  6.3218E+00
       5.6346E+00  4.6407E+00  3.5872E+00  4.6726E+00  4.1792E+00  4.7723E+00  5.0604E+00  5.1007E+00  5.1812E+00  6.2109E+00
       5.6462E+00  4.3307E+00  5.7088E+00  3.9757E+00  4.0329E+00  5.2822E+00  3.4872E+00  4.3224E+00  3.9007E+00  5.6880E+00
       5.5822E+00  3.4197E+00  4.9451E+00  4.2039E+00  3.5913E+00  5.0519E+00  4.5306E+00  4.8607E+00  4.5243E+00  6.1700E+00
       5.0384E+00  4.1642E+00  2.6041E+00  3.9111E+00  4.5691E+00  4.9354E+00  3.8764E+00  4.0122E+00  5.2891E+00  7.3442E+00
       5.7420E+00  4.6492E+00  3.7908E+00  4.6981E+00  5.1279E+00  4.3049E+00  5.1632E+00  3.6904E+00  4.2007E+00  5.6954E+00
       4.2508E+00  5.2976E+00  3.5490E+00  4.5324E+00  3.7277E+00  4.6824E+00  3.8055E+00  5.1299E+00  5.7135E+00  6.1465E+00
       7.1537E+00  5.8531E+00  4.4759E+00  5.5382E+00  5.0152E+00  4.4764E+00  4.0830E+00  4.7848E+00  5.3396E+00  6.3723E+00
       7.9373E+00  5.7542E+00  4.9345E+00  5.9912E+00  5.6717E+00  4.9335E+00  5.6800E+00  5.2520E+00  6.2543E+00  5.0842E+00
       7.7747E+00  6.6610E+00  5.7518E+00  6.6311E+00  5.3809E+00  5.3735E+00  5.4034E+00  7.3087E+00  7.3808E+00  7.9526E+00
       4.8395E+00  7.3828E+00  4.0609E+00  5.7460E+00  5.9170E+00  4.7628E+00  5.1965E+00  5.6364E+00  5.8986E+00  7.0110E+00
       5.9762E+00  6.2072E+00  7.2967E+00  5.2667E+00  3.7153E+00  5.1921E+00  4.0321E+00  4.8670E+00  6.6329E+00  6.7132E+00
       6.4136E+00  4.9617E+00  5.5602E+00  4.4657E+00  3.4996E+00  5.7182E+00  4.0515E+00  4.5533E+00  4.9696E+00  6.8882E+00
       5.6586E+00  4.2128E+00  6.5889E+00  4.0527E+00  4.4311E+00  5.6500E+00  5.1906E+00  6.1822E+00  5.8346E+00  7.3836E+00
       7.5540E+00  4.6869E+00  4.7469E+00  5.8624E+00  5.4416E+00  4.4584E+00  3.3473E+00  5.3969E+00  5.9642E+00  6.0103E+00
       8.1840E+00  7.1210E+00  4.4109E+00  6.2321E+00  4.2924E+00  4.9428E+00  5.1733E+00  6.6960E+00  4.6095E+00  6.2022E+00
       6.3539E+00  5.3843E+00  5.7344E+00  5.1394E+00  4.4785E+00  4.6568E+00  5.4021E+00  5.9221E+00  5.2510E+00  6.3724E+00
       9.7907E+00  7.1197E+00  5.0627E+00  5.7445E+00  4.8974E+00  3.9476E+00  4.1759E+00  4.9241E+00  5.8483E+00  6.6373E+00
       1.1967E+01  8.1959E+00  5.7656E+00  5.3281E+00  5.6585E+00  5.3110E+00  6.0803E+00  8.3695E+00  5.9304E+00  6.3954E+00
       5.7222E+00  9.8913E+00  7.5174E+00  6.5507E+00  6.7856E+00  4.9987E+00  5.6099E+00  6.6293E+00  5.6934E+00  6.5685E+00
       7.8576E+00  7.5396E+00  7.3595E+00  5.0526E+00  6.5751E+00  7.2142E+00  4.6541E+00  7.9403E+00  6.5128E+00  6.8670E+00
       7.3399E+00  6.9226E+00  5.0669E+00  7.2859E+00  4.4802E+00  5.4504E+00  4.6808E+00  6.5240E+00  8.9153E+00  9.8236E+00
       5.6769E+00  6.6353E+00  5.7923E+00  5.6085E+00  4.4318E+00  4.1525E+00  5.7563E+00  5.8488E+00  6.1337E+00  8.3723E+00
       8.4938E+00  6.2315E+00  5.1357E+00  5.6490E+00  5.9583E+00  5.5566E+00  5.8047E+00  6.5130E+00  6.4399E+00  5.9798E+00
       8.8040E+00  6.1856E+00  5.0025E+00  5.3923E+00  5.6853E+00  6.2725E+00  6.1248E+00  4.8509E+00  6.7106E+00  7.4031E+00
       6.5288E+00  6.4718E+00  3.3421E+00  6.8609E+00  5.3082E+00  6.3243E+00  5.9170E+00  5.7470E+00  6.1594E+00  5.6025E+00
       8.6397E+00  5.5748E+00  7.0607E+00  6.3788E+00  5.9878E+00  4.7538E+00  6.4016E+00  7.9171E+00  6.6688E+00  6.5954E+00
       6.1426E+00  6.7531E+00  7.1407E+00  6.6512E+00  7.5364E+00  4.3947E+00  5.0936E+00  6.5940E+00  8.0580E+00  9.0998E+00
       1.0190E+01  6.3013E+00  6.3486E+00  7.1739E+00  8.4014E+00  6.8477E+00  7.5460E+00  8.3097E+00  8.9312E+00  6.8746E+00
       8.9615E+00  9.0829E+00  8.8471E+00  7.2557E+00  6.1839E+00  7.6935E+00  7.6078E+00  9.4229E+00  6.7581E+00  8.9022E+00
       7.2548E+00  7.2268E+00  8.4665E+00  4.9543E+00  7.8843E+00  7.3771E+00  5.1248E+00  5.8627E+00  6.4256E+00  1.1319E+01
       8.1943E+00  7.8698E+00  5.3731E+00  6.6451E+00  6.1050E+00  6.1968E+00  5.5947E+00  7.0618E+00  7.2417E+00  1.3071E+01
       7.5476E+00  6.8262E+00  6.7435E+00  6.2373E+00  5.4047E+00  6.6245E+00  7.3971E+00  8.4272E+00  6.6904E+00  8.1220E+00
       9.4664E+00  6.0687E+00  8.8507E+00  5.7668E+00  7.1116E+00  5.8034E+00  5.5780E+00  5.3643E+00  8.1375E+00  9.4930E+00
       8.7975E+00  6.7391E+00  7.7522E+00  6.7380E+00  5.5173E+00  6.9542E+00  5.8043E+00  4.3023E+00  6.9389E+00  8.5803E+00
       7.1464E+00  7.5454E+00  5.3429E+00  5.6443E+00  5.5096E+00  7.3917E+00  6.7249E+00  7.0891E+00  6.4983E+00  7.9389E+00
       9.0250E+00  5.4438E+00  7.2857E+00  4.5439E+00  6.0962E+00  5.5203E+00  6.1865E+00  6.7089E+00  7.4445E+00  7.8007E+00
       1.0023E+01  8.0022E+00  6.9451E+00  5.8270E+00  4.9435E+00  6.3057E+00  8.5702E+00  8.5407E+00  9.0737E+00  1.3125E+01
       1.0831E+01  8.6614E+00  6.0941E+00  6.9753E+00  8.1878E+00  6.2628E+00  8.2309E+00  8.8803E+00  1.0181E+01  9.3298E+00
       1.2797E+01  9.8867E+00  9.0879E+00  5.7600E+00  6.2624E+00  7.7024E+00  1.1007E+01  8.6139E+00  1.0443E+01  8.2021E+00
       1.0433E+01  1.0871E+01  8.5567E+00  8.4848E+00  7.1867E+00  7.1192E+00  7.0303E+00  6.3128E+00  5.6475E+00  1.3386E+01
       7.1919E+00  7.6544E+00  8.7159E+00  5.2028E+00  7.4066E+00  7.8901E+00  1.0379E+01  7.5628E+00  8.5598E+00  1.0005E+01
       8.5870E+00  7.8598E+00  7.5988E+00  5.8185E+00  7.7983E+00  7.4512E+00  1.0081E+01  8.5427E+00  1.2398E+01  8.7735E+00
       9.3901E+00  6.0682E+00  7.6039E+00  6.1767E+00  5.6681E+00  6.4668E+00  6.9873E+00  5.6866E+00  7.7108E+00  8.7334E+00
       7.3508E+00  9.6833E+00  7.4829E+00  8.0305E+00  6.9383E+00  6.6444E+00  8.5929E+00  6.8917E+00  9.9524E+00  1.0772E+01
       1.1457E+01  7.8775E+00  9.9551E+00  6.6886E+00  6.4615E+00  8.6538E+00  5.7567E+00  6.5181E+00  7.7082E+00  9.7150E+00
       8.4765E+00  9.1960E+00  8.6457E+00  8.2229E+00  8.9726E+00  8.0866E+00  4.5546E+00  9.8517E+00  8.4376E+00  9.2053E+00
       8.5732E+00  9.8313E+00  9.7479E+00  6.7987E+00  8.1207E+00  7.1625E+00  6.5928E+00  1.1711E+01  9.3617E+00  1.0229E+01
       1.1083E+01  7.6092E+00  7.0503E+00  7.8140E+00  7.6605E+00  7.7751E+00  8.0719E+00  8.5165E+00  7.9783E+00  9.7291E+00
