1
   Cartesian binning n.   1  "DoseEq    " , generalized particle n.  240
      X coordinate: from -8.5000E+01 to  8.5000E+01 cm,    10 bins ( 1.7000E+01 cm wide)
      Y coordinate: from -2.5000E+01 to  2.5000E+01 cm,    10 bins ( 5.0000E+00 cm wide)
      Z coordinate: from  2.2500E+02 to  2.7500E+02 cm,    10 bins ( 5.0000E+00 cm wide)
      Data follow in a matrix A(ix,iy,iz), format (1(5x,1p,10(1x,e11.4)))

      accurate deposition along the tracks requested
      this is a track-length binning
       2.7097E-04  3.3607E-04  3.7467E-04  4.2678E-04  4.2176E-04  4.5764E-04  4.1583E-04  3.8042E-04  3.4067E-04  2.7919E-04
       3.1429E-04  3.9243E-04  4.4860E-04  4.7515E-04  4.8793E-04  5.1848E-04  4.7005E-04  4.4694E-04  3.7385E-04  3.0349E-04
       3.1832E-04  4.2451E-04  4.6629E-04  5.0851E-04  5.3694E-04  5.1388E-04  5.1760E-04  4.7345E-04  4.1325E-04  3.4064E-04
       3.4045E-04  4.2837E-04  4.6699E-04  5.3265E-04  5.3590E-04  5.1277E-04  5.2651E-04  4.8953E-04  4.0646E-04  3.3114E-04
       3.5823E-04  4.3469E-04  4.8000E-04  5.3211E-04  5.6085E-04  5.6296E-04  5.3884E-04  4.8189E-04  4.2426E-04  3.3681E-04
       3.4588E-04  4.2772E-04  4.8346E-04  5.1892E-04  5.4373E-04  5.6636E-04  5.3310E-04  4.8343E-04  4.2276E-04  3.3931E-04
       3.2935E-04  4.1467E-04  4.7541E-04  5.2312E-04  5.5184E-04  5.5543E-04  5.4859E-04  4.8718E-04  4.2027E-04  3.4652E-04
       3.2887E-04  4.2182E-04  4.7414E-04  5.3163E-04  5.2400E-04  5.1263E-04  5.2217E-04  4.6435E-04  4.2185E-04  3.3295E-04
       3.2794E-04  3.7473E-04  4.4300E-04  5.0577E-04  5.1536E-04  5.0517E-04  4.7461E-04  4.4138E-04  3.8080E-04  3.2384E-04
       2.8603E-04  3.4023E-04  3.8315E-04  4.1575E-04  4.3083E-04  4.3443E-04  4.1726E-04  3.9458E-04  3.3373E-04  2.5735E-04
       2.2753E-04  2.6163E-04  3.1474E-04  3.4681E-04  3.5281E-04  3.8510E-04  3.4749E-04  3.0425E-04  2.8025E-04  2.1335E-04
       2.6691E-04  3.5382E-04  3.9718E-04  4.1165E-04  4.4026E-04  4.5636E-04  4.1741E-04  4.0740E-04  3.3653E-04  2.6107E-04
       2.7077E-04  3.6778E-04  4.2093E-04  4.5399E-04  4.7759E-04  4.5888E-04  4.5019E-04  4.4045E-04  3.7594E-04  2.8051E-04
       2.9088E-04  3.8684E-04  4.3612E-04  4.9767E-04  5.1048E-04  4.7935E-04  4.8629E-04  4.5415E-04  3.5649E-04  2.9333E-04
       3.0960E-04  3.9463E-04  4.5357E-04  4.6336E-04  5.0725E-04  5.2694E-04  5.1207E-04  4.6979E-04  3.8361E-04  2.8862E-04
       3.0137E-04  4.0286E-04  4.4407E-04  4.7730E-04  5.1461E-04  5.2234E-04  5.0446E-04  4.5811E-04  3.9001E-04  2.9208E-04
       2.8665E-04  3.8823E-04  4.4486E-04  4.8830E-04  4.7184E-04  5.1617E-04  5.2445E-04  4.5075E-04  3.9055E-04  3.0403E-04
       2.8923E-04  3.8406E-04  4.3088E-04  4.7390E-04  4.8262E-04  4.6710E-04  4.8486E-04  4.3507E-04  3.7064E-04  2.9581E-04
       2.5783E-04  3.3328E-04  3.8453E-04  4.3308E-04  4.4747E-04  4.5567E-04  4.4179E-04  4.0295E-04  3.4877E-04  2.6161E-04
       2.2536E-04  2.8817E-04  3.1547E-04  3.4711E-04  3.6485E-04  3.6622E-04  3.4124E-04  3.1676E-04  2.5758E-04  2.0171E-04
       1.7030E-04  1.9661E-04  2.3332E-04  2.7069E-04  2.7967E-04  2.9689E-04  2.6269E-04  2.4455E-04  2.0605E-04  1.5654E-04
       1.9607E-04  2.8291E-04  3.1015E-04  3.5349E-04  3.7623E-04  3.6290E-04  3.3345E-04  3.3939E-04  2.7058E-04  1.9931E-04
       2.1542E-04  2.9219E-04  3.4732E-04  3.7195E-04  3.9337E-04  3.9755E-04  3.9038E-04  3.7317E-04  3.1923E-04  2.2609E-04
       2.2446E-04  3.1924E-04  3.6346E-04  4.2375E-04  4.2897E-04  4.1223E-04  4.2070E-04  4.0012E-04  3.1449E-04  2.4457E-04
       2.4738E-04  3.3080E-04  3.8975E-04  4.0918E-04  4.3181E-04  4.4823E-04  4.2627E-04  3.8898E-04  3.3484E-04  2.2732E-04
       2.4618E-04  3.3777E-04  3.8239E-04  4.1600E-04  4.3863E-04  4.2455E-04  4.4461E-04  3.9360E-04  3.3390E-04  2.2564E-04
       2.4273E-04  3.1653E-04  3.7904E-04  4.1398E-04  4.0130E-04  4.3329E-04  4.2561E-04  3.8123E-04  3.2287E-04  2.3651E-04
       2.3456E-04  2.9852E-04  3.6862E-04  3.8877E-04  3.9052E-04  4.0475E-04  3.9934E-04  3.4806E-04  3.0095E-04  2.2268E-04
       2.1480E-04  2.6932E-04  3.1860E-04  3.4322E-04  3.6063E-04  3.8003E-04  3.5753E-04  3.0764E-04  2.6313E-04  1.9785E-04
       1.5980E-04  2.1507E-04  2.4993E-04  2.6694E-04  2.7986E-04  2.7379E-04  2.4766E-04  2.4719E-04  1.9314E-04  1.5097E-04
       1.3100E-04  1.5610E-04  1.8349E-04  2.0683E-04  2.2118E-04  2.3354E-04  1.9790E-04  1.9054E-04  1.7064E-04  1.1758E-04
       1.5879E-04  2.1811E-04  2.3679E-04  2.7349E-04  2.9107E-04  2.9050E-04  2.7666E-04  2.6909E-04  2.0442E-04  1.5737E-04
       1.6259E-04  2.2897E-04  2.7613E-04  2.9115E-04  3.2852E-04  3.1333E-04  3.2293E-04  2.9011E-04  2.4757E-04  1.8183E-04
       1.6756E-04  2.5080E-04  2.9492E-04  3.2145E-04  3.4799E-04  3.4578E-04  3.3223E-04  2.9733E-04  2.5308E-04  1.8564E-04
       1.8171E-04  2.5113E-04  2.9546E-04  3.3784E-04  3.3640E-04  3.6776E-04  3.4914E-04  3.1737E-04  2.5915E-04  1.8661E-04
       1.9421E-04  2.5979E-04  3.0271E-04  3.5058E-04  3.5576E-04  3.5457E-04  3.4739E-04  3.1212E-04  2.7600E-04  1.8465E-04
       1.8770E-04  2.7167E-04  3.0124E-04  3.2993E-04  3.3384E-04  3.4552E-04  3.2678E-04  3.1201E-04  2.5105E-04  1.8662E-04
       1.7211E-04  2.5316E-04  2.9982E-04  3.0741E-04  3.2159E-04  3.2753E-04  3.2061E-04  2.7888E-04  2.4192E-04  1.7888E-04
       1.5807E-04  2.1160E-04  2.4392E-04  2.8227E-04  3.1037E-04  2.8618E-04  2.6734E-04  2.4298E-04  1.9048E-04  1.5311E-04
       1.1851E-04  1.6076E-04  1.8162E-04  2.0058E-04  2.1148E-04  2.1148E-04  1.9400E-04  1.8843E-04  1.4232E-04  1.1064E-04
       9.7192E-05  1.1331E-04  1.3583E-04  1.5761E-04  1.6555E-04  1.7670E-04  1.5946E-04  1.4147E-04  1.2885E-04  9.2212E-05
       1.2332E-04  1.6673E-04  1.8396E-04  2.2269E-04  2.3055E-04  2.2315E-04  2.0611E-04  2.0474E-04  1.5829E-04  1.2708E-04
       1.3490E-04  1.8874E-04  2.1007E-04  2.4602E-04  2.6156E-04  2.3891E-04  2.3105E-04  2.3511E-04  1.9092E-04  1.3618E-04
       1.2947E-04  2.0699E-04  2.3057E-04  2.6003E-04  2.7880E-04  2.6459E-04  2.7167E-04  2.4374E-04  1.8468E-04  1.4363E-04
       1.2566E-04  1.9657E-04  2.3740E-04  2.6718E-04  2.8865E-04  2.8668E-04  2.7933E-04  2.4447E-04  2.0678E-04  1.4416E-04
       1.4065E-04  2.0196E-04  2.3977E-04  2.7855E-04  2.9346E-04  2.8586E-04  2.6135E-04  2.4799E-04  2.1794E-04  1.4031E-04
       1.4864E-04  2.0382E-04  2.3505E-04  2.5988E-04  2.8214E-04  2.7297E-04  2.6120E-04  2.3507E-04  1.9713E-04  1.4355E-04
       1.3304E-04  1.8992E-04  2.4133E-04  2.4226E-04  2.5208E-04  2.6414E-04  2.3840E-04  2.1746E-04  1.7455E-04  1.3701E-04
       1.2022E-04  1.7005E-04  1.9946E-04  2.2067E-04  2.1794E-04  2.3028E-04  2.0827E-04  1.7615E-04  1.5298E-04  1.1097E-04
       9.7018E-05  1.2107E-04  1.3988E-04  1.5465E-04  1.7063E-04  1.6982E-04  1.4439E-04  1.5447E-04  1.2062E-04  8.8797E-05
       6.6613E-05  9.1367E-05  9.8957E-05  1.2112E-04  1.3167E-04  1.2541E-04  1.1298E-04  1.0772E-04  9.5946E-05  6.8510E-05
       9.7409E-05  1.1686E-04  1.4502E-04  1.6489E-04  1.9165E-04  1.6671E-04  1.7295E-04  1.6166E-04  1.2959E-04  9.2240E-05
       9.0890E-05  1.3857E-04  1.7511E-04  1.8766E-04  2.1590E-04  1.8125E-04  1.8320E-04  1.8931E-04  1.4476E-04  1.0468E-04
       1.0429E-04  1.5863E-04  1.7704E-04  2.0632E-04  2.2382E-04  1.9301E-04  2.1259E-04  1.8617E-04  1.5470E-04  1.0583E-04
       1.0810E-04  1.6218E-04  1.8895E-04  2.0931E-04  2.3116E-04  2.2282E-04  2.1667E-04  1.9334E-04  1.7185E-04  1.1074E-04
       1.0982E-04  1.4756E-04  2.0401E-04  2.2176E-04  2.2451E-04  2.2363E-04  1.9968E-04  1.9205E-04  1.6795E-04  1.1933E-04
       1.1000E-04  1.4892E-04  1.8217E-04  2.0710E-04  2.1905E-04  2.1179E-04  2.0844E-04  1.9656E-04  1.5468E-04  1.1781E-04
       1.0660E-04  1.4770E-04  1.6561E-04  1.9378E-04  2.0079E-04  2.0182E-04  1.8969E-04  1.6859E-04  1.3548E-04  1.0861E-04
       9.4642E-05  1.3894E-04  1.5758E-04  1.7093E-04  1.7105E-04  1.7907E-04  1.6808E-04  1.4875E-04  1.2251E-04  8.6751E-05
       6.9622E-05  9.6978E-05  1.0713E-04  1.2829E-04  1.3145E-04  1.3012E-04  1.1079E-04  1.0852E-04  9.3397E-05  7.0414E-05
       5.8547E-05  6.2818E-05  7.6717E-05  1.0591E-04  1.0730E-04  1.0960E-04  9.6681E-05  7.5522E-05  6.9758E-05  4.9910E-05
       7.3070E-05  8.9865E-05  1.1484E-04  1.2484E-04  1.4674E-04  1.3690E-04  1.3424E-04  1.2081E-04  1.0684E-04  7.0404E-05
       7.5878E-05  1.1235E-04  1.3210E-04  1.4125E-04  1.6919E-04  1.4773E-04  1.5387E-04  1.4368E-04  1.0076E-04  7.7223E-05
       8.5901E-05  1.1666E-04  1.4981E-04  1.6718E-04  1.6920E-04  1.6151E-04  1.7263E-04  1.4770E-04  1.3410E-04  8.2064E-05
       9.0636E-05  1.3016E-04  1.5430E-04  1.6892E-04  1.8548E-04  1.8830E-04  1.7892E-04  1.5983E-04  1.3861E-04  9.1626E-05
       9.5460E-05  1.2269E-04  1.6084E-04  1.6801E-04  1.7871E-04  1.7266E-04  1.6155E-04  1.5916E-04  1.3714E-04  8.6062E-05
       8.4848E-05  1.0926E-04  1.3783E-04  1.6582E-04  1.7433E-04  1.6299E-04  1.6329E-04  1.4666E-04  1.2070E-04  7.9526E-05
       8.3680E-05  1.0086E-04  1.2231E-04  1.6190E-04  1.6377E-04  1.4882E-04  1.3411E-04  1.2118E-04  1.0853E-04  8.1623E-05
       7.5167E-05  9.3788E-05  1.2061E-04  1.3472E-04  1.4541E-04  1.3360E-04  1.2863E-04  1.0688E-04  9.7079E-05  7.2045E-05
       4.5479E-05  7.0874E-05  8.4970E-05  1.0386E-04  1.1067E-04  1.0019E-04  8.4535E-05  9.0250E-05  7.2257E-05  5.1032E-05
       4.4798E-05  5.3966E-05  5.5165E-05  8.1475E-05  7.6307E-05  8.3347E-05  7.9899E-05  6.8388E-05  6.6695E-05  4.3383E-05
       5.1417E-05  6.9487E-05  8.9042E-05  1.0634E-04  1.0836E-04  1.0414E-04  1.0069E-04  1.0497E-04  8.0793E-05  5.8769E-05
       5.5886E-05  7.6126E-05  9.2545E-05  1.1336E-04  1.3454E-04  1.2282E-04  1.2314E-04  1.0503E-04  9.2423E-05  6.3461E-05
       6.7647E-05  9.0289E-05  1.1100E-04  1.2302E-04  1.2940E-04  1.3502E-04  1.2740E-04  1.1835E-04  9.9410E-05  6.6575E-05
       6.8478E-05  9.6128E-05  1.0948E-04  1.3524E-04  1.3259E-04  1.3458E-04  1.4180E-04  1.3480E-04  1.0441E-04  6.9123E-05
       7.7299E-05  9.2292E-05  1.1762E-04  1.3108E-04  1.3423E-04  1.4215E-04  1.2995E-04  1.1590E-04  9.1053E-05  7.0276E-05
       6.4034E-05  8.3608E-05  1.0298E-04  1.2852E-04  1.2041E-04  1.3597E-04  1.2496E-04  1.1707E-04  9.6693E-05  6.6474E-05
       6.5829E-05  8.5323E-05  8.9954E-05  1.2116E-04  1.1931E-04  1.2199E-04  1.0465E-04  1.0220E-04  8.4340E-05  5.2723E-05
       5.2706E-05  6.8246E-05  9.6423E-05  9.8192E-05  1.1039E-04  1.0718E-04  9.9622E-05  9.5590E-05  7.0569E-05  5.4483E-05
       4.0331E-05  6.1024E-05  6.9512E-05  7.9114E-05  8.4017E-05  7.6807E-05  6.8278E-05  7.3456E-05  5.6461E-05  3.9561E-05
       3.6402E-05  4.2948E-05  4.5752E-05  6.5358E-05  5.8656E-05  5.8301E-05  5.9402E-05  5.3769E-05  4.7193E-05  3.9261E-05
       3.7980E-05  5.7522E-05  6.9706E-05  7.3993E-05  7.8015E-05  7.4621E-05  7.4410E-05  7.0596E-05  5.6446E-05  4.0318E-05
       4.6481E-05  6.5137E-05  7.7548E-05  9.1118E-05  9.8001E-05  9.7172E-05  8.6003E-05  7.4150E-05  7.2885E-05  4.8312E-05
       5.0676E-05  6.7047E-05  7.7956E-05  9.0722E-05  1.0025E-04  9.9217E-05  9.7013E-05  8.9661E-05  7.4518E-05  4.9814E-05
       5.1651E-05  7.3769E-05  8.7118E-05  9.9137E-05  1.0171E-04  1.0265E-04  1.0029E-04  8.9791E-05  8.2772E-05  4.9610E-05
       5.6476E-05  6.7625E-05  8.7417E-05  9.3272E-05  9.3004E-05  1.0237E-04  9.9683E-05  9.4818E-05  7.7721E-05  5.5479E-05
       4.8155E-05  6.3447E-05  7.9783E-05  9.2712E-05  9.2280E-05  9.1721E-05  9.9399E-05  9.2405E-05  7.7804E-05  5.2386E-05
       4.6376E-05  5.8568E-05  7.7848E-05  8.9656E-05  8.4905E-05  9.4161E-05  9.3401E-05  8.3362E-05  6.7097E-05  4.9898E-05
       4.1886E-05  4.8052E-05  6.5821E-05  8.1009E-05  8.5497E-05  8.7823E-05  7.8904E-05  7.2542E-05  5.9780E-05  3.7983E-05
       3.1564E-05  4.2590E-05  5.6670E-05  6.3825E-05  6.3553E-05  6.0126E-05  5.3376E-05  5.5717E-05  3.6992E-05  3.2501E-05
       2.8638E-05  3.2420E-05  4.3207E-05  4.6760E-05  4.8853E-05  4.1057E-05  4.2312E-05  4.0119E-05  3.4800E-05  2.8595E-05
       3.1318E-05  4.5748E-05  4.4818E-05  5.4521E-05  5.7310E-05  5.0941E-05  5.3041E-05  5.0152E-05  3.9783E-05  2.8316E-05
       3.4138E-05  4.5968E-05  5.7094E-05  5.9604E-05  6.1350E-05  7.2768E-05  6.4662E-05  5.8755E-05  5.6869E-05  3.2815E-05
       3.8928E-05  4.5723E-05  5.0667E-05  6.8620E-05  6.3737E-05  7.0569E-05  6.6674E-05  5.5279E-05  5.7121E-05  3.6422E-05
       3.7167E-05  5.7012E-05  6.4132E-05  6.5908E-05  6.7755E-05  7.0158E-05  7.5356E-05  6.4155E-05  5.4478E-05  4.3825E-05
       3.4823E-05  4.2831E-05  5.6857E-05  6.3874E-05  7.0313E-05  7.1954E-05  6.7493E-05  5.7961E-05  4.7779E-05  3.8218E-05
       3.9527E-05  4.4967E-05  5.2673E-05  6.5116E-05  6.4716E-05  6.2032E-05  6.2683E-05  6.1925E-05  5.1534E-05  3.4580E-05
       3.3574E-05  4.3907E-05  5.9886E-05  6.5518E-05  6.0745E-05  6.2869E-05  6.4784E-05  5.7220E-05  5.3481E-05  3.5233E-05
       2.9900E-05  4.0364E-05  4.9006E-05  5.8773E-05  5.1946E-05  5.6339E-05  5.5054E-05  4.9674E-05  4.3626E-05  3.2046E-05
       2.7250E-05  3.2152E-05  4.5693E-05  5.1650E-05  4.5944E-05  3.9540E-05  4.5707E-05  4.3396E-05  3.4055E-05  2.4191E-05

      Percentage errors follow in a matrix A(ix,iy,iz), format (1(5x,1p,10(1x,e11.4)))

       3.4110E+00  3.3348E+00  2.8455E+00  2.6890E+00  1.9236E+00  1.8330E+00  3.2917E+00  2.4675E+00  2.7413E+00  2.9029E+00
       3.2914E+00  3.7440E+00  2.4714E+00  2.3898E+00  3.0974E+00  1.8058E+00  3.0434E+00  2.8936E+00  2.2413E+00  3.4107E+00
       2.9711E+00  3.3602E+00  3.1722E+00  2.6079E+00  3.0277E+00  3.9377E+00  1.8369E+00  3.0964E+00  2.6528E+00  2.7737E+00
       3.4079E+00  3.6073E+00  3.2535E+00  2.6549E+00  3.0589E+00  2.8858E+00  1.9065E+00  2.1115E+00  3.0724E+00  3.6847E+00
       2.9402E+00  2.3470E+00  2.8254E+00  2.9172E+00  2.5089E+00  2.3542E+00  2.2173E+00  3.3436E+00  3.3138E+00  4.2300E+00
       2.5139E+00  2.4893E+00  2.4046E+00  1.8081E+00  2.7849E+00  2.3205E+00  3.1988E+00  2.3628E+00  4.0993E+00  3.3467E+00
       3.1009E+00  2.6522E+00  3.0866E+00  2.7003E+00  2.5900E+00  2.5019E+00  3.1714E+00  2.8792E+00  3.5021E+00  3.4811E+00
       3.5169E+00  2.0774E+00  3.0305E+00  2.5428E+00  2.8230E+00  2.6851E+00  2.1583E+00  3.1577E+00  3.3323E+00  2.8252E+00
       2.9866E+00  3.5242E+00  2.6489E+00  3.0323E+00  3.6588E+00  3.1061E+00  2.0503E+00  2.3577E+00  3.0134E+00  2.8247E+00
       3.9917E+00  2.3215E+00  2.8188E+00  3.5018E+00  2.9380E+00  2.2108E+00  3.1854E+00  3.1534E+00  3.1336E+00  4.0279E+00
       3.7396E+00  3.9069E+00  3.1072E+00  3.1549E+00  3.0156E+00  2.1077E+00  3.0851E+00  3.2937E+00  3.7737E+00  3.5516E+00
       2.5815E+00  3.1655E+00  2.2948E+00  2.8806E+00  2.6660E+00  2.6215E+00  3.0805E+00  2.2906E+00  2.7126E+00  4.0749E+00
       2.9211E+00  3.5647E+00  1.9250E+00  2.9047E+00  2.8274E+00  3.2914E+00  2.7065E+00  3.2941E+00  3.1717E+00  3.9553E+00
       3.3672E+00  2.6510E+00  3.2297E+00  2.2995E+00  2.8035E+00  3.9169E+00  3.0624E+00  2.5079E+00  2.4159E+00  3.2582E+00
       3.3021E+00  3.3865E+00  2.4048E+00  2.3692E+00  2.0797E+00  2.5571E+00  2.3677E+00  2.4593E+00  2.8005E+00  3.4447E+00
       3.7229E+00  2.7465E+00  2.7855E+00  2.5848E+00  2.3548E+00  2.4389E+00  3.4191E+00  2.5129E+00  3.8519E+00  5.1184E+00
       4.3058E+00  3.1327E+00  2.7826E+00  3.0991E+00  2.4687E+00  2.3578E+00  2.3281E+00  2.8412E+00  3.6144E+00  4.5846E+00
       2.5499E+00  3.0123E+00  2.1767E+00  3.1468E+00  2.3620E+00  2.6443E+00  2.5097E+00  3.7978E+00  3.0661E+00  4.7029E+00
       3.7555E+00  3.2775E+00  3.5297E+00  2.9290E+00  2.8591E+00  2.9384E+00  2.9241E+00  2.1647E+00  2.8738E+00  2.5257E+00
       3.2006E+00  2.6413E+00  3.6272E+00  3.4073E+00  2.5588E+00  2.9748E+00  2.9107E+00  4.1994E+00  2.7173E+00  4.2144E+00
       3.7661E+00  4.3251E+00  3.6705E+00  3.4140E+00  3.5447E+00  3.8254E+00  2.8909E+00  4.5078E+00  3.5289E+00  3.8212E+00
       4.8067E+00  3.6699E+00  2.7760E+00  3.0692E+00  2.4855E+00  2.9177E+00  3.2669E+00  4.0252E+00  3.1588E+00  5.2310E+00
       3.5727E+00  3.6036E+00  3.2262E+00  2.6491E+00  3.8565E+00  2.6210E+00  2.1179E+00  3.1087E+00  3.8512E+00  4.7464E+00
       4.8810E+00  3.8810E+00  3.5217E+00  1.5208E+00  3.0168E+00  2.7694E+00  3.0273E+00  3.2576E+00  3.4200E+00  4.4833E+00
       4.1816E+00  3.5484E+00  2.9998E+00  3.1247E+00  2.7208E+00  2.5829E+00  3.9473E+00  3.2122E+00  3.7160E+00  3.4113E+00
       4.5443E+00  3.5941E+00  3.2666E+00  3.5506E+00  2.5526E+00  2.4006E+00  2.5633E+00  2.4163E+00  4.9377E+00  3.8684E+00
       3.4640E+00  2.9512E+00  3.0569E+00  2.8934E+00  2.6991E+00  2.2168E+00  2.6403E+00  2.8491E+00  3.2326E+00  5.3860E+00
       3.8249E+00  2.9095E+00  3.2783E+00  3.1678E+00  3.1326E+00  2.6549E+00  2.8576E+00  3.3682E+00  3.6418E+00  4.9348E+00
       3.8368E+00  2.2333E+00  3.7316E+00  3.4017E+00  3.1900E+00  3.7046E+00  3.2372E+00  3.0934E+00  3.3333E+00  3.3935E+00
       2.7167E+00  3.7026E+00  3.7230E+00  3.2667E+00  3.8333E+00  3.5991E+00  4.8918E+00  3.9691E+00  3.2060E+00  4.8660E+00
       3.9273E+00  3.6687E+00  4.4198E+00  4.9673E+00  4.4119E+00  3.9051E+00  3.9699E+00  3.3302E+00  5.0290E+00  5.0199E+00
       5.8400E+00  5.0920E+00  3.2169E+00  3.2530E+00  3.7950E+00  2.8303E+00  4.6685E+00  3.1945E+00  3.8224E+00  4.4934E+00
       4.1987E+00  4.1486E+00  3.6798E+00  4.4758E+00  3.2124E+00  4.7871E+00  2.8873E+00  3.2647E+00  3.2384E+00  3.9577E+00
       4.2726E+00  3.2060E+00  3.7168E+00  2.7991E+00  3.1089E+00  4.0672E+00  4.5340E+00  4.2136E+00  4.3706E+00  3.2247E+00
       4.8660E+00  3.6768E+00  3.0786E+00  2.8630E+00  3.4812E+00  3.9716E+00  2.8139E+00  3.3595E+00  3.8920E+00  4.3222E+00
       3.1510E+00  3.3493E+00  4.0640E+00  2.5919E+00  3.4020E+00  2.6939E+00  3.6430E+00  3.2931E+00  5.5008E+00  4.7938E+00
       4.9407E+00  3.1916E+00  3.6205E+00  2.5789E+00  3.2333E+00  2.4730E+00  3.1495E+00  3.5056E+00  3.8576E+00  5.1507E+00
       4.2848E+00  3.0516E+00  4.3978E+00  3.1626E+00  2.9050E+00  2.9693E+00  2.4870E+00  4.4301E+00  2.9946E+00  4.0516E+00
       4.1422E+00  3.6207E+00  3.8925E+00  4.0104E+00  2.9355E+00  4.0060E+00  3.8492E+00  3.6873E+00  4.1726E+00  4.8472E+00
       4.5019E+00  3.8676E+00  4.6210E+00  3.8739E+00  3.4092E+00  4.3330E+00  3.3850E+00  4.3484E+00  3.0361E+00  6.0145E+00
       6.5642E+00  6.1412E+00  4.8288E+00  4.3812E+00  5.2717E+00  4.5270E+00  4.0650E+00  3.5086E+00  5.6630E+00  5.5818E+00
       5.0221E+00  4.3431E+00  4.6249E+00  3.6880E+00  2.7572E+00  5.0132E+00  4.6161E+00  4.0191E+00  6.1199E+00  5.3508E+00
       6.2169E+00  4.4727E+00  4.3647E+00  3.3238E+00  3.6148E+00  4.9672E+00  3.9273E+00  3.7070E+00  3.7450E+00  5.0425E+00
       5.1751E+00  3.9124E+00  3.2613E+00  3.3548E+00  3.8881E+00  4.1198E+00  3.9973E+00  4.3214E+00  3.3729E+00  3.9077E+00
       4.6038E+00  4.7074E+00  3.2859E+00  4.3960E+00  3.8904E+00  3.7248E+00  2.9040E+00  4.9478E+00  3.8665E+00  5.2659E+00
       5.3925E+00  3.3822E+00  3.2606E+00  4.4549E+00  3.6780E+00  3.6566E+00  4.6650E+00  3.8588E+00  4.9345E+00  4.8947E+00
       4.6370E+00  3.2734E+00  3.5205E+00  3.9188E+00  4.6087E+00  3.0248E+00  3.7992E+00  3.7569E+00  3.5947E+00  5.5613E+00
       4.2739E+00  2.8238E+00  5.2495E+00  3.5767E+00  2.7676E+00  3.2697E+00  3.4626E+00  4.4534E+00  4.0903E+00  3.4395E+00
       4.1986E+00  5.9391E+00  4.8693E+00  4.1188E+00  2.5914E+00  4.5849E+00  4.7685E+00  4.1187E+00  4.2236E+00  5.3815E+00
       5.5674E+00  5.3736E+00  4.5965E+00  4.4393E+00  4.1728E+00  3.8130E+00  5.1562E+00  5.0269E+00  5.3044E+00  6.0274E+00
       6.8273E+00  6.3582E+00  5.1904E+00  4.7299E+00  5.9706E+00  4.9507E+00  5.6327E+00  4.8793E+00  5.3858E+00  7.3854E+00
       6.5454E+00  4.4073E+00  5.5193E+00  4.4245E+00  4.1591E+00  5.0839E+00  4.6018E+00  5.0835E+00  4.8619E+00  4.5152E+00
       5.8629E+00  3.9175E+00  3.5433E+00  4.3399E+00  3.1669E+00  4.2112E+00  3.3230E+00  5.8258E+00  3.7254E+00  6.1228E+00
       5.8050E+00  4.0235E+00  3.2318E+00  3.7814E+00  3.7946E+00  3.0189E+00  3.8831E+00  3.6228E+00  5.5679E+00  6.8200E+00
       5.5222E+00  4.9554E+00  3.4157E+00  4.7569E+00  3.9002E+00  4.2206E+00  3.5148E+00  3.2095E+00  4.2690E+00  5.5812E+00
       5.4051E+00  4.9770E+00  4.4005E+00  4.1330E+00  5.6613E+00  4.2060E+00  4.5315E+00  4.8232E+00  4.6915E+00  5.6869E+00
       5.3156E+00  4.1336E+00  3.9160E+00  3.6184E+00  4.7823E+00  2.6693E+00  5.0991E+00  2.0303E+00  3.2366E+00  5.6784E+00
       6.6475E+00  5.5469E+00  4.6163E+00  3.5441E+00  3.4853E+00  4.7553E+00  3.8568E+00  4.9701E+00  4.7583E+00  5.2465E+00
       4.8148E+00  5.8327E+00  5.4469E+00  3.7684E+00  3.2546E+00  5.9243E+00  4.0456E+00  4.4989E+00  4.6270E+00  6.0199E+00
       5.8315E+00  7.4061E+00  6.2826E+00  4.8244E+00  5.0765E+00  5.8091E+00  5.2246E+00  5.5137E+00  6.7525E+00  7.9686E+00
       7.4589E+00  6.9255E+00  7.2580E+00  6.9064E+00  5.7228E+00  6.6863E+00  6.3598E+00  8.0720E+00  6.1335E+00  6.1459E+00
       5.5655E+00  7.9785E+00  3.6845E+00  5.5482E+00  5.3263E+00  6.2801E+00  4.6159E+00  6.0730E+00  5.7124E+00  5.1550E+00
       6.5139E+00  5.6516E+00  5.4427E+00  4.7863E+00  3.7028E+00  5.7859E+00  4.6623E+00  5.1206E+00  5.1536E+00  6.4266E+00
       6.9093E+00  5.4534E+00  5.8438E+00  4.5079E+00  4.5559E+00  6.1036E+00  4.4764E+00  4.7772E+00  6.3749E+00  7.1704E+00
       6.2064E+00  6.1692E+00  6.3046E+00  5.2740E+00  2.8922E+00  3.9976E+00  4.2995E+00  5.5939E+00  4.2099E+00  7.5954E+00
       3.8658E+00  5.2676E+00  5.5239E+00  4.5913E+00  4.0648E+00  4.1028E+00  4.7402E+00  4.7084E+00  5.2724E+00  6.0347E+00
       5.9145E+00  5.1389E+00  3.3231E+00  4.6073E+00  5.4304E+00  4.5938E+00  4.1836E+00  4.6878E+00  5.5605E+00  7.5277E+00
       7.1093E+00  7.4697E+00  3.5802E+00  3.3319E+00  4.9941E+00  5.0606E+00  5.3629E+00  5.5385E+00  4.6451E+00  7.1265E+00
       5.7558E+00  7.1663E+00  5.6427E+00  5.4329E+00  4.1490E+00  3.8584E+00  5.0840E+00  4.5592E+00  6.8859E+00  5.2621E+00
       5.5088E+00  8.7492E+00  6.1483E+00  5.1329E+00  4.4022E+00  6.4470E+00  6.9004E+00  6.4907E+00  6.2353E+00  7.0158E+00
       9.5599E+00  8.1486E+00  7.8962E+00  6.4721E+00  5.9682E+00  7.3126E+00  5.8310E+00  7.5798E+00  7.5281E+00  7.0986E+00
       7.8806E+00  7.7363E+00  5.8597E+00  7.5064E+00  4.8629E+00  6.0017E+00  4.9017E+00  7.5425E+00  8.5878E+00  7.6765E+00
       6.8805E+00  6.2167E+00  4.2586E+00  5.4900E+00  7.3734E+00  6.7410E+00  5.8287E+00  3.5071E+00  6.0596E+00  7.5950E+00
       8.9403E+00  6.6932E+00  4.1562E+00  5.0395E+00  6.3304E+00  5.7204E+00  4.9989E+00  5.5315E+00  5.7021E+00  7.0277E+00
       7.9002E+00  7.8206E+00  4.3398E+00  3.9547E+00  4.5536E+00  4.8837E+00  4.8826E+00  4.7407E+00  5.5678E+00  8.3821E+00
       6.8367E+00  5.2288E+00  5.9932E+00  5.3621E+00  4.5181E+00  4.3861E+00  5.7623E+00  6.1100E+00  7.1465E+00  8.2272E+00
       7.0861E+00  9.0142E+00  4.4967E+00  6.5385E+00  6.1462E+00  4.6887E+00  3.8917E+00  3.4858E+00  6.6990E+00  8.9363E+00
       7.6754E+00  7.0638E+00  5.5379E+00  5.3444E+00  5.3488E+00  3.5641E+00  6.4536E+00  6.4166E+00  6.4765E+00  4.9762E+00
       7.5944E+00  8.9861E+00  4.7190E+00  6.5056E+00  6.8065E+00  6.6266E+00  6.0030E+00  6.8339E+00  7.4426E+00  8.3053E+00
       7.7704E+00  9.4859E+00  5.3698E+00  5.6339E+00  8.2886E+00  8.3551E+00  8.1701E+00  6.4208E+00  6.3808E+00  7.6288E+00
       9.6040E+00  8.8824E+00  6.8927E+00  6.9824E+00  7.3947E+00  9.9090E+00  7.5636E+00  8.6882E+00  1.0398E+01  9.1619E+00
       1.2485E+01  8.7749E+00  7.7412E+00  8.0118E+00  4.7639E+00  7.4137E+00  8.5092E+00  1.0813E+01  8.5894E+00  9.7580E+00
       9.9878E+00  7.0147E+00  8.2355E+00  6.0226E+00  5.8246E+00  6.9579E+00  7.6471E+00  7.7956E+00  6.7630E+00  1.0311E+01
       9.3621E+00  6.7843E+00  7.5221E+00  6.6985E+00  7.0204E+00  5.5389E+00  7.0774E+00  7.6856E+00  6.0869E+00  1.1173E+01
       1.0159E+01  5.0897E+00  6.3597E+00  6.5420E+00  5.8486E+00  7.0224E+00  5.7192E+00  5.8014E+00  8.6691E+00  7.6235E+00
       9.4058E+00  6.4859E+00  6.7495E+00  6.1173E+00  7.1768E+00  6.1966E+00  3.9503E+00  6.4475E+00  7.7661E+00  7.5022E+00
       8.6454E+00  6.6215E+00  6.4789E+00  6.3720E+00  5.9068E+00  5.6923E+00  5.2715E+00  6.2056E+00  7.7986E+00  8.0828E+00
       7.7949E+00  6.4972E+00  9.5895E+00  6.6757E+00  6.7215E+00  6.2430E+00  5.8646E+00  6.8953E+00  7.1782E+00  7.9308E+00
       9.8429E+00  7.6644E+00  8.0028E+00  5.7179E+00  5.8984E+00  4.8336E+00  6.8939E+00  5.2317E+00  7.2221E+00  5.9627E+00
       5.6981E+00  1.0292E+01  7.4579E+00  6.3822E+00  6.2332E+00  5.9310E+00  8.4846E+00  8.3432E+00  8.2911E+00  1.0679E+01
       9.6555E+00  8.3872E+00  7.6159E+00  8.1425E+00  9.3553E+00  7.5950E+00  9.2923E+00  1.0320E+01  9.8073E+00  9.3026E+00
       1.1880E+01  7.8126E+00  5.3692E+00  7.9375E+00  6.9194E+00  7.9963E+00  9.1627E+00  1.0139E+01  8.4880E+00  1.2402E+01
       7.7435E+00  5.9852E+00  5.0566E+00  7.8930E+00  6.1376E+00  9.4514E+00  7.0948E+00  8.3327E+00  8.8450E+00  1.0705E+01
       8.9606E+00  6.5298E+00  9.0213E+00  4.9055E+00  7.4444E+00  7.9710E+00  9.2154E+00  7.8727E+00  8.6052E+00  1.2773E+01
       1.1849E+01  7.1133E+00  6.7218E+00  5.1979E+00  6.5154E+00  6.5881E+00  4.7281E+00  7.5991E+00  8.0936E+00  6.4184E+00
       8.0282E+00  8.4631E+00  1.0370E+01  7.9434E+00  7.1260E+00  6.7069E+00  6.1054E+00  7.2017E+00  6.1774E+00  7.6275E+00
       8.6529E+00  8.3469E+00  7.9603E+00  6.8821E+00  6.0760E+00  6.0117E+00  8.7403E+00  6.6547E+00  7.1544E+00  1.0317E+01
       6.4782E+00  6.1264E+00  8.7708E+00  7.1680E+00  7.7982E+00  7.7485E+00  6.6264E+00  7.3801E+00  5.8522E+00  1.0212E+01
       8.2746E+00  9.0389E+00  9.6037E+00  6.9838E+00  8.0412E+00  6.0400E+00  8.6966E+00  8.0793E+00  7.3269E+00  1.0781E+01
       7.6840E+00  8.4865E+00  8.1106E+00  8.5944E+00  8.2278E+00  9.3788E+00  6.1885E+00  1.0390E+01  8.6654E+00  1.0816E+01
