1
   Cartesian binning n.   1  "DoseEq    " , generalized particle n.  240
      X coordinate: from -8.5000E+01 to  8.5000E+01 cm,    10 bins ( 1.7000E+01 cm wide)
      Y coordinate: from -2.5000E+01 to  2.5000E+01 cm,    10 bins ( 5.0000E+00 cm wide)
      Z coordinate: from  2.2500E+02 to  2.7500E+02 cm,    10 bins ( 5.0000E+00 cm wide)
      Data follow in a matrix A(ix,iy,iz), format (1(5x,1p,10(1x,e11.4)))

      accurate deposition along the tracks requested
      this is a track-length binning
       1.6850E-04  1.9828E-04  2.3735E-04  2.6796E-04  2.4764E-04  2.7534E-04  2.5139E-04  2.2803E-04  2.1137E-04  1.6429E-04
       1.8917E-04  2.2922E-04  2.6348E-04  2.8087E-04  3.0072E-04  3.0524E-04  2.8727E-04  2.7009E-04  2.4063E-04  1.9048E-04
       1.9044E-04  2.4692E-04  2.8795E-04  3.0829E-04  3.3443E-04  3.1359E-04  3.0732E-04  2.9416E-04  2.5450E-04  2.0498E-04
       1.9566E-04  2.5177E-04  2.8765E-04  3.0617E-04  3.4866E-04  3.3592E-04  3.3334E-04  2.8647E-04  2.5448E-04  2.0884E-04
       1.9751E-04  2.5956E-04  2.9311E-04  3.1524E-04  3.7310E-04  3.3399E-04  3.1818E-04  2.8966E-04  2.5240E-04  1.9173E-04
       2.0223E-04  2.5103E-04  2.9090E-04  3.1569E-04  3.5322E-04  3.2093E-04  3.2688E-04  2.9571E-04  2.6496E-04  2.2119E-04
       1.9844E-04  2.4555E-04  2.8656E-04  2.9129E-04  3.3068E-04  3.3066E-04  3.3744E-04  2.8340E-04  2.5809E-04  2.1740E-04
       1.9157E-04  2.4569E-04  2.6940E-04  2.9518E-04  3.1661E-04  3.2153E-04  3.2788E-04  2.8564E-04  2.2883E-04  2.0868E-04
       1.7877E-04  2.4245E-04  2.5992E-04  2.7319E-04  3.1259E-04  2.9445E-04  2.8778E-04  2.6556E-04  2.2394E-04  1.8967E-04
       1.6475E-04  1.9870E-04  2.3433E-04  2.4147E-04  2.7138E-04  2.7376E-04  2.5174E-04  2.2613E-04  2.0161E-04  1.6957E-04
       1.4176E-04  1.6184E-04  1.9818E-04  2.1635E-04  2.2035E-04  2.3102E-04  2.2044E-04  1.9433E-04  1.7942E-04  1.3411E-04
       1.6381E-04  2.0312E-04  2.3894E-04  2.7398E-04  2.8229E-04  2.8704E-04  2.5643E-04  2.4187E-04  2.0720E-04  1.6373E-04
       1.6883E-04  2.1848E-04  2.5652E-04  2.9980E-04  3.0690E-04  2.8940E-04  2.9935E-04  2.6850E-04  2.3822E-04  1.7768E-04
       1.9252E-04  2.3801E-04  2.7194E-04  2.9710E-04  3.1858E-04  3.0787E-04  3.0413E-04  2.6626E-04  2.2501E-04  1.8604E-04
       1.8160E-04  2.3976E-04  2.7720E-04  3.0637E-04  3.4690E-04  3.2237E-04  3.0477E-04  2.6716E-04  2.4543E-04  1.8986E-04
       1.7448E-04  2.2763E-04  2.8440E-04  3.0624E-04  3.4733E-04  3.1907E-04  3.1100E-04  2.8433E-04  2.4493E-04  1.9190E-04
       1.7781E-04  2.3967E-04  2.6933E-04  2.8423E-04  3.1903E-04  3.1657E-04  3.2720E-04  2.6916E-04  2.4556E-04  1.9783E-04
       1.7569E-04  2.2711E-04  2.5506E-04  2.7153E-04  3.0665E-04  3.1729E-04  3.0691E-04  2.7229E-04  2.1458E-04  1.9225E-04
       1.6547E-04  2.1484E-04  2.3695E-04  2.5087E-04  2.8475E-04  2.8595E-04  2.4821E-04  2.3738E-04  1.9691E-04  1.7254E-04
       1.3919E-04  1.6695E-04  1.8674E-04  2.1395E-04  2.3120E-04  2.3747E-04  2.1526E-04  1.9142E-04  1.6435E-04  1.4210E-04
       1.0462E-04  1.3493E-04  1.6481E-04  1.8524E-04  1.7575E-04  1.8257E-04  1.6593E-04  1.4853E-04  1.4140E-04  9.9359E-05
       1.3155E-04  1.8021E-04  1.9987E-04  2.2031E-04  2.3789E-04  2.1584E-04  2.3310E-04  2.1335E-04  1.8709E-04  1.3759E-04
       1.4155E-04  2.0473E-04  2.2126E-04  2.5678E-04  2.7250E-04  2.4826E-04  2.4464E-04  2.3105E-04  1.8205E-04  1.4090E-04
       1.6073E-04  2.0430E-04  2.2980E-04  2.6894E-04  2.5847E-04  2.5951E-04  2.5812E-04  2.2666E-04  1.8411E-04  1.4995E-04
       1.5642E-04  2.1373E-04  2.3139E-04  2.6568E-04  3.0147E-04  2.7881E-04  2.6690E-04  2.4044E-04  2.2455E-04  1.5086E-04
       1.5769E-04  2.0248E-04  2.4205E-04  2.5606E-04  2.8444E-04  2.7042E-04  2.6960E-04  2.3761E-04  2.1554E-04  1.5077E-04
       1.3753E-04  1.9981E-04  2.3980E-04  2.4735E-04  2.8139E-04  2.6521E-04  2.7376E-04  2.2949E-04  2.1026E-04  1.5888E-04
       1.4101E-04  1.8209E-04  2.1802E-04  2.3444E-04  2.6328E-04  2.6140E-04  2.7113E-04  2.1793E-04  1.7958E-04  1.5703E-04
       1.3953E-04  1.7604E-04  1.9849E-04  2.1749E-04  2.3967E-04  2.3626E-04  2.2512E-04  1.9590E-04  1.6786E-04  1.4827E-04
       1.0287E-04  1.3768E-04  1.5076E-04  1.7934E-04  1.8841E-04  1.9778E-04  1.7976E-04  1.5580E-04  1.2995E-04  1.0533E-04
       8.0604E-05  1.1275E-04  1.2219E-04  1.4071E-04  1.4077E-04  1.3999E-04  1.3564E-04  1.1499E-04  1.1115E-04  8.2256E-05
       1.0650E-04  1.4986E-04  1.6507E-04  1.8435E-04  1.9168E-04  1.8814E-04  1.8559E-04  1.6146E-04  1.4925E-04  1.0442E-04
       1.1412E-04  1.6924E-04  1.8074E-04  2.0533E-04  2.1900E-04  2.0945E-04  1.9235E-04  2.0083E-04  1.5953E-04  1.2048E-04
       1.3370E-04  1.7590E-04  1.9217E-04  2.1752E-04  2.3594E-04  2.1194E-04  2.2819E-04  1.8457E-04  1.6783E-04  1.1892E-04
       1.2493E-04  1.7544E-04  2.0412E-04  2.1467E-04  2.4580E-04  2.2744E-04  2.2998E-04  1.9306E-04  1.7166E-04  1.2530E-04
       1.2376E-04  1.6888E-04  2.0978E-04  2.0743E-04  2.5444E-04  2.2638E-04  2.2421E-04  2.0049E-04  1.7763E-04  1.1805E-04
       1.1829E-04  1.7818E-04  1.9277E-04  2.2630E-04  2.3342E-04  2.3477E-04  2.2879E-04  1.9798E-04  1.7682E-04  1.2898E-04
       1.1546E-04  1.5818E-04  1.8418E-04  2.0962E-04  2.2109E-04  2.2286E-04  2.2177E-04  1.8611E-04  1.5808E-04  1.1873E-04
       1.0391E-04  1.4366E-04  1.6621E-04  1.8637E-04  1.8444E-04  1.9536E-04  1.9032E-04  1.7045E-04  1.3920E-04  1.1491E-04
       7.9176E-05  1.0966E-04  1.1748E-04  1.3967E-04  1.5114E-04  1.5241E-04  1.3689E-04  1.2252E-04  9.6878E-05  7.8545E-05
       5.8543E-05  8.9782E-05  9.6191E-05  1.1106E-04  1.0592E-04  1.1561E-04  1.0363E-04  9.3549E-05  9.4581E-05  6.6890E-05
       8.9513E-05  1.2535E-04  1.3312E-04  1.5138E-04  1.5390E-04  1.5457E-04  1.3713E-04  1.3216E-04  1.1680E-04  7.7429E-05
       9.6402E-05  1.2626E-04  1.5157E-04  1.6867E-04  1.6342E-04  1.5959E-04  1.5909E-04  1.4924E-04  1.2276E-04  8.2900E-05
       1.0240E-04  1.2984E-04  1.6203E-04  1.8039E-04  1.8053E-04  1.8632E-04  1.6402E-04  1.4477E-04  1.1855E-04  8.7317E-05
       9.3969E-05  1.3476E-04  1.7359E-04  1.7678E-04  1.9544E-04  1.8152E-04  1.8140E-04  1.5257E-04  1.4112E-04  9.4647E-05
       9.7082E-05  1.4555E-04  1.7483E-04  1.8811E-04  1.9802E-04  1.8452E-04  1.7491E-04  1.6748E-04  1.3244E-04  1.0840E-04
       9.3257E-05  1.3391E-04  1.6661E-04  1.8498E-04  1.8620E-04  1.8125E-04  1.8159E-04  1.6154E-04  1.3611E-04  1.0786E-04
       9.8038E-05  1.2680E-04  1.4790E-04  1.7636E-04  1.7475E-04  1.7345E-04  1.6202E-04  1.5332E-04  1.3215E-04  9.5360E-05
       8.8200E-05  1.1167E-04  1.3467E-04  1.4659E-04  1.5103E-04  1.5058E-04  1.4700E-04  1.3416E-04  1.1549E-04  9.0693E-05
       6.1893E-05  8.2232E-05  9.8627E-05  1.0869E-04  1.1262E-04  1.1182E-04  1.1194E-04  9.6778E-05  8.6954E-05  6.3861E-05
       5.4529E-05  6.0791E-05  7.1700E-05  8.7774E-05  7.2672E-05  9.0772E-05  8.1356E-05  7.9134E-05  7.5156E-05  4.4029E-05
       7.2058E-05  8.6881E-05  1.0199E-04  1.2487E-04  1.1746E-04  1.2001E-04  9.9908E-05  9.6249E-05  8.7526E-05  5.5428E-05
       7.5674E-05  1.1128E-04  1.1611E-04  1.4782E-04  1.4301E-04  1.3123E-04  1.2542E-04  1.1902E-04  9.1115E-05  6.0969E-05
       8.0274E-05  1.1333E-04  1.3579E-04  1.5171E-04  1.4838E-04  1.4519E-04  1.3130E-04  1.2928E-04  9.9052E-05  6.6491E-05
       7.5348E-05  1.0835E-04  1.4121E-04  1.4428E-04  1.6205E-04  1.4346E-04  1.3765E-04  1.2939E-04  1.1611E-04  6.8724E-05
       7.5682E-05  1.1103E-04  1.3867E-04  1.4878E-04  1.6159E-04  1.4084E-04  1.4268E-04  1.3636E-04  1.0495E-04  8.4602E-05
       7.2910E-05  1.1897E-04  1.2999E-04  1.4661E-04  1.5028E-04  1.4308E-04  1.4086E-04  1.3144E-04  1.0662E-04  8.0741E-05
       7.6497E-05  9.9001E-05  1.1405E-04  1.3892E-04  1.3652E-04  1.4327E-04  1.4504E-04  1.2831E-04  1.0655E-04  7.8957E-05
       6.2223E-05  9.5711E-05  1.0788E-04  1.1236E-04  1.2247E-04  1.1557E-04  1.1591E-04  1.0476E-04  8.6735E-05  6.7977E-05
       3.9734E-05  7.0780E-05  8.3409E-05  8.8871E-05  8.3013E-05  7.8814E-05  8.5870E-05  7.4250E-05  7.5148E-05  4.4488E-05
       4.0956E-05  5.4953E-05  5.9844E-05  6.3796E-05  6.8567E-05  6.8606E-05  6.6837E-05  5.6361E-05  4.9404E-05  2.9770E-05
       5.3688E-05  6.6782E-05  8.2634E-05  9.6466E-05  9.3475E-05  9.1524E-05  8.6677E-05  7.9056E-05  7.0024E-05  4.5305E-05
       6.1876E-05  8.5979E-05  1.0039E-04  1.0435E-04  1.1438E-04  1.0853E-04  9.8285E-05  8.8814E-05  7.6182E-05  4.9048E-05
       5.8435E-05  8.7844E-05  1.1002E-04  1.0717E-04  1.2192E-04  1.0980E-04  1.0309E-04  9.0826E-05  7.8156E-05  5.9038E-05
       5.5244E-05  8.3520E-05  1.1222E-04  1.1906E-04  1.3441E-04  1.0845E-04  1.1383E-04  1.0580E-04  8.9917E-05  6.1238E-05
       5.6170E-05  8.6936E-05  1.0633E-04  1.1141E-04  1.1934E-04  1.1713E-04  1.2346E-04  1.0503E-04  9.3897E-05  6.5364E-05
       5.7540E-05  9.0891E-05  1.0517E-04  1.1024E-04  1.1368E-04  1.2730E-04  1.1102E-04  1.0791E-04  1.0055E-04  6.4435E-05
       5.1287E-05  8.2053E-05  1.0330E-04  1.1267E-04  1.1132E-04  1.1163E-04  1.1785E-04  1.0123E-04  8.2040E-05  5.5700E-05
       4.4339E-05  6.6578E-05  8.1213E-05  8.3198E-05  9.1442E-05  9.2163E-05  9.6348E-05  8.5678E-05  7.4007E-05  5.8149E-05
       3.5620E-05  5.1281E-05  6.0385E-05  6.5497E-05  6.8904E-05  5.9464E-05  6.6554E-05  5.4554E-05  5.0006E-05  3.3507E-05
       3.4899E-05  3.9213E-05  4.6691E-05  5.1605E-05  4.9882E-05  5.6373E-05  4.7237E-05  4.7622E-05  3.6824E-05  2.5649E-05
       3.7270E-05  5.1458E-05  6.5236E-05  7.8676E-05  7.8208E-05  7.0762E-05  7.0789E-05  6.8597E-05  5.1341E-05  3.5370E-05
       4.3810E-05  7.1039E-05  8.3053E-05  8.1340E-05  9.0108E-05  8.2494E-05  8.2006E-05  6.7281E-05  5.8849E-05  3.7644E-05
       4.7763E-05  7.0511E-05  8.6098E-05  8.8843E-05  1.0190E-04  9.9361E-05  8.0362E-05  7.2591E-05  7.2313E-05  4.6175E-05
       4.7327E-05  7.5123E-05  8.5264E-05  9.7833E-05  1.0438E-04  9.6184E-05  9.1931E-05  8.7127E-05  6.8232E-05  4.4625E-05
       4.9064E-05  6.6229E-05  8.4431E-05  8.5936E-05  1.0149E-04  9.4976E-05  1.0857E-04  8.6542E-05  7.0578E-05  5.3015E-05
       4.7180E-05  6.7052E-05  7.3246E-05  8.9783E-05  8.9399E-05  9.8375E-05  9.7178E-05  8.8536E-05  7.8222E-05  4.9149E-05
       4.1539E-05  6.8560E-05  6.8699E-05  8.5873E-05  8.1538E-05  9.6141E-05  8.7860E-05  7.9529E-05  6.7126E-05  4.3359E-05
       4.1783E-05  5.5610E-05  6.2819E-05  6.6610E-05  6.9093E-05  8.1797E-05  7.3942E-05  6.3607E-05  5.1506E-05  4.8427E-05
       3.4249E-05  4.1179E-05  4.5986E-05  5.1201E-05  5.7828E-05  5.4662E-05  5.5804E-05  4.6814E-05  3.4924E-05  2.7224E-05
       2.8260E-05  3.4605E-05  3.6209E-05  4.4644E-05  4.4258E-05  3.8541E-05  4.1255E-05  3.7415E-05  2.8043E-05  2.0744E-05
       3.2368E-05  4.1940E-05  4.7954E-05  5.7386E-05  5.9445E-05  5.5388E-05  5.7245E-05  5.1575E-05  3.4503E-05  2.5020E-05
       3.6370E-05  5.0872E-05  5.9321E-05  6.3933E-05  6.6642E-05  6.0781E-05  6.1539E-05  5.9607E-05  5.1491E-05  2.9980E-05
       3.5866E-05  5.3723E-05  6.0902E-05  6.1300E-05  7.6071E-05  6.6501E-05  6.2907E-05  5.5193E-05  4.9783E-05  3.2816E-05
       4.2338E-05  5.2901E-05  6.4956E-05  7.0609E-05  7.3822E-05  7.7883E-05  6.8449E-05  5.9256E-05  5.3315E-05  3.2591E-05
       3.7711E-05  4.7196E-05  5.8637E-05  6.4778E-05  7.2506E-05  7.3128E-05  7.5168E-05  6.3060E-05  5.3482E-05  4.0589E-05
       3.4668E-05  5.1164E-05  5.6252E-05  6.6975E-05  6.2651E-05  7.3179E-05  7.0935E-05  6.4788E-05  5.1429E-05  3.8446E-05
       3.3922E-05  4.9557E-05  5.0508E-05  6.4230E-05  6.0959E-05  6.7378E-05  6.8746E-05  5.7151E-05  5.0943E-05  3.2244E-05
       3.3454E-05  4.6130E-05  4.9242E-05  4.3145E-05  5.2135E-05  5.7209E-05  5.2054E-05  4.7606E-05  3.5490E-05  3.1654E-05
       2.7997E-05  2.8675E-05  3.9192E-05  3.9292E-05  4.0977E-05  4.2154E-05  4.5737E-05  3.7434E-05  2.8186E-05  2.6275E-05
       2.4405E-05  3.0793E-05  3.7097E-05  3.4575E-05  3.6846E-05  2.7973E-05  3.3823E-05  3.0667E-05  1.8515E-05  1.6810E-05
       2.6982E-05  3.3515E-05  3.8581E-05  3.5544E-05  4.0739E-05  4.3272E-05  4.3227E-05  3.6603E-05  2.7059E-05  1.7643E-05
       3.2759E-05  3.2623E-05  4.4005E-05  4.3581E-05  4.4270E-05  4.2575E-05  4.4674E-05  3.4199E-05  3.0045E-05  2.3339E-05
       2.6201E-05  3.6145E-05  4.7159E-05  4.2786E-05  5.4799E-05  4.3121E-05  3.8091E-05  3.7072E-05  3.5964E-05  2.6451E-05
       2.8012E-05  3.2435E-05  4.9880E-05  4.5730E-05  5.2475E-05  4.9805E-05  4.9892E-05  4.1043E-05  3.6949E-05  2.7757E-05
       2.9334E-05  3.8081E-05  5.0476E-05  4.4686E-05  4.4681E-05  4.6614E-05  4.9806E-05  4.2920E-05  3.7977E-05  3.0694E-05
       2.7621E-05  3.6669E-05  3.9112E-05  4.2781E-05  5.2685E-05  4.2705E-05  5.0686E-05  4.2831E-05  3.7006E-05  2.6864E-05
       2.7203E-05  3.7088E-05  4.3363E-05  3.8919E-05  4.3391E-05  4.3646E-05  4.9814E-05  4.5091E-05  3.3521E-05  2.3797E-05
       2.5412E-05  3.5465E-05  3.6650E-05  3.2872E-05  3.8560E-05  4.0124E-05  3.6453E-05  3.9159E-05  2.5454E-05  2.3262E-05
       2.2504E-05  2.4599E-05  2.4784E-05  3.1437E-05  2.6025E-05  3.1204E-05  2.9026E-05  2.4704E-05  2.2865E-05  2.0238E-05

      Percentage errors follow in a matrix A(ix,iy,iz), format (1(5x,1p,10(1x,e11.4)))

       4.2559E+00  3.6930E+00  3.4951E+00  3.4184E+00  2.3337E+00  3.5536E+00  3.8355E+00  4.5173E+00  3.9062E+00  3.1241E+00
       3.1356E+00  4.2068E+00  2.4557E+00  3.0341E+00  2.9561E+00  2.6724E+00  2.9323E+00  2.8083E+00  4.5580E+00  4.1138E+00
       3.8524E+00  3.7759E+00  3.3651E+00  3.8105E+00  2.8117E+00  3.8204E+00  1.7557E+00  3.9085E+00  2.9202E+00  4.1754E+00
       4.9623E+00  4.9498E+00  2.6652E+00  3.7319E+00  2.7234E+00  3.1678E+00  2.4330E+00  3.1333E+00  4.2145E+00  4.6573E+00
       4.4589E+00  3.1985E+00  3.2233E+00  3.5819E+00  2.4322E+00  3.5495E+00  1.9246E+00  3.5592E+00  2.9103E+00  3.6574E+00
       4.4269E+00  4.3440E+00  2.8807E+00  2.8365E+00  2.5108E+00  2.6290E+00  3.0524E+00  3.3106E+00  3.3347E+00  3.0713E+00
       4.0220E+00  3.0960E+00  3.2901E+00  4.0197E+00  3.3589E+00  2.0929E+00  2.9637E+00  2.8947E+00  3.3248E+00  4.3008E+00
       4.3140E+00  2.7521E+00  3.4033E+00  3.3690E+00  3.0933E+00  3.2845E+00  3.3656E+00  3.5348E+00  4.1344E+00  4.4089E+00
       4.1763E+00  2.7558E+00  3.5440E+00  3.9611E+00  2.9197E+00  3.8278E+00  4.5139E+00  4.4787E+00  3.7585E+00  3.9456E+00
       4.1861E+00  2.7407E+00  3.0500E+00  4.0890E+00  3.1986E+00  2.8302E+00  2.7439E+00  4.1950E+00  5.4948E+00  5.3346E+00
       4.4067E+00  5.3654E+00  4.7804E+00  3.2675E+00  2.3484E+00  3.8494E+00  3.4478E+00  3.5357E+00  3.5371E+00  3.0731E+00
       4.4490E+00  4.1446E+00  3.7488E+00  3.4335E+00  3.7167E+00  2.8471E+00  4.1194E+00  2.4224E+00  4.2891E+00  4.6217E+00
       4.2953E+00  3.0750E+00  3.6665E+00  4.6916E+00  2.8176E+00  3.1534E+00  2.5196E+00  3.0665E+00  2.5619E+00  4.1658E+00
       5.2652E+00  3.5341E+00  3.8041E+00  4.3528E+00  2.2383E+00  3.3139E+00  2.8710E+00  3.9586E+00  4.1197E+00  3.6590E+00
       4.7652E+00  3.0385E+00  3.5927E+00  3.9923E+00  3.6578E+00  4.4379E+00  2.9714E+00  4.8240E+00  3.2933E+00  5.2553E+00
       4.5916E+00  4.3497E+00  4.2613E+00  3.4954E+00  3.6620E+00  3.3664E+00  3.0492E+00  4.3116E+00  4.4116E+00  4.4703E+00
       6.2122E+00  3.3625E+00  4.8114E+00  4.3489E+00  2.6996E+00  2.7963E+00  3.3480E+00  3.8843E+00  3.9427E+00  5.2918E+00
       5.1736E+00  4.2125E+00  3.4547E+00  3.1001E+00  2.6327E+00  3.1137E+00  3.9443E+00  2.5384E+00  5.5197E+00  4.7664E+00
       6.1883E+00  4.3129E+00  3.3928E+00  2.5865E+00  4.4755E+00  3.3092E+00  4.1741E+00  3.2512E+00  6.2016E+00  4.5299E+00
       5.0293E+00  4.2177E+00  4.7447E+00  3.8533E+00  3.5307E+00  2.5784E+00  2.1912E+00  4.6349E+00  4.6065E+00  6.8286E+00
       5.2004E+00  4.0793E+00  4.7420E+00  5.6444E+00  4.3242E+00  3.6792E+00  4.5636E+00  4.6377E+00  4.8739E+00  4.3962E+00
       5.0479E+00  5.5245E+00  3.5114E+00  2.9684E+00  4.1893E+00  3.0900E+00  2.8120E+00  3.6408E+00  4.8417E+00  4.7589E+00
       3.9700E+00  3.7969E+00  4.8004E+00  4.0866E+00  3.2971E+00  3.4793E+00  3.2051E+00  3.6506E+00  3.6247E+00  5.3432E+00
       4.7387E+00  3.8081E+00  4.4172E+00  4.1826E+00  3.3897E+00  2.6355E+00  2.7624E+00  3.2958E+00  5.0334E+00  4.2658E+00
       4.5211E+00  4.8932E+00  4.6651E+00  4.2871E+00  3.9955E+00  3.3675E+00  3.8057E+00  4.4798E+00  3.5367E+00  5.9759E+00
       4.5096E+00  5.1917E+00  3.0791E+00  4.0450E+00  3.8286E+00  3.1562E+00  4.1520E+00  4.1595E+00  4.3302E+00  5.1719E+00
       5.2632E+00  5.7059E+00  3.9569E+00  4.5879E+00  3.5819E+00  3.9255E+00  2.9340E+00  4.4966E+00  4.0615E+00  4.7387E+00
       6.6104E+00  5.3961E+00  4.2788E+00  3.1694E+00  3.9667E+00  3.1096E+00  3.1116E+00  3.7262E+00  5.0697E+00  5.5016E+00
       6.7129E+00  3.8491E+00  3.4485E+00  3.1527E+00  5.2218E+00  3.2063E+00  4.5408E+00  3.3053E+00  6.1755E+00  4.8201E+00
       4.4884E+00  5.3485E+00  4.3121E+00  4.4337E+00  4.5061E+00  3.4811E+00  3.7002E+00  3.4426E+00  4.4104E+00  5.3825E+00
       5.9719E+00  4.4288E+00  5.1404E+00  5.9051E+00  4.0690E+00  5.4755E+00  3.9709E+00  6.2347E+00  5.8788E+00  7.1579E+00
       6.6575E+00  4.5467E+00  5.2595E+00  4.1717E+00  3.9338E+00  4.0925E+00  5.0049E+00  4.4393E+00  5.4169E+00  6.3135E+00
       4.7529E+00  4.1275E+00  5.1908E+00  4.4205E+00  3.9168E+00  4.5725E+00  4.3029E+00  3.6629E+00  4.5549E+00  5.0662E+00
       4.4684E+00  4.9895E+00  5.5675E+00  4.1430E+00  3.2948E+00  3.8448E+00  4.9895E+00  4.1569E+00  4.5277E+00  5.2833E+00
       6.3322E+00  5.1264E+00  3.5793E+00  4.1553E+00  3.9678E+00  4.7119E+00  3.1621E+00  3.1534E+00  4.3279E+00  6.3545E+00
       5.4647E+00  5.4356E+00  4.4269E+00  4.6434E+00  3.3476E+00  3.5600E+00  4.1276E+00  4.4453E+00  5.4816E+00  4.3826E+00
       4.4932E+00  4.2997E+00  5.0473E+00  4.6652E+00  3.7650E+00  4.0287E+00  4.3215E+00  3.4274E+00  5.3941E+00  5.8584E+00
       6.4111E+00  5.7879E+00  3.3856E+00  4.1043E+00  3.8768E+00  4.3201E+00  3.9449E+00  4.1468E+00  6.0734E+00  5.3029E+00
       6.3559E+00  4.1668E+00  4.8236E+00  4.3761E+00  5.5318E+00  4.2347E+00  4.3795E+00  3.8515E+00  6.8539E+00  5.5433E+00
       5.3456E+00  4.8383E+00  6.5558E+00  5.5011E+00  4.9581E+00  4.9340E+00  4.9998E+00  3.7489E+00  6.1903E+00  5.4072E+00
       7.6370E+00  4.9939E+00  6.4345E+00  5.7014E+00  5.6240E+00  7.0001E+00  5.8416E+00  6.7258E+00  8.0761E+00  8.5793E+00
       6.5338E+00  6.1432E+00  5.8495E+00  4.8862E+00  4.3742E+00  5.2971E+00  4.5099E+00  6.9120E+00  4.7017E+00  6.1164E+00
       6.1528E+00  4.9524E+00  3.6943E+00  4.7634E+00  4.1550E+00  5.7684E+00  4.4237E+00  4.3815E+00  4.2189E+00  6.6839E+00
       5.4147E+00  5.1792E+00  4.2561E+00  4.6846E+00  3.9161E+00  5.1175E+00  4.0939E+00  4.1430E+00  5.4366E+00  5.6797E+00
       6.6007E+00  6.1666E+00  5.3498E+00  4.1616E+00  3.8096E+00  5.2402E+00  3.5369E+00  4.6018E+00  5.3754E+00  6.0621E+00
       6.3552E+00  5.3173E+00  4.5849E+00  5.1859E+00  3.4641E+00  5.1400E+00  4.9930E+00  4.1105E+00  4.8986E+00  6.7384E+00
       5.1032E+00  5.5133E+00  5.0070E+00  4.8920E+00  3.4205E+00  4.9419E+00  5.6834E+00  4.8522E+00  5.9879E+00  6.6986E+00
       8.4630E+00  5.8823E+00  5.3880E+00  4.7221E+00  3.7634E+00  4.8908E+00  4.6482E+00  6.2066E+00  5.8821E+00  5.3713E+00
       8.0129E+00  6.4664E+00  5.9237E+00  4.1688E+00  4.4904E+00  3.7933E+00  3.8323E+00  3.6953E+00  5.9569E+00  6.8793E+00
       7.1771E+00  5.2993E+00  6.7306E+00  4.1588E+00  5.5626E+00  6.1362E+00  4.3934E+00  6.0583E+00  5.8942E+00  7.0808E+00
       8.4004E+00  4.7683E+00  6.8922E+00  6.1431E+00  7.1139E+00  6.0066E+00  8.7074E+00  6.5723E+00  6.7660E+00  9.4328E+00
       6.1986E+00  7.8955E+00  5.1163E+00  5.9906E+00  4.7895E+00  5.8763E+00  4.4544E+00  7.2763E+00  6.7008E+00  8.9107E+00
       6.1901E+00  5.0172E+00  5.2320E+00  4.8670E+00  4.7063E+00  5.4801E+00  4.6654E+00  6.1568E+00  4.6032E+00  6.4368E+00
       7.9781E+00  5.7464E+00  5.9493E+00  5.0775E+00  3.8186E+00  5.2662E+00  4.2522E+00  5.5500E+00  4.5812E+00  5.0211E+00
       4.7630E+00  5.6763E+00  5.4009E+00  6.1605E+00  5.6524E+00  4.8033E+00  4.4289E+00  5.8837E+00  4.4055E+00  6.1233E+00
       6.0959E+00  6.0617E+00  4.7322E+00  5.3720E+00  5.5569E+00  4.9791E+00  5.0274E+00  5.2085E+00  4.3406E+00  7.8035E+00
       8.5323E+00  6.9802E+00  5.2832E+00  3.8415E+00  3.7465E+00  5.1240E+00  5.7297E+00  5.9890E+00  3.9814E+00  4.5894E+00
       9.4616E+00  6.1402E+00  5.7248E+00  5.3723E+00  5.3707E+00  4.9074E+00  5.9825E+00  5.3761E+00  6.9157E+00  6.1906E+00
       8.8403E+00  7.4648E+00  5.4977E+00  5.4386E+00  6.7562E+00  4.8045E+00  6.2576E+00  4.9698E+00  8.2146E+00  6.1428E+00
       7.4342E+00  4.2370E+00  6.2991E+00  5.5387E+00  5.2239E+00  7.4931E+00  5.5445E+00  9.7505E+00  6.9337E+00  1.1041E+01
       9.2946E+00  7.2399E+00  4.9836E+00  7.7614E+00  7.3560E+00  7.6236E+00  7.2228E+00  9.1272E+00  6.1637E+00  9.0723E+00
       9.7810E+00  7.7915E+00  5.8355E+00  5.4867E+00  5.1789E+00  4.8981E+00  7.0100E+00  9.0565E+00  9.5916E+00  9.5071E+00
       6.1165E+00  5.7542E+00  5.5193E+00  6.2886E+00  4.6925E+00  5.9805E+00  5.3273E+00  5.0044E+00  6.8809E+00  5.8621E+00
       5.7314E+00  8.3872E+00  5.3318E+00  7.0090E+00  6.5576E+00  5.4641E+00  4.0734E+00  5.0963E+00  7.0348E+00  7.1276E+00
       5.5422E+00  7.2690E+00  5.2183E+00  5.6539E+00  4.3982E+00  5.0009E+00  6.2420E+00  4.6769E+00  5.2970E+00  9.3014E+00
       6.7084E+00  7.3031E+00  6.0387E+00  6.0408E+00  5.4774E+00  4.2476E+00  4.8946E+00  6.6160E+00  6.2831E+00  6.6933E+00
       9.5912E+00  5.8494E+00  4.3767E+00  6.8318E+00  4.7742E+00  5.2911E+00  6.9201E+00  6.2604E+00  4.9509E+00  6.8726E+00
       8.8127E+00  7.5766E+00  7.1381E+00  7.4072E+00  6.4716E+00  4.3086E+00  6.2375E+00  5.1785E+00  7.6216E+00  8.0745E+00
       7.9410E+00  7.3520E+00  7.9831E+00  7.2310E+00  7.8291E+00  7.3746E+00  4.9370E+00  4.7018E+00  9.9493E+00  8.0021E+00
       7.9990E+00  8.1894E+00  9.6146E+00  6.7768E+00  6.1537E+00  6.3635E+00  6.4293E+00  5.9570E+00  7.3014E+00  1.2406E+01
       1.0549E+01  8.3948E+00  7.5375E+00  7.1860E+00  6.3410E+00  9.4499E+00  6.0608E+00  9.4356E+00  9.0936E+00  1.1334E+01
       8.5590E+00  8.0875E+00  5.8042E+00  6.8029E+00  8.0757E+00  4.4804E+00  5.9603E+00  8.2062E+00  7.9020E+00  8.8020E+00
       8.0291E+00  6.5757E+00  8.0813E+00  6.6451E+00  9.1436E+00  7.6652E+00  7.1859E+00  7.2065E+00  7.8035E+00  6.9940E+00
       1.1668E+01  8.5003E+00  7.6032E+00  5.9640E+00  5.5484E+00  5.7954E+00  4.9264E+00  6.0496E+00  8.0454E+00  1.0944E+01
       9.8761E+00  9.6904E+00  6.7157E+00  6.2745E+00  5.4648E+00  4.9428E+00  5.3735E+00  6.4064E+00  5.7447E+00  6.2199E+00
       8.3185E+00  8.4265E+00  6.8542E+00  5.0598E+00  5.3257E+00  5.1352E+00  5.3957E+00  7.0962E+00  7.5576E+00  5.6828E+00
       7.6015E+00  8.8968E+00  6.6361E+00  7.4353E+00  6.2162E+00  5.3199E+00  6.6542E+00  9.3895E+00  5.8915E+00  7.9560E+00
       9.5829E+00  6.7009E+00  7.4635E+00  6.8784E+00  5.5556E+00  5.9631E+00  7.0697E+00  7.0955E+00  7.5176E+00  8.7411E+00
       1.0659E+01  8.6420E+00  9.3265E+00  7.6738E+00  6.7265E+00  6.9178E+00  7.5100E+00  8.3285E+00  8.8822E+00  1.0528E+01
       1.2100E+01  9.4662E+00  9.0035E+00  8.3425E+00  6.7429E+00  7.4045E+00  8.2110E+00  7.7669E+00  1.0836E+01  1.0434E+01
       1.3431E+01  7.8761E+00  6.4320E+00  7.8411E+00  8.9659E+00  8.9391E+00  9.8144E+00  9.3961E+00  9.8919E+00  1.1242E+01
       8.4584E+00  9.6457E+00  6.5680E+00  7.6490E+00  6.5432E+00  8.9962E+00  7.9186E+00  8.2931E+00  8.8119E+00  1.0326E+01
       8.2746E+00  7.7597E+00  8.0225E+00  8.4759E+00  7.8076E+00  5.9435E+00  8.5846E+00  9.0358E+00  9.9835E+00  1.1372E+01
       1.1085E+01  8.8402E+00  8.0833E+00  7.3339E+00  8.4891E+00  6.8321E+00  8.0365E+00  6.6201E+00  7.3118E+00  1.0935E+01
       1.0089E+01  1.0377E+01  9.4773E+00  7.4311E+00  9.0885E+00  6.1468E+00  7.2262E+00  9.2961E+00  6.8471E+00  6.2394E+00
       1.0779E+01  7.7094E+00  6.2394E+00  6.0690E+00  5.5307E+00  6.9627E+00  5.8976E+00  4.1244E+00  7.4161E+00  8.5418E+00
       1.0017E+01  8.6793E+00  7.3678E+00  6.2226E+00  7.5315E+00  6.9981E+00  7.5148E+00  7.6657E+00  6.8964E+00  7.8946E+00
       7.8490E+00  4.3544E+00  6.2849E+00  8.8241E+00  6.0300E+00  9.4772E+00  7.3988E+00  6.3905E+00  6.5603E+00  6.7180E+00
       1.0974E+01  7.5080E+00  8.8046E+00  9.5451E+00  7.0533E+00  8.6879E+00  7.2588E+00  8.4155E+00  7.7267E+00  8.8409E+00
       1.0045E+01  9.2885E+00  1.1817E+01  7.6569E+00  9.6714E+00  7.9066E+00  1.1449E+01  6.3926E+00  1.0673E+01  1.3977E+01
       1.0837E+01  9.0430E+00  8.0357E+00  1.2530E+01  9.6903E+00  7.5534E+00  1.0243E+01  8.1242E+00  1.1106E+01  1.1472E+01
       1.0808E+01  9.2949E+00  8.4278E+00  7.0682E+00  7.7051E+00  1.0906E+01  7.9827E+00  9.8341E+00  1.0970E+01  1.0258E+01
       9.4444E+00  7.9816E+00  8.4566E+00  6.7801E+00  9.4355E+00  7.7345E+00  1.0368E+01  8.5586E+00  1.1988E+01  9.9356E+00
       1.1828E+01  9.8564E+00  9.6698E+00  6.9574E+00  8.7410E+00  1.0357E+01  9.5247E+00  9.1496E+00  9.4520E+00  9.2433E+00
       1.0363E+01  1.2905E+01  7.7437E+00  7.1873E+00  9.4642E+00  8.3186E+00  8.7376E+00  7.4197E+00  8.5143E+00  1.0807E+01
       1.2140E+01  9.2873E+00  7.5373E+00  9.4031E+00  7.7284E+00  9.2324E+00  7.5151E+00  7.7416E+00  6.4986E+00  1.1575E+01
       1.1458E+01  1.0151E+01  8.3994E+00  7.2748E+00  8.1513E+00  7.9013E+00  6.6484E+00  7.6435E+00  6.5502E+00  1.0552E+01
       1.0377E+01  5.6362E+00  1.0532E+01  9.4176E+00  9.2255E+00  9.1995E+00  8.0046E+00  1.0601E+01  1.0675E+01  8.4163E+00
       1.0840E+01  9.7104E+00  9.2888E+00  1.1508E+01  8.5084E+00  1.2213E+01  1.1666E+01  1.0880E+01  9.4878E+00  1.1019E+01
       1.1206E+01  1.1559E+01  1.1453E+01  1.1130E+01  1.0660E+01  1.1815E+01  1.3660E+01  1.0375E+01  1.1670E+01  1.0483E+01
