1
   Cartesian binning n.   1  "DoseEq    " , generalized particle n.  240
      X coordinate: from -8.5000E+01 to  8.5000E+01 cm,    10 bins ( 1.7000E+01 cm wide)
      Y coordinate: from -2.5000E+01 to  2.5000E+01 cm,    10 bins ( 5.0000E+00 cm wide)
      Z coordinate: from  2.2500E+02 to  2.7500E+02 cm,    10 bins ( 5.0000E+00 cm wide)
      Data follow in a matrix A(ix,iy,iz), format (1(5x,1p,10(1x,e11.4)))

      accurate deposition along the tracks requested
      this is a track-length binning
       5.1431E-05  7.4669E-05  7.4797E-05  8.5646E-05  9.3752E-05  9.3424E-05  8.5321E-05  7.5828E-05  6.6376E-05  6.0138E-05
       6.4979E-05  7.9890E-05  8.9614E-05  9.9039E-05  1.0581E-04  1.0853E-04  9.8040E-05  9.0241E-05  7.5981E-05  6.0538E-05
       7.9788E-05  8.5520E-05  1.0709E-04  9.8233E-05  1.0900E-04  1.1238E-04  1.0298E-04  8.7446E-05  9.6089E-05  7.3088E-05
       7.2394E-05  9.2317E-05  9.9217E-05  1.0994E-04  1.0632E-04  1.2540E-04  1.0261E-04  8.7438E-05  8.7313E-05  7.6891E-05
       7.6129E-05  8.9969E-05  1.0112E-04  1.0761E-04  1.1327E-04  1.1876E-04  1.1737E-04  9.4023E-05  8.5805E-05  7.6566E-05
       6.6160E-05  9.8330E-05  9.6461E-05  1.0526E-04  1.1890E-04  1.1963E-04  1.0790E-04  1.0128E-04  8.5226E-05  7.7830E-05
       7.4315E-05  9.1872E-05  1.0857E-04  1.0688E-04  1.2016E-04  1.0815E-04  1.0865E-04  9.7287E-05  8.4997E-05  7.1576E-05
       7.4494E-05  8.2494E-05  8.7975E-05  1.0675E-04  1.0921E-04  1.1652E-04  1.0512E-04  9.2253E-05  8.3723E-05  7.7757E-05
       6.2220E-05  7.7659E-05  8.5240E-05  9.5436E-05  1.1092E-04  1.1888E-04  9.0766E-05  8.6245E-05  8.5482E-05  7.3458E-05
       6.7579E-05  7.0224E-05  8.0686E-05  8.9463E-05  1.0311E-04  1.0116E-04  9.2048E-05  7.8519E-05  7.3737E-05  6.6940E-05
       4.6899E-05  6.2826E-05  6.4347E-05  8.0085E-05  8.8719E-05  8.4437E-05  7.7464E-05  6.7335E-05  6.0629E-05  5.0836E-05
       5.9856E-05  7.7185E-05  8.9867E-05  9.7506E-05  1.0137E-04  1.0693E-04  9.3830E-05  9.0169E-05  7.5338E-05  5.4177E-05
       7.0250E-05  8.0955E-05  9.9041E-05  9.6552E-05  1.1680E-04  1.1058E-04  1.0544E-04  9.0558E-05  8.8611E-05  6.3498E-05
       7.5245E-05  9.3423E-05  9.8540E-05  1.0489E-04  1.1089E-04  1.1710E-04  1.1302E-04  9.5135E-05  9.1023E-05  7.1247E-05
       7.4252E-05  9.2380E-05  9.9965E-05  1.0788E-04  1.1603E-04  1.1748E-04  1.0921E-04  9.8560E-05  8.7915E-05  6.8605E-05
       6.5682E-05  9.4481E-05  9.8648E-05  1.0289E-04  1.2966E-04  1.1168E-04  1.1160E-04  1.0769E-04  8.5066E-05  6.9298E-05
       6.6661E-05  8.8129E-05  1.0935E-04  1.0677E-04  1.2566E-04  1.1255E-04  1.0847E-04  8.9870E-05  8.5711E-05  7.4843E-05
       6.5241E-05  8.2611E-05  9.6681E-05  1.0395E-04  1.1593E-04  1.1142E-04  1.0448E-04  8.9780E-05  8.8279E-05  7.1627E-05
       6.2246E-05  8.1613E-05  9.2186E-05  9.7868E-05  1.0745E-04  1.0690E-04  9.6313E-05  8.7221E-05  7.4019E-05  6.3050E-05
       6.3435E-05  6.0027E-05  7.2481E-05  9.0686E-05  9.4505E-05  9.6124E-05  8.1564E-05  6.8424E-05  5.9629E-05  5.4769E-05
       4.4058E-05  5.3241E-05  6.0450E-05  6.5137E-05  7.4039E-05  6.6202E-05  6.2027E-05  6.5298E-05  4.8398E-05  4.0174E-05
       4.7706E-05  6.9507E-05  8.1296E-05  8.0270E-05  9.1210E-05  8.8151E-05  7.9692E-05  7.3745E-05  6.9434E-05  5.0613E-05
       5.4333E-05  8.2668E-05  9.0104E-05  8.6059E-05  1.0101E-04  1.0206E-04  1.0061E-04  7.7609E-05  7.8822E-05  5.2979E-05
       6.3995E-05  8.8348E-05  9.5256E-05  9.0876E-05  9.9265E-05  1.0509E-04  1.0444E-04  8.2756E-05  8.3418E-05  4.9045E-05
       6.2373E-05  8.3133E-05  9.4669E-05  1.0771E-04  1.0823E-04  1.0163E-04  1.0982E-04  9.3817E-05  8.1904E-05  6.0376E-05
       6.8363E-05  8.7350E-05  9.4340E-05  9.8505E-05  1.1053E-04  1.0698E-04  1.0934E-04  9.1976E-05  7.7966E-05  6.2309E-05
       6.3636E-05  8.5517E-05  1.0084E-04  9.2792E-05  1.0595E-04  1.0463E-04  1.0246E-04  8.0039E-05  7.7963E-05  6.0419E-05
       5.6757E-05  7.5131E-05  8.2982E-05  8.9764E-05  1.0865E-04  9.3144E-05  9.7654E-05  8.0646E-05  8.2403E-05  5.8538E-05
       4.5884E-05  7.3901E-05  7.7544E-05  8.0329E-05  9.5023E-05  1.0134E-04  8.4013E-05  7.2267E-05  6.9498E-05  5.3372E-05
       4.3920E-05  5.2673E-05  5.5962E-05  6.8769E-05  7.1877E-05  7.1846E-05  6.3650E-05  6.7558E-05  4.9831E-05  3.8912E-05
       3.3063E-05  4.0500E-05  5.4111E-05  5.9082E-05  6.4022E-05  5.5757E-05  4.9928E-05  5.2192E-05  3.6887E-05  3.0717E-05
       4.1788E-05  5.7948E-05  7.1213E-05  8.0600E-05  8.0131E-05  7.5643E-05  7.1145E-05  7.5088E-05  6.8962E-05  3.9576E-05
       4.5579E-05  6.7162E-05  7.0901E-05  9.0228E-05  8.7206E-05  8.7946E-05  8.6158E-05  7.6627E-05  6.5422E-05  3.8553E-05
       5.9792E-05  6.8642E-05  8.0961E-05  8.6349E-05  9.5558E-05  9.5482E-05  9.0336E-05  7.4916E-05  6.5804E-05  4.2096E-05
       4.2258E-05  6.5080E-05  8.6786E-05  9.3582E-05  9.2782E-05  9.5933E-05  9.3102E-05  7.6546E-05  7.0960E-05  5.4515E-05
       5.0408E-05  7.1961E-05  8.2477E-05  7.7290E-05  9.4846E-05  9.6502E-05  9.5004E-05  7.0047E-05  6.6564E-05  5.9171E-05
       5.1543E-05  6.5641E-05  8.3527E-05  7.7517E-05  8.6049E-05  9.3894E-05  9.1138E-05  7.1144E-05  6.2831E-05  5.2506E-05
       4.6136E-05  6.4780E-05  7.7019E-05  8.0062E-05  9.1207E-05  7.9020E-05  8.7182E-05  7.3862E-05  6.4772E-05  4.8533E-05
       4.1817E-05  6.0126E-05  6.4979E-05  7.3833E-05  7.7785E-05  8.7746E-05  7.5753E-05  6.1776E-05  6.6881E-05  5.0910E-05
       3.3114E-05  5.5830E-05  4.9273E-05  5.0913E-05  5.7891E-05  5.9312E-05  5.1414E-05  5.2264E-05  4.2587E-05  3.3409E-05
       2.8543E-05  4.0806E-05  4.2339E-05  5.2098E-05  4.8804E-05  4.3683E-05  3.6202E-05  4.8920E-05  3.2358E-05  2.3920E-05
       3.7011E-05  4.4547E-05  5.8516E-05  6.7164E-05  6.4781E-05  6.3727E-05  5.5165E-05  5.3385E-05  5.2007E-05  3.2498E-05
       4.4999E-05  4.9639E-05  5.9537E-05  7.2498E-05  7.3454E-05  6.9584E-05  6.5727E-05  6.4324E-05  4.8935E-05  3.5572E-05
       4.5005E-05  5.2503E-05  6.0968E-05  7.9877E-05  7.0011E-05  7.4384E-05  7.4777E-05  6.5779E-05  5.2040E-05  3.3173E-05
       4.2265E-05  5.5398E-05  6.4577E-05  7.0470E-05  7.8747E-05  8.2151E-05  7.9907E-05  6.1073E-05  5.6017E-05  4.6236E-05
       4.3994E-05  6.6700E-05  6.1926E-05  6.5939E-05  7.2488E-05  8.2208E-05  8.1792E-05  6.1611E-05  5.5485E-05  4.6594E-05
       4.2694E-05  6.1527E-05  6.3986E-05  5.8500E-05  7.5909E-05  7.8371E-05  6.5924E-05  6.3064E-05  5.3435E-05  3.4632E-05
       3.8287E-05  5.5878E-05  6.5576E-05  6.9585E-05  6.9612E-05  7.2192E-05  6.8758E-05  5.9596E-05  5.3381E-05  3.7331E-05
       3.2356E-05  5.0972E-05  5.4908E-05  6.6056E-05  6.3980E-05  6.8601E-05  6.5107E-05  6.0646E-05  4.3283E-05  3.9827E-05
       2.5821E-05  4.2937E-05  3.5474E-05  4.6046E-05  4.9163E-05  4.8945E-05  4.3751E-05  4.3366E-05  3.3832E-05  2.6682E-05
       2.4532E-05  3.0464E-05  3.4260E-05  3.7393E-05  3.8168E-05  4.1536E-05  3.1680E-05  3.5529E-05  2.6271E-05  2.1922E-05
       3.2855E-05  3.7203E-05  5.4803E-05  5.0403E-05  4.9041E-05  4.9122E-05  4.8650E-05  4.4526E-05  4.2593E-05  2.7702E-05
       3.5206E-05  4.1396E-05  4.5617E-05  5.9457E-05  6.0402E-05  5.2931E-05  4.8935E-05  5.0550E-05  4.6505E-05  3.6564E-05
       3.0404E-05  4.5285E-05  4.6501E-05  5.3137E-05  6.4507E-05  6.0489E-05  5.4238E-05  4.9760E-05  4.5847E-05  3.3887E-05
       3.0999E-05  4.0274E-05  5.1060E-05  5.4738E-05  6.7441E-05  6.2237E-05  6.6249E-05  5.7276E-05  4.9271E-05  3.5317E-05
       3.7480E-05  5.3856E-05  4.9408E-05  5.8274E-05  6.1331E-05  6.7172E-05  6.7702E-05  5.8528E-05  4.4527E-05  3.9860E-05
       3.4299E-05  5.1567E-05  4.9037E-05  5.2848E-05  5.7129E-05  6.7512E-05  6.0301E-05  5.8077E-05  4.3051E-05  2.7669E-05
       3.7027E-05  5.1226E-05  5.2697E-05  5.2234E-05  5.8557E-05  6.1410E-05  5.3535E-05  5.0809E-05  4.3593E-05  2.9912E-05
       2.4683E-05  4.4615E-05  4.1425E-05  5.2231E-05  5.6433E-05  5.3694E-05  4.8940E-05  4.7535E-05  3.5695E-05  2.4769E-05
       1.9884E-05  3.1821E-05  2.8987E-05  3.2175E-05  4.2243E-05  3.8954E-05  3.3107E-05  3.0542E-05  3.0689E-05  1.7139E-05
       1.8769E-05  2.4471E-05  3.1217E-05  3.0042E-05  2.8466E-05  2.8320E-05  2.8628E-05  2.3244E-05  2.4960E-05  1.3659E-05
       1.9642E-05  2.7808E-05  4.1465E-05  4.1573E-05  4.1932E-05  4.3892E-05  3.6555E-05  3.5148E-05  3.0559E-05  2.3584E-05
       3.0844E-05  3.3818E-05  3.9525E-05  4.5060E-05  5.2896E-05  4.9300E-05  4.0626E-05  4.0293E-05  3.9660E-05  2.5138E-05
       2.4728E-05  3.7549E-05  4.5370E-05  4.6871E-05  5.5787E-05  5.2761E-05  4.4447E-05  3.7544E-05  4.1169E-05  2.7773E-05
       2.1994E-05  4.1462E-05  4.6353E-05  4.0737E-05  5.4062E-05  5.2517E-05  5.2815E-05  4.5197E-05  3.8206E-05  2.8556E-05
       2.8985E-05  4.1781E-05  4.3751E-05  3.8188E-05  5.2580E-05  5.1748E-05  5.3071E-05  5.3773E-05  3.4143E-05  2.4768E-05
       3.0023E-05  4.3495E-05  4.8850E-05  4.0119E-05  4.7660E-05  4.7360E-05  4.7373E-05  4.6961E-05  3.8691E-05  2.3953E-05
       2.6953E-05  4.2922E-05  3.8581E-05  3.5572E-05  4.3772E-05  5.1121E-05  4.2847E-05  3.9180E-05  3.8131E-05  2.6265E-05
       1.9612E-05  3.4124E-05  3.6572E-05  3.7266E-05  4.3925E-05  4.3321E-05  3.4421E-05  4.2808E-05  3.6026E-05  1.9423E-05
       1.9391E-05  2.7446E-05  2.0891E-05  2.0909E-05  3.1706E-05  3.2982E-05  2.9770E-05  2.3011E-05  2.2100E-05  1.6115E-05
       1.5046E-05  1.9106E-05  2.5128E-05  2.3435E-05  2.3835E-05  2.3229E-05  2.1319E-05  1.8657E-05  1.8581E-05  1.2520E-05
       1.6023E-05  2.6001E-05  2.7250E-05  3.3977E-05  3.4006E-05  3.3264E-05  2.9726E-05  3.0283E-05  2.2390E-05  2.1127E-05
       2.1107E-05  2.7402E-05  3.3035E-05  3.2244E-05  4.1761E-05  3.7807E-05  3.3031E-05  3.0709E-05  3.2323E-05  1.9363E-05
       1.8935E-05  3.2765E-05  3.4703E-05  3.0866E-05  4.0108E-05  3.8050E-05  3.7357E-05  3.2865E-05  3.2607E-05  1.9583E-05
       2.3013E-05  3.4141E-05  3.2279E-05  3.6104E-05  4.3655E-05  3.8912E-05  3.5848E-05  3.8078E-05  2.7774E-05  2.2180E-05
       2.3334E-05  3.1221E-05  2.9953E-05  3.5383E-05  3.6237E-05  5.2710E-05  4.3614E-05  4.1791E-05  2.7321E-05  1.9388E-05
       2.3733E-05  3.3897E-05  3.3451E-05  3.3491E-05  4.1426E-05  4.3073E-05  3.9862E-05  3.2166E-05  2.8472E-05  1.9716E-05
       1.8959E-05  3.4045E-05  3.1153E-05  3.0185E-05  3.3337E-05  4.1528E-05  3.0717E-05  2.9091E-05  3.1410E-05  2.0572E-05
       1.6376E-05  2.6390E-05  2.8770E-05  2.7710E-05  3.4850E-05  3.7074E-05  2.9515E-05  2.4554E-05  2.7752E-05  1.8021E-05
       1.5983E-05  1.9055E-05  1.6423E-05  1.5902E-05  2.1579E-05  2.6987E-05  2.3370E-05  1.8176E-05  1.8084E-05  1.4971E-05
       9.7549E-06  1.4753E-05  1.7480E-05  2.0007E-05  1.5008E-05  2.1290E-05  1.6751E-05  1.3308E-05  1.4168E-05  9.4090E-06
       1.3208E-05  2.0262E-05  2.1808E-05  2.2622E-05  2.4319E-05  2.4132E-05  2.3782E-05  1.8628E-05  2.0327E-05  1.3567E-05
       1.5542E-05  2.1603E-05  2.1525E-05  2.4319E-05  2.9634E-05  2.7526E-05  2.2250E-05  2.2349E-05  2.2894E-05  1.1367E-05
       1.4569E-05  2.2666E-05  2.5682E-05  2.5473E-05  2.8221E-05  3.3367E-05  2.5713E-05  2.2806E-05  2.2027E-05  1.5093E-05
       1.8481E-05  2.3433E-05  2.2020E-05  2.9769E-05  2.8796E-05  2.8245E-05  2.8121E-05  2.5747E-05  2.2053E-05  1.3878E-05
       1.3434E-05  2.2215E-05  2.4563E-05  3.0041E-05  3.1294E-05  3.6165E-05  2.8116E-05  2.7360E-05  2.3341E-05  1.2897E-05
       1.7947E-05  2.6151E-05  2.3959E-05  2.7566E-05  2.6171E-05  3.5099E-05  2.9749E-05  2.9909E-05  2.0709E-05  1.8902E-05
       1.8062E-05  2.4616E-05  2.5756E-05  2.9138E-05  2.6796E-05  3.2369E-05  2.5701E-05  2.3240E-05  1.7798E-05  1.9728E-05
       1.4664E-05  1.4900E-05  2.1204E-05  2.4285E-05  2.6915E-05  2.4957E-05  2.5439E-05  2.0049E-05  1.8495E-05  1.3664E-05
       1.1557E-05  1.4019E-05  1.4133E-05  1.4791E-05  2.1334E-05  2.2484E-05  2.0463E-05  1.6093E-05  1.6999E-05  1.3526E-05
       7.9855E-06  9.9562E-06  1.3409E-05  1.4866E-05  1.2410E-05  1.2587E-05  1.3356E-05  1.0690E-05  1.1673E-05  8.5471E-06
       9.1665E-06  1.5167E-05  1.8980E-05  1.4610E-05  1.5537E-05  1.7506E-05  1.5478E-05  1.6444E-05  1.3757E-05  1.1004E-05
       1.2999E-05  1.5634E-05  1.5562E-05  1.6818E-05  2.2538E-05  1.9879E-05  1.8359E-05  1.8054E-05  1.3505E-05  9.1522E-06
       1.4373E-05  1.5177E-05  1.8053E-05  1.6965E-05  1.9079E-05  2.2999E-05  1.5987E-05  1.3875E-05  1.3439E-05  1.1577E-05
       1.3174E-05  1.6532E-05  1.9401E-05  2.4424E-05  2.1277E-05  2.1285E-05  1.9359E-05  1.8095E-05  1.5506E-05  9.8368E-06
       1.2081E-05  1.8217E-05  1.7262E-05  2.1843E-05  2.1337E-05  2.3660E-05  2.0320E-05  2.2133E-05  1.6629E-05  1.1964E-05
       1.2091E-05  1.7200E-05  1.7949E-05  1.6214E-05  1.8462E-05  2.0032E-05  1.8814E-05  1.8496E-05  1.8180E-05  9.3385E-06
       1.3208E-05  1.5805E-05  1.7434E-05  1.8981E-05  1.9387E-05  2.3333E-05  1.8909E-05  2.0889E-05  1.5497E-05  1.2715E-05
       1.1227E-05  1.2649E-05  1.2287E-05  1.4113E-05  1.9461E-05  2.1662E-05  1.9815E-05  1.4768E-05  1.7915E-05  1.0669E-05
       8.9182E-06  1.2304E-05  8.6348E-06  1.1154E-05  1.5826E-05  1.3608E-05  1.4153E-05  1.0481E-05  1.4164E-05  1.1624E-05

      Percentage errors follow in a matrix A(ix,iy,iz), format (1(5x,1p,10(1x,e11.4)))

       8.6944E+00  7.2836E+00  5.9565E+00  4.4140E+00  6.8594E+00  5.7197E+00  6.4491E+00  7.4421E+00  5.4174E+00  8.7471E+00
       6.3593E+00  6.4297E+00  4.2321E+00  6.6363E+00  4.4614E+00  5.6462E+00  5.9197E+00  5.0369E+00  7.0323E+00  8.8114E+00
       6.2495E+00  6.8775E+00  7.0095E+00  6.6743E+00  5.4607E+00  6.1893E+00  6.5230E+00  5.7881E+00  5.1693E+00  6.0850E+00
       6.7242E+00  6.7986E+00  6.2177E+00  5.6479E+00  3.7727E+00  6.2288E+00  5.2596E+00  6.8297E+00  7.4280E+00  6.5110E+00
       7.7579E+00  7.0297E+00  6.5342E+00  6.4206E+00  5.8305E+00  7.0172E+00  5.4483E+00  8.8199E+00  5.1222E+00  6.3594E+00
       5.8524E+00  5.7828E+00  6.2281E+00  5.3556E+00  5.3803E+00  7.3149E+00  5.2306E+00  5.3146E+00  5.9860E+00  7.4339E+00
       6.4965E+00  7.3531E+00  5.9605E+00  4.6001E+00  4.9602E+00  5.6470E+00  5.3247E+00  5.3842E+00  4.8364E+00  7.0819E+00
       6.6989E+00  5.8301E+00  5.7107E+00  3.5708E+00  4.6901E+00  5.7753E+00  5.7540E+00  7.7635E+00  6.7747E+00  7.4131E+00
       7.0751E+00  7.2670E+00  5.1053E+00  6.8458E+00  5.8529E+00  5.5557E+00  6.0440E+00  4.7536E+00  8.0921E+00  6.0835E+00
       6.7731E+00  6.6382E+00  5.2525E+00  5.4216E+00  6.2962E+00  5.1776E+00  6.9236E+00  6.4656E+00  8.5728E+00  9.4073E+00
       1.0315E+01  8.1013E+00  5.5871E+00  5.5912E+00  8.0360E+00  7.4498E+00  6.4738E+00  6.9041E+00  8.3221E+00  8.3937E+00
       6.0478E+00  7.2558E+00  5.0396E+00  7.7903E+00  5.4414E+00  6.3456E+00  5.0529E+00  4.1593E+00  5.5000E+00  9.3589E+00
       6.6635E+00  6.2841E+00  7.2971E+00  6.6489E+00  5.5090E+00  6.4487E+00  6.1155E+00  6.6889E+00  4.9698E+00  6.2470E+00
       6.1908E+00  7.0961E+00  6.5088E+00  6.2363E+00  4.3518E+00  7.8714E+00  5.3608E+00  5.8895E+00  5.7297E+00  6.2122E+00
       7.6772E+00  6.2759E+00  6.2847E+00  6.1652E+00  7.1133E+00  7.5870E+00  6.0898E+00  6.2877E+00  5.8401E+00  8.3539E+00
       7.5498E+00  6.2272E+00  5.4181E+00  4.4484E+00  5.5099E+00  5.7341E+00  5.0859E+00  4.9929E+00  5.9654E+00  6.9304E+00
       7.4702E+00  8.3905E+00  5.9592E+00  6.3990E+00  5.4059E+00  4.9538E+00  5.5135E+00  4.9543E+00  7.3978E+00  8.7277E+00
       8.1797E+00  8.4844E+00  7.4354E+00  5.3849E+00  6.9493E+00  5.4911E+00  7.3938E+00  7.8262E+00  5.7924E+00  7.2884E+00
       8.3000E+00  7.0195E+00  5.5976E+00  7.2237E+00  6.2519E+00  6.1733E+00  7.4846E+00  5.9805E+00  7.2133E+00  5.6600E+00
       5.9534E+00  4.8378E+00  4.5672E+00  5.7254E+00  7.5430E+00  6.1766E+00  5.6068E+00  5.0931E+00  6.3117E+00  9.1543E+00
       1.0322E+01  8.6063E+00  6.1652E+00  7.5065E+00  7.4585E+00  7.0484E+00  6.0517E+00  6.0411E+00  6.8536E+00  6.9019E+00
       7.4608E+00  7.4335E+00  6.2775E+00  7.0832E+00  5.3831E+00  6.3813E+00  5.6580E+00  4.7992E+00  6.5237E+00  7.8630E+00
       8.8324E+00  5.1974E+00  6.4533E+00  7.1023E+00  6.0491E+00  6.6612E+00  7.1008E+00  5.6818E+00  8.1311E+00  8.4751E+00
       5.2319E+00  6.7696E+00  4.9468E+00  9.0101E+00  5.8101E+00  7.0537E+00  5.7524E+00  5.0988E+00  6.8542E+00  7.5605E+00
       9.5891E+00  6.3642E+00  6.0662E+00  5.1003E+00  6.2786E+00  7.3704E+00  6.9735E+00  6.5504E+00  6.1357E+00  7.0284E+00
       6.9844E+00  7.0149E+00  6.1286E+00  5.2498E+00  5.8749E+00  7.0192E+00  6.2050E+00  7.3214E+00  6.2886E+00  7.2819E+00
       8.5847E+00  7.3291E+00  5.6347E+00  5.7841E+00  3.9620E+00  6.9360E+00  5.2332E+00  6.4433E+00  6.3037E+00  9.6905E+00
       8.5390E+00  6.4889E+00  6.4829E+00  5.7914E+00  5.5624E+00  5.6540E+00  5.8656E+00  6.6959E+00  7.1955E+00  8.1583E+00
       7.4212E+00  7.8391E+00  6.1417E+00  8.7264E+00  6.4632E+00  4.7229E+00  7.0389E+00  6.4662E+00  5.9903E+00  8.7023E+00
       1.1157E+01  4.6671E+00  5.8422E+00  8.5935E+00  8.1389E+00  7.6473E+00  8.0138E+00  6.1841E+00  7.1803E+00  9.3044E+00
       1.1790E+01  9.5784E+00  6.8211E+00  9.2559E+00  6.9650E+00  7.3149E+00  8.8248E+00  8.1733E+00  7.0441E+00  8.2228E+00
       6.2103E+00  9.0579E+00  7.4452E+00  9.0674E+00  7.8366E+00  5.0752E+00  7.4747E+00  6.7354E+00  8.8290E+00  8.4876E+00
       8.0413E+00  7.2773E+00  6.1872E+00  7.7529E+00  6.7866E+00  8.6954E+00  7.7326E+00  7.6744E+00  9.5063E+00  7.6563E+00
       7.8021E+00  8.0308E+00  6.2663E+00  6.1902E+00  5.5276E+00  6.1222E+00  6.8607E+00  5.4078E+00  1.2187E+01  8.5719E+00
       8.8554E+00  7.0842E+00  5.6946E+00  6.1580E+00  6.6027E+00  6.2511E+00  8.0169E+00  5.4237E+00  7.1190E+00  6.6280E+00
       6.4822E+00  6.8960E+00  6.3592E+00  7.5375E+00  6.8203E+00  7.6157E+00  5.9233E+00  8.4722E+00  8.9129E+00  7.8003E+00
       7.0775E+00  6.9425E+00  6.3444E+00  6.2822E+00  6.5139E+00  7.4302E+00  5.2342E+00  6.1503E+00  5.4361E+00  1.0094E+01
       9.0976E+00  5.9293E+00  5.1071E+00  7.3025E+00  6.7718E+00  6.7394E+00  5.7784E+00  5.1883E+00  7.8751E+00  1.0524E+01
       7.9295E+00  6.6231E+00  5.4498E+00  9.8601E+00  9.1053E+00  5.4439E+00  6.0510E+00  6.1656E+00  6.6028E+00  9.8392E+00
       1.4294E+01  5.7129E+00  9.4371E+00  9.3892E+00  7.1212E+00  6.5710E+00  5.9866E+00  7.5799E+00  7.3800E+00  8.8337E+00
       1.2263E+01  9.7612E+00  9.0383E+00  8.1088E+00  7.8753E+00  6.4257E+00  7.0075E+00  6.9927E+00  8.8551E+00  1.2372E+01
       9.7673E+00  9.6195E+00  8.1441E+00  7.1102E+00  8.1871E+00  6.2274E+00  6.9513E+00  7.4552E+00  7.4571E+00  1.0085E+01
       7.6683E+00  7.7182E+00  7.1172E+00  6.1969E+00  6.0374E+00  7.9518E+00  8.2173E+00  8.5505E+00  1.0200E+01  8.8397E+00
       8.6530E+00  7.9071E+00  8.2883E+00  5.4450E+00  7.2795E+00  7.9747E+00  8.8395E+00  5.4684E+00  9.5237E+00  1.3580E+01
       1.0079E+01  9.2889E+00  7.8740E+00  7.6059E+00  6.7815E+00  7.4145E+00  6.7529E+00  4.5703E+00  8.1289E+00  8.0840E+00
       9.1605E+00  7.8030E+00  7.4067E+00  7.5708E+00  5.9487E+00  7.1237E+00  7.2850E+00  6.9852E+00  9.1370E+00  8.3537E+00
       8.1643E+00  7.6412E+00  6.1486E+00  7.8590E+00  7.1239E+00  7.7648E+00  8.6021E+00  7.9818E+00  7.6329E+00  1.1284E+01
       1.1058E+01  6.1746E+00  6.0584E+00  7.0700E+00  8.1676E+00  6.0696E+00  6.2695E+00  8.0946E+00  6.8068E+00  1.0374E+01
       1.1690E+01  6.6005E+00  5.9018E+00  8.8821E+00  7.4586E+00  5.5514E+00  7.3034E+00  8.7492E+00  7.2950E+00  1.0161E+01
       1.3431E+01  5.8316E+00  7.4014E+00  7.8499E+00  6.0406E+00  6.6271E+00  8.0328E+00  9.4611E+00  7.7598E+00  1.0288E+01
       1.0219E+01  1.2614E+01  9.2215E+00  9.0615E+00  8.0621E+00  8.4018E+00  8.8994E+00  1.0275E+01  1.1202E+01  1.2614E+01
       1.0393E+01  9.9955E+00  9.2019E+00  7.9371E+00  6.6249E+00  7.5976E+00  1.0786E+01  7.4342E+00  1.0357E+01  1.0551E+01
       9.8918E+00  9.0443E+00  7.1381E+00  8.9145E+00  6.4645E+00  6.3802E+00  1.1777E+01  8.3912E+00  9.4789E+00  7.8544E+00
       7.1698E+00  9.3428E+00  1.1565E+01  8.9949E+00  8.4872E+00  6.8098E+00  1.2799E+01  7.3291E+00  9.0113E+00  1.2043E+01
       1.0588E+01  9.5907E+00  9.2686E+00  1.0662E+01  5.6869E+00  9.8945E+00  6.4646E+00  7.0343E+00  8.0798E+00  1.0321E+01
       6.5261E+00  7.8904E+00  8.2740E+00  9.1621E+00  7.2085E+00  8.3188E+00  5.7084E+00  7.1781E+00  7.7636E+00  7.8015E+00
       1.0140E+01  9.2228E+00  7.0282E+00  9.8489E+00  6.5222E+00  7.3685E+00  8.5259E+00  7.5894E+00  6.4259E+00  1.3404E+01
       1.0733E+01  8.4041E+00  8.7796E+00  7.3445E+00  9.4587E+00  6.7340E+00  7.2731E+00  1.0175E+01  1.0094E+01  1.0583E+01
       1.2892E+01  1.0800E+01  7.9079E+00  7.2725E+00  8.0711E+00  6.8850E+00  5.8231E+00  8.5413E+00  9.7828E+00  1.0743E+01
       1.4834E+01  1.2290E+01  9.5863E+00  8.5881E+00  5.8620E+00  1.0829E+01  9.0328E+00  1.1233E+01  9.1599E+00  1.7215E+01
       1.2954E+01  1.2778E+01  1.0804E+01  9.8036E+00  8.1187E+00  9.7349E+00  8.3449E+00  1.2059E+01  1.0294E+01  1.0216E+01
       1.0271E+01  8.7983E+00  1.1060E+01  9.2346E+00  6.0880E+00  1.0498E+01  8.8132E+00  1.0345E+01  1.1439E+01  1.2766E+01
       1.0739E+01  1.2755E+01  7.1692E+00  8.6426E+00  7.1281E+00  8.1209E+00  1.1956E+01  9.5912E+00  1.0639E+01  7.4274E+00
       9.4525E+00  1.0229E+01  1.0243E+01  8.3087E+00  8.6001E+00  7.9983E+00  9.2915E+00  7.7176E+00  8.0908E+00  1.0712E+01
       1.0609E+01  1.0963E+01  9.5346E+00  8.7868E+00  8.1193E+00  8.7389E+00  8.0258E+00  7.0626E+00  1.0787E+01  1.2206E+01
       1.0736E+01  7.5673E+00  8.1910E+00  8.2547E+00  5.5000E+00  9.3256E+00  8.7062E+00  9.5288E+00  8.0380E+00  1.0374E+01
       1.0117E+01  1.1053E+01  6.2927E+00  1.0076E+01  8.3563E+00  1.0723E+01  7.2313E+00  1.0463E+01  1.0095E+01  1.2502E+01
       1.0253E+01  1.1251E+01  7.5375E+00  8.2613E+00  8.3022E+00  9.4021E+00  8.4303E+00  1.3376E+01  1.0994E+01  1.3123E+01
       1.3002E+01  9.2120E+00  8.8377E+00  8.2277E+00  9.5710E+00  8.5150E+00  9.7184E+00  1.0781E+01  7.9658E+00  1.4189E+01
       1.1872E+01  1.0528E+01  1.4440E+01  8.4706E+00  7.3646E+00  1.1944E+01  7.5219E+00  1.3516E+01  1.0282E+01  1.4836E+01
       1.0702E+01  1.3361E+01  9.5412E+00  9.9928E+00  1.1256E+01  1.3295E+01  1.0128E+01  1.3088E+01  1.5189E+01  1.4215E+01
       1.4023E+01  1.1256E+01  1.1038E+01  8.7969E+00  8.5421E+00  1.1675E+01  1.1558E+01  1.5008E+01  9.8866E+00  9.3090E+00
       1.1214E+01  1.5330E+01  1.1382E+01  9.8234E+00  7.8493E+00  9.5154E+00  1.4123E+01  9.2860E+00  1.2731E+01  1.4694E+01
       1.1045E+01  9.4850E+00  1.1821E+01  1.0194E+01  8.5660E+00  9.3571E+00  1.1652E+01  9.3168E+00  1.3198E+01  1.4964E+01
       1.2740E+01  1.5208E+01  1.0009E+01  1.0004E+01  8.3580E+00  8.0435E+00  8.7871E+00  9.2563E+00  1.1312E+01  1.2771E+01
       9.5659E+00  8.2736E+00  1.2379E+01  1.0924E+01  9.9562E+00  7.4033E+00  8.5578E+00  1.4505E+01  9.8496E+00  8.2091E+00
       1.2798E+01  1.0604E+01  7.6923E+00  1.1516E+01  1.0224E+01  7.2639E+00  9.5728E+00  1.1616E+01  1.0008E+01  1.3634E+01
       1.6217E+01  1.0271E+01  9.1189E+00  9.2383E+00  9.3794E+00  8.3717E+00  9.3607E+00  1.1025E+01  1.0377E+01  1.3756E+01
       1.5167E+01  1.0774E+01  9.1394E+00  1.3509E+01  1.0445E+01  1.0283E+01  1.0142E+01  7.5942E+00  8.9122E+00  1.8709E+01
       1.1043E+01  9.0927E+00  1.6522E+01  1.6223E+01  1.0058E+01  1.1282E+01  1.2120E+01  1.2553E+01  9.1949E+00  1.5030E+01
       1.9577E+01  1.2807E+01  1.1582E+01  1.6910E+01  1.2494E+01  1.4121E+01  1.1017E+01  1.4743E+01  1.4592E+01  1.3439E+01
       1.6895E+01  1.0829E+01  1.2428E+01  1.0988E+01  1.2536E+01  1.5745E+01  1.1898E+01  1.3815E+01  1.4983E+01  1.7609E+01
       1.6202E+01  1.3109E+01  1.2407E+01  1.2286E+01  1.0437E+01  1.0882E+01  9.6515E+00  1.2313E+01  1.0936E+01  2.2530E+01
       1.3929E+01  1.3371E+01  1.2641E+01  1.2558E+01  9.5314E+00  1.0647E+01  8.6820E+00  1.0032E+01  1.2048E+01  1.2588E+01
       1.4473E+01  1.3998E+01  1.1903E+01  1.1045E+01  1.1673E+01  8.5501E+00  8.0660E+00  8.8192E+00  1.2585E+01  1.4016E+01
       1.5945E+01  1.0641E+01  1.4154E+01  1.3276E+01  9.9222E+00  1.1934E+01  9.3134E+00  1.1892E+01  1.1229E+01  1.1984E+01
       1.4352E+01  1.1562E+01  1.0948E+01  8.2120E+00  1.2155E+01  8.1645E+00  1.3024E+01  1.0761E+01  1.0938E+01  1.7009E+01
       1.4386E+01  1.1821E+01  1.2432E+01  1.4309E+01  1.4406E+01  1.2950E+01  1.0123E+01  1.2480E+01  1.2703E+01  1.2748E+01
       1.9447E+01  1.5069E+01  1.2390E+01  1.2106E+01  1.1049E+01  1.1414E+01  9.0746E+00  1.1346E+01  9.5842E+00  1.2373E+01
       1.6934E+01  1.4397E+01  1.4344E+01  8.4376E+00  1.0215E+01  1.1176E+01  1.3080E+01  1.1866E+01  1.2442E+01  1.1874E+01
       2.0555E+01  1.6142E+01  1.6249E+01  1.5828E+01  1.3303E+01  1.5800E+01  1.1029E+01  1.0598E+01  1.6806E+01  2.0361E+01
       1.8133E+01  1.5138E+01  1.1142E+01  1.5342E+01  1.4942E+01  1.2477E+01  1.6180E+01  1.4600E+01  1.6232E+01  1.8055E+01
       1.5083E+01  1.4882E+01  1.0882E+01  1.4412E+01  1.0611E+01  1.4012E+01  9.7757E+00  1.4237E+01  1.0612E+01  2.0885E+01
       1.2257E+01  1.4143E+01  1.3820E+01  1.2339E+01  1.5681E+01  9.1036E+00  1.2579E+01  1.1538E+01  1.5142E+01  1.5314E+01
       1.8260E+01  1.2159E+01  1.4737E+01  1.0934E+01  1.3921E+01  1.0027E+01  1.3493E+01  1.4441E+01  1.5655E+01  1.7177E+01
       1.6580E+01  8.5900E+00  1.4162E+01  1.2490E+01  1.1320E+01  1.3608E+01  1.0285E+01  1.0945E+01  1.3007E+01  1.1954E+01
       1.2950E+01  1.1535E+01  1.3836E+01  1.2756E+01  1.6916E+01  9.1547E+00  1.1842E+01  1.3716E+01  1.7384E+01  1.5223E+01
       1.8647E+01  1.4360E+01  1.2047E+01  1.0120E+01  1.2031E+01  1.7018E+01  1.3422E+01  1.1972E+01  1.6317E+01  1.8159E+01
       2.2490E+01  1.3543E+01  1.9325E+01  1.6654E+01  8.8981E+00  1.0464E+01  1.3244E+01  1.4908E+01  1.1814E+01  1.4297E+01
       2.0074E+01  1.8731E+01  1.8761E+01  1.4225E+01  8.4212E+00  9.8305E+00  1.5482E+01  1.4935E+01  1.3784E+01  1.6758E+01
