1
   Cartesian binning n.   1  "DoseEq    " , generalized particle n.  240
      X coordinate: from -8.5000E+01 to  8.5000E+01 cm,    10 bins ( 1.7000E+01 cm wide)
      Y coordinate: from -2.5000E+01 to  2.5000E+01 cm,    10 bins ( 5.0000E+00 cm wide)
      Z coordinate: from  2.2500E+02 to  2.7500E+02 cm,    10 bins ( 5.0000E+00 cm wide)
      Data follow in a matrix A(ix,iy,iz), format (1(5x,1p,10(1x,e11.4)))

      accurate deposition along the tracks requested
      this is a track-length binning
       2.3034E-04  2.6811E-04  3.1380E-04  3.4461E-04  3.5783E-04  3.6554E-04  3.5727E-04  3.1598E-04  2.7386E-04  2.3783E-04
       2.6610E-04  3.3658E-04  3.5993E-04  3.8897E-04  4.1738E-04  4.0504E-04  3.9597E-04  3.9095E-04  3.3434E-04  2.7772E-04
       2.7115E-04  3.4033E-04  3.8361E-04  4.0199E-04  4.1933E-04  4.4039E-04  4.1257E-04  4.0209E-04  3.4723E-04  2.7221E-04
       2.7444E-04  3.4869E-04  3.8861E-04  4.2699E-04  4.5510E-04  4.2918E-04  4.3236E-04  4.2038E-04  3.7134E-04  2.7925E-04
       2.8516E-04  3.6086E-04  4.0901E-04  4.2739E-04  4.7550E-04  4.5699E-04  4.2923E-04  3.9535E-04  3.6857E-04  2.7331E-04
       2.9074E-04  3.5481E-04  4.0396E-04  4.4387E-04  4.5831E-04  4.4948E-04  4.2222E-04  3.9841E-04  3.5107E-04  2.8093E-04
       2.7630E-04  3.6442E-04  4.1489E-04  4.2731E-04  4.5310E-04  4.3424E-04  4.5948E-04  3.9171E-04  3.4363E-04  2.8444E-04
       2.8303E-04  3.4622E-04  3.8906E-04  4.3680E-04  4.5049E-04  4.3481E-04  4.2205E-04  3.7193E-04  3.4577E-04  2.6482E-04
       2.5241E-04  3.1114E-04  3.6740E-04  4.0387E-04  4.1256E-04  4.2016E-04  4.1258E-04  3.6693E-04  3.1171E-04  2.6436E-04
       2.1560E-04  2.8244E-04  3.1828E-04  3.5958E-04  3.5039E-04  3.4902E-04  3.6143E-04  3.0794E-04  2.6742E-04  2.2635E-04
       1.8157E-04  2.3127E-04  2.4688E-04  2.9546E-04  2.9897E-04  3.0816E-04  3.0203E-04  2.5903E-04  2.3365E-04  1.8298E-04
       2.1413E-04  3.2317E-04  3.2896E-04  3.6773E-04  3.9392E-04  3.8064E-04  3.7391E-04  3.4435E-04  2.8049E-04  2.2263E-04
       2.4186E-04  3.1742E-04  3.6898E-04  3.7789E-04  3.8984E-04  3.9328E-04  3.8016E-04  3.6947E-04  3.1765E-04  2.3742E-04
       2.4506E-04  3.1465E-04  3.6634E-04  4.2137E-04  4.2546E-04  4.2657E-04  3.8705E-04  3.8448E-04  3.4285E-04  2.4292E-04
       2.4920E-04  3.2324E-04  3.7027E-04  4.0337E-04  4.3550E-04  4.3748E-04  3.9701E-04  3.6697E-04  3.3573E-04  2.5318E-04
       2.5095E-04  3.2823E-04  3.7784E-04  4.1227E-04  4.1788E-04  4.3300E-04  4.1528E-04  3.8303E-04  3.3283E-04  2.5159E-04
       2.4291E-04  3.3443E-04  3.7462E-04  3.9301E-04  4.2636E-04  4.0792E-04  4.0600E-04  3.7681E-04  3.2462E-04  2.4522E-04
       2.3074E-04  3.3388E-04  3.6879E-04  3.8670E-04  4.1858E-04  3.9334E-04  3.9655E-04  3.3795E-04  3.1808E-04  2.3759E-04
       2.2416E-04  2.9270E-04  3.0682E-04  3.6295E-04  3.7705E-04  3.7535E-04  3.7021E-04  3.1693E-04  2.8639E-04  2.2075E-04
       1.8335E-04  2.4291E-04  2.6382E-04  2.9654E-04  2.9978E-04  3.0265E-04  2.9215E-04  2.4826E-04  2.2531E-04  1.8715E-04
       1.3131E-04  1.6607E-04  2.0237E-04  2.2855E-04  2.3544E-04  2.4232E-04  2.2419E-04  2.1540E-04  1.8129E-04  1.4252E-04
       1.7828E-04  2.6276E-04  2.6179E-04  2.9707E-04  3.1021E-04  3.0721E-04  2.9979E-04  2.6776E-04  2.3261E-04  1.7283E-04
       1.9258E-04  2.5778E-04  2.8607E-04  3.2439E-04  3.2760E-04  3.2403E-04  3.3794E-04  3.0338E-04  2.6736E-04  1.9768E-04
       1.9643E-04  2.6176E-04  2.9522E-04  3.4748E-04  3.4920E-04  3.5143E-04  3.5491E-04  3.1363E-04  2.8697E-04  2.1318E-04
       1.9998E-04  2.8756E-04  3.0187E-04  3.5731E-04  3.7565E-04  3.6929E-04  3.2990E-04  2.9977E-04  2.7113E-04  1.9865E-04
       1.9569E-04  2.7534E-04  3.1572E-04  3.7691E-04  3.6112E-04  3.6306E-04  3.4151E-04  3.0759E-04  2.7673E-04  1.8401E-04
       1.8805E-04  2.9473E-04  3.2451E-04  3.2473E-04  3.5356E-04  3.4620E-04  3.4891E-04  3.1516E-04  2.6787E-04  1.9784E-04
       1.8665E-04  2.7314E-04  3.0763E-04  3.1257E-04  3.3419E-04  3.4536E-04  3.3056E-04  2.9980E-04  2.5803E-04  1.7602E-04
       1.7582E-04  2.5069E-04  2.7341E-04  2.9217E-04  2.9951E-04  2.9104E-04  2.9220E-04  2.6379E-04  2.3465E-04  1.6334E-04
       1.4082E-04  1.7817E-04  2.0835E-04  2.3891E-04  2.3069E-04  2.4047E-04  2.2645E-04  2.0427E-04  1.6741E-04  1.3413E-04
       1.0208E-04  1.3787E-04  1.5489E-04  1.7595E-04  1.8003E-04  1.7861E-04  1.7049E-04  1.6303E-04  1.4854E-04  1.0683E-04
       1.3620E-04  2.0175E-04  2.1119E-04  2.4117E-04  2.3374E-04  2.3285E-04  2.4349E-04  2.2924E-04  1.8120E-04  1.3558E-04
       1.5388E-04  2.1759E-04  2.4642E-04  2.7020E-04  2.6295E-04  2.7961E-04  2.4574E-04  2.4445E-04  2.0916E-04  1.4539E-04
       1.4661E-04  2.1938E-04  2.5488E-04  2.8229E-04  2.9257E-04  2.9775E-04  2.8190E-04  2.6271E-04  2.1181E-04  1.6450E-04
       1.5293E-04  2.3830E-04  2.4641E-04  2.8794E-04  3.0590E-04  2.9291E-04  2.7631E-04  2.5653E-04  2.3893E-04  1.5232E-04
       1.6846E-04  2.3607E-04  2.5039E-04  2.9549E-04  3.0474E-04  3.0356E-04  2.9032E-04  2.5931E-04  2.4256E-04  1.5259E-04
       1.5978E-04  2.4173E-04  2.5540E-04  2.6945E-04  2.9961E-04  2.9095E-04  2.8643E-04  2.5160E-04  2.2216E-04  1.6142E-04
       1.5481E-04  2.2612E-04  2.4613E-04  2.4745E-04  2.7539E-04  2.8238E-04  2.6772E-04  2.4116E-04  2.1284E-04  1.6297E-04
       1.3988E-04  1.9253E-04  2.2921E-04  2.2560E-04  2.3068E-04  2.3893E-04  2.4502E-04  2.1804E-04  1.9558E-04  1.3242E-04
       1.1504E-04  1.4190E-04  1.6862E-04  1.8096E-04  1.8295E-04  1.8842E-04  1.7511E-04  1.5592E-04  1.3512E-04  9.9567E-05
       8.1436E-05  1.2068E-04  1.1970E-04  1.2745E-04  1.3459E-04  1.3868E-04  1.3178E-04  1.3753E-04  1.1481E-04  8.3652E-05
       1.0470E-04  1.6829E-04  1.7301E-04  1.8084E-04  2.0212E-04  1.8951E-04  2.0117E-04  1.7578E-04  1.4332E-04  1.0035E-04
       1.2168E-04  1.6504E-04  1.9471E-04  2.0270E-04  2.1151E-04  2.0966E-04  2.1992E-04  1.8959E-04  1.6492E-04  1.1511E-04
       1.2860E-04  1.6103E-04  2.0224E-04  2.2598E-04  2.3709E-04  2.3414E-04  2.3402E-04  2.0245E-04  1.8041E-04  1.3370E-04
       1.2691E-04  1.9388E-04  1.9485E-04  2.2026E-04  2.4756E-04  2.4405E-04  2.2841E-04  2.0451E-04  1.8606E-04  1.2805E-04
       1.2066E-04  1.8439E-04  2.1409E-04  2.2617E-04  2.4521E-04  2.4274E-04  2.2049E-04  2.0018E-04  1.8802E-04  1.2627E-04
       1.2386E-04  1.9086E-04  2.1557E-04  2.2183E-04  2.4711E-04  2.4772E-04  2.2731E-04  2.1395E-04  1.7525E-04  1.3459E-04
       1.2189E-04  1.7299E-04  2.0428E-04  1.9247E-04  2.1571E-04  2.3403E-04  2.1200E-04  1.9685E-04  1.8114E-04  1.2053E-04
       1.0549E-04  1.5593E-04  1.7021E-04  1.8272E-04  1.9129E-04  1.9414E-04  1.9567E-04  1.7129E-04  1.4563E-04  9.8392E-05
       8.8595E-05  1.1702E-04  1.3106E-04  1.3954E-04  1.4862E-04  1.4672E-04  1.3505E-04  1.3102E-04  1.0503E-04  7.6554E-05
       5.6263E-05  8.3885E-05  9.5140E-05  1.1027E-04  1.1067E-04  1.1517E-04  1.0906E-04  1.0842E-04  7.8769E-05  6.2209E-05
       7.2006E-05  1.1757E-04  1.3006E-04  1.5425E-04  1.5890E-04  1.4504E-04  1.5005E-04  1.3725E-04  1.1484E-04  7.5497E-05
       8.3160E-05  1.3221E-04  1.5533E-04  1.5705E-04  1.8575E-04  1.7719E-04  1.7028E-04  1.5465E-04  1.2904E-04  8.5125E-05
       9.8899E-05  1.2976E-04  1.6503E-04  1.7495E-04  1.9116E-04  1.8395E-04  1.7730E-04  1.8522E-04  1.3215E-04  9.8290E-05
       9.2480E-05  1.5178E-04  1.5197E-04  1.7100E-04  2.0156E-04  1.9786E-04  1.8446E-04  1.6409E-04  1.4276E-04  1.0139E-04
       9.0642E-05  1.4398E-04  1.5794E-04  1.8475E-04  1.9830E-04  1.8147E-04  1.8705E-04  1.7223E-04  1.5026E-04  1.1093E-04
       1.0306E-04  1.4633E-04  1.7991E-04  1.8247E-04  1.9684E-04  1.8364E-04  1.8266E-04  1.7199E-04  1.4685E-04  1.0085E-04
       9.4659E-05  1.4164E-04  1.6360E-04  1.7098E-04  1.7524E-04  1.8310E-04  1.7662E-04  1.5922E-04  1.3420E-04  8.7157E-05
       7.6625E-05  1.2154E-04  1.3903E-04  1.4536E-04  1.5500E-04  1.5234E-04  1.4904E-04  1.2977E-04  1.1223E-04  7.3215E-05
       6.4468E-05  8.3297E-05  1.0176E-04  1.0820E-04  1.1460E-04  1.1964E-04  1.1259E-04  9.3139E-05  8.4090E-05  5.8842E-05
       4.8269E-05  6.2735E-05  7.3729E-05  9.1692E-05  9.3179E-05  8.7361E-05  8.6220E-05  7.9358E-05  6.2939E-05  4.4548E-05
       6.0983E-05  8.0113E-05  1.1033E-04  1.1540E-04  1.2374E-04  1.0955E-04  1.2014E-04  1.0080E-04  8.8594E-05  5.6604E-05
       7.1052E-05  1.0062E-04  1.2387E-04  1.2861E-04  1.5991E-04  1.3562E-04  1.3843E-04  1.2133E-04  1.0701E-04  6.5934E-05
       7.1868E-05  1.0328E-04  1.2232E-04  1.3100E-04  1.5477E-04  1.4416E-04  1.3593E-04  1.3933E-04  1.2038E-04  7.5350E-05
       7.7305E-05  1.0767E-04  1.3198E-04  1.4023E-04  1.5698E-04  1.5910E-04  1.5269E-04  1.4095E-04  1.2457E-04  7.4211E-05
       7.8744E-05  1.1915E-04  1.3256E-04  1.4486E-04  1.6460E-04  1.4827E-04  1.5101E-04  1.4121E-04  1.2155E-04  8.4223E-05
       7.7919E-05  1.2197E-04  1.3331E-04  1.3821E-04  1.4977E-04  1.3876E-04  1.4148E-04  1.2406E-04  1.1129E-04  7.5997E-05
       7.4382E-05  1.0523E-04  1.3058E-04  1.3292E-04  1.3597E-04  1.4460E-04  1.4651E-04  1.1789E-04  9.7115E-05  6.7974E-05
       5.7312E-05  8.8652E-05  1.0497E-04  1.1580E-04  1.1563E-04  1.1736E-04  1.2325E-04  9.5433E-05  8.2301E-05  6.6822E-05
       5.6896E-05  6.2879E-05  8.0116E-05  8.7926E-05  9.0684E-05  8.6762E-05  9.0883E-05  6.7306E-05  6.5043E-05  4.6317E-05
       4.1326E-05  4.4656E-05  5.8581E-05  7.1371E-05  6.8176E-05  6.2948E-05  6.2404E-05  5.5990E-05  5.6906E-05  3.7854E-05
       5.2232E-05  6.5013E-05  8.5236E-05  9.0233E-05  9.4546E-05  8.4398E-05  8.6072E-05  7.9691E-05  6.2778E-05  4.7461E-05
       5.5796E-05  7.2522E-05  9.0162E-05  1.0144E-04  1.2157E-04  1.1814E-04  9.8081E-05  1.0028E-04  8.3203E-05  5.1350E-05
       5.9546E-05  7.6816E-05  9.7264E-05  1.0143E-04  1.1714E-04  1.1175E-04  1.0709E-04  1.0654E-04  8.9767E-05  5.8675E-05
       6.0301E-05  8.7858E-05  9.7661E-05  1.1617E-04  1.1392E-04  1.2425E-04  1.1577E-04  1.1436E-04  9.4849E-05  6.1384E-05
       6.7004E-05  7.8742E-05  1.0972E-04  1.1319E-04  1.2049E-04  1.2571E-04  1.1527E-04  1.0572E-04  8.7329E-05  6.2382E-05
       6.2469E-05  8.9226E-05  1.0313E-04  1.0563E-04  1.1377E-04  1.0890E-04  1.0889E-04  1.0693E-04  7.8975E-05  5.8425E-05
       5.1394E-05  7.6709E-05  9.3686E-05  1.0508E-04  1.1418E-04  1.0431E-04  1.0263E-04  9.7064E-05  7.5385E-05  5.1450E-05
       4.3371E-05  6.6110E-05  8.7004E-05  8.9974E-05  8.7507E-05  9.4133E-05  9.0442E-05  7.1721E-05  6.4589E-05  4.8209E-05
       3.8376E-05  5.1721E-05  6.2648E-05  6.5755E-05  5.9168E-05  7.2075E-05  6.4213E-05  5.7715E-05  4.8739E-05  3.9051E-05
       2.7247E-05  3.7631E-05  4.3813E-05  5.1120E-05  5.6947E-05  5.5559E-05  4.9299E-05  4.7461E-05  4.3690E-05  2.7260E-05
       3.9358E-05  5.9094E-05  7.1099E-05  6.5751E-05  7.6303E-05  7.7397E-05  6.5065E-05  6.4377E-05  5.2816E-05  3.4860E-05
       4.0279E-05  5.9096E-05  7.7179E-05  8.2931E-05  8.7034E-05  9.9076E-05  7.5406E-05  7.3021E-05  6.3777E-05  4.2438E-05
       4.1056E-05  5.8307E-05  7.1986E-05  7.9346E-05  1.0080E-04  9.0400E-05  8.7180E-05  8.3242E-05  6.4027E-05  4.6628E-05
       4.5804E-05  6.4497E-05  7.6612E-05  8.5637E-05  9.2738E-05  9.4073E-05  9.0985E-05  8.2026E-05  6.4063E-05  4.0820E-05
       5.0124E-05  6.2738E-05  8.3360E-05  7.7534E-05  9.3186E-05  8.9184E-05  8.5748E-05  8.3766E-05  7.2090E-05  3.9329E-05
       4.5084E-05  6.8019E-05  6.9005E-05  8.1008E-05  9.1846E-05  8.4564E-05  9.2456E-05  8.1885E-05  6.2730E-05  4.7587E-05
       4.1181E-05  6.0209E-05  7.0791E-05  8.0643E-05  8.5779E-05  8.0483E-05  7.9857E-05  7.3820E-05  6.4570E-05  4.3624E-05
       3.6555E-05  5.1120E-05  6.3935E-05  6.9919E-05  7.0340E-05  7.3716E-05  6.0572E-05  5.7164E-05  5.3022E-05  3.5707E-05
       3.1145E-05  3.9863E-05  4.4803E-05  4.7309E-05  4.9441E-05  5.1782E-05  4.3597E-05  4.7893E-05  3.9559E-05  2.9950E-05
       2.5229E-05  2.8279E-05  3.5994E-05  3.7453E-05  4.3954E-05  3.6168E-05  3.8749E-05  3.4479E-05  3.3151E-05  2.3601E-05
       2.5537E-05  4.3137E-05  5.4936E-05  4.7614E-05  4.1737E-05  5.2080E-05  4.0715E-05  4.3114E-05  4.0210E-05  2.5869E-05
       3.2466E-05  4.0442E-05  5.0182E-05  5.7444E-05  5.0409E-05  6.2328E-05  5.6205E-05  5.0560E-05  4.4404E-05  3.2096E-05
       3.3225E-05  4.0656E-05  5.1348E-05  6.1757E-05  6.6556E-05  6.3450E-05  6.3543E-05  5.8101E-05  4.6261E-05  3.7872E-05
       3.9776E-05  4.7606E-05  4.8283E-05  6.0021E-05  6.6691E-05  6.0666E-05  6.3659E-05  5.7572E-05  4.7565E-05  3.3332E-05
       3.7240E-05  4.9170E-05  4.8560E-05  5.7096E-05  6.5920E-05  5.6795E-05  5.9277E-05  6.2978E-05  4.5789E-05  3.0674E-05
       3.0703E-05  4.5393E-05  4.6966E-05  6.3627E-05  6.3398E-05  5.8833E-05  6.3056E-05  5.7592E-05  4.4253E-05  3.0511E-05
       3.1985E-05  4.3549E-05  5.2633E-05  5.5160E-05  6.0400E-05  5.6036E-05  5.8382E-05  5.1143E-05  4.6625E-05  3.4275E-05
       2.7769E-05  3.9444E-05  4.5725E-05  4.5262E-05  4.8493E-05  4.8355E-05  5.1654E-05  4.3871E-05  4.2889E-05  3.0919E-05
       1.9436E-05  3.4431E-05  3.3408E-05  3.9454E-05  3.7186E-05  3.9122E-05  3.5786E-05  3.0845E-05  3.1471E-05  2.6085E-05

      Percentage errors follow in a matrix A(ix,iy,iz), format (1(5x,1p,10(1x,e11.4)))

       3.0386E+00  3.3621E+00  4.0783E+00  2.4133E+00  4.7407E+00  2.9523E+00  2.9215E+00  3.6982E+00  3.3695E+00  3.1509E+00
       3.5661E+00  3.5191E+00  3.0370E+00  2.5070E+00  4.1393E+00  3.5390E+00  2.9083E+00  2.9721E+00  2.7291E+00  3.5117E+00
       3.3717E+00  3.2972E+00  2.9345E+00  2.9397E+00  2.7438E+00  2.3817E+00  2.9194E+00  2.6120E+00  3.0511E+00  4.9278E+00
       3.0053E+00  2.6060E+00  2.8985E+00  3.5539E+00  2.7418E+00  2.9666E+00  1.9481E+00  3.4015E+00  3.2980E+00  4.6506E+00
       4.4218E+00  2.6504E+00  2.9673E+00  2.6363E+00  2.0389E+00  2.8533E+00  2.5959E+00  3.0171E+00  3.3076E+00  3.4253E+00
       3.5523E+00  2.8627E+00  2.8195E+00  2.9711E+00  2.9030E+00  2.0880E+00  2.8843E+00  2.5546E+00  3.5807E+00  3.8581E+00
       3.5851E+00  2.5281E+00  2.6314E+00  3.5174E+00  1.9212E+00  3.2052E+00  2.5317E+00  2.5899E+00  3.0141E+00  3.1254E+00
       3.3835E+00  2.0814E+00  2.8704E+00  2.9449E+00  2.1432E+00  3.0625E+00  2.9297E+00  3.0730E+00  2.5922E+00  2.8290E+00
       5.1298E+00  2.7470E+00  2.1817E+00  3.2529E+00  2.6212E+00  2.1685E+00  2.8090E+00  2.2596E+00  3.9577E+00  4.2833E+00
       4.1950E+00  3.2622E+00  2.7353E+00  2.1097E+00  3.1011E+00  3.6523E+00  2.1914E+00  3.2042E+00  1.8150E+00  4.0625E+00
       3.3823E+00  3.0592E+00  3.9068E+00  2.9794E+00  4.1464E+00  3.4888E+00  3.2993E+00  4.4254E+00  4.1437E+00  4.8991E+00
       3.4093E+00  3.6781E+00  2.8997E+00  4.0013E+00  4.1305E+00  3.4159E+00  3.1176E+00  3.4595E+00  3.1060E+00  3.2378E+00
       3.8982E+00  4.7242E+00  2.0851E+00  3.5849E+00  3.5479E+00  3.1583E+00  2.3042E+00  2.6939E+00  4.6635E+00  4.7579E+00
       3.7921E+00  2.6009E+00  3.2168E+00  3.7621E+00  2.9388E+00  3.7276E+00  2.9516E+00  3.4376E+00  3.1259E+00  3.9450E+00
       3.9392E+00  3.5569E+00  3.7629E+00  3.3983E+00  2.8819E+00  3.4948E+00  3.2162E+00  3.0096E+00  2.7203E+00  3.2158E+00
       5.6854E+00  2.6126E+00  3.7376E+00  3.5120E+00  3.4796E+00  2.4579E+00  3.4860E+00  3.4305E+00  3.4846E+00  4.8271E+00
       3.5873E+00  2.9081E+00  3.0082E+00  3.3725E+00  3.3899E+00  3.5902E+00  2.8347E+00  2.9002E+00  2.7758E+00  3.8052E+00
       4.0786E+00  3.1224E+00  2.8200E+00  2.5841E+00  2.9262E+00  2.9463E+00  3.0514E+00  3.3426E+00  3.1640E+00  4.2573E+00
       4.8130E+00  3.4710E+00  3.9343E+00  3.8570E+00  2.8673E+00  4.0274E+00  2.5849E+00  2.3440E+00  4.7130E+00  4.2612E+00
       3.9045E+00  3.5801E+00  3.2109E+00  2.7003E+00  3.2376E+00  3.4946E+00  3.4985E+00  3.3124E+00  3.1063E+00  4.7118E+00
       6.0011E+00  5.1398E+00  3.3583E+00  3.1956E+00  4.5542E+00  4.3164E+00  2.0459E+00  5.0289E+00  4.0010E+00  4.2390E+00
       4.6371E+00  3.0431E+00  2.7138E+00  3.9748E+00  3.1660E+00  3.3552E+00  3.5159E+00  4.3183E+00  4.5633E+00  4.0625E+00
       4.4990E+00  3.5874E+00  3.2617E+00  3.9291E+00  3.6515E+00  3.7146E+00  3.2396E+00  3.4117E+00  3.6667E+00  6.6835E+00
       4.1448E+00  3.5711E+00  3.3820E+00  3.2226E+00  4.3068E+00  3.8742E+00  3.3846E+00  2.3596E+00  3.5420E+00  5.5078E+00
       3.8501E+00  3.2662E+00  5.0680E+00  3.2330E+00  2.5187E+00  2.7609E+00  3.2754E+00  3.0396E+00  3.5408E+00  3.8355E+00
       4.2214E+00  2.8239E+00  2.9076E+00  3.2813E+00  2.4608E+00  3.1412E+00  2.8785E+00  2.9868E+00  4.3494E+00  4.4415E+00
       4.4962E+00  3.2641E+00  3.5564E+00  3.4120E+00  3.3897E+00  3.9866E+00  2.7468E+00  3.3587E+00  5.0897E+00  4.1661E+00
       3.1085E+00  4.2321E+00  3.9905E+00  2.8099E+00  3.8386E+00  3.8435E+00  3.6961E+00  3.1787E+00  3.1543E+00  4.4040E+00
       3.9766E+00  3.4263E+00  4.0744E+00  4.7865E+00  4.7087E+00  4.2047E+00  3.3611E+00  3.6539E+00  4.3603E+00  4.3397E+00
       4.1745E+00  3.5872E+00  4.4004E+00  2.8446E+00  2.8726E+00  3.1745E+00  2.9603E+00  4.0991E+00  5.0764E+00  5.8790E+00
       7.3756E+00  6.2234E+00  3.8237E+00  4.4811E+00  4.7602E+00  4.7351E+00  4.1281E+00  4.3892E+00  3.5910E+00  6.0885E+00
       5.5901E+00  4.0253E+00  3.4652E+00  2.8401E+00  3.2597E+00  4.0806E+00  3.7838E+00  4.1307E+00  5.5287E+00  4.7810E+00
       5.3808E+00  3.5866E+00  3.9290E+00  3.1771E+00  4.3987E+00  4.3535E+00  2.3108E+00  3.5426E+00  3.6719E+00  6.4387E+00
       4.0917E+00  4.0211E+00  3.8599E+00  4.1409E+00  3.6920E+00  3.8158E+00  3.9859E+00  3.0090E+00  4.3615E+00  5.0672E+00
       3.4387E+00  2.9399E+00  4.0700E+00  2.9113E+00  3.9271E+00  3.3901E+00  4.2832E+00  3.4519E+00  4.7924E+00  5.5493E+00
       4.3506E+00  3.5618E+00  3.5508E+00  3.6176E+00  2.4713E+00  4.5314E+00  3.7804E+00  2.8238E+00  4.9617E+00  5.0433E+00
       3.7545E+00  4.0065E+00  3.4407E+00  4.2890E+00  2.9126E+00  3.5904E+00  4.4564E+00  3.3856E+00  4.6099E+00  5.1023E+00
       4.0463E+00  4.2403E+00  4.8594E+00  4.0711E+00  3.7840E+00  4.1141E+00  3.7888E+00  4.1503E+00  3.5460E+00  3.2533E+00
       6.0144E+00  5.5281E+00  3.8401E+00  4.7243E+00  3.5088E+00  4.1674E+00  3.1272E+00  6.1912E+00  4.9512E+00  4.5593E+00
       5.9727E+00  6.0568E+00  3.3325E+00  4.8712E+00  4.0361E+00  4.4810E+00  3.9461E+00  5.1685E+00  4.5485E+00  7.3767E+00
       6.4300E+00  5.4325E+00  4.7428E+00  5.4417E+00  5.3424E+00  5.2020E+00  4.5192E+00  4.7468E+00  5.2167E+00  4.9366E+00
       6.6016E+00  5.9108E+00  4.7909E+00  2.4899E+00  2.9642E+00  2.6620E+00  3.4162E+00  4.3027E+00  4.7417E+00  7.7547E+00
       4.2195E+00  4.7018E+00  4.3761E+00  3.8364E+00  4.2920E+00  5.3053E+00  3.5428E+00  5.2328E+00  4.0241E+00  5.6046E+00
       5.7661E+00  4.0578E+00  5.9216E+00  3.9556E+00  3.6223E+00  3.6503E+00  4.5257E+00  4.0369E+00  3.7500E+00  5.7311E+00
       5.2226E+00  3.8924E+00  5.0654E+00  4.7761E+00  4.1987E+00  3.6396E+00  3.1255E+00  5.6195E+00  4.6155E+00  4.0865E+00
       6.3533E+00  4.7546E+00  3.2943E+00  4.2046E+00  3.1841E+00  4.0781E+00  4.3181E+00  2.9577E+00  4.2396E+00  3.9380E+00
       5.2343E+00  5.1500E+00  3.6112E+00  4.4026E+00  4.1683E+00  3.0398E+00  4.6496E+00  5.0560E+00  4.5377E+00  5.1273E+00
       7.0047E+00  3.9614E+00  4.8318E+00  3.7213E+00  2.8356E+00  4.3361E+00  2.9903E+00  4.5497E+00  4.3576E+00  6.0950E+00
       5.7323E+00  5.7918E+00  5.9153E+00  3.3551E+00  5.0645E+00  3.5826E+00  4.9406E+00  5.1608E+00  4.8823E+00  5.7280E+00
       6.2475E+00  5.0184E+00  3.3780E+00  4.9097E+00  4.4802E+00  3.9641E+00  3.7676E+00  5.0771E+00  7.3030E+00  5.3951E+00
       9.1793E+00  6.9786E+00  5.1221E+00  5.6591E+00  5.1470E+00  4.3257E+00  5.4283E+00  4.5838E+00  5.6692E+00  6.5721E+00
       6.0351E+00  6.0437E+00  5.3629E+00  4.2784E+00  2.5283E+00  3.8536E+00  5.3788E+00  5.3166E+00  7.2982E+00  7.6896E+00
       5.2346E+00  5.3313E+00  3.8405E+00  4.0276E+00  4.3827E+00  3.8195E+00  5.4489E+00  5.9487E+00  3.8619E+00  5.8304E+00
       4.9392E+00  4.4923E+00  5.0119E+00  3.5915E+00  4.9901E+00  3.3842E+00  4.6756E+00  5.2089E+00  5.3519E+00  5.7941E+00
       7.0715E+00  2.9527E+00  5.2769E+00  5.1902E+00  5.3698E+00  3.8019E+00  5.0520E+00  4.9333E+00  4.9649E+00  5.6940E+00
       7.5013E+00  5.3925E+00  5.0047E+00  5.0182E+00  4.0502E+00  3.4907E+00  4.7377E+00  4.0232E+00  5.1476E+00  4.5565E+00
       7.1237E+00  4.6110E+00  5.3555E+00  4.6753E+00  4.0055E+00  4.1066E+00  3.8529E+00  4.7594E+00  4.9983E+00  7.0779E+00
       5.8497E+00  4.2733E+00  6.0207E+00  4.7752E+00  4.8416E+00  3.8975E+00  3.0458E+00  6.6903E+00  5.2661E+00  8.0788E+00
       6.4041E+00  4.9551E+00  6.1052E+00  5.3632E+00  4.8413E+00  4.6291E+00  5.9387E+00  5.2617E+00  5.8031E+00  7.3738E+00
       6.4733E+00  6.8257E+00  5.2751E+00  4.7364E+00  4.4910E+00  6.2533E+00  5.2813E+00  5.6564E+00  7.3631E+00  6.5701E+00
       1.0391E+01  6.1567E+00  7.4468E+00  5.3122E+00  6.0517E+00  6.4884E+00  7.1518E+00  6.4988E+00  9.3139E+00  8.2990E+00
       5.8904E+00  5.9509E+00  5.1573E+00  5.1701E+00  5.1901E+00  6.3239E+00  4.6913E+00  6.0271E+00  8.7648E+00  5.7090E+00
       8.2067E+00  4.8778E+00  4.0136E+00  4.7814E+00  5.9272E+00  4.8091E+00  7.1129E+00  4.3391E+00  6.6460E+00  5.1391E+00
       5.7084E+00  6.1895E+00  5.5306E+00  4.5966E+00  4.9467E+00  4.9132E+00  7.0347E+00  4.5469E+00  5.4655E+00  5.3302E+00
       5.9895E+00  3.5485E+00  4.5997E+00  5.4687E+00  5.2517E+00  4.4401E+00  5.5585E+00  4.9374E+00  4.6371E+00  7.1462E+00
       7.6317E+00  6.4378E+00  4.9882E+00  3.5704E+00  4.6744E+00  4.3982E+00  4.0768E+00  6.0977E+00  5.9762E+00  7.4859E+00
       7.6818E+00  6.0103E+00  4.8496E+00  5.6856E+00  4.5078E+00  4.7418E+00  3.8574E+00  6.1449E+00  6.7758E+00  7.8613E+00
       6.2564E+00  4.4739E+00  5.5836E+00  6.0822E+00  7.0090E+00  3.2396E+00  4.9023E+00  5.2381E+00  6.8686E+00  7.5979E+00
       7.7000E+00  6.2350E+00  5.7592E+00  5.7909E+00  5.1785E+00  5.7073E+00  5.2904E+00  5.8289E+00  5.2810E+00  7.4415E+00
       8.4989E+00  5.2812E+00  6.4850E+00  8.3396E+00  4.6894E+00  5.5999E+00  6.3791E+00  9.5340E+00  1.0728E+01  8.8154E+00
       7.5017E+00  1.1003E+01  7.9063E+00  6.3590E+00  7.0470E+00  7.5241E+00  5.2776E+00  8.0593E+00  8.2543E+00  1.0636E+01
       5.3809E+00  9.5408E+00  6.4579E+00  6.1368E+00  7.7362E+00  5.8731E+00  6.5831E+00  7.6923E+00  7.5620E+00  7.0850E+00
       9.9295E+00  9.0775E+00  4.5280E+00  5.5697E+00  6.7408E+00  5.7387E+00  6.1072E+00  6.0431E+00  6.9804E+00  7.1608E+00
       9.4788E+00  7.1775E+00  7.1900E+00  6.5777E+00  6.3183E+00  5.7408E+00  5.3719E+00  6.0799E+00  5.9743E+00  8.7850E+00
       6.8040E+00  4.9096E+00  4.0763E+00  5.7637E+00  5.9512E+00  6.2226E+00  3.0407E+00  5.7981E+00  4.4156E+00  1.0161E+01
       8.6786E+00  5.8900E+00  5.7933E+00  5.1186E+00  4.5103E+00  6.8081E+00  5.4406E+00  6.8337E+00  5.7371E+00  8.5556E+00
       6.5426E+00  6.6770E+00  5.2144E+00  4.2684E+00  6.1147E+00  4.1300E+00  5.5800E+00  7.4832E+00  7.1006E+00  7.0575E+00
       9.7761E+00  4.4081E+00  4.8584E+00  5.0752E+00  7.3329E+00  4.4438E+00  5.4868E+00  5.8422E+00  8.3101E+00  9.2735E+00
       9.1730E+00  5.7211E+00  7.6560E+00  6.8874E+00  5.5727E+00  6.7532E+00  7.0683E+00  7.4314E+00  7.3517E+00  7.6855E+00
       1.0451E+01  8.8479E+00  6.0147E+00  4.0706E+00  6.5944E+00  6.7750E+00  8.6249E+00  8.7441E+00  9.6926E+00  1.1351E+01
       1.2723E+01  8.6436E+00  7.1413E+00  6.4635E+00  7.8162E+00  7.5641E+00  7.1847E+00  7.5197E+00  9.8312E+00  1.2169E+01
       8.0995E+00  8.4499E+00  6.3425E+00  5.8077E+00  5.7487E+00  7.7839E+00  7.9951E+00  6.4602E+00  8.5697E+00  1.2564E+01
       9.9491E+00  6.3642E+00  5.6512E+00  6.6627E+00  7.2365E+00  7.4217E+00  5.1580E+00  6.8672E+00  6.2140E+00  9.3225E+00
       1.0346E+01  6.6600E+00  8.6351E+00  4.8565E+00  7.5256E+00  6.0393E+00  5.9507E+00  5.9106E+00  5.0823E+00  8.3044E+00
       7.8171E+00  6.7476E+00  6.8362E+00  7.2647E+00  7.6418E+00  7.9666E+00  5.3058E+00  6.7119E+00  9.5267E+00  7.6526E+00
       1.0184E+01  7.0306E+00  6.3560E+00  7.2597E+00  8.3327E+00  8.1066E+00  6.2241E+00  7.1658E+00  7.4516E+00  1.1182E+01
       7.0380E+00  5.7777E+00  7.5659E+00  5.8052E+00  6.6985E+00  5.5452E+00  4.0529E+00  6.4123E+00  7.8810E+00  6.4407E+00
       9.7848E+00  6.2922E+00  7.6760E+00  6.8054E+00  7.0569E+00  6.7638E+00  7.5134E+00  9.1266E+00  5.1819E+00  1.1290E+01
       1.3647E+01  7.1312E+00  7.5056E+00  8.2676E+00  8.7722E+00  4.4282E+00  8.3212E+00  1.0601E+01  6.0921E+00  9.0722E+00
       1.1568E+01  8.7261E+00  8.4778E+00  7.6496E+00  1.0686E+01  7.2741E+00  1.0301E+01  8.6365E+00  1.0564E+01  1.1347E+01
       7.9359E+00  1.0615E+01  1.2028E+01  1.0056E+01  6.7363E+00  8.1160E+00  9.7461E+00  5.6861E+00  1.0345E+01  6.2296E+00
       5.6345E+00  9.6111E+00  6.3964E+00  7.2391E+00  8.7902E+00  7.0760E+00  9.0881E+00  8.3033E+00  8.9534E+00  8.9691E+00
       9.6845E+00  1.0060E+01  1.1402E+01  7.2564E+00  8.6481E+00  7.4457E+00  7.1630E+00  8.1887E+00  7.0742E+00  1.0659E+01
       9.7233E+00  1.0768E+01  1.0604E+01  8.5514E+00  8.5670E+00  4.2909E+00  6.2996E+00  7.5375E+00  5.6719E+00  9.2017E+00
       9.2951E+00  8.5621E+00  6.5085E+00  8.7060E+00  7.2821E+00  6.8107E+00  6.1980E+00  6.9730E+00  9.5462E+00  1.0847E+01
       9.9177E+00  9.7219E+00  7.4260E+00  7.4234E+00  5.6935E+00  7.9389E+00  7.2026E+00  8.5061E+00  8.8154E+00  9.0220E+00
       8.4497E+00  7.5318E+00  7.1394E+00  7.3637E+00  6.9363E+00  7.0035E+00  6.4907E+00  5.6061E+00  9.9943E+00  9.4559E+00
       1.1869E+01  7.0512E+00  5.7003E+00  6.6612E+00  5.7636E+00  6.2717E+00  7.1259E+00  1.0005E+01  6.3897E+00  8.3800E+00
       1.0720E+01  7.3270E+00  7.2465E+00  8.8762E+00  9.7098E+00  8.8084E+00  7.1163E+00  9.8977E+00  5.9686E+00  1.3738E+01
       9.9313E+00  8.3424E+00  7.3670E+00  9.5535E+00  8.2035E+00  6.9664E+00  8.6546E+00  8.8525E+00  1.1165E+01  1.1137E+01
