1
   Cartesian binning n.   1  "DoseEq    " , generalized particle n.  240
      X coordinate: from -8.5000E+01 to  8.5000E+01 cm,    10 bins ( 1.7000E+01 cm wide)
      Y coordinate: from -2.5000E+01 to  2.5000E+01 cm,    10 bins ( 5.0000E+00 cm wide)
      Z coordinate: from  2.2500E+02 to  2.7500E+02 cm,    10 bins ( 5.0000E+00 cm wide)
      Data follow in a matrix A(ix,iy,iz), format (1(5x,1p,10(1x,e11.4)))

      accurate deposition along the tracks requested
      this is a track-length binning
       1.4634E-04  1.7631E-04  2.0262E-04  2.2370E-04  2.2169E-04  2.3266E-04  2.1736E-04  1.9844E-04  1.7740E-04  1.4393E-04
       1.6864E-04  2.0234E-04  2.2291E-04  2.6490E-04  2.7242E-04  2.6631E-04  2.4026E-04  2.3417E-04  1.9891E-04  1.5601E-04
       1.7593E-04  2.1669E-04  2.6013E-04  2.6633E-04  2.9248E-04  2.8156E-04  2.6181E-04  2.5765E-04  2.1332E-04  1.8121E-04
       1.8585E-04  2.0910E-04  2.5276E-04  2.8612E-04  2.8930E-04  2.8327E-04  2.7328E-04  2.5505E-04  2.0893E-04  1.6560E-04
       1.8236E-04  2.1717E-04  2.4681E-04  2.9002E-04  2.8512E-04  3.1501E-04  2.8106E-04  2.4962E-04  2.1142E-04  1.9521E-04
       1.9186E-04  2.1923E-04  2.5320E-04  2.6934E-04  2.8635E-04  2.9718E-04  2.9678E-04  2.6222E-04  2.1374E-04  1.8281E-04
       1.8315E-04  2.0925E-04  2.4405E-04  2.6986E-04  2.8353E-04  2.8355E-04  2.7957E-04  2.5534E-04  2.1809E-04  1.6710E-04
       1.7765E-04  2.0719E-04  2.6523E-04  2.8017E-04  2.8289E-04  2.9140E-04  2.6789E-04  2.6670E-04  2.2287E-04  1.7126E-04
       1.7203E-04  2.2337E-04  2.4783E-04  2.6719E-04  2.5914E-04  2.7194E-04  2.6274E-04  2.5701E-04  2.0163E-04  1.7033E-04
       1.4822E-04  1.9502E-04  2.0489E-04  2.2968E-04  2.3412E-04  2.4006E-04  2.2812E-04  2.1418E-04  1.6615E-04  1.3655E-04
       1.2268E-04  1.4520E-04  1.9255E-04  1.8646E-04  1.9878E-04  2.0163E-04  1.9308E-04  1.6965E-04  1.5261E-04  1.2684E-04
       1.3857E-04  1.8090E-04  2.0893E-04  2.4206E-04  2.5238E-04  2.5046E-04  2.3887E-04  2.1107E-04  1.8358E-04  1.4525E-04
       1.5548E-04  2.1196E-04  2.4843E-04  2.5179E-04  2.6097E-04  2.6618E-04  2.4603E-04  2.3823E-04  1.9259E-04  1.6263E-04
       1.6313E-04  2.0289E-04  2.4311E-04  2.5433E-04  2.8149E-04  2.6910E-04  2.6001E-04  2.2972E-04  2.0108E-04  1.5441E-04
       1.6661E-04  2.1534E-04  2.4787E-04  2.6660E-04  2.7843E-04  2.9344E-04  2.7398E-04  2.3971E-04  2.1367E-04  1.6165E-04
       1.7401E-04  2.0315E-04  2.3827E-04  2.7089E-04  2.6924E-04  3.0631E-04  2.8536E-04  2.4520E-04  2.0382E-04  1.7399E-04
       1.5949E-04  2.1315E-04  2.3052E-04  2.6743E-04  2.7585E-04  2.7708E-04  2.7311E-04  2.2530E-04  2.2477E-04  1.6014E-04
       1.5499E-04  2.1163E-04  2.3428E-04  2.5844E-04  2.8162E-04  2.7953E-04  2.7031E-04  2.3816E-04  2.1296E-04  1.5022E-04
       1.5155E-04  2.0574E-04  2.2385E-04  2.4266E-04  2.5155E-04  2.5389E-04  2.4021E-04  2.3277E-04  1.9430E-04  1.4284E-04
       1.2496E-04  1.5759E-04  1.8424E-04  2.0558E-04  1.9969E-04  2.0277E-04  1.9636E-04  1.8128E-04  1.4454E-04  1.1522E-04
       9.6102E-05  1.1763E-04  1.5086E-04  1.5623E-04  1.6193E-04  1.6630E-04  1.6071E-04  1.3741E-04  1.2318E-04  1.0727E-04
       1.2649E-04  1.5616E-04  1.8285E-04  2.1788E-04  2.0947E-04  2.0823E-04  2.0634E-04  1.9089E-04  1.5785E-04  1.1515E-04
       1.3283E-04  1.7676E-04  2.2016E-04  2.2174E-04  2.2433E-04  2.1556E-04  2.2006E-04  1.9810E-04  1.6207E-04  1.3205E-04
       1.3835E-04  1.8397E-04  2.0949E-04  2.3270E-04  2.4995E-04  2.3660E-04  2.3285E-04  2.0849E-04  1.8277E-04  1.2952E-04
       1.3514E-04  1.9531E-04  2.2331E-04  2.4670E-04  2.4300E-04  2.5195E-04  2.3991E-04  1.9956E-04  1.8359E-04  1.3384E-04
       1.3807E-04  1.7908E-04  2.1805E-04  2.3215E-04  2.5221E-04  2.4226E-04  2.3843E-04  2.0307E-04  1.7730E-04  1.4213E-04
       1.2440E-04  1.7777E-04  2.0113E-04  2.3958E-04  2.4797E-04  2.3931E-04  2.3023E-04  2.0979E-04  1.7616E-04  1.3302E-04
       1.2938E-04  1.7061E-04  1.9463E-04  2.0524E-04  2.4279E-04  2.3588E-04  2.3460E-04  2.0296E-04  1.7214E-04  1.2649E-04
       1.1975E-04  1.7078E-04  1.8733E-04  2.0260E-04  2.1053E-04  2.2191E-04  2.0144E-04  1.9518E-04  1.5739E-04  1.2245E-04
       1.0041E-04  1.2203E-04  1.4138E-04  1.6871E-04  1.6719E-04  1.6975E-04  1.4936E-04  1.4388E-04  1.2265E-04  9.0290E-05
       6.8598E-05  9.1621E-05  1.1816E-04  1.1824E-04  1.3870E-04  1.3003E-04  1.2673E-04  1.0005E-04  9.5593E-05  8.1924E-05
       1.0103E-04  1.2744E-04  1.4732E-04  1.6642E-04  1.9082E-04  1.6799E-04  1.5870E-04  1.4235E-04  1.2790E-04  9.0952E-05
       9.9526E-05  1.4008E-04  1.7871E-04  1.8962E-04  2.1062E-04  1.8194E-04  1.6494E-04  1.5820E-04  1.3801E-04  1.0331E-04
       1.0736E-04  1.4979E-04  1.7289E-04  2.0848E-04  2.0052E-04  2.0538E-04  1.8000E-04  1.6902E-04  1.5438E-04  1.1416E-04
       1.1013E-04  1.6596E-04  1.9303E-04  2.1044E-04  2.1391E-04  2.2047E-04  1.9284E-04  1.7507E-04  1.4966E-04  1.1213E-04
       1.1356E-04  1.4865E-04  1.7514E-04  2.0854E-04  2.1216E-04  1.9479E-04  2.0587E-04  1.8986E-04  1.4831E-04  1.1112E-04
       1.0541E-04  1.5039E-04  1.7545E-04  1.9978E-04  2.0707E-04  1.9536E-04  2.0556E-04  1.8397E-04  1.3935E-04  1.1012E-04
       1.0602E-04  1.4125E-04  1.7126E-04  1.6571E-04  1.9450E-04  1.9316E-04  1.9484E-04  1.7809E-04  1.4265E-04  1.0135E-04
       9.8706E-05  1.3397E-04  1.5163E-04  1.6080E-04  1.6605E-04  1.5704E-04  1.7060E-04  1.6698E-04  1.2621E-04  9.4539E-05
       7.2858E-05  9.5861E-05  1.0928E-04  1.2327E-04  1.3415E-04  1.3148E-04  1.1740E-04  1.2204E-04  9.2390E-05  6.9887E-05
       5.0468E-05  7.6527E-05  9.2478E-05  9.1446E-05  1.1232E-04  1.0195E-04  1.0605E-04  9.0656E-05  7.6797E-05  5.7901E-05
       7.7162E-05  1.1020E-04  1.1968E-04  1.4882E-04  1.5164E-04  1.3929E-04  1.2963E-04  1.1221E-04  1.0653E-04  6.7597E-05
       7.4335E-05  1.1098E-04  1.3525E-04  1.5420E-04  1.6242E-04  1.4893E-04  1.3776E-04  1.2314E-04  1.1268E-04  8.4907E-05
       9.0009E-05  1.2276E-04  1.5329E-04  1.6223E-04  1.6229E-04  1.7596E-04  1.3337E-04  1.3674E-04  1.2544E-04  8.9644E-05
       9.0651E-05  1.3373E-04  1.5910E-04  1.7666E-04  1.8554E-04  1.8578E-04  1.4975E-04  1.3497E-04  1.2319E-04  8.1902E-05
       9.1683E-05  1.2323E-04  1.5199E-04  1.7974E-04  1.8457E-04  1.7040E-04  1.6082E-04  1.4563E-04  1.1745E-04  9.3001E-05
       8.3189E-05  1.2627E-04  1.5187E-04  1.6347E-04  1.6319E-04  1.6685E-04  1.6980E-04  1.5194E-04  1.1623E-04  8.3495E-05
       8.1464E-05  1.1475E-04  1.4690E-04  1.4221E-04  1.5882E-04  1.4821E-04  1.5575E-04  1.3868E-04  1.0844E-04  8.3777E-05
       7.3538E-05  9.8985E-05  1.2452E-04  1.2878E-04  1.3600E-04  1.2747E-04  1.4514E-04  1.3172E-04  9.3311E-05  6.7338E-05
       5.0404E-05  6.9958E-05  8.4805E-05  9.1154E-05  9.8874E-05  1.0283E-04  9.7003E-05  9.6786E-05  6.8635E-05  5.9405E-05
       4.3312E-05  6.1315E-05  6.9020E-05  7.4649E-05  7.6576E-05  7.6370E-05  7.0883E-05  6.9588E-05  5.4985E-05  4.5592E-05
       5.8089E-05  8.6434E-05  9.8833E-05  1.0927E-04  1.1965E-04  1.1131E-04  9.3183E-05  8.9122E-05  8.2192E-05  5.2855E-05
       5.3084E-05  8.8035E-05  1.1525E-04  1.3069E-04  1.2285E-04  1.2743E-04  1.1640E-04  1.0183E-04  1.0090E-04  6.6117E-05
       7.1538E-05  1.0147E-04  1.2850E-04  1.3693E-04  1.2870E-04  1.5653E-04  1.1987E-04  1.1818E-04  1.0457E-04  6.7797E-05
       7.0820E-05  1.0503E-04  1.2630E-04  1.4728E-04  1.3775E-04  1.4852E-04  1.2128E-04  1.1638E-04  9.4823E-05  6.5335E-05
       7.7201E-05  1.0294E-04  1.2889E-04  1.3971E-04  1.4965E-04  1.4562E-04  1.3731E-04  1.3349E-04  1.0174E-04  7.3764E-05
       6.7611E-05  1.0871E-04  1.2814E-04  1.1988E-04  1.3437E-04  1.3463E-04  1.3451E-04  1.1455E-04  1.0673E-04  6.2358E-05
       6.8890E-05  9.4013E-05  1.1962E-04  1.2151E-04  1.2612E-04  1.1603E-04  1.2051E-04  1.0182E-04  9.8657E-05  6.9003E-05
       5.5995E-05  7.7456E-05  1.0553E-04  1.1030E-04  1.0944E-04  9.8181E-05  1.0890E-04  9.9593E-05  7.6387E-05  5.4579E-05
       4.4830E-05  5.7454E-05  6.8122E-05  7.5428E-05  7.7939E-05  7.6958E-05  7.8775E-05  7.6663E-05  5.7754E-05  4.4237E-05
       3.4957E-05  5.8312E-05  5.3571E-05  5.9755E-05  5.6713E-05  6.0782E-05  6.0372E-05  4.8271E-05  3.7185E-05  3.1328E-05
       5.3994E-05  6.6651E-05  7.2320E-05  8.5615E-05  8.2476E-05  9.2689E-05  8.4070E-05  7.2401E-05  6.3349E-05  4.6902E-05
       5.5747E-05  6.6438E-05  9.0491E-05  9.3479E-05  1.0276E-04  1.0872E-04  9.0013E-05  8.3801E-05  8.0770E-05  5.0422E-05
       5.7902E-05  7.6625E-05  9.9534E-05  1.1125E-04  1.1616E-04  1.0789E-04  8.7800E-05  8.6155E-05  7.8536E-05  5.2388E-05
       5.6677E-05  8.8699E-05  1.0300E-04  1.1569E-04  1.0579E-04  1.2783E-04  1.0124E-04  8.9915E-05  8.6014E-05  4.9719E-05
       5.9581E-05  7.9963E-05  9.3740E-05  1.1160E-04  1.0992E-04  1.0860E-04  1.0326E-04  1.0164E-04  9.3214E-05  5.1414E-05
       6.0058E-05  8.6163E-05  1.0170E-04  9.8403E-05  1.0646E-04  1.1348E-04  1.0444E-04  9.8565E-05  8.0626E-05  5.8661E-05
       5.3659E-05  7.3769E-05  9.0327E-05  9.2764E-05  1.0268E-04  1.0388E-04  9.7811E-05  8.2064E-05  7.6660E-05  4.9654E-05
       5.0003E-05  6.1795E-05  7.6091E-05  8.4650E-05  8.5027E-05  8.1359E-05  7.7186E-05  7.8316E-05  6.2637E-05  4.5943E-05
       3.9606E-05  4.6837E-05  4.9712E-05  5.6066E-05  6.2192E-05  6.1589E-05  5.7620E-05  5.6715E-05  4.7021E-05  3.3425E-05
       2.9327E-05  4.4094E-05  3.9052E-05  4.1937E-05  4.8316E-05  5.0020E-05  4.3863E-05  4.0487E-05  3.0643E-05  2.4734E-05
       4.4057E-05  4.9070E-05  5.7545E-05  5.8369E-05  7.2999E-05  6.8753E-05  7.1443E-05  6.0032E-05  4.7875E-05  3.3758E-05
       3.9877E-05  5.5729E-05  7.1529E-05  7.0823E-05  8.1743E-05  8.3356E-05  6.9083E-05  6.8677E-05  6.3902E-05  3.2152E-05
       4.5165E-05  5.8720E-05  8.0720E-05  8.0926E-05  8.6373E-05  8.6456E-05  7.6399E-05  6.7407E-05  6.1045E-05  3.8949E-05
       4.7867E-05  7.4590E-05  8.0132E-05  7.7740E-05  8.9585E-05  8.1479E-05  8.2805E-05  6.8806E-05  6.1384E-05  3.6604E-05
       4.4790E-05  5.9442E-05  7.3761E-05  8.2211E-05  8.5022E-05  7.8145E-05  7.5946E-05  7.9206E-05  7.3802E-05  3.8973E-05
       4.4371E-05  6.8197E-05  7.3547E-05  8.0344E-05  8.4031E-05  8.3163E-05  7.4634E-05  7.8142E-05  6.5114E-05  4.3751E-05
       4.5882E-05  5.6771E-05  6.1131E-05  7.6839E-05  8.0027E-05  7.6542E-05  8.1449E-05  7.1353E-05  6.5083E-05  4.3035E-05
       4.1260E-05  5.1961E-05  4.9985E-05  6.7414E-05  6.4059E-05  6.5303E-05  6.1591E-05  5.7807E-05  5.1856E-05  3.8619E-05
       3.3888E-05  3.9259E-05  4.3526E-05  4.5373E-05  4.5922E-05  5.2157E-05  4.8314E-05  4.3904E-05  3.4829E-05  2.8714E-05
       2.3870E-05  3.2206E-05  3.4129E-05  3.4048E-05  4.2833E-05  4.5103E-05  4.0782E-05  3.2249E-05  2.2650E-05  1.6837E-05
       2.8788E-05  3.4438E-05  4.5643E-05  4.7504E-05  5.2958E-05  5.3517E-05  4.4582E-05  4.4306E-05  3.6715E-05  2.9742E-05
       3.1721E-05  4.4503E-05  5.4667E-05  6.1151E-05  6.0182E-05  6.0120E-05  5.1655E-05  5.3516E-05  5.8380E-05  2.6894E-05
       3.0681E-05  4.3691E-05  5.9356E-05  6.0411E-05  6.4741E-05  6.5275E-05  5.7918E-05  4.8451E-05  5.3772E-05  3.0756E-05
       3.7201E-05  5.0427E-05  5.9361E-05  6.3856E-05  6.5274E-05  6.9807E-05  5.6316E-05  5.7912E-05  4.6731E-05  3.0747E-05
       3.3262E-05  3.9216E-05  5.6884E-05  5.9108E-05  6.2974E-05  6.1684E-05  5.9777E-05  6.1257E-05  5.0059E-05  3.3466E-05
       2.9958E-05  4.6974E-05  5.1781E-05  6.7279E-05  6.7732E-05  6.5487E-05  6.2162E-05  5.4757E-05  4.6132E-05  3.1575E-05
       3.1931E-05  3.9823E-05  5.7164E-05  6.1041E-05  5.7147E-05  6.2509E-05  6.1753E-05  4.8570E-05  4.5826E-05  3.3992E-05
       3.0009E-05  3.8849E-05  4.7809E-05  4.7097E-05  4.8649E-05  5.5716E-05  4.8636E-05  4.1384E-05  3.8676E-05  3.0939E-05
       2.3609E-05  3.1275E-05  3.2003E-05  3.2398E-05  4.3742E-05  4.0169E-05  3.5191E-05  3.5185E-05  2.7133E-05  2.5581E-05
       1.5404E-05  2.1612E-05  2.6224E-05  2.4204E-05  3.6651E-05  3.2556E-05  2.4175E-05  2.8296E-05  1.9023E-05  1.5143E-05
       2.1713E-05  2.6868E-05  3.0717E-05  3.6627E-05  4.1462E-05  4.2491E-05  2.9449E-05  3.0494E-05  2.9564E-05  1.7168E-05
       2.4348E-05  2.8741E-05  3.9776E-05  4.3727E-05  4.0740E-05  3.9280E-05  3.4717E-05  4.1202E-05  3.7642E-05  1.9939E-05
       2.6995E-05  3.6174E-05  5.1663E-05  3.7319E-05  4.2752E-05  4.6555E-05  3.9556E-05  3.1003E-05  3.6007E-05  2.0775E-05
       2.6089E-05  3.5377E-05  4.2168E-05  4.2058E-05  4.9120E-05  4.9124E-05  3.9816E-05  4.5673E-05  3.2257E-05  2.7785E-05
       2.4970E-05  3.2258E-05  3.6370E-05  3.9210E-05  4.6895E-05  4.6117E-05  4.2436E-05  4.1755E-05  3.6344E-05  2.6619E-05
       2.6668E-05  3.0865E-05  3.9452E-05  3.9102E-05  4.7187E-05  4.0644E-05  3.9071E-05  3.5359E-05  2.9692E-05  2.6799E-05
       3.1173E-05  3.3458E-05  3.1793E-05  4.2499E-05  4.4096E-05  4.1130E-05  4.4759E-05  3.6602E-05  3.1718E-05  2.8008E-05
       1.9891E-05  2.7748E-05  3.4014E-05  3.5265E-05  3.4071E-05  3.4336E-05  3.5399E-05  2.9602E-05  3.0473E-05  2.4787E-05
       1.5812E-05  2.1307E-05  2.4612E-05  2.3249E-05  2.9903E-05  2.4501E-05  2.3844E-05  2.3959E-05  2.2023E-05  2.0065E-05

      Percentage errors follow in a matrix A(ix,iy,iz), format (1(5x,1p,10(1x,e11.4)))

       4.5174E+00  6.5165E+00  3.3382E+00  2.6208E+00  4.1313E+00  2.6951E+00  3.1088E+00  4.1918E+00  4.4820E+00  4.0717E+00
       4.3682E+00  4.1154E+00  3.3847E+00  2.9054E+00  3.4618E+00  2.6030E+00  2.9251E+00  3.6906E+00  4.3747E+00  4.5293E+00
       3.5708E+00  3.6693E+00  2.5801E+00  3.5607E+00  3.2529E+00  2.8274E+00  3.5836E+00  4.0594E+00  4.2248E+00  3.6558E+00
       3.9662E+00  3.9738E+00  5.1333E+00  3.6184E+00  3.4552E+00  3.5344E+00  3.5893E+00  3.6411E+00  3.2669E+00  4.7969E+00
       4.8947E+00  3.4768E+00  2.8567E+00  3.8429E+00  3.5490E+00  3.4987E+00  2.9044E+00  3.9768E+00  4.0760E+00  3.9697E+00
       5.3090E+00  4.4520E+00  4.0602E+00  2.9620E+00  3.7452E+00  3.4534E+00  3.5824E+00  3.9596E+00  3.0565E+00  4.4659E+00
       3.2996E+00  3.6413E+00  3.4775E+00  3.0964E+00  2.6166E+00  3.9900E+00  3.2550E+00  3.3768E+00  3.1331E+00  4.9109E+00
       3.6205E+00  4.0527E+00  3.3584E+00  3.7999E+00  3.3049E+00  3.5595E+00  4.6215E+00  3.5754E+00  3.8087E+00  3.5563E+00
       4.6256E+00  4.0296E+00  4.2276E+00  3.3146E+00  4.3373E+00  2.4661E+00  4.0731E+00  4.2222E+00  4.3697E+00  4.2242E+00
       4.7340E+00  4.2649E+00  2.7402E+00  3.8749E+00  3.5525E+00  4.0369E+00  4.0598E+00  3.9282E+00  5.2140E+00  4.9249E+00
       5.4382E+00  5.1038E+00  4.3496E+00  4.9754E+00  3.6690E+00  3.3981E+00  3.7836E+00  4.5109E+00  5.6492E+00  5.2785E+00
       4.9889E+00  3.3243E+00  3.4543E+00  2.8738E+00  3.1400E+00  3.5491E+00  4.0308E+00  3.3879E+00  6.0746E+00  4.4423E+00
       4.6935E+00  3.8039E+00  3.4969E+00  4.0400E+00  2.6780E+00  3.1019E+00  5.1932E+00  3.1364E+00  4.9112E+00  3.7040E+00
       5.7483E+00  5.0028E+00  4.4789E+00  3.4814E+00  3.4179E+00  4.0511E+00  2.9244E+00  4.0683E+00  3.3982E+00  5.8589E+00
       5.5107E+00  4.3627E+00  4.5090E+00  3.7762E+00  3.9495E+00  3.3567E+00  3.5570E+00  4.2231E+00  4.7206E+00  4.6828E+00
       5.1397E+00  4.4545E+00  3.2081E+00  3.4526E+00  4.0471E+00  3.6058E+00  3.4744E+00  2.7607E+00  4.7346E+00  3.2096E+00
       3.9127E+00  4.1862E+00  2.9769E+00  3.9491E+00  3.7064E+00  5.1503E+00  2.1764E+00  3.7924E+00  3.6358E+00  4.5702E+00
       5.3914E+00  4.5198E+00  3.6454E+00  3.8554E+00  3.3227E+00  4.2433E+00  4.1630E+00  4.2331E+00  3.8997E+00  4.4982E+00
       7.0263E+00  3.6598E+00  4.4464E+00  3.4777E+00  4.5304E+00  4.8169E+00  4.0065E+00  4.1223E+00  4.6313E+00  5.9257E+00
       3.9130E+00  5.1149E+00  4.4557E+00  5.0621E+00  3.2796E+00  3.7097E+00  4.1845E+00  4.1176E+00  4.2096E+00  5.6171E+00
       5.6476E+00  5.7746E+00  4.8367E+00  4.8826E+00  4.6044E+00  5.3502E+00  4.0914E+00  5.1550E+00  6.1260E+00  7.4238E+00
       4.8495E+00  3.9559E+00  3.5393E+00  4.0671E+00  4.9465E+00  4.2158E+00  4.9118E+00  2.7087E+00  3.7801E+00  6.1979E+00
       4.8969E+00  5.1818E+00  3.6168E+00  3.6426E+00  4.5346E+00  3.5648E+00  5.3521E+00  3.7413E+00  3.9372E+00  4.8902E+00
       5.4225E+00  3.8052E+00  3.7236E+00  4.1857E+00  3.8677E+00  4.2508E+00  4.9337E+00  4.3388E+00  4.7836E+00  6.9633E+00
       4.7713E+00  5.0806E+00  4.4388E+00  3.6906E+00  3.6464E+00  3.4758E+00  3.9720E+00  4.4290E+00  3.9248E+00  4.9612E+00
       4.9695E+00  5.1922E+00  3.6936E+00  3.1166E+00  3.2975E+00  3.6831E+00  4.0993E+00  4.1648E+00  3.5329E+00  5.5490E+00
       5.2833E+00  3.9207E+00  3.9613E+00  3.8849E+00  3.2385E+00  3.5692E+00  2.8593E+00  3.8562E+00  3.6532E+00  5.4353E+00
       7.2740E+00  2.8680E+00  4.0084E+00  4.4714E+00  4.3572E+00  4.2139E+00  4.7551E+00  4.0122E+00  5.2383E+00  5.3577E+00
       6.0060E+00  4.5578E+00  4.4769E+00  3.9849E+00  4.2451E+00  4.1836E+00  3.9913E+00  3.7305E+00  4.6280E+00  6.0810E+00
       4.8505E+00  6.3024E+00  6.4324E+00  5.4637E+00  3.9840E+00  3.2210E+00  4.1468E+00  4.4973E+00  2.9452E+00  7.7885E+00
       5.8526E+00  5.4700E+00  4.6322E+00  5.7757E+00  5.1888E+00  5.2539E+00  7.6966E+00  4.9113E+00  6.1307E+00  7.1138E+00
       5.7781E+00  5.0326E+00  4.1937E+00  5.4783E+00  4.3476E+00  3.5853E+00  5.9289E+00  4.8495E+00  6.2192E+00  5.5545E+00
       6.9907E+00  6.6660E+00  4.7302E+00  4.8758E+00  5.4817E+00  4.4853E+00  4.1287E+00  4.3933E+00  4.2313E+00  6.1776E+00
       5.4628E+00  4.4269E+00  5.1774E+00  3.8160E+00  4.6094E+00  4.5315E+00  4.1798E+00  4.6627E+00  4.5504E+00  7.0779E+00
       7.5086E+00  4.2751E+00  4.4617E+00  3.4477E+00  3.2217E+00  3.2920E+00  4.3287E+00  5.7553E+00  5.7031E+00  5.6207E+00
       5.6088E+00  5.7707E+00  4.9836E+00  4.3108E+00  3.7011E+00  5.2592E+00  4.0361E+00  4.3700E+00  4.4486E+00  5.6915E+00
       3.8913E+00  3.9911E+00  5.2113E+00  4.7399E+00  2.6481E+00  4.5072E+00  4.7685E+00  5.3123E+00  4.0429E+00  5.5770E+00
       6.2496E+00  6.1821E+00  3.4780E+00  5.7857E+00  5.5242E+00  4.7299E+00  5.1234E+00  4.5253E+00  5.3698E+00  5.2423E+00
       7.2956E+00  4.7094E+00  4.6761E+00  4.9787E+00  4.5428E+00  3.7721E+00  3.9676E+00  4.0715E+00  4.7205E+00  7.3187E+00
       5.3313E+00  5.9319E+00  4.9449E+00  5.0967E+00  5.4158E+00  5.1415E+00  5.3606E+00  5.3517E+00  5.6876E+00  6.5195E+00
       5.9460E+00  7.3882E+00  4.2840E+00  5.1770E+00  5.8793E+00  6.2984E+00  6.0340E+00  5.1438E+00  6.9522E+00  6.6749E+00
       1.0439E+01  5.5805E+00  6.4647E+00  5.1813E+00  4.7501E+00  6.3449E+00  6.3396E+00  5.4287E+00  4.9447E+00  6.3615E+00
       6.8671E+00  6.5513E+00  6.8479E+00  5.0685E+00  5.1840E+00  4.2947E+00  5.8374E+00  4.4689E+00  4.9107E+00  6.0128E+00
       8.0567E+00  6.5047E+00  5.9234E+00  5.0959E+00  5.0896E+00  5.7389E+00  4.5764E+00  4.3961E+00  6.0804E+00  5.1435E+00
       7.4215E+00  4.2338E+00  4.2003E+00  5.3579E+00  4.8390E+00  4.6728E+00  4.4917E+00  4.0253E+00  6.4595E+00  6.3181E+00
       7.2431E+00  6.2713E+00  5.3627E+00  5.6585E+00  3.6795E+00  4.6223E+00  5.9969E+00  4.5582E+00  6.3359E+00  5.5407E+00
       5.7838E+00  3.8351E+00  4.8037E+00  5.3208E+00  5.5577E+00  4.1494E+00  4.6890E+00  4.9313E+00  5.8319E+00  5.8390E+00
       4.4535E+00  6.5882E+00  3.9996E+00  4.1880E+00  5.0337E+00  6.1317E+00  4.9668E+00  4.7627E+00  5.4802E+00  6.0474E+00
       7.2441E+00  7.7850E+00  4.6222E+00  5.7191E+00  4.6977E+00  4.9327E+00  5.0045E+00  5.7160E+00  5.1783E+00  9.0663E+00
       9.0175E+00  8.0143E+00  5.2749E+00  5.9110E+00  5.2658E+00  7.7447E+00  5.9985E+00  5.6619E+00  6.1679E+00  7.3406E+00
       9.6420E+00  9.7101E+00  5.3365E+00  5.8572E+00  5.5397E+00  5.2392E+00  7.1904E+00  5.3964E+00  6.0008E+00  8.2078E+00
       6.8524E+00  4.1311E+00  6.3471E+00  7.0184E+00  6.3808E+00  5.1803E+00  6.9634E+00  7.0767E+00  6.5878E+00  7.6991E+00
       5.3992E+00  6.3151E+00  5.9076E+00  5.3727E+00  4.7972E+00  5.3824E+00  5.8997E+00  4.2225E+00  5.1471E+00  6.2156E+00
       9.5322E+00  6.3591E+00  5.5188E+00  5.9806E+00  5.9170E+00  5.1963E+00  6.0252E+00  5.1715E+00  6.9174E+00  8.6241E+00
       5.2328E+00  6.1369E+00  4.5877E+00  4.5068E+00  4.6584E+00  5.2651E+00  5.5483E+00  5.7002E+00  5.5014E+00  6.6402E+00
       7.5052E+00  7.4859E+00  5.2388E+00  3.9169E+00  5.0341E+00  5.2164E+00  3.8931E+00  6.3095E+00  4.5680E+00  6.1022E+00
       7.0718E+00  6.0772E+00  5.0617E+00  5.8747E+00  4.7643E+00  5.5730E+00  5.0420E+00  3.8332E+00  4.6129E+00  7.3804E+00
       6.2871E+00  5.6980E+00  4.4686E+00  4.4178E+00  5.4604E+00  5.5818E+00  6.5686E+00  4.4738E+00  6.2995E+00  7.1712E+00
       6.0896E+00  6.5109E+00  5.5226E+00  5.7276E+00  6.8660E+00  7.1381E+00  6.0786E+00  7.2569E+00  5.2696E+00  7.2327E+00
       9.8179E+00  7.4308E+00  6.0334E+00  4.7873E+00  8.0780E+00  5.6314E+00  6.2423E+00  6.9227E+00  6.6102E+00  1.2230E+01
       8.6583E+00  8.6894E+00  8.5364E+00  5.2830E+00  7.0917E+00  7.7422E+00  6.8202E+00  5.9965E+00  8.4127E+00  9.8623E+00
       7.7788E+00  5.1916E+00  7.8450E+00  4.9903E+00  7.7549E+00  5.5956E+00  5.6617E+00  5.8558E+00  6.9935E+00  9.9393E+00
       7.4161E+00  7.2841E+00  5.9324E+00  6.5830E+00  5.7604E+00  5.0084E+00  6.2479E+00  6.1911E+00  6.9435E+00  8.9328E+00
       7.9945E+00  6.4028E+00  6.3441E+00  6.7281E+00  4.1761E+00  3.8166E+00  7.3413E+00  6.3957E+00  7.6880E+00  1.0090E+01
       8.1134E+00  7.1415E+00  6.1684E+00  4.7056E+00  4.5412E+00  4.8450E+00  5.8963E+00  6.9398E+00  9.9390E+00  6.4119E+00
       7.4737E+00  6.8649E+00  5.7473E+00  3.3371E+00  5.6805E+00  6.6073E+00  5.1940E+00  5.7456E+00  4.5079E+00  8.2233E+00
       8.0020E+00  6.1640E+00  5.7513E+00  6.1788E+00  4.7103E+00  4.7339E+00  4.4392E+00  6.4759E+00  8.1676E+00  8.3993E+00
       6.2229E+00  5.6010E+00  4.9324E+00  6.4689E+00  7.5867E+00  4.9871E+00  5.9328E+00  7.1802E+00  8.0316E+00  8.1721E+00
       7.5773E+00  9.2616E+00  7.9347E+00  6.6843E+00  7.2517E+00  8.0917E+00  6.9974E+00  8.4543E+00  5.6286E+00  8.0344E+00
       7.5065E+00  7.9350E+00  7.3314E+00  7.3093E+00  8.1945E+00  8.4261E+00  6.4313E+00  7.0068E+00  5.9254E+00  9.9045E+00
       1.1786E+01  1.0365E+01  9.0602E+00  7.1986E+00  7.3752E+00  5.5237E+00  8.0366E+00  8.4820E+00  1.0125E+01  1.0759E+01
       9.4414E+00  7.3646E+00  5.3272E+00  7.2003E+00  5.2495E+00  5.7104E+00  6.6468E+00  7.8325E+00  7.4489E+00  9.4352E+00
       6.6327E+00  7.9095E+00  5.4896E+00  9.7476E+00  6.6224E+00  6.0746E+00  7.6158E+00  6.2749E+00  9.9708E+00  9.4118E+00
       9.0891E+00  6.5714E+00  5.1849E+00  6.3097E+00  7.8320E+00  6.1582E+00  8.1854E+00  9.2246E+00  7.7833E+00  9.5698E+00
       8.1262E+00  9.8127E+00  8.4134E+00  6.0604E+00  5.7323E+00  5.0043E+00  6.1461E+00  7.5726E+00  6.9115E+00  8.2745E+00
       9.0328E+00  8.4294E+00  6.7988E+00  5.3880E+00  7.5271E+00  5.3701E+00  7.9910E+00  7.2529E+00  4.9748E+00  9.3228E+00
       8.1720E+00  6.9256E+00  5.4236E+00  4.1981E+00  5.0528E+00  6.1183E+00  4.7880E+00  5.5295E+00  7.0676E+00  9.2143E+00
       9.7716E+00  8.0668E+00  6.1499E+00  7.6679E+00  5.6377E+00  6.7217E+00  6.0630E+00  7.5008E+00  5.7534E+00  7.5459E+00
       9.9720E+00  7.8930E+00  8.9598E+00  7.2269E+00  6.8589E+00  7.3021E+00  4.7110E+00  7.4795E+00  7.6787E+00  1.1776E+01
       1.1583E+01  9.5049E+00  7.4058E+00  9.0485E+00  8.1348E+00  8.7892E+00  8.2348E+00  9.3386E+00  8.5962E+00  1.0867E+01
       1.3011E+01  9.3332E+00  5.5875E+00  7.8779E+00  1.0540E+01  7.9461E+00  6.9146E+00  1.2266E+01  9.9285E+00  1.1180E+01
       1.0467E+01  1.0855E+01  8.4045E+00  9.1026E+00  6.6212E+00  5.8394E+00  6.5920E+00  1.1247E+01  8.2233E+00  1.1138E+01
       8.7490E+00  7.4205E+00  7.5122E+00  9.9946E+00  8.7967E+00  8.8086E+00  7.9134E+00  9.6667E+00  9.5811E+00  1.2164E+01
       8.8912E+00  8.3718E+00  1.1408E+01  6.7390E+00  1.0406E+01  6.4085E+00  7.0574E+00  9.2352E+00  7.6361E+00  1.0957E+01
       1.0198E+01  8.5540E+00  8.9506E+00  6.9851E+00  6.8584E+00  7.9685E+00  1.2343E+01  6.7955E+00  6.7428E+00  9.3112E+00
       1.0715E+01  9.6213E+00  7.6247E+00  6.3389E+00  7.8302E+00  6.8937E+00  1.0416E+01  8.3436E+00  1.0215E+01  9.2593E+00
       9.8729E+00  1.0955E+01  6.4628E+00  4.6953E+00  7.4774E+00  7.4221E+00  5.5659E+00  7.9710E+00  1.2106E+01  8.1588E+00
       9.6424E+00  8.7101E+00  6.6254E+00  6.5691E+00  5.6619E+00  7.6018E+00  7.6140E+00  9.6235E+00  7.5028E+00  9.3337E+00
       1.1801E+01  9.6628E+00  7.3491E+00  7.3890E+00  8.5572E+00  7.8900E+00  1.0054E+01  1.0308E+01  8.7783E+00  9.7575E+00
       1.3237E+01  9.7255E+00  1.0588E+01  1.0478E+01  8.0134E+00  9.4043E+00  8.6340E+00  9.6181E+00  9.8874E+00  1.0632E+01
       1.4345E+01  1.2591E+01  1.4025E+01  1.3407E+01  9.3737E+00  8.5047E+00  7.8457E+00  1.2507E+01  1.5031E+01  1.5874E+01
       1.0137E+01  1.4297E+01  1.0931E+01  8.9162E+00  7.6500E+00  8.7083E+00  1.1196E+01  1.3278E+01  1.3230E+01  1.1799E+01
       7.0978E+00  1.2018E+01  1.1832E+01  1.4323E+01  1.0634E+01  1.0295E+01  9.9137E+00  1.0183E+01  1.0443E+01  1.1079E+01
       1.1949E+01  9.2505E+00  1.1652E+01  8.6856E+00  8.2920E+00  8.1619E+00  7.0863E+00  1.0741E+01  1.0018E+01  9.4571E+00
       1.6239E+01  8.3984E+00  1.2085E+01  9.0321E+00  6.4899E+00  6.4364E+00  1.1158E+01  7.4911E+00  9.8680E+00  9.6774E+00
       8.8057E+00  1.0924E+01  7.7040E+00  9.4004E+00  8.7120E+00  9.9570E+00  9.6114E+00  9.3924E+00  9.0392E+00  9.7047E+00
       7.8828E+00  1.0361E+01  7.6678E+00  9.5343E+00  6.5122E+00  9.9007E+00  6.9835E+00  8.1492E+00  1.0266E+01  8.2550E+00
       1.2514E+01  1.1691E+01  1.1862E+01  8.5825E+00  7.7036E+00  9.2443E+00  7.4364E+00  6.0989E+00  9.4980E+00  1.0184E+01
       1.1498E+01  1.4458E+01  8.0091E+00  7.6458E+00  1.2000E+01  1.0941E+01  1.0055E+01  8.8717E+00  9.8720E+00  1.1575E+01
       1.1012E+01  9.7936E+00  9.9476E+00  1.2534E+01  8.8237E+00  1.3260E+01  1.2399E+01  7.3602E+00  1.1013E+01  1.3464E+01
