1
   Cartesian binning n.   1  "DoseEq    " , generalized particle n.  240
      X coordinate: from -8.5000E+01 to  8.5000E+01 cm,    10 bins ( 1.7000E+01 cm wide)
      Y coordinate: from -2.5000E+01 to  2.5000E+01 cm,    10 bins ( 5.0000E+00 cm wide)
      Z coordinate: from  2.2500E+02 to  2.7500E+02 cm,    10 bins ( 5.0000E+00 cm wide)
      Data follow in a matrix A(ix,iy,iz), format (1(5x,1p,10(1x,e11.4)))

      accurate deposition along the tracks requested
      this is a track-length binning
       2.8311E-04  3.6975E-04  4.0168E-04  4.3827E-04  4.5335E-04  4.3839E-04  4.3228E-04  4.0688E-04  3.4589E-04  2.8759E-04
       3.5089E-04  3.8981E-04  4.7861E-04  5.2005E-04  5.4078E-04  5.3455E-04  4.8070E-04  4.7839E-04  4.0559E-04  3.3368E-04
       3.7155E-04  4.2722E-04  5.0332E-04  5.4371E-04  5.8108E-04  5.6574E-04  5.0892E-04  4.8047E-04  4.2234E-04  3.5461E-04
       3.6769E-04  4.5148E-04  4.9801E-04  5.5229E-04  5.8283E-04  5.7462E-04  5.5473E-04  4.8317E-04  4.3497E-04  3.7307E-04
       3.7059E-04  4.4213E-04  4.8244E-04  5.4907E-04  6.0373E-04  5.7735E-04  5.4990E-04  5.0700E-04  4.3256E-04  3.7301E-04
       3.6312E-04  4.6984E-04  5.1792E-04  5.3622E-04  5.8216E-04  6.0192E-04  5.8038E-04  5.0728E-04  4.6190E-04  3.6289E-04
       3.6496E-04  4.7346E-04  4.9346E-04  5.3957E-04  5.6253E-04  5.7914E-04  5.4287E-04  5.1708E-04  4.4318E-04  3.3127E-04
       3.3947E-04  4.2372E-04  4.8958E-04  5.4588E-04  5.7446E-04  5.6913E-04  5.6054E-04  4.9534E-04  4.3141E-04  3.5712E-04
       3.4862E-04  3.9776E-04  4.7606E-04  5.1411E-04  5.6236E-04  5.2152E-04  4.9281E-04  4.7315E-04  4.1605E-04  3.4529E-04
       2.9438E-04  3.4674E-04  4.0324E-04  4.3426E-04  4.4513E-04  4.7623E-04  4.4981E-04  4.0227E-04  3.4387E-04  2.9271E-04
       2.2991E-04  2.9323E-04  3.2945E-04  3.5997E-04  3.7774E-04  3.6173E-04  3.7345E-04  3.2782E-04  2.7289E-04  2.2001E-04
       2.9072E-04  3.5665E-04  4.1553E-04  4.5436E-04  5.0045E-04  4.9343E-04  4.5409E-04  4.1989E-04  3.4075E-04  2.6823E-04
       2.9598E-04  4.1155E-04  4.5969E-04  4.9907E-04  5.4042E-04  5.3195E-04  4.9106E-04  4.3431E-04  3.8769E-04  3.0509E-04
       3.0349E-04  4.0305E-04  4.6580E-04  5.2023E-04  5.2127E-04  5.2282E-04  5.0332E-04  4.6516E-04  3.9637E-04  3.2991E-04
       3.2911E-04  4.0179E-04  4.6504E-04  5.3100E-04  5.5233E-04  5.5907E-04  5.3966E-04  4.8196E-04  4.0982E-04  3.1747E-04
       3.1272E-04  4.2969E-04  4.6945E-04  5.2764E-04  5.4489E-04  5.6691E-04  5.2239E-04  4.5516E-04  4.2562E-04  3.1085E-04
       3.0032E-04  4.2882E-04  4.6896E-04  5.0696E-04  5.2209E-04  5.3647E-04  5.3000E-04  4.5417E-04  4.2111E-04  2.9862E-04
       2.8699E-04  3.9932E-04  4.6038E-04  4.8410E-04  5.2243E-04  5.1823E-04  4.9084E-04  4.3995E-04  3.8233E-04  3.0647E-04
       2.6980E-04  3.5109E-04  4.1024E-04  4.4983E-04  4.9496E-04  4.7892E-04  4.3744E-04  4.1587E-04  3.4825E-04  2.7458E-04
       2.3194E-04  2.8887E-04  3.3373E-04  3.3640E-04  3.7180E-04  4.0494E-04  3.5463E-04  3.1055E-04  2.8913E-04  2.2750E-04
       1.6623E-04  2.3169E-04  2.3872E-04  2.8515E-04  3.0661E-04  3.0007E-04  2.7649E-04  2.6902E-04  2.2213E-04  1.7295E-04
       2.2506E-04  2.9597E-04  3.3483E-04  3.8437E-04  4.0262E-04  3.8920E-04  3.5755E-04  3.3124E-04  2.8407E-04  2.2072E-04
       2.2668E-04  3.3310E-04  3.9456E-04  4.0349E-04  4.3643E-04  4.4216E-04  4.1753E-04  3.7182E-04  3.4047E-04  2.4101E-04
       2.4776E-04  3.4856E-04  3.8739E-04  4.3748E-04  4.4496E-04  4.4751E-04  4.2476E-04  3.8728E-04  3.3439E-04  2.4968E-04
       2.4821E-04  3.3784E-04  3.9743E-04  4.5337E-04  4.6146E-04  4.7762E-04  4.4710E-04  4.0954E-04  3.4782E-04  2.4199E-04
       2.5063E-04  3.4223E-04  3.9594E-04  4.1754E-04  4.5797E-04  4.6400E-04  4.4159E-04  4.0030E-04  3.5475E-04  2.4564E-04
       2.5553E-04  3.3816E-04  3.8975E-04  4.1386E-04  4.4628E-04  4.5575E-04  4.3880E-04  3.8989E-04  3.2833E-04  2.4241E-04
       2.3683E-04  3.2723E-04  3.8390E-04  4.0435E-04  4.3198E-04  4.3092E-04  3.8967E-04  3.7776E-04  3.1132E-04  2.4455E-04
       1.9825E-04  2.8112E-04  3.3146E-04  3.5713E-04  3.8845E-04  3.8463E-04  3.5229E-04  3.4199E-04  2.7052E-04  2.2482E-04
       1.6098E-04  2.1504E-04  2.5609E-04  2.6306E-04  2.7706E-04  3.0994E-04  2.7122E-04  2.5439E-04  2.2824E-04  1.6447E-04
       1.3023E-04  1.6044E-04  1.8599E-04  2.2166E-04  2.4120E-04  2.2679E-04  2.2085E-04  2.0378E-04  1.8389E-04  1.2302E-04
       1.7706E-04  2.2876E-04  2.5863E-04  2.9510E-04  3.1506E-04  2.9410E-04  2.9397E-04  2.6533E-04  2.2278E-04  1.6217E-04
       1.7860E-04  2.4727E-04  2.9975E-04  3.3022E-04  3.2376E-04  3.3904E-04  3.3382E-04  2.8268E-04  2.6579E-04  1.8386E-04
       1.9935E-04  2.8024E-04  3.0620E-04  3.6118E-04  3.4829E-04  3.6072E-04  3.5159E-04  3.1979E-04  2.7226E-04  2.0118E-04
       1.8885E-04  2.8387E-04  3.0530E-04  3.5220E-04  3.7371E-04  3.6495E-04  3.5287E-04  3.1397E-04  2.7696E-04  1.7314E-04
       2.0289E-04  2.7807E-04  3.1412E-04  3.2456E-04  3.5596E-04  3.6934E-04  3.6067E-04  3.3381E-04  2.9204E-04  1.8798E-04
       2.0483E-04  2.8009E-04  3.1664E-04  3.3316E-04  3.7368E-04  3.5946E-04  3.4451E-04  3.2514E-04  2.6283E-04  1.8954E-04
       1.8415E-04  2.6602E-04  2.9766E-04  3.2592E-04  3.5631E-04  3.5240E-04  3.2663E-04  3.0283E-04  2.5259E-04  1.8999E-04
       1.5478E-04  2.2702E-04  2.5096E-04  2.9463E-04  3.1619E-04  3.0356E-04  2.8654E-04  2.6581E-04  2.1545E-04  1.7021E-04
       1.2364E-04  1.7505E-04  1.9879E-04  2.0838E-04  2.1799E-04  2.4730E-04  2.1574E-04  1.8684E-04  1.8108E-04  1.2178E-04
       9.1995E-05  1.4421E-04  1.4393E-04  1.6959E-04  1.7883E-04  1.6726E-04  1.5615E-04  1.5692E-04  1.3372E-04  1.0503E-04
       1.2733E-04  1.7479E-04  1.9067E-04  2.2892E-04  2.5224E-04  2.3142E-04  2.2776E-04  2.1347E-04  1.8971E-04  1.2316E-04
       1.4206E-04  2.0009E-04  2.3714E-04  2.6051E-04  2.5574E-04  2.6618E-04  2.5363E-04  2.3187E-04  2.0955E-04  1.4233E-04
       1.4833E-04  2.1332E-04  2.4388E-04  2.6754E-04  2.7136E-04  2.9092E-04  2.8158E-04  2.4542E-04  2.0724E-04  1.4406E-04
       1.4620E-04  2.1715E-04  2.5959E-04  2.8137E-04  3.0905E-04  3.1770E-04  2.8545E-04  2.5035E-04  2.1383E-04  1.3650E-04
       1.4324E-04  2.2135E-04  2.5578E-04  2.7812E-04  2.8251E-04  3.1139E-04  2.9209E-04  2.5598E-04  2.1570E-04  1.4721E-04
       1.4142E-04  2.0773E-04  2.3190E-04  2.6145E-04  2.7720E-04  2.9936E-04  2.7423E-04  2.6232E-04  1.9946E-04  1.5852E-04
       1.4200E-04  2.0001E-04  2.2916E-04  2.6188E-04  2.7222E-04  2.7179E-04  2.4424E-04  2.4565E-04  2.0960E-04  1.4363E-04
       1.2259E-04  1.7413E-04  1.9289E-04  2.2488E-04  2.5798E-04  2.3735E-04  2.3527E-04  2.0260E-04  1.8067E-04  1.3097E-04
       9.5740E-05  1.3709E-04  1.5872E-04  1.6190E-04  1.8393E-04  1.8823E-04  1.7573E-04  1.4590E-04  1.3706E-04  9.7016E-05
       7.4242E-05  1.0660E-04  1.1630E-04  1.2859E-04  1.3586E-04  1.2552E-04  1.2992E-04  1.1111E-04  1.0196E-04  7.5136E-05
       1.0057E-04  1.3084E-04  1.6216E-04  1.7602E-04  1.8547E-04  1.8305E-04  1.7869E-04  1.6360E-04  1.4121E-04  9.6965E-05
       1.1101E-04  1.3821E-04  1.8214E-04  2.0919E-04  2.0002E-04  2.0471E-04  2.0375E-04  1.9183E-04  1.6739E-04  1.1059E-04
       1.1726E-04  1.5209E-04  2.0535E-04  2.0596E-04  2.1863E-04  2.4356E-04  2.2110E-04  1.8648E-04  1.6121E-04  1.1824E-04
       1.1217E-04  1.7838E-04  2.1972E-04  2.2305E-04  2.3481E-04  2.5419E-04  2.2138E-04  1.8882E-04  1.6454E-04  1.1657E-04
       1.0342E-04  1.8296E-04  2.0195E-04  2.1840E-04  2.1340E-04  2.4738E-04  2.3985E-04  2.1085E-04  1.7047E-04  1.2087E-04
       1.1443E-04  1.6310E-04  1.9131E-04  2.0779E-04  2.1586E-04  2.1860E-04  2.2245E-04  2.0116E-04  1.7006E-04  1.0790E-04
       1.0900E-04  1.4819E-04  1.6264E-04  1.8449E-04  2.2209E-04  2.0974E-04  2.1330E-04  1.8982E-04  1.6543E-04  1.0935E-04
       9.5944E-05  1.3867E-04  1.5064E-04  1.7864E-04  1.9295E-04  1.7862E-04  1.7704E-04  1.5828E-04  1.3644E-04  1.0281E-04
       7.9376E-05  1.0667E-04  1.1832E-04  1.2954E-04  1.4309E-04  1.3389E-04  1.4074E-04  1.2868E-04  1.1034E-04  6.6754E-05
       5.8345E-05  8.0505E-05  8.9661E-05  1.0399E-04  1.1122E-04  1.1121E-04  1.0322E-04  9.4260E-05  8.5926E-05  5.7320E-05
       7.5602E-05  1.0445E-04  1.2561E-04  1.2700E-04  1.4060E-04  1.4781E-04  1.4028E-04  1.2156E-04  1.0301E-04  7.1706E-05
       8.3713E-05  1.0982E-04  1.3282E-04  1.5510E-04  1.5296E-04  1.6566E-04  1.6478E-04  1.3696E-04  1.3105E-04  9.6834E-05
       9.2287E-05  1.2809E-04  1.6494E-04  1.6313E-04  1.6549E-04  1.8167E-04  1.6662E-04  1.5079E-04  1.3163E-04  8.5391E-05
       8.4862E-05  1.3392E-04  1.5937E-04  1.6845E-04  1.8191E-04  1.8924E-04  1.6762E-04  1.5628E-04  1.4134E-04  9.7979E-05
       8.8271E-05  1.4137E-04  1.6120E-04  1.7705E-04  1.8101E-04  1.7882E-04  1.7584E-04  1.7489E-04  1.3682E-04  9.2568E-05
       8.6877E-05  1.2882E-04  1.4904E-04  1.6866E-04  1.7134E-04  1.6736E-04  1.6799E-04  1.5379E-04  1.3859E-04  9.2278E-05
       8.4201E-05  1.1737E-04  1.2739E-04  1.3756E-04  1.6573E-04  1.5503E-04  1.5882E-04  1.5153E-04  1.1279E-04  8.1720E-05
       8.1017E-05  1.0750E-04  1.1705E-04  1.3618E-04  1.5435E-04  1.4681E-04  1.3712E-04  1.3092E-04  9.9068E-05  7.0010E-05
       5.6735E-05  8.5582E-05  8.8158E-05  9.9007E-05  1.1020E-04  1.0035E-04  9.2602E-05  9.5553E-05  8.0243E-05  5.4090E-05
       5.2991E-05  6.0796E-05  7.4425E-05  7.2221E-05  7.9601E-05  8.5260E-05  8.0965E-05  6.4758E-05  6.1127E-05  4.1790E-05
       6.2412E-05  8.3093E-05  9.6454E-05  1.0108E-04  1.0570E-04  1.0607E-04  1.0090E-04  9.1059E-05  8.2275E-05  5.2872E-05
       7.1717E-05  9.3660E-05  1.0138E-04  1.1927E-04  1.2835E-04  1.1714E-04  1.3268E-04  1.0788E-04  9.6558E-05  6.8924E-05
       7.2399E-05  1.0513E-04  1.2088E-04  1.3401E-04  1.3740E-04  1.3631E-04  1.2692E-04  1.1769E-04  1.0443E-04  6.9834E-05
       7.3371E-05  1.0581E-04  1.1494E-04  1.3620E-04  1.4687E-04  1.3998E-04  1.2448E-04  1.2828E-04  1.0159E-04  6.4724E-05
       7.1411E-05  1.0861E-04  1.1542E-04  1.5420E-04  1.4214E-04  1.3073E-04  1.2181E-04  1.2310E-04  9.8652E-05  7.0561E-05
       7.6717E-05  1.0481E-04  1.1730E-04  1.2817E-04  1.3805E-04  1.4146E-04  1.1553E-04  1.1204E-04  1.0549E-04  6.3443E-05
       7.2018E-05  9.7641E-05  1.0336E-04  1.0887E-04  1.2179E-04  1.1773E-04  1.1432E-04  1.1107E-04  9.4496E-05  6.6821E-05
       5.8365E-05  8.3443E-05  9.3950E-05  9.5584E-05  1.0026E-04  1.1205E-04  1.1009E-04  9.5429E-05  7.6008E-05  5.7162E-05
       5.0964E-05  6.3080E-05  7.6293E-05  7.3524E-05  8.4938E-05  7.8840E-05  7.5782E-05  7.3488E-05  5.8329E-05  4.2695E-05
       4.2567E-05  4.7507E-05  5.6926E-05  5.8343E-05  6.2543E-05  5.9444E-05  5.3877E-05  5.5427E-05  4.6945E-05  3.2126E-05
       4.7930E-05  7.4713E-05  6.7706E-05  7.2156E-05  7.4235E-05  7.5008E-05  6.8944E-05  6.8149E-05  6.1685E-05  4.3833E-05
       5.5824E-05  8.1170E-05  7.7767E-05  9.0123E-05  9.2765E-05  9.6691E-05  9.1503E-05  7.2698E-05  7.1613E-05  5.4788E-05
       5.8542E-05  8.1776E-05  9.0370E-05  1.0016E-04  1.0391E-04  9.8427E-05  9.4808E-05  7.8697E-05  7.1787E-05  5.6668E-05
       5.4777E-05  8.2449E-05  8.6171E-05  1.1447E-04  9.5314E-05  1.0711E-04  1.0363E-04  9.2345E-05  8.1361E-05  4.8118E-05
       4.9085E-05  8.4359E-05  8.6523E-05  1.0291E-04  1.0213E-04  9.9749E-05  8.8163E-05  8.9592E-05  7.0934E-05  4.5768E-05
       6.0564E-05  7.2782E-05  8.4113E-05  9.1097E-05  1.1662E-04  1.0121E-04  9.0145E-05  8.6983E-05  8.0284E-05  4.7061E-05
       6.6877E-05  7.1222E-05  7.5931E-05  8.5532E-05  9.3360E-05  8.1120E-05  8.9472E-05  8.2356E-05  7.6542E-05  4.7369E-05
       5.5345E-05  5.9879E-05  7.6120E-05  7.5492E-05  7.6574E-05  8.4729E-05  8.2227E-05  7.5821E-05  5.6847E-05  4.7999E-05
       4.0389E-05  5.0781E-05  5.8909E-05  5.8030E-05  6.6402E-05  6.2064E-05  5.6410E-05  6.2056E-05  4.4736E-05  3.6712E-05
       3.4909E-05  3.6235E-05  4.4329E-05  4.7000E-05  4.5928E-05  4.0765E-05  4.4027E-05  4.3906E-05  3.7014E-05  2.8200E-05
       3.6827E-05  5.0424E-05  5.3666E-05  5.7375E-05  5.4724E-05  6.0144E-05  4.9974E-05  4.4608E-05  4.3355E-05  3.7472E-05
       4.3054E-05  5.4153E-05  6.0018E-05  6.3369E-05  6.6476E-05  6.9238E-05  6.2666E-05  5.7010E-05  4.8335E-05  3.7985E-05
       3.9412E-05  5.7154E-05  5.7240E-05  5.9247E-05  7.7004E-05  7.6473E-05  6.5187E-05  5.5778E-05  5.5299E-05  3.6421E-05
       3.8137E-05  5.8015E-05  6.5760E-05  7.2126E-05  6.6616E-05  7.1883E-05  6.2649E-05  5.7833E-05  5.4532E-05  4.2322E-05
       4.2754E-05  5.8769E-05  5.8389E-05  6.7221E-05  7.4736E-05  7.6225E-05  7.5145E-05  6.5512E-05  5.4673E-05  3.7031E-05
       3.9306E-05  5.2364E-05  6.0948E-05  5.8137E-05  7.4997E-05  6.4076E-05  6.6836E-05  6.3949E-05  4.9855E-05  3.5699E-05
       4.7409E-05  4.7745E-05  6.3976E-05  6.2018E-05  6.7584E-05  6.0399E-05  7.1725E-05  5.6409E-05  5.3700E-05  3.4132E-05
       3.7265E-05  4.6898E-05  5.2875E-05  5.4510E-05  5.6585E-05  5.9736E-05  5.4960E-05  5.3031E-05  3.8443E-05  3.7074E-05
       2.7464E-05  3.9426E-05  4.0478E-05  4.4398E-05  4.0653E-05  4.7540E-05  4.7581E-05  4.6794E-05  3.7130E-05  2.8514E-05

      Percentage errors follow in a matrix A(ix,iy,iz), format (1(5x,1p,10(1x,e11.4)))

       4.0348E+00  3.6012E+00  3.0636E+00  2.9552E+00  3.0771E+00  2.1382E+00  3.1607E+00  2.7253E+00  3.5047E+00  2.6999E+00
       3.3669E+00  2.9933E+00  2.7948E+00  3.1186E+00  2.5980E+00  2.7855E+00  2.6037E+00  2.6410E+00  2.1335E+00  2.7148E+00
       2.3801E+00  2.9252E+00  3.1265E+00  2.1776E+00  2.0528E+00  2.0895E+00  2.1864E+00  3.0111E+00  2.2260E+00  2.8297E+00
       2.9073E+00  3.4197E+00  2.7295E+00  2.5003E+00  2.4359E+00  2.3143E+00  2.6792E+00  2.4540E+00  2.5222E+00  2.8435E+00
       2.8263E+00  2.8145E+00  3.1214E+00  2.1120E+00  2.6215E+00  3.0318E+00  2.5749E+00  2.5245E+00  2.4172E+00  2.6974E+00
       3.7850E+00  2.9278E+00  2.9985E+00  2.8799E+00  2.5252E+00  2.7345E+00  2.3852E+00  1.7924E+00  2.7695E+00  3.6709E+00
       3.9146E+00  2.6476E+00  2.4099E+00  2.5257E+00  1.6559E+00  2.5863E+00  3.0784E+00  2.4180E+00  3.0092E+00  2.6608E+00
       3.1051E+00  2.8923E+00  2.4204E+00  2.2554E+00  1.7884E+00  2.4993E+00  3.0826E+00  2.8021E+00  3.4109E+00  3.5291E+00
       3.3950E+00  2.9567E+00  2.5529E+00  2.9511E+00  2.1487E+00  3.2998E+00  2.0894E+00  3.0215E+00  3.1175E+00  4.1645E+00
       3.1087E+00  2.9237E+00  1.7337E+00  2.7478E+00  3.0344E+00  2.7787E+00  3.1756E+00  2.4425E+00  2.7689E+00  2.6491E+00
       5.0873E+00  3.2202E+00  3.4815E+00  3.6855E+00  2.6836E+00  2.4744E+00  2.9907E+00  2.1316E+00  2.8764E+00  3.7100E+00
       3.7793E+00  2.7778E+00  3.6832E+00  4.0013E+00  2.6920E+00  2.2207E+00  2.9362E+00  2.7166E+00  3.4385E+00  3.6308E+00
       3.1275E+00  2.9773E+00  2.2699E+00  2.4313E+00  2.9453E+00  2.0560E+00  2.8184E+00  2.7259E+00  3.1599E+00  2.8032E+00
       3.8091E+00  3.9944E+00  2.6801E+00  2.4968E+00  2.5409E+00  2.8683E+00  3.2462E+00  2.7762E+00  2.2677E+00  1.7361E+00
       2.6085E+00  3.1686E+00  2.6015E+00  2.8398E+00  2.6524E+00  3.6912E+00  2.2568E+00  2.5543E+00  2.8445E+00  3.3365E+00
       2.9907E+00  3.4477E+00  2.9803E+00  2.9871E+00  2.5437E+00  2.5544E+00  2.9473E+00  2.7076E+00  2.3813E+00  3.7750E+00
       3.4794E+00  2.9026E+00  2.4957E+00  2.7426E+00  2.2454E+00  2.9028E+00  2.5314E+00  2.7832E+00  2.6707E+00  4.0939E+00
       2.8066E+00  3.7985E+00  3.1686E+00  2.9558E+00  2.3618E+00  3.1935E+00  2.5999E+00  2.7553E+00  3.8762E+00  3.5329E+00
       4.1222E+00  2.2940E+00  2.8493E+00  3.4343E+00  2.7043E+00  2.6269E+00  2.1142E+00  3.8135E+00  4.2318E+00  3.4479E+00
       3.9794E+00  3.2279E+00  3.3717E+00  2.4314E+00  3.3413E+00  3.2313E+00  3.2160E+00  3.2621E+00  3.1144E+00  4.0142E+00
       4.9768E+00  4.8467E+00  3.0819E+00  3.9030E+00  4.2715E+00  2.0784E+00  3.8350E+00  4.0169E+00  4.1834E+00  4.3833E+00
       3.0892E+00  3.6432E+00  3.2009E+00  3.8703E+00  3.0309E+00  1.8166E+00  2.9141E+00  3.3542E+00  3.6618E+00  3.9536E+00
       4.1329E+00  3.2618E+00  2.8010E+00  2.5743E+00  2.6557E+00  3.2243E+00  3.5248E+00  2.7340E+00  3.5613E+00  3.4576E+00
       5.0697E+00  3.9906E+00  2.9417E+00  2.6479E+00  3.8873E+00  2.3828E+00  3.2275E+00  4.0054E+00  3.2488E+00  3.9869E+00
       3.8151E+00  4.1772E+00  3.9606E+00  2.9285E+00  2.0353E+00  2.8441E+00  2.2955E+00  2.6746E+00  3.0760E+00  4.3395E+00
       4.3542E+00  3.7632E+00  2.6512E+00  2.6737E+00  3.0231E+00  2.8134E+00  2.6930E+00  3.2944E+00  3.2911E+00  4.5817E+00
       3.7215E+00  2.7889E+00  3.2313E+00  2.7016E+00  3.2465E+00  3.0679E+00  2.7787E+00  2.8034E+00  3.0384E+00  3.6603E+00
       4.8447E+00  2.9976E+00  3.2032E+00  3.0242E+00  2.2946E+00  2.9978E+00  3.0867E+00  3.1049E+00  2.9878E+00  4.3836E+00
       2.8516E+00  4.2194E+00  3.2585E+00  3.9426E+00  2.8722E+00  2.6033E+00  2.9424E+00  3.5504E+00  3.3943E+00  4.0623E+00
       4.4316E+00  3.8094E+00  4.0197E+00  2.9407E+00  2.7262E+00  2.4770E+00  3.9327E+00  3.2321E+00  3.2236E+00  5.5763E+00
       6.4579E+00  5.3295E+00  4.0117E+00  3.9909E+00  3.9997E+00  2.7250E+00  3.4146E+00  5.1616E+00  4.6254E+00  5.3144E+00
       2.9843E+00  3.2374E+00  3.8302E+00  4.1590E+00  3.2685E+00  3.5240E+00  3.4626E+00  3.2068E+00  4.0612E+00  4.6428E+00
       5.2065E+00  4.1751E+00  3.3716E+00  3.2626E+00  2.9648E+00  3.2077E+00  4.5496E+00  4.5758E+00  4.3973E+00  5.0447E+00
       4.0322E+00  2.8836E+00  3.0939E+00  2.5573E+00  4.0342E+00  3.7046E+00  3.8881E+00  4.5810E+00  3.4973E+00  5.5306E+00
       5.1748E+00  3.5701E+00  3.4370E+00  2.6822E+00  2.8665E+00  3.0922E+00  3.2002E+00  3.1648E+00  3.8300E+00  5.0161E+00
       5.2151E+00  4.1522E+00  3.4527E+00  3.6525E+00  3.2768E+00  3.3835E+00  2.2090E+00  2.1955E+00  4.0589E+00  5.2188E+00
       3.9418E+00  3.4277E+00  3.5882E+00  4.6230E+00  3.9727E+00  2.7875E+00  2.8673E+00  3.4217E+00  3.1415E+00  2.9969E+00
       6.3325E+00  3.1512E+00  3.5362E+00  3.3173E+00  2.8414E+00  3.3162E+00  2.8789E+00  3.7347E+00  3.4467E+00  5.0830E+00
       5.1487E+00  4.3078E+00  3.3197E+00  3.9621E+00  3.2934E+00  3.3248E+00  2.6227E+00  3.0569E+00  4.9239E+00  4.9421E+00
       6.8894E+00  6.0188E+00  3.8328E+00  3.2808E+00  3.3389E+00  3.3867E+00  3.7254E+00  3.7211E+00  5.4520E+00  5.8407E+00
       5.3272E+00  4.6101E+00  4.0928E+00  4.9931E+00  3.2303E+00  5.8796E+00  4.7222E+00  5.2579E+00  5.0637E+00  6.8246E+00
       5.4406E+00  4.0826E+00  3.6499E+00  2.4642E+00  4.9048E+00  3.9029E+00  4.2970E+00  3.9899E+00  4.8361E+00  4.0530E+00
       6.2470E+00  4.7741E+00  3.9020E+00  3.5988E+00  3.4170E+00  2.9273E+00  3.8509E+00  3.9122E+00  5.4512E+00  4.2463E+00
       5.3234E+00  2.8506E+00  4.0832E+00  2.8433E+00  4.7342E+00  2.2566E+00  3.8543E+00  4.9058E+00  4.7744E+00  4.6202E+00
       5.0791E+00  4.0758E+00  2.9356E+00  3.8888E+00  3.4578E+00  1.6136E+00  2.9796E+00  3.4686E+00  5.2536E+00  4.1845E+00
       5.4523E+00  4.8399E+00  3.6066E+00  3.8234E+00  3.8412E+00  3.5992E+00  2.7295E+00  2.1568E+00  3.4544E+00  5.8368E+00
       5.5064E+00  4.3605E+00  4.2064E+00  4.1554E+00  3.7913E+00  3.3305E+00  4.1327E+00  4.6042E+00  2.9262E+00  4.9892E+00
       4.7292E+00  4.1931E+00  3.7932E+00  3.7976E+00  3.4585E+00  2.9496E+00  2.4449E+00  4.0875E+00  3.5533E+00  4.4795E+00
       5.4865E+00  4.8480E+00  2.9784E+00  5.5951E+00  2.8459E+00  3.2539E+00  4.2752E+00  2.8221E+00  4.6806E+00  5.2114E+00
       5.8835E+00  6.6088E+00  4.3622E+00  4.3833E+00  3.8138E+00  4.6843E+00  3.9952E+00  4.2636E+00  5.6446E+00  7.7999E+00
       6.3953E+00  5.8073E+00  5.3358E+00  6.1515E+00  4.6496E+00  4.3557E+00  7.0924E+00  5.1198E+00  5.2979E+00  7.0965E+00
       5.2690E+00  3.7568E+00  3.9184E+00  3.7140E+00  4.1165E+00  5.0437E+00  5.2413E+00  5.0056E+00  5.3903E+00  4.8084E+00
       6.4609E+00  4.3249E+00  4.2497E+00  3.3106E+00  3.6675E+00  4.5110E+00  5.3786E+00  4.5076E+00  4.3980E+00  4.7525E+00
       4.3068E+00  4.8023E+00  3.1021E+00  4.2167E+00  5.3461E+00  3.4528E+00  5.2312E+00  3.8033E+00  5.5666E+00  3.6231E+00
       4.5537E+00  4.4642E+00  2.7869E+00  4.0898E+00  3.2215E+00  3.6160E+00  4.8668E+00  4.4423E+00  4.9894E+00  5.3810E+00
       4.9349E+00  4.2361E+00  3.8956E+00  3.9157E+00  3.1931E+00  2.9072E+00  3.5532E+00  4.1142E+00  5.8439E+00  4.2157E+00
       4.3572E+00  4.3379E+00  4.4465E+00  5.0736E+00  4.2320E+00  3.6044E+00  5.0383E+00  3.9272E+00  3.3281E+00  5.3082E+00
       6.8765E+00  4.7126E+00  4.6724E+00  4.6968E+00  4.3375E+00  2.2765E+00  4.2683E+00  4.5434E+00  4.7895E+00  4.1725E+00
       6.1053E+00  4.7407E+00  3.5925E+00  5.0426E+00  3.0136E+00  5.4006E+00  4.2661E+00  4.2874E+00  3.9678E+00  5.2586E+00
       7.2252E+00  5.6604E+00  4.5322E+00  4.7102E+00  4.9248E+00  6.3726E+00  5.8179E+00  5.2217E+00  6.4137E+00  6.5473E+00
       8.7258E+00  4.8643E+00  6.1341E+00  6.5768E+00  5.2771E+00  5.1926E+00  6.7402E+00  6.0634E+00  6.3137E+00  6.0357E+00
       7.6655E+00  3.9617E+00  6.5682E+00  6.9016E+00  5.6474E+00  4.5887E+00  5.6589E+00  4.7545E+00  6.0364E+00  4.8793E+00
       6.5694E+00  5.2863E+00  5.3450E+00  4.7887E+00  3.3657E+00  4.1020E+00  5.3558E+00  5.6353E+00  4.8029E+00  7.1338E+00
       5.4493E+00  6.5525E+00  4.1901E+00  4.8306E+00  5.3382E+00  4.0804E+00  4.7006E+00  3.6530E+00  5.5800E+00  6.4377E+00
       5.4601E+00  5.0333E+00  4.0446E+00  4.6513E+00  3.4513E+00  3.1607E+00  4.6027E+00  4.4235E+00  3.7263E+00  7.5367E+00
       5.8180E+00  4.6460E+00  5.1460E+00  3.7278E+00  4.9602E+00  4.1655E+00  3.3823E+00  4.1216E+00  6.7550E+00  5.7944E+00
       5.4856E+00  5.5255E+00  5.8948E+00  5.7532E+00  3.3051E+00  4.1953E+00  3.7409E+00  4.2075E+00  3.2032E+00  8.3826E+00
       7.7805E+00  6.2596E+00  4.7213E+00  5.9778E+00  4.1825E+00  4.1395E+00  5.1703E+00  4.3247E+00  6.6417E+00  4.7724E+00
       8.0467E+00  5.9902E+00  6.5197E+00  5.4068E+00  4.3973E+00  4.5080E+00  4.3896E+00  5.7476E+00  7.0103E+00  6.6574E+00
       7.6308E+00  5.8792E+00  6.4936E+00  5.5141E+00  5.6298E+00  5.2264E+00  6.0142E+00  5.1945E+00  6.6634E+00  8.5505E+00
       5.2111E+00  9.6641E+00  5.3772E+00  6.2399E+00  8.1057E+00  5.1987E+00  7.7617E+00  5.4177E+00  6.1711E+00  5.8219E+00
       8.1394E+00  5.5146E+00  7.9440E+00  5.7523E+00  7.2615E+00  4.5975E+00  3.9602E+00  5.9721E+00  4.9485E+00  8.0560E+00
       7.0552E+00  6.2975E+00  5.3874E+00  6.1880E+00  5.5885E+00  4.0412E+00  5.4791E+00  6.8260E+00  5.5803E+00  8.5981E+00
       5.6891E+00  5.5846E+00  6.0672E+00  4.2379E+00  5.2791E+00  4.5998E+00  5.9111E+00  4.5550E+00  5.2472E+00  8.7532E+00
       5.7187E+00  5.7297E+00  5.7997E+00  5.0646E+00  5.7157E+00  4.3790E+00  5.6622E+00  5.5368E+00  4.7100E+00  8.1466E+00
       5.9060E+00  4.9961E+00  4.5154E+00  4.2503E+00  5.3862E+00  6.3997E+00  5.4523E+00  4.8253E+00  8.3080E+00  8.9983E+00
       6.7070E+00  5.8309E+00  5.7701E+00  5.8910E+00  4.0044E+00  6.1051E+00  5.7038E+00  4.7101E+00  4.9317E+00  7.8957E+00
       9.2757E+00  6.0735E+00  4.5222E+00  4.2915E+00  5.8377E+00  6.3885E+00  6.4928E+00  4.9546E+00  6.3032E+00  5.0297E+00
       7.3530E+00  4.7782E+00  4.4392E+00  6.1816E+00  4.5233E+00  7.0174E+00  5.3637E+00  8.6050E+00  8.7223E+00  6.8045E+00
       9.8237E+00  6.3349E+00  5.5947E+00  5.5918E+00  6.9847E+00  8.3980E+00  6.2385E+00  7.0742E+00  7.4804E+00  1.1207E+01
       6.8997E+00  1.0836E+01  8.2125E+00  6.6616E+00  6.8241E+00  5.3527E+00  7.6617E+00  6.2212E+00  6.9431E+00  8.0858E+00
       7.8016E+00  7.4737E+00  8.6973E+00  1.0270E+01  8.7510E+00  7.2133E+00  5.3446E+00  7.2864E+00  7.9584E+00  9.7474E+00
       9.2372E+00  7.6811E+00  5.8452E+00  5.5745E+00  7.2370E+00  6.1058E+00  4.0235E+00  8.8140E+00  6.1595E+00  7.3097E+00
       7.1152E+00  8.9465E+00  5.7475E+00  7.5887E+00  6.2879E+00  6.4392E+00  6.2739E+00  8.1846E+00  7.8015E+00  7.6278E+00
       8.9948E+00  4.4192E+00  7.1001E+00  5.2731E+00  6.2188E+00  5.7231E+00  6.8033E+00  4.7889E+00  5.0183E+00  8.5444E+00
       8.4886E+00  6.3792E+00  6.6061E+00  5.6473E+00  4.5339E+00  7.0799E+00  7.2567E+00  5.8643E+00  7.6207E+00  8.8839E+00
       5.9516E+00  7.3508E+00  5.6597E+00  6.1049E+00  4.0928E+00  7.1523E+00  7.4896E+00  5.6543E+00  6.4079E+00  7.2824E+00
       7.9629E+00  8.1520E+00  5.6280E+00  7.6955E+00  8.2435E+00  6.2796E+00  7.5736E+00  5.4928E+00  8.4607E+00  7.3266E+00
       9.7367E+00  6.1638E+00  7.5253E+00  6.0421E+00  6.4809E+00  6.7823E+00  5.5878E+00  5.1531E+00  8.4011E+00  8.1706E+00
       9.6156E+00  9.1287E+00  7.6216E+00  6.0433E+00  7.8793E+00  7.2841E+00  7.3790E+00  7.1730E+00  1.0401E+01  9.4282E+00
       1.2657E+01  1.0419E+01  7.5315E+00  8.4096E+00  7.8867E+00  9.2551E+00  6.9031E+00  7.7925E+00  1.0074E+01  1.0035E+01
       1.0453E+01  8.7946E+00  6.5421E+00  1.0619E+01  8.7399E+00  7.4670E+00  8.0622E+00  1.0292E+01  9.2384E+00  7.9218E+00
       7.7170E+00  7.0303E+00  7.1814E+00  7.1362E+00  6.8027E+00  5.5742E+00  7.2451E+00  7.6275E+00  8.9351E+00  6.5073E+00
       9.5341E+00  7.0684E+00  5.8721E+00  1.1840E+01  5.5381E+00  8.3433E+00  4.7605E+00  8.6523E+00  5.5220E+00  8.2185E+00
       1.0135E+01  6.8964E+00  7.9587E+00  6.7598E+00  8.2767E+00  5.1186E+00  6.3913E+00  5.0940E+00  6.9850E+00  1.1260E+01
       8.1748E+00  7.1137E+00  7.0588E+00  6.8013E+00  5.7476E+00  6.9018E+00  7.7697E+00  5.0098E+00  8.7584E+00  9.7745E+00
       9.7506E+00  5.9395E+00  6.4202E+00  7.8469E+00  7.5882E+00  4.8116E+00  8.0407E+00  5.8054E+00  8.8594E+00  7.5567E+00
       8.9142E+00  6.0569E+00  7.7529E+00  8.2788E+00  6.4479E+00  5.6775E+00  7.7645E+00  5.8729E+00  8.6448E+00  1.2218E+01
       1.1026E+01  8.9064E+00  5.6607E+00  6.8580E+00  7.6627E+00  5.3320E+00  7.6603E+00  6.9355E+00  9.8745E+00  1.2500E+01
       1.0900E+01  8.3096E+00  6.5867E+00  7.1992E+00  1.0107E+01  7.7011E+00  9.1646E+00  9.5354E+00  1.0322E+01  1.0595E+01
