1
   Cartesian binning n.   1  "DoseEq    " , generalized particle n.  240
      X coordinate: from -8.5000E+01 to  8.5000E+01 cm,    10 bins ( 1.7000E+01 cm wide)
      Y coordinate: from -2.5000E+01 to  2.5000E+01 cm,    10 bins ( 5.0000E+00 cm wide)
      Z coordinate: from  2.2500E+02 to  2.7500E+02 cm,    10 bins ( 5.0000E+00 cm wide)
      Data follow in a matrix A(ix,iy,iz), format (1(5x,1p,10(1x,e11.4)))

      accurate deposition along the tracks requested
      this is a track-length binning
       9.0506E-05  1.1500E-04  1.2791E-04  1.4544E-04  1.4658E-04  1.4677E-04  1.4810E-04  1.3261E-04  1.0481E-04  9.1368E-05
       9.5788E-05  1.1841E-04  1.3984E-04  1.5623E-04  1.6718E-04  1.7990E-04  1.5572E-04  1.4761E-04  1.2561E-04  1.0615E-04
       9.8587E-05  1.3884E-04  1.4891E-04  1.6042E-04  1.7690E-04  1.7710E-04  1.7277E-04  1.7278E-04  1.3466E-04  1.1094E-04
       1.1655E-04  1.3493E-04  1.4630E-04  1.6935E-04  1.7536E-04  1.8504E-04  1.8329E-04  1.7045E-04  1.3253E-04  1.0630E-04
       1.1987E-04  1.3994E-04  1.5416E-04  1.8312E-04  1.8603E-04  1.8162E-04  1.7455E-04  1.6274E-04  1.3563E-04  1.0166E-04
       1.1375E-04  1.4159E-04  1.5793E-04  1.7344E-04  1.9222E-04  1.8705E-04  1.7614E-04  1.5883E-04  1.4259E-04  1.0571E-04
       1.1544E-04  1.4637E-04  1.4663E-04  1.6718E-04  1.8127E-04  1.9969E-04  1.6805E-04  1.6069E-04  1.4434E-04  1.1502E-04
       1.2129E-04  1.3763E-04  1.5007E-04  1.6431E-04  1.8165E-04  1.9589E-04  1.7870E-04  1.4879E-04  1.3886E-04  1.0218E-04
       1.1391E-04  1.2817E-04  1.4605E-04  1.5128E-04  1.6490E-04  1.7696E-04  1.6167E-04  1.4847E-04  1.3440E-04  1.0407E-04
       8.9035E-05  1.2017E-04  1.4019E-04  1.3612E-04  1.4451E-04  1.4820E-04  1.4764E-04  1.2880E-04  1.2274E-04  9.3249E-05
       7.4282E-05  1.0149E-04  1.1301E-04  1.2106E-04  1.3585E-04  1.3671E-04  1.3551E-04  1.2470E-04  8.9826E-05  7.9638E-05
       9.5859E-05  1.1370E-04  1.3523E-04  1.4948E-04  1.6022E-04  1.6985E-04  1.5223E-04  1.4728E-04  1.2743E-04  9.7324E-05
       9.7859E-05  1.3319E-04  1.5723E-04  1.6307E-04  1.7597E-04  1.6635E-04  1.7711E-04  1.5621E-04  1.2648E-04  1.0511E-04
       1.1117E-04  1.2576E-04  1.4705E-04  1.7140E-04  1.6317E-04  1.7021E-04  1.7111E-04  1.5987E-04  1.3890E-04  1.0355E-04
       1.2013E-04  1.3465E-04  1.5599E-04  1.7301E-04  1.8023E-04  1.8354E-04  1.7841E-04  1.6282E-04  1.3916E-04  9.9054E-05
       1.0848E-04  1.3674E-04  1.5792E-04  1.7348E-04  1.8957E-04  1.8367E-04  1.7230E-04  1.6389E-04  1.3348E-04  1.0195E-04
       1.1364E-04  1.4684E-04  1.5903E-04  1.7076E-04  1.8851E-04  2.0197E-04  1.7782E-04  1.5274E-04  1.3766E-04  1.0112E-04
       1.0441E-04  1.4263E-04  1.5119E-04  1.7001E-04  1.8800E-04  1.8765E-04  1.7146E-04  1.6059E-04  1.3502E-04  9.9671E-05
       1.0679E-04  1.2063E-04  1.3871E-04  1.4642E-04  1.6255E-04  1.6632E-04  1.5270E-04  1.4190E-04  1.3156E-04  9.3857E-05
       8.1897E-05  9.8574E-05  1.1464E-04  1.2271E-04  1.2395E-04  1.3991E-04  1.3659E-04  1.1501E-04  1.0172E-04  8.1091E-05
       6.3308E-05  7.6117E-05  8.7890E-05  9.6322E-05  1.2169E-04  1.1691E-04  1.0518E-04  9.0918E-05  7.6997E-05  6.0537E-05
       8.0817E-05  1.0597E-04  1.2257E-04  1.2869E-04  1.4239E-04  1.3215E-04  1.3904E-04  1.2187E-04  9.9822E-05  8.2349E-05
       8.4991E-05  1.1379E-04  1.4183E-04  1.4508E-04  1.6825E-04  1.3385E-04  1.6066E-04  1.3685E-04  1.1190E-04  9.1408E-05
       9.1926E-05  1.1646E-04  1.2791E-04  1.4954E-04  1.6209E-04  1.4830E-04  1.6087E-04  1.5091E-04  1.1777E-04  9.6831E-05
       9.1894E-05  1.1546E-04  1.4993E-04  1.6390E-04  1.7183E-04  1.6315E-04  1.6080E-04  1.3933E-04  1.2225E-04  8.6646E-05
       8.2813E-05  1.2065E-04  1.3534E-04  1.5635E-04  1.7024E-04  1.6655E-04  1.5549E-04  1.4283E-04  1.2561E-04  8.8689E-05
       8.4862E-05  1.2308E-04  1.3489E-04  1.4337E-04  1.7340E-04  1.7939E-04  1.5227E-04  1.4165E-04  1.2783E-04  9.1864E-05
       8.1147E-05  1.1549E-04  1.2534E-04  1.4396E-04  1.6478E-04  1.6233E-04  1.5178E-04  1.4240E-04  1.1927E-04  8.7330E-05
       7.9709E-05  1.1120E-04  1.2515E-04  1.2750E-04  1.3440E-04  1.4956E-04  1.3755E-04  1.2677E-04  1.1088E-04  7.8156E-05
       6.9587E-05  7.9852E-05  9.7152E-05  9.5656E-05  1.0758E-04  1.2095E-04  1.0744E-04  9.2871E-05  8.0738E-05  6.3354E-05
       5.3429E-05  6.4676E-05  6.2396E-05  7.8330E-05  9.9079E-05  8.3008E-05  7.7752E-05  7.6841E-05  6.5618E-05  4.7297E-05
       6.5393E-05  8.4315E-05  9.7462E-05  1.0670E-04  1.2695E-04  1.0395E-04  1.1010E-04  1.0604E-04  8.4736E-05  6.1886E-05
       6.1707E-05  8.9490E-05  1.1070E-04  1.2562E-04  1.4317E-04  1.2175E-04  1.2680E-04  1.2021E-04  9.3289E-05  7.4373E-05
       6.8789E-05  1.0634E-04  1.1216E-04  1.3692E-04  1.4486E-04  1.2849E-04  1.3526E-04  1.2245E-04  1.0014E-04  7.7080E-05
       8.0537E-05  1.0302E-04  1.2302E-04  1.3206E-04  1.4653E-04  1.3737E-04  1.3662E-04  1.0793E-04  1.0282E-04  7.7005E-05
       7.3761E-05  1.0549E-04  1.1894E-04  1.3474E-04  1.4728E-04  1.3719E-04  1.2796E-04  1.1751E-04  1.0854E-04  8.4686E-05
       7.0519E-05  1.0126E-04  1.1928E-04  1.2259E-04  1.4461E-04  1.3571E-04  1.2839E-04  1.2281E-04  1.0567E-04  8.0747E-05
       7.3424E-05  9.5525E-05  1.0727E-04  1.1831E-04  1.2945E-04  1.2406E-04  1.2527E-04  1.1849E-04  1.0697E-04  7.6304E-05
       6.2501E-05  8.8938E-05  1.0050E-04  1.0267E-04  1.1239E-04  1.1909E-04  1.1379E-04  9.9519E-05  9.5550E-05  6.2154E-05
       5.6537E-05  6.2087E-05  7.6043E-05  8.1889E-05  8.5319E-05  9.3564E-05  8.7889E-05  7.2567E-05  6.4226E-05  4.7082E-05
       3.6278E-05  5.3108E-05  5.2872E-05  7.1155E-05  8.1275E-05  6.7934E-05  6.4031E-05  6.1643E-05  5.2869E-05  3.5111E-05
       5.4032E-05  6.3285E-05  8.0876E-05  9.3126E-05  1.0215E-04  8.3756E-05  9.4391E-05  7.9210E-05  7.8269E-05  4.7816E-05
       5.5515E-05  7.4342E-05  9.2836E-05  1.1364E-04  1.1904E-04  9.5646E-05  9.4675E-05  9.7857E-05  7.9968E-05  5.6735E-05
       5.7753E-05  8.4152E-05  9.0394E-05  1.1566E-04  1.2590E-04  1.1440E-04  1.0692E-04  1.0281E-04  7.8072E-05  5.8672E-05
       6.3191E-05  8.8574E-05  1.0649E-04  1.1673E-04  1.3227E-04  1.1200E-04  1.0862E-04  9.0159E-05  8.5883E-05  6.0993E-05
       6.5811E-05  8.8821E-05  9.8656E-05  1.1720E-04  1.1940E-04  1.1335E-04  1.0596E-04  9.1855E-05  9.3943E-05  6.5140E-05
       6.0715E-05  8.5367E-05  1.0023E-04  1.0197E-04  1.1579E-04  1.1458E-04  1.0816E-04  1.0345E-04  8.5019E-05  6.7676E-05
       6.1753E-05  8.0026E-05  1.0281E-04  1.0509E-04  1.1596E-04  1.0008E-04  1.0178E-04  9.4353E-05  8.1161E-05  6.4627E-05
       5.1766E-05  6.9807E-05  8.6541E-05  9.1150E-05  9.5939E-05  9.9936E-05  8.6361E-05  8.2050E-05  6.3264E-05  4.8539E-05
       4.5481E-05  5.4128E-05  6.2442E-05  6.8060E-05  6.5045E-05  6.4847E-05  6.4023E-05  5.9243E-05  5.2112E-05  3.1768E-05
       2.9895E-05  4.3786E-05  4.9467E-05  5.5807E-05  5.9841E-05  5.5682E-05  5.0415E-05  5.0526E-05  4.4626E-05  3.5366E-05
       3.9848E-05  4.9551E-05  7.2232E-05  7.2996E-05  7.6576E-05  6.9949E-05  7.6436E-05  6.5673E-05  5.9117E-05  3.4244E-05
       4.6066E-05  5.4904E-05  8.0333E-05  8.3539E-05  9.6260E-05  8.8707E-05  7.5766E-05  7.6809E-05  7.1458E-05  4.1263E-05
       5.8502E-05  6.4942E-05  8.2720E-05  8.8474E-05  9.6960E-05  7.9695E-05  8.4406E-05  7.9517E-05  7.4060E-05  4.4716E-05
       5.4671E-05  7.3985E-05  7.9350E-05  1.0348E-04  1.0077E-04  9.1736E-05  8.9441E-05  7.9577E-05  7.6134E-05  5.3820E-05
       5.3296E-05  6.8282E-05  8.3246E-05  9.0693E-05  9.1598E-05  8.7046E-05  9.8113E-05  8.6886E-05  7.7208E-05  5.5361E-05
       5.1339E-05  7.7521E-05  7.7496E-05  8.4473E-05  9.6722E-05  9.8749E-05  8.4586E-05  8.2714E-05  7.6347E-05  4.9567E-05
       5.5865E-05  6.5124E-05  7.9985E-05  8.0321E-05  8.6425E-05  9.5343E-05  8.3515E-05  8.0891E-05  6.8051E-05  4.6011E-05
       4.5500E-05  5.9042E-05  7.0877E-05  7.9864E-05  8.2904E-05  8.0481E-05  7.4728E-05  6.8564E-05  5.6729E-05  4.0981E-05
       3.6454E-05  3.6307E-05  5.4069E-05  5.1650E-05  6.4379E-05  5.0735E-05  4.8000E-05  4.2284E-05  3.3029E-05  2.4931E-05
       2.5590E-05  3.4355E-05  3.7091E-05  4.2890E-05  4.8643E-05  4.2918E-05  4.1434E-05  4.2903E-05  2.7238E-05  2.2323E-05
       3.5856E-05  4.1505E-05  5.4045E-05  5.5900E-05  7.0942E-05  5.9239E-05  5.6981E-05  4.9120E-05  4.0207E-05  2.5812E-05
       4.3269E-05  4.8126E-05  6.0510E-05  6.3941E-05  7.5236E-05  6.8464E-05  6.5003E-05  5.7768E-05  5.3389E-05  3.4112E-05
       4.3806E-05  5.0696E-05  6.1043E-05  6.4885E-05  7.4503E-05  6.4919E-05  6.2234E-05  6.6090E-05  6.2176E-05  3.7402E-05
       3.6820E-05  5.1726E-05  6.1894E-05  7.6267E-05  8.0503E-05  7.5095E-05  7.0189E-05  7.4088E-05  6.2754E-05  3.9156E-05
       3.9905E-05  5.5653E-05  6.3171E-05  7.3308E-05  7.4645E-05  7.6248E-05  7.9841E-05  6.8478E-05  6.5039E-05  3.6721E-05
       3.8240E-05  6.2334E-05  6.0111E-05  6.6539E-05  7.0340E-05  8.2021E-05  6.8044E-05  6.5507E-05  6.8400E-05  4.0923E-05
       3.7132E-05  5.1043E-05  5.9231E-05  6.3722E-05  6.1405E-05  7.2310E-05  6.3432E-05  6.4172E-05  6.1265E-05  3.7708E-05
       4.1296E-05  4.2871E-05  5.5830E-05  5.1896E-05  5.8681E-05  6.2080E-05  5.6750E-05  5.5313E-05  4.6272E-05  3.2883E-05
       2.4802E-05  3.4569E-05  4.2111E-05  3.7470E-05  4.4637E-05  4.3967E-05  3.9857E-05  3.2829E-05  2.5163E-05  2.0037E-05
       1.9789E-05  3.2309E-05  3.1770E-05  3.2737E-05  4.3404E-05  3.6083E-05  3.5730E-05  3.5825E-05  2.3943E-05  1.6697E-05
       2.7072E-05  3.0355E-05  4.2015E-05  5.0253E-05  5.0247E-05  4.5840E-05  4.5875E-05  3.8404E-05  3.6560E-05  2.1471E-05
       3.3045E-05  4.1006E-05  4.8934E-05  4.7927E-05  6.0580E-05  5.6803E-05  5.1645E-05  4.4320E-05  3.9667E-05  2.9221E-05
       3.4451E-05  3.7563E-05  4.8948E-05  5.1461E-05  6.8942E-05  5.9885E-05  4.8838E-05  5.0514E-05  5.1687E-05  3.0197E-05
       2.9195E-05  3.8378E-05  5.0156E-05  5.2270E-05  6.1318E-05  5.5390E-05  5.5431E-05  5.4735E-05  4.5128E-05  2.7891E-05
       2.8023E-05  4.4695E-05  4.7947E-05  5.2333E-05  5.5462E-05  6.4904E-05  5.9517E-05  5.1452E-05  5.0131E-05  2.9853E-05
       2.8180E-05  4.9147E-05  5.1068E-05  5.0913E-05  5.4189E-05  5.8582E-05  5.7668E-05  4.6577E-05  4.3569E-05  3.5665E-05
       2.8105E-05  4.4487E-05  4.6685E-05  4.6251E-05  4.7963E-05  5.3675E-05  4.8481E-05  4.6896E-05  4.3585E-05  2.7296E-05
       3.1615E-05  3.5490E-05  4.4832E-05  3.5547E-05  4.5557E-05  4.5898E-05  4.0505E-05  4.2082E-05  3.3773E-05  2.9630E-05
       2.0657E-05  2.8993E-05  2.9609E-05  2.9110E-05  3.5998E-05  3.3978E-05  3.0431E-05  3.1484E-05  2.6214E-05  1.9074E-05
       1.8090E-05  2.0416E-05  2.6596E-05  2.6593E-05  2.7001E-05  2.6848E-05  2.2219E-05  2.4167E-05  1.8835E-05  1.4102E-05
       2.3052E-05  2.7524E-05  2.7788E-05  3.6902E-05  3.4005E-05  3.6253E-05  3.5653E-05  2.6953E-05  2.7699E-05  1.9707E-05
       2.5496E-05  3.0651E-05  3.8081E-05  3.7819E-05  4.3300E-05  4.7011E-05  3.6956E-05  3.6039E-05  3.2804E-05  2.4429E-05
       2.9324E-05  2.8343E-05  3.5511E-05  4.0125E-05  4.6381E-05  4.5134E-05  4.7188E-05  4.2075E-05  3.6773E-05  2.4178E-05
       3.0444E-05  2.7842E-05  3.8636E-05  4.3243E-05  4.1741E-05  4.3294E-05  3.8791E-05  4.4755E-05  3.6563E-05  1.9802E-05
       1.8134E-05  2.9136E-05  3.7694E-05  4.2949E-05  4.2753E-05  4.2574E-05  4.5458E-05  4.3270E-05  3.6784E-05  1.9616E-05
       2.3200E-05  3.8746E-05  3.6639E-05  4.2447E-05  4.4602E-05  5.2316E-05  4.7103E-05  4.2945E-05  3.5163E-05  2.4777E-05
       2.2718E-05  3.3387E-05  3.4403E-05  4.2430E-05  4.0089E-05  3.7832E-05  4.1643E-05  3.8523E-05  3.3931E-05  2.5327E-05
       2.1363E-05  2.8603E-05  2.7178E-05  2.7396E-05  3.2852E-05  3.9300E-05  3.2154E-05  3.0587E-05  2.2945E-05  2.2200E-05
       1.5493E-05  1.8631E-05  2.2570E-05  2.4568E-05  2.8069E-05  3.0269E-05  2.1854E-05  2.0848E-05  1.8488E-05  1.7392E-05
       1.1954E-05  1.5766E-05  1.9015E-05  2.1715E-05  1.9096E-05  1.9478E-05  1.6866E-05  2.1141E-05  1.5699E-05  9.5995E-06
       1.5713E-05  2.1135E-05  2.3499E-05  2.6449E-05  2.4540E-05  2.7158E-05  2.6555E-05  2.2027E-05  2.0597E-05  1.4983E-05
       1.8527E-05  2.4825E-05  2.0054E-05  2.9535E-05  3.1871E-05  3.0837E-05  2.3611E-05  2.6460E-05  2.0902E-05  2.0919E-05
       2.0776E-05  2.1832E-05  2.1122E-05  2.5614E-05  2.7572E-05  2.8928E-05  3.2417E-05  3.3926E-05  2.6221E-05  1.8968E-05
       2.1036E-05  1.8749E-05  2.8039E-05  2.9894E-05  3.0709E-05  2.7384E-05  3.0265E-05  3.0029E-05  2.9477E-05  1.4805E-05
       1.6685E-05  2.0688E-05  2.8234E-05  3.1776E-05  2.7548E-05  2.9216E-05  3.6256E-05  3.1773E-05  2.7056E-05  1.8077E-05
       1.6705E-05  2.5316E-05  2.3941E-05  3.1564E-05  2.7718E-05  3.9392E-05  3.3761E-05  2.9055E-05  2.4405E-05  1.7940E-05
       1.4919E-05  2.1030E-05  1.9165E-05  3.1330E-05  2.6885E-05  2.9993E-05  2.6843E-05  2.8193E-05  2.8195E-05  1.8722E-05
       1.3679E-05  1.7699E-05  1.9179E-05  1.9584E-05  2.5888E-05  2.6794E-05  2.1368E-05  1.8167E-05  2.0922E-05  1.5336E-05
       1.3783E-05  1.2089E-05  1.4870E-05  1.5444E-05  2.0716E-05  2.2350E-05  1.7099E-05  1.8234E-05  1.4916E-05  1.2797E-05

      Percentage errors follow in a matrix A(ix,iy,iz), format (1(5x,1p,10(1x,e11.4)))

       5.7843E+00  4.4232E+00  5.1510E+00  4.5694E+00  5.7063E+00  7.0599E+00  4.7540E+00  3.9309E+00  5.2077E+00  4.7608E+00
       4.9985E+00  5.6034E+00  5.8468E+00  4.2639E+00  4.8434E+00  5.5538E+00  5.1561E+00  6.1505E+00  3.9582E+00  5.4167E+00
       6.9234E+00  4.1763E+00  3.3992E+00  5.0244E+00  3.8842E+00  3.6178E+00  6.5162E+00  5.0407E+00  5.4929E+00  5.5034E+00
       5.5820E+00  5.9105E+00  3.5651E+00  4.9286E+00  3.4901E+00  4.4089E+00  4.3610E+00  4.9033E+00  4.5811E+00  6.2007E+00
       4.6442E+00  5.5221E+00  4.3014E+00  4.2136E+00  3.8675E+00  4.3716E+00  4.4140E+00  4.6102E+00  5.3228E+00  5.7146E+00
       6.3603E+00  5.2753E+00  5.2175E+00  4.5692E+00  3.5389E+00  4.0986E+00  4.2382E+00  4.6553E+00  4.5820E+00  2.8054E+00
       5.5060E+00  4.8680E+00  6.6385E+00  4.5737E+00  5.5923E+00  3.7556E+00  4.2578E+00  5.8259E+00  5.3215E+00  5.4276E+00
       6.3098E+00  4.2084E+00  4.8119E+00  4.9450E+00  4.4460E+00  4.7200E+00  5.2400E+00  4.7862E+00  4.3726E+00  4.2788E+00
       5.0326E+00  6.2643E+00  3.9358E+00  4.4026E+00  4.2133E+00  4.4888E+00  4.8217E+00  5.5720E+00  6.6369E+00  3.8481E+00
       5.1303E+00  5.2967E+00  5.3501E+00  5.3817E+00  4.9485E+00  3.5762E+00  3.8767E+00  4.1620E+00  5.0096E+00  5.2776E+00
       8.2917E+00  4.5258E+00  5.2334E+00  5.2351E+00  5.9891E+00  5.6319E+00  4.0525E+00  6.2969E+00  7.1478E+00  4.4320E+00
       5.9917E+00  5.6020E+00  5.6832E+00  4.5668E+00  5.0665E+00  4.6700E+00  5.0670E+00  4.2296E+00  4.3472E+00  7.3298E+00
       7.7704E+00  3.6563E+00  4.9630E+00  4.2558E+00  3.9044E+00  4.7607E+00  5.8372E+00  4.2644E+00  5.4751E+00  7.1737E+00
       5.2578E+00  5.6795E+00  3.5265E+00  5.4738E+00  3.6675E+00  4.7717E+00  4.9544E+00  3.2425E+00  5.8485E+00  4.4029E+00
       5.5615E+00  5.7261E+00  3.3109E+00  4.0184E+00  4.3068E+00  5.6339E+00  4.1958E+00  5.7988E+00  5.6438E+00  6.8614E+00
       5.2550E+00  4.8447E+00  4.2094E+00  4.5979E+00  4.2914E+00  4.3078E+00  4.4532E+00  4.3226E+00  3.8344E+00  4.2280E+00
       7.1227E+00  4.9117E+00  4.9462E+00  3.9890E+00  3.9518E+00  2.5475E+00  3.2846E+00  5.3669E+00  5.5306E+00  6.4068E+00
       6.7835E+00  4.9522E+00  5.1844E+00  5.4507E+00  3.8222E+00  4.0056E+00  5.5555E+00  6.2769E+00  6.0377E+00  8.5327E+00
       5.2527E+00  5.4193E+00  5.4001E+00  5.7578E+00  4.6719E+00  2.8228E+00  6.1088E+00  5.8665E+00  6.3480E+00  4.9353E+00
       6.8913E+00  7.1429E+00  7.9500E+00  6.3611E+00  4.4205E+00  4.2197E+00  6.4923E+00  5.5084E+00  7.0670E+00  7.9726E+00
       6.9030E+00  6.4657E+00  5.5305E+00  6.1272E+00  5.8019E+00  3.4669E+00  5.0309E+00  5.7662E+00  7.3213E+00  6.8382E+00
       5.8147E+00  6.7286E+00  5.8387E+00  6.6771E+00  5.0011E+00  5.3004E+00  6.2743E+00  5.8275E+00  4.0057E+00  7.8138E+00
       8.4083E+00  5.5704E+00  5.3412E+00  5.0452E+00  5.3125E+00  4.2735E+00  3.9371E+00  3.9602E+00  5.9868E+00  7.0857E+00
       6.0807E+00  5.1450E+00  3.4958E+00  6.2346E+00  6.2652E+00  5.1086E+00  5.8786E+00  4.3022E+00  5.8553E+00  4.6320E+00
       5.5303E+00  4.5412E+00  4.9767E+00  3.4772E+00  3.4502E+00  4.1458E+00  4.3563E+00  4.6207E+00  6.6821E+00  6.0996E+00
       7.9005E+00  6.0852E+00  5.6119E+00  4.7122E+00  4.8880E+00  3.4365E+00  4.7717E+00  4.9156E+00  4.3517E+00  5.4092E+00
       5.6472E+00  5.9174E+00  5.5179E+00  4.8994E+00  5.4329E+00  3.4383E+00  2.4311E+00  4.4102E+00  4.9129E+00  7.0299E+00
       5.4751E+00  5.2612E+00  6.6869E+00  4.7033E+00  3.9316E+00  4.2788E+00  5.1690E+00  5.5197E+00  6.4892E+00  6.6273E+00
       6.5140E+00  5.2536E+00  6.0855E+00  4.0525E+00  5.3736E+00  3.5975E+00  3.7942E+00  4.6624E+00  6.0394E+00  5.2402E+00
       8.2812E+00  5.5355E+00  6.3140E+00  6.2115E+00  4.2184E+00  4.6792E+00  6.5858E+00  5.1571E+00  6.4128E+00  7.9996E+00
       6.4108E+00  8.3870E+00  6.3761E+00  6.0412E+00  6.1808E+00  6.0462E+00  7.3350E+00  7.6217E+00  7.3638E+00  1.0286E+01
       8.3609E+00  4.7240E+00  6.0207E+00  5.0602E+00  5.5221E+00  5.7959E+00  5.8571E+00  6.9222E+00  5.2052E+00  6.2403E+00
       8.1633E+00  7.2115E+00  5.2162E+00  5.5737E+00  4.8487E+00  6.2421E+00  4.5389E+00  5.4624E+00  5.6825E+00  8.5490E+00
       5.5566E+00  7.5772E+00  5.8585E+00  5.9660E+00  4.5940E+00  7.1017E+00  4.6968E+00  6.9432E+00  6.3069E+00  6.0085E+00
       7.5195E+00  6.1987E+00  5.0065E+00  4.6689E+00  3.9592E+00  4.8362E+00  5.3518E+00  7.2665E+00  6.5878E+00  7.6665E+00
       7.8505E+00  6.0337E+00  4.8911E+00  5.4647E+00  6.8546E+00  5.5091E+00  4.8857E+00  6.2804E+00  6.1862E+00  8.4828E+00
       6.8840E+00  7.3498E+00  5.7181E+00  5.1933E+00  4.7157E+00  5.0451E+00  5.6974E+00  3.0792E+00  6.0754E+00  5.2225E+00
       7.4383E+00  7.3210E+00  7.8529E+00  6.4390E+00  6.6715E+00  6.7836E+00  4.7821E+00  7.0571E+00  5.0285E+00  5.8025E+00
       8.3880E+00  6.8495E+00  5.6668E+00  6.5667E+00  6.1298E+00  5.1786E+00  3.8576E+00  5.6683E+00  7.0422E+00  6.6580E+00
       9.8946E+00  5.4069E+00  5.5247E+00  5.4693E+00  6.2570E+00  5.9344E+00  5.8306E+00  7.4572E+00  5.3163E+00  9.7690E+00
       8.4702E+00  7.7857E+00  5.9912E+00  6.0322E+00  7.0115E+00  6.7300E+00  7.0775E+00  3.9655E+00  7.6169E+00  7.5707E+00
       8.9854E+00  6.6773E+00  7.2478E+00  4.9038E+00  6.1070E+00  7.2622E+00  5.6437E+00  6.5660E+00  5.8830E+00  8.7382E+00
       8.2332E+00  6.3126E+00  5.2185E+00  5.9880E+00  6.2058E+00  6.2617E+00  6.3370E+00  7.5958E+00  6.3622E+00  9.7873E+00
       7.8424E+00  6.8668E+00  7.1157E+00  4.6472E+00  4.9768E+00  5.8836E+00  6.0976E+00  5.3961E+00  6.4532E+00  8.1697E+00
       5.7712E+00  6.0089E+00  4.8986E+00  5.6080E+00  5.5291E+00  5.7197E+00  4.8333E+00  6.8685E+00  6.5213E+00  7.7313E+00
       9.0409E+00  4.5782E+00  6.6553E+00  6.2004E+00  6.5041E+00  4.4952E+00  4.6789E+00  7.1731E+00  7.3337E+00  6.6144E+00
       6.9210E+00  6.4010E+00  6.5741E+00  3.6099E+00  5.5109E+00  6.7878E+00  7.3340E+00  4.2485E+00  6.8130E+00  7.3199E+00
       6.6037E+00  5.7456E+00  6.8249E+00  4.7481E+00  4.9307E+00  7.5906E+00  5.9438E+00  5.0174E+00  6.0798E+00  6.2753E+00
       8.6173E+00  8.1295E+00  5.8073E+00  7.5199E+00  5.2584E+00  5.0955E+00  5.6218E+00  7.0604E+00  7.5094E+00  7.0166E+00
       9.0864E+00  8.2966E+00  5.7362E+00  6.7793E+00  7.7301E+00  6.7258E+00  9.9168E+00  7.5151E+00  8.7287E+00  1.0078E+01
       1.1669E+01  1.0282E+01  1.0729E+01  8.5006E+00  9.7135E+00  6.9560E+00  8.5011E+00  6.8299E+00  9.8952E+00  7.7567E+00
       8.1664E+00  8.5122E+00  8.2830E+00  6.5587E+00  8.2924E+00  6.3390E+00  6.8812E+00  8.5196E+00  7.4183E+00  9.6381E+00
       1.0543E+01  7.2514E+00  7.6051E+00  5.2880E+00  6.2092E+00  6.5874E+00  4.4079E+00  8.0726E+00  8.1449E+00  7.9665E+00
       7.3128E+00  6.2448E+00  6.3274E+00  5.9712E+00  6.4729E+00  7.0907E+00  5.9346E+00  5.5329E+00  5.7628E+00  1.1090E+01
       8.2120E+00  6.6175E+00  7.2500E+00  6.1344E+00  5.7299E+00  7.8878E+00  6.0315E+00  9.5495E+00  6.4916E+00  7.9573E+00
       9.7697E+00  6.6128E+00  8.1802E+00  5.2998E+00  7.3591E+00  6.2434E+00  6.2360E+00  6.3845E+00  7.7422E+00  7.4397E+00
       7.0208E+00  6.5652E+00  7.1007E+00  6.6346E+00  5.7857E+00  7.1434E+00  6.4286E+00  6.1367E+00  6.0606E+00  7.7544E+00
       8.0116E+00  7.4499E+00  8.5798E+00  4.8568E+00  4.2470E+00  7.4302E+00  8.0836E+00  7.4835E+00  8.9038E+00  6.6123E+00
       8.7304E+00  9.0386E+00  7.5837E+00  7.6749E+00  8.1725E+00  6.8383E+00  7.4217E+00  8.0916E+00  8.8699E+00  7.9146E+00
       6.0726E+00  9.8111E+00  5.7908E+00  7.1213E+00  7.4372E+00  1.0850E+01  7.5732E+00  8.2122E+00  9.4193E+00  1.1803E+01
       1.1326E+01  9.6448E+00  1.2216E+01  6.6812E+00  9.8358E+00  7.2782E+00  9.5865E+00  9.0089E+00  1.1089E+01  1.2883E+01
       1.1283E+01  1.1017E+01  7.7686E+00  7.5372E+00  7.8365E+00  8.5052E+00  6.3793E+00  7.2290E+00  1.2192E+01  1.2302E+01
       9.6629E+00  9.6623E+00  6.8464E+00  9.3761E+00  6.5406E+00  6.2790E+00  4.4775E+00  7.8628E+00  9.3932E+00  8.8501E+00
       9.1933E+00  5.4366E+00  8.1211E+00  7.0066E+00  7.6832E+00  8.8171E+00  8.9621E+00  5.5164E+00  7.2044E+00  1.3887E+01
       8.2760E+00  7.3583E+00  7.7087E+00  6.6189E+00  5.5240E+00  6.1893E+00  7.3168E+00  5.4361E+00  8.1719E+00  8.9342E+00
       8.2872E+00  9.1107E+00  8.0281E+00  6.3132E+00  5.9071E+00  8.7041E+00  7.2790E+00  5.7443E+00  6.9263E+00  6.8318E+00
       1.1086E+01  6.5304E+00  8.9104E+00  5.0579E+00  5.4707E+00  6.4132E+00  7.0041E+00  8.0248E+00  8.0598E+00  9.9573E+00
       1.0126E+01  7.3833E+00  1.0234E+01  5.1143E+00  9.3222E+00  7.2073E+00  7.7300E+00  7.4063E+00  9.0210E+00  8.4206E+00
       1.1635E+01  6.0556E+00  6.7359E+00  7.2198E+00  8.8546E+00  8.0923E+00  6.3755E+00  9.2951E+00  8.9220E+00  1.2310E+01
       1.2904E+01  1.1178E+01  8.2800E+00  9.7599E+00  8.3202E+00  8.1780E+00  8.8960E+00  1.1172E+01  1.1641E+01  1.0161E+01
       1.0995E+01  8.2714E+00  6.9067E+00  7.6175E+00  8.6063E+00  1.1983E+01  1.2006E+01  1.2334E+01  1.0949E+01  1.2589E+01
       1.0850E+01  8.5149E+00  9.3251E+00  8.7169E+00  8.2163E+00  1.1144E+01  1.0210E+01  9.6720E+00  8.5018E+00  1.3454E+01
       1.0967E+01  1.1416E+01  1.0071E+01  9.0776E+00  9.0552E+00  5.6843E+00  6.4458E+00  9.0394E+00  8.8113E+00  1.1407E+01
       8.7285E+00  9.3400E+00  6.7196E+00  7.8977E+00  8.9920E+00  8.1930E+00  5.8750E+00  8.6409E+00  8.4688E+00  1.3109E+01
       9.5445E+00  1.0872E+01  8.3442E+00  9.6078E+00  6.2651E+00  7.2446E+00  9.3327E+00  8.0450E+00  7.6716E+00  1.0930E+01
       1.1095E+01  8.0857E+00  8.3885E+00  1.1147E+01  8.2544E+00  6.3373E+00  5.7492E+00  8.6114E+00  7.1776E+00  1.1403E+01
       1.0282E+01  7.2851E+00  9.0884E+00  7.4105E+00  7.2432E+00  6.9594E+00  7.4097E+00  6.2129E+00  8.7901E+00  1.0299E+01
       1.0686E+01  9.4493E+00  1.0915E+01  8.6465E+00  8.6660E+00  9.6928E+00  9.1837E+00  9.3820E+00  8.0987E+00  1.1934E+01
       9.4219E+00  1.0513E+01  8.0143E+00  9.3011E+00  8.8521E+00  7.5861E+00  1.0878E+01  1.2588E+01  9.6841E+00  1.0068E+01
       1.8023E+01  1.1353E+01  9.7291E+00  8.0942E+00  9.4249E+00  7.7391E+00  8.8284E+00  1.2419E+01  1.2734E+01  1.2152E+01
       1.3097E+01  1.1954E+01  9.5560E+00  1.2165E+01  1.0854E+01  9.5686E+00  7.7910E+00  1.0690E+01  1.0135E+01  1.5507E+01
       1.6199E+01  1.4260E+01  9.1891E+00  1.0873E+01  1.1524E+01  9.6150E+00  1.0902E+01  1.3270E+01  1.2111E+01  1.5327E+01
       1.0103E+01  1.0119E+01  1.0513E+01  7.1035E+00  1.1716E+01  6.0261E+00  8.6596E+00  1.0629E+01  1.2624E+01  1.0865E+01
       9.3184E+00  1.1020E+01  6.7146E+00  6.0369E+00  7.2667E+00  7.7445E+00  1.0155E+01  1.0022E+01  1.1170E+01  1.0368E+01
       9.2971E+00  5.7583E+00  1.0565E+01  8.5552E+00  7.0404E+00  9.4842E+00  7.7793E+00  7.1342E+00  8.3300E+00  1.3826E+01
       1.3496E+01  7.9233E+00  9.1685E+00  1.0626E+01  1.0077E+01  7.0773E+00  7.0549E+00  9.4138E+00  1.1006E+01  9.2599E+00
       1.1940E+01  1.1335E+01  8.0474E+00  9.3748E+00  6.1143E+00  9.4240E+00  8.9672E+00  7.6179E+00  1.0166E+01  1.2461E+01
       1.3618E+01  1.0495E+01  8.1569E+00  7.5493E+00  1.0288E+01  9.6462E+00  9.4803E+00  8.4239E+00  1.4340E+01  1.3766E+01
       8.9917E+00  1.1715E+01  8.2208E+00  1.0788E+01  1.1763E+01  7.4340E+00  1.1695E+01  9.2647E+00  1.0221E+01  9.7853E+00
       1.4161E+01  1.1429E+01  1.4818E+01  6.8714E+00  9.9064E+00  7.5071E+00  9.6052E+00  1.2597E+01  1.0781E+01  1.1860E+01
       1.5720E+01  1.0235E+01  1.0652E+01  1.1678E+01  1.6673E+01  1.1036E+01  1.1023E+01  1.1825E+01  8.8779E+00  1.6913E+01
       1.1024E+01  9.2128E+00  1.0373E+01  1.2993E+01  1.6434E+01  1.0763E+01  1.1135E+01  1.2854E+01  1.5552E+01  1.4443E+01
       1.2444E+01  1.0337E+01  1.2712E+01  7.9086E+00  1.0123E+01  8.3447E+00  1.4005E+01  1.1159E+01  1.0644E+01  1.5414E+01
       1.4253E+01  1.2828E+01  9.8191E+00  9.1640E+00  8.9011E+00  8.1262E+00  1.2310E+01  1.0579E+01  1.0001E+01  1.6075E+01
       1.2687E+01  1.3242E+01  8.7128E+00  9.9859E+00  9.4603E+00  1.0214E+01  9.5317E+00  1.0774E+01  9.8560E+00  1.4135E+01
       1.5790E+01  9.0840E+00  1.0040E+01  1.0929E+01  1.3733E+01  7.5174E+00  8.3061E+00  1.1872E+01  1.1797E+01  1.5145E+01
       1.4558E+01  1.2270E+01  8.7339E+00  1.0778E+01  8.7603E+00  9.7200E+00  1.2379E+01  6.3725E+00  1.3087E+01  1.6695E+01
       1.2894E+01  1.0701E+01  1.1969E+01  8.0092E+00  1.0918E+01  1.0746E+01  1.0974E+01  1.1619E+01  1.2760E+01  1.4580E+01
       1.0791E+01  1.2452E+01  9.1631E+00  1.3133E+01  8.6951E+00  9.8127E+00  1.0128E+01  1.2703E+01  1.2796E+01  1.2907E+01
       1.7626E+01  1.1348E+01  1.4118E+01  1.2559E+01  1.3754E+01  1.1278E+01  9.8757E+00  1.1756E+01  1.3503E+01  1.4192E+01
