1
   Cartesian binning n.   1  "DoseEq    " , generalized particle n.  240
      X coordinate: from -8.5000E+01 to  8.5000E+01 cm,    10 bins ( 1.7000E+01 cm wide)
      Y coordinate: from -2.5000E+01 to  2.5000E+01 cm,    10 bins ( 5.0000E+00 cm wide)
      Z coordinate: from  2.2500E+02 to  2.7500E+02 cm,    10 bins ( 5.0000E+00 cm wide)
      Data follow in a matrix A(ix,iy,iz), format (1(5x,1p,10(1x,e11.4)))

      accurate deposition along the tracks requested
      this is a track-length binning
       2.0273E-05  2.7422E-05  3.0933E-05  3.9495E-05  2.4785E-05  3.1841E-05  3.6053E-05  2.5936E-05  2.2593E-05  2.6232E-05
       2.3367E-05  3.1421E-05  3.8415E-05  3.5976E-05  3.7558E-05  3.9697E-05  3.6980E-05  3.3788E-05  3.3614E-05  2.6856E-05
       2.5036E-05  3.5332E-05  2.9922E-05  3.6389E-05  4.6729E-05  3.8469E-05  4.1116E-05  3.4973E-05  2.8883E-05  2.8054E-05
       2.9826E-05  3.2820E-05  3.7431E-05  4.0538E-05  4.5194E-05  4.0588E-05  4.5343E-05  3.5451E-05  3.2800E-05  2.4256E-05
       2.6040E-05  3.3859E-05  3.9261E-05  4.1907E-05  4.2147E-05  4.3066E-05  4.0684E-05  3.3745E-05  3.3577E-05  2.5494E-05
       2.6066E-05  3.7431E-05  3.5536E-05  3.5719E-05  4.3849E-05  4.3053E-05  4.1360E-05  4.3382E-05  3.3965E-05  2.0513E-05
       2.7216E-05  2.9045E-05  3.9547E-05  3.8254E-05  4.5646E-05  4.5705E-05  4.3258E-05  3.2848E-05  3.4577E-05  2.5838E-05
       2.5218E-05  3.4198E-05  3.5990E-05  4.0918E-05  4.3441E-05  3.9636E-05  4.7330E-05  4.1697E-05  2.6096E-05  3.2671E-05
       2.0177E-05  3.1381E-05  3.7868E-05  3.8392E-05  3.6602E-05  3.8883E-05  3.8122E-05  3.4859E-05  2.5316E-05  2.1920E-05
       2.2009E-05  3.0204E-05  3.7424E-05  2.5875E-05  3.2004E-05  3.3202E-05  3.5152E-05  3.4584E-05  2.3365E-05  1.9227E-05
       2.1338E-05  2.6630E-05  3.2887E-05  3.1951E-05  2.3242E-05  3.0563E-05  3.4036E-05  2.7005E-05  2.3525E-05  2.0583E-05
       2.8488E-05  3.1700E-05  3.5056E-05  3.6935E-05  3.8256E-05  3.9203E-05  3.6649E-05  3.6984E-05  3.1405E-05  2.7547E-05
       3.0102E-05  3.3890E-05  3.6977E-05  4.0352E-05  4.1223E-05  4.1250E-05  4.1742E-05  3.8434E-05  2.8649E-05  2.5704E-05
       3.2657E-05  3.3008E-05  4.3133E-05  4.1906E-05  4.5788E-05  4.0103E-05  4.2889E-05  4.0248E-05  3.6904E-05  2.5724E-05
       2.1706E-05  3.2230E-05  3.9754E-05  3.5336E-05  4.5249E-05  4.1396E-05  4.2172E-05  3.5385E-05  2.9901E-05  2.6160E-05
       2.6286E-05  3.7407E-05  4.1926E-05  3.5543E-05  4.5667E-05  4.6702E-05  4.1856E-05  4.2103E-05  3.0928E-05  2.2780E-05
       2.4953E-05  3.1218E-05  4.2809E-05  4.3701E-05  4.3280E-05  4.3013E-05  4.4431E-05  4.0449E-05  3.0370E-05  2.6113E-05
       2.3427E-05  3.7253E-05  3.8813E-05  3.6458E-05  4.6530E-05  4.1492E-05  4.9560E-05  4.1382E-05  2.6207E-05  2.6433E-05
       1.9326E-05  3.3056E-05  3.8740E-05  4.3877E-05  3.8297E-05  3.9938E-05  4.0988E-05  3.4679E-05  2.5814E-05  2.6867E-05
       2.0723E-05  2.6760E-05  3.3378E-05  2.4468E-05  2.5236E-05  3.0987E-05  2.6956E-05  3.3361E-05  1.9479E-05  1.7326E-05
       2.0394E-05  2.5605E-05  2.5054E-05  2.4352E-05  2.5572E-05  2.3196E-05  2.8653E-05  2.6337E-05  1.5128E-05  1.5879E-05
       2.6277E-05  2.8291E-05  3.2794E-05  3.7277E-05  3.7173E-05  3.0919E-05  3.3021E-05  3.7082E-05  2.7433E-05  1.8053E-05
       2.8447E-05  3.0757E-05  3.6038E-05  3.4496E-05  3.4096E-05  3.4866E-05  3.6884E-05  3.2909E-05  2.6804E-05  2.2150E-05
       2.7061E-05  3.0978E-05  3.7480E-05  3.6813E-05  4.2822E-05  4.3208E-05  4.1183E-05  3.7445E-05  3.1706E-05  1.8066E-05
       2.4261E-05  3.2313E-05  3.7398E-05  3.2917E-05  3.9999E-05  4.2188E-05  4.4319E-05  3.5541E-05  3.1997E-05  1.9833E-05
       2.6317E-05  3.4847E-05  3.8792E-05  3.9960E-05  3.6196E-05  4.4076E-05  4.1899E-05  4.2780E-05  3.2254E-05  2.4909E-05
       2.3266E-05  3.3451E-05  3.5729E-05  3.9893E-05  4.3666E-05  4.1848E-05  4.3607E-05  3.5513E-05  2.7176E-05  2.4642E-05
       2.5416E-05  3.2563E-05  3.2481E-05  3.6580E-05  4.1482E-05  3.5750E-05  4.4005E-05  3.3542E-05  2.3378E-05  1.9779E-05
       1.9750E-05  2.8494E-05  3.0079E-05  3.7135E-05  3.1429E-05  3.5300E-05  3.6982E-05  3.2314E-05  2.3745E-05  1.7419E-05
       1.5960E-05  2.1873E-05  3.2418E-05  2.5574E-05  2.1890E-05  3.0064E-05  2.5811E-05  2.3130E-05  2.0900E-05  1.3818E-05
       1.4647E-05  1.6860E-05  1.7839E-05  2.2581E-05  2.0599E-05  2.0509E-05  2.5523E-05  2.1342E-05  1.7820E-05  1.2478E-05
       2.3381E-05  2.0387E-05  2.3752E-05  3.1445E-05  2.8717E-05  2.9746E-05  3.0851E-05  3.2157E-05  2.2182E-05  1.9615E-05
       2.5612E-05  2.8453E-05  2.8240E-05  3.1217E-05  3.2074E-05  2.9285E-05  3.3375E-05  2.9787E-05  2.7036E-05  2.2217E-05
       2.5931E-05  2.5141E-05  3.1181E-05  3.3737E-05  3.7531E-05  2.7942E-05  3.4081E-05  2.9650E-05  3.1375E-05  2.2745E-05
       2.6520E-05  2.6448E-05  3.6679E-05  3.4599E-05  3.7816E-05  3.3935E-05  3.7938E-05  3.0884E-05  2.7913E-05  1.7414E-05
       1.8843E-05  3.1913E-05  3.3847E-05  3.7931E-05  3.3846E-05  3.3040E-05  3.8164E-05  3.0019E-05  2.9124E-05  2.0858E-05
       1.5669E-05  3.0981E-05  3.3373E-05  2.9131E-05  3.3838E-05  4.0983E-05  4.0491E-05  3.1655E-05  2.5629E-05  2.1946E-05
       1.5284E-05  2.4074E-05  2.7343E-05  3.4482E-05  3.2059E-05  3.3410E-05  3.6229E-05  3.1945E-05  2.2480E-05  2.2725E-05
       1.3902E-05  2.5510E-05  2.3083E-05  3.3790E-05  2.8509E-05  2.9040E-05  2.7520E-05  3.0152E-05  1.9705E-05  1.5529E-05
       9.7685E-06  2.0173E-05  2.0793E-05  2.1465E-05  2.0155E-05  2.3978E-05  2.4151E-05  1.7786E-05  1.6705E-05  1.1422E-05
       1.2412E-05  1.2802E-05  1.5155E-05  1.8067E-05  1.8655E-05  2.1373E-05  2.1983E-05  1.8512E-05  1.2912E-05  1.2053E-05
       1.7442E-05  1.9502E-05  2.1826E-05  2.6147E-05  2.3443E-05  2.7793E-05  2.6634E-05  2.5009E-05  1.8734E-05  1.8083E-05
       1.8864E-05  2.0213E-05  2.2224E-05  2.7336E-05  2.7182E-05  2.4607E-05  3.2406E-05  2.7044E-05  2.4734E-05  1.7892E-05
       2.3174E-05  2.4442E-05  2.7576E-05  2.9474E-05  3.2208E-05  2.9010E-05  2.9723E-05  2.6403E-05  2.3105E-05  1.7796E-05
       1.9494E-05  2.2378E-05  2.8944E-05  3.1134E-05  3.4605E-05  3.4063E-05  2.8630E-05  2.5390E-05  2.9388E-05  1.5658E-05
       1.7370E-05  2.2718E-05  2.6867E-05  3.2636E-05  3.1245E-05  3.1827E-05  3.3832E-05  2.5241E-05  2.3568E-05  1.9994E-05
       1.8440E-05  2.3471E-05  2.7017E-05  2.6392E-05  3.2747E-05  3.3017E-05  3.2596E-05  2.6008E-05  1.8821E-05  1.8594E-05
       1.3229E-05  2.4425E-05  2.3427E-05  2.1154E-05  2.7031E-05  3.0500E-05  3.0211E-05  2.9954E-05  1.8693E-05  2.2545E-05
       1.3173E-05  1.7675E-05  1.8985E-05  2.6315E-05  2.2866E-05  2.6932E-05  2.4033E-05  2.5088E-05  1.9278E-05  1.5513E-05
       1.1375E-05  1.5203E-05  1.6860E-05  1.7149E-05  2.0638E-05  2.0079E-05  1.9814E-05  1.4789E-05  1.5407E-05  1.1062E-05
       1.2726E-05  1.3583E-05  1.2481E-05  1.9123E-05  1.7519E-05  1.5089E-05  1.6091E-05  1.6743E-05  9.4387E-06  9.8188E-06
       1.5286E-05  1.4916E-05  1.6609E-05  1.7269E-05  1.7503E-05  1.9829E-05  2.2037E-05  1.7765E-05  1.5297E-05  1.4974E-05
       1.6216E-05  1.6373E-05  1.8873E-05  2.0934E-05  2.8075E-05  2.3403E-05  2.6411E-05  1.9997E-05  1.8373E-05  1.2896E-05
       2.1977E-05  1.9771E-05  2.6027E-05  2.2696E-05  3.0588E-05  2.7224E-05  2.7047E-05  2.2208E-05  2.2475E-05  1.2611E-05
       1.3641E-05  2.1435E-05  2.2390E-05  2.3936E-05  3.1974E-05  3.2138E-05  2.8841E-05  2.3704E-05  2.2727E-05  1.4789E-05
       1.1869E-05  2.1614E-05  2.0699E-05  2.6937E-05  2.3444E-05  2.8625E-05  3.1928E-05  2.3456E-05  1.8784E-05  2.0078E-05
       1.2323E-05  1.7988E-05  2.4508E-05  1.9445E-05  2.4673E-05  2.6875E-05  2.8622E-05  2.1159E-05  1.9021E-05  1.3034E-05
       1.0921E-05  1.6500E-05  1.9304E-05  1.9695E-05  2.6602E-05  2.1428E-05  2.2128E-05  2.6101E-05  1.7943E-05  1.4650E-05
       9.4348E-06  1.2055E-05  1.6897E-05  2.0483E-05  1.6908E-05  2.2775E-05  1.6419E-05  1.7047E-05  1.3861E-05  1.1622E-05
       7.8528E-06  1.0197E-05  1.6247E-05  1.6646E-05  1.3458E-05  1.5669E-05  1.6022E-05  1.4384E-05  1.2250E-05  7.3245E-06
       7.4239E-06  1.1911E-05  1.2324E-05  1.1116E-05  1.0314E-05  1.1565E-05  1.4173E-05  1.1163E-05  7.3009E-06  6.9683E-06
       1.1531E-05  1.2246E-05  1.7077E-05  1.1601E-05  1.3839E-05  1.5043E-05  1.7750E-05  9.4225E-06  1.6075E-05  1.2076E-05
       1.1304E-05  1.3005E-05  1.6175E-05  1.7618E-05  2.4663E-05  2.0025E-05  2.0031E-05  1.6057E-05  1.7077E-05  1.1134E-05
       1.6829E-05  1.6139E-05  1.8041E-05  2.2653E-05  2.4315E-05  2.4943E-05  2.0206E-05  2.2550E-05  1.8423E-05  1.0430E-05
       1.2002E-05  2.0571E-05  2.3437E-05  1.7884E-05  2.5701E-05  2.7072E-05  2.2850E-05  1.9064E-05  1.7928E-05  1.4090E-05
       1.3671E-05  1.6978E-05  1.5275E-05  2.0760E-05  2.2389E-05  2.1683E-05  2.1174E-05  1.9431E-05  1.7764E-05  1.1771E-05
       1.0869E-05  1.6051E-05  1.6550E-05  1.8738E-05  1.7730E-05  1.7527E-05  2.7163E-05  1.8564E-05  1.8109E-05  1.0848E-05
       1.0597E-05  1.2648E-05  1.5012E-05  1.7287E-05  1.4541E-05  1.8368E-05  1.6215E-05  2.1126E-05  1.6938E-05  1.0823E-05
       7.4582E-06  1.0482E-05  1.3724E-05  1.8286E-05  1.8980E-05  1.8984E-05  1.3416E-05  1.4866E-05  1.2811E-05  7.1474E-06
       7.2891E-06  9.2628E-06  1.1907E-05  1.1571E-05  1.3556E-05  1.4175E-05  1.1202E-05  1.2207E-05  8.8886E-06  8.1973E-06
       5.3821E-06  8.6612E-06  1.1732E-05  1.1648E-05  7.9302E-06  8.9826E-06  1.3417E-05  9.9573E-06  9.1876E-06  5.2549E-06
       9.3222E-06  9.9045E-06  9.8438E-06  1.1106E-05  1.0682E-05  1.3643E-05  1.4709E-05  9.3301E-06  1.3620E-05  7.5156E-06
       9.7471E-06  1.3302E-05  1.2488E-05  1.2122E-05  2.0356E-05  1.8108E-05  1.6966E-05  1.5363E-05  1.1384E-05  8.1782E-06
       1.3312E-05  1.5683E-05  1.4660E-05  1.7937E-05  2.0841E-05  1.8757E-05  2.3475E-05  1.4454E-05  1.5140E-05  9.7586E-06
       1.1961E-05  1.3845E-05  1.6330E-05  1.3952E-05  2.2734E-05  2.1597E-05  2.1820E-05  1.5818E-05  1.0937E-05  1.0203E-05
       8.9481E-06  1.3490E-05  1.2144E-05  1.8438E-05  1.6228E-05  1.8149E-05  2.0924E-05  1.6025E-05  1.3781E-05  1.0418E-05
       9.1455E-06  1.0536E-05  1.2397E-05  1.3809E-05  1.6673E-05  1.7941E-05  1.7476E-05  1.4514E-05  1.3680E-05  8.3011E-06
       7.9141E-06  1.1446E-05  1.0654E-05  1.5120E-05  1.5670E-05  2.0219E-05  1.6049E-05  1.3858E-05  1.2905E-05  9.0570E-06
       7.4552E-06  7.6166E-06  9.2515E-06  1.4359E-05  1.2607E-05  1.2734E-05  1.2630E-05  1.2876E-05  1.1566E-05  6.5462E-06
       4.5000E-06  6.5686E-06  1.0643E-05  9.8818E-06  1.0814E-05  1.1097E-05  8.0486E-06  7.5498E-06  6.2604E-06  6.7813E-06
       4.6825E-06  5.7662E-06  6.2782E-06  9.4944E-06  6.3577E-06  1.0477E-05  8.1550E-06  8.0368E-06  7.7841E-06  3.9950E-06
       8.1948E-06  7.3938E-06  8.2354E-06  9.4673E-06  7.7034E-06  1.0223E-05  1.1620E-05  6.5146E-06  1.2661E-05  4.1113E-06
       1.1189E-05  1.2702E-05  9.7996E-06  1.4741E-05  1.1156E-05  1.5955E-05  1.3581E-05  1.1797E-05  9.5793E-06  8.1830E-06
       1.1591E-05  1.2850E-05  1.4615E-05  1.0615E-05  1.7390E-05  1.3688E-05  1.5607E-05  9.9136E-06  1.0012E-05  7.1030E-06
       8.1468E-06  1.3499E-05  1.1563E-05  1.0299E-05  1.7017E-05  1.6769E-05  1.7680E-05  9.5311E-06  1.0221E-05  7.2854E-06
       7.4424E-06  9.9229E-06  1.2437E-05  1.3888E-05  1.0737E-05  1.3469E-05  1.6950E-05  1.2720E-05  9.2124E-06  8.4634E-06
       3.3298E-06  8.1083E-06  1.2557E-05  1.1459E-05  1.0222E-05  1.2491E-05  1.3979E-05  1.3506E-05  9.9813E-06  7.7403E-06
       5.6742E-06  8.3679E-06  8.7299E-06  9.2919E-06  1.3389E-05  1.7079E-05  1.5165E-05  1.0191E-05  8.7177E-06  7.2057E-06
       8.9260E-06  6.4024E-06  9.4361E-06  1.1513E-05  1.0975E-05  9.9077E-06  1.0200E-05  9.3052E-06  4.7701E-06  4.9585E-06
       3.7526E-06  3.9240E-06  6.7846E-06  6.1526E-06  8.6931E-06  7.7434E-06  5.7774E-06  9.3687E-06  4.7397E-06  5.6196E-06
       3.3634E-06  3.3939E-06  5.3308E-06  7.5215E-06  5.2778E-06  6.4596E-06  4.4477E-06  5.1034E-06  3.8700E-06  1.9104E-06
       5.7649E-06  4.2037E-06  4.9749E-06  8.9642E-06  3.7479E-06  7.2036E-06  6.6580E-06  6.4658E-06  5.7610E-06  3.0236E-06
       6.3244E-06  7.6796E-06  6.4347E-06  1.0074E-05  8.9331E-06  6.4415E-06  1.0039E-05  9.0774E-06  6.4822E-06  5.0861E-06
       7.8759E-06  5.8903E-06  9.2276E-06  7.3229E-06  9.6597E-06  1.0325E-05  1.0706E-05  7.6555E-06  6.5315E-06  6.1541E-06
       4.6520E-06  8.0435E-06  1.0038E-05  1.0455E-05  1.0913E-05  1.2459E-05  1.2289E-05  6.2135E-06  6.8699E-06  6.2931E-06
       5.8754E-06  9.2692E-06  1.2047E-05  9.6341E-06  8.3242E-06  9.5156E-06  1.2982E-05  7.9102E-06  8.6893E-06  5.4656E-06
       2.9397E-06  6.3292E-06  1.0087E-05  7.8770E-06  8.7143E-06  1.0123E-05  1.0276E-05  8.2126E-06  8.1348E-06  6.8280E-06
       2.5198E-06  6.2740E-06  5.3756E-06  7.9526E-06  9.3905E-06  1.0036E-05  1.0723E-05  6.5976E-06  7.1186E-06  6.7252E-06
       4.2419E-06  5.5732E-06  6.4649E-06  6.4603E-06  8.4001E-06  5.2201E-06  6.6335E-06  5.8992E-06  4.9928E-06  3.6199E-06
       3.2154E-06  3.2886E-06  4.4204E-06  5.0321E-06  5.0646E-06  4.2413E-06  5.3385E-06  7.1775E-06  5.1590E-06  3.2115E-06

      Percentage errors follow in a matrix A(ix,iy,iz), format (1(5x,1p,10(1x,e11.4)))

       1.0395E+01  1.3274E+01  1.2874E+01  6.3333E+00  1.0376E+01  5.7630E+00  9.4253E+00  1.2390E+01  1.0154E+01  9.2715E+00
       1.2342E+01  1.0134E+01  9.5271E+00  6.1856E+00  6.3614E+00  1.0940E+01  7.6997E+00  9.2998E+00  8.4988E+00  1.0987E+01
       1.3040E+01  7.7119E+00  1.0055E+01  6.8089E+00  1.1342E+01  1.1661E+01  9.7386E+00  8.9864E+00  9.8482E+00  1.0668E+01
       1.2177E+01  1.1288E+01  9.8234E+00  6.7053E+00  8.1187E+00  9.5444E+00  7.9521E+00  1.1468E+01  1.0963E+01  8.3990E+00
       1.0189E+01  1.3074E+01  1.2775E+01  8.9741E+00  8.1266E+00  6.9848E+00  8.2844E+00  1.3523E+01  9.0622E+00  8.4036E+00
       1.1477E+01  8.2779E+00  1.0405E+01  1.0973E+01  9.6713E+00  6.7034E+00  1.0646E+01  6.4736E+00  7.5928E+00  1.1841E+01
       1.2178E+01  7.6760E+00  9.8527E+00  8.7564E+00  9.7087E+00  7.2134E+00  6.4518E+00  9.6515E+00  9.6073E+00  8.4490E+00
       1.3876E+01  9.9923E+00  1.0903E+01  7.1873E+00  6.6439E+00  7.6691E+00  9.5185E+00  8.2510E+00  1.2466E+01  1.0405E+01
       1.3183E+01  1.1010E+01  8.7126E+00  8.7561E+00  6.9952E+00  6.8205E+00  7.8639E+00  8.8396E+00  1.0104E+01  1.2249E+01
       1.2832E+01  1.1305E+01  6.8360E+00  7.8083E+00  1.1514E+01  9.6824E+00  9.2281E+00  8.5681E+00  1.2135E+01  1.1976E+01
       6.7489E+00  1.3775E+01  8.6488E+00  7.6415E+00  9.6954E+00  9.1881E+00  1.0563E+01  1.0713E+01  1.1837E+01  1.3990E+01
       1.3654E+01  7.8079E+00  8.1659E+00  1.0544E+01  8.7599E+00  9.2679E+00  8.6216E+00  8.8739E+00  1.1136E+01  1.1578E+01
       1.2304E+01  9.0987E+00  1.0884E+01  8.3135E+00  1.0456E+01  8.9278E+00  9.5729E+00  9.0708E+00  1.0808E+01  1.3109E+01
       1.0863E+01  1.1811E+01  1.0332E+01  8.4294E+00  9.6928E+00  1.0887E+01  9.3338E+00  1.0032E+01  1.2591E+01  1.2685E+01
       9.6127E+00  9.3566E+00  9.5848E+00  8.4249E+00  9.4328E+00  8.3208E+00  8.7700E+00  1.1373E+01  1.0044E+01  1.3006E+01
       1.0621E+01  1.1460E+01  1.2060E+01  1.0305E+01  7.0744E+00  8.0798E+00  9.7244E+00  7.5723E+00  1.2017E+01  1.1761E+01
       1.1140E+01  7.0065E+00  1.1182E+01  9.6965E+00  9.3920E+00  9.7476E+00  5.8438E+00  1.1105E+01  6.6998E+00  8.8119E+00
       1.3766E+01  7.9015E+00  1.0429E+01  7.3029E+00  1.0349E+01  1.0017E+01  9.6605E+00  9.2183E+00  9.8101E+00  1.0855E+01
       1.3716E+01  1.4189E+01  9.7468E+00  1.0641E+01  6.8595E+00  1.1007E+01  8.4011E+00  9.2694E+00  7.9805E+00  1.1178E+01
       1.1756E+01  1.0479E+01  1.0827E+01  1.0592E+01  1.0166E+01  1.1665E+01  9.8379E+00  8.7751E+00  1.5994E+01  1.2772E+01
       1.0944E+01  1.0459E+01  9.4402E+00  7.3391E+00  1.2240E+01  1.0261E+01  1.0316E+01  1.3901E+01  1.3213E+01  1.2085E+01
       1.3476E+01  1.4059E+01  7.9301E+00  1.0632E+01  1.1086E+01  9.1274E+00  1.1013E+01  8.5540E+00  1.4381E+01  1.4284E+01
       1.2313E+01  9.7037E+00  8.3540E+00  9.9088E+00  7.8187E+00  9.1134E+00  7.9173E+00  9.7279E+00  1.1030E+01  1.4928E+01
       1.0772E+01  1.2892E+01  7.8729E+00  1.0052E+01  8.7320E+00  1.1623E+01  1.0708E+01  8.5996E+00  1.0845E+01  1.1992E+01
       1.4230E+01  5.3069E+00  1.2036E+01  1.0295E+01  8.7250E+00  1.0897E+01  9.8097E+00  1.1126E+01  1.1975E+01  1.1561E+01
       7.0259E+00  8.0477E+00  1.1320E+01  7.6535E+00  9.2302E+00  8.1899E+00  1.0946E+01  9.8234E+00  9.7887E+00  9.9688E+00
       1.1844E+01  9.3003E+00  1.5737E+01  9.1279E+00  8.7782E+00  9.6172E+00  6.5662E+00  1.0091E+01  7.1809E+00  1.1087E+01
       1.4898E+01  1.3606E+01  1.1654E+01  8.5220E+00  5.8598E+00  1.0985E+01  1.1951E+01  8.9498E+00  9.6676E+00  1.1654E+01
       1.4483E+01  1.1594E+01  1.1614E+01  1.0398E+01  1.0722E+01  9.7057E+00  9.4299E+00  9.0528E+00  1.4595E+01  1.7256E+01
       1.8899E+01  1.2134E+01  9.9941E+00  1.1872E+01  9.6613E+00  1.1500E+01  1.2804E+01  1.1750E+01  1.7354E+01  1.2869E+01
       1.2875E+01  1.2608E+01  1.7116E+01  1.2709E+01  1.4368E+01  1.1284E+01  1.1544E+01  1.3482E+01  1.1867E+01  2.1078E+01
       1.3366E+01  1.3431E+01  1.0293E+01  1.3143E+01  1.1265E+01  9.0170E+00  1.0656E+01  7.7458E+00  1.2885E+01  1.6380E+01
       1.6304E+01  1.3494E+01  8.9071E+00  1.0331E+01  1.0318E+01  1.1360E+01  8.9451E+00  1.0761E+01  1.1253E+01  1.4183E+01
       1.0691E+01  1.0459E+01  9.0324E+00  9.0344E+00  1.0102E+01  1.3751E+01  9.1363E+00  8.9971E+00  1.3629E+01  1.6701E+01
       1.1469E+01  9.6508E+00  1.1434E+01  1.0445E+01  1.1959E+01  1.1083E+01  9.2349E+00  1.1901E+01  1.1081E+01  1.5918E+01
       8.8143E+00  1.2183E+01  9.9799E+00  7.9972E+00  1.0907E+01  1.2679E+01  1.1915E+01  8.8526E+00  8.4764E+00  1.4817E+01
       1.0022E+01  1.3371E+01  1.0687E+01  8.4004E+00  8.5037E+00  9.2109E+00  6.9884E+00  9.5043E+00  1.1624E+01  1.2972E+01
       1.6448E+01  1.4481E+01  1.1629E+01  8.3391E+00  9.9061E+00  9.6807E+00  1.3232E+01  1.2430E+01  1.0374E+01  1.2384E+01
       1.2816E+01  1.1313E+01  1.1508E+01  1.0982E+01  1.1341E+01  7.9461E+00  1.1030E+01  1.1379E+01  1.7573E+01  1.5211E+01
       1.5339E+01  1.3030E+01  1.0970E+01  8.4851E+00  8.4751E+00  1.4096E+01  1.2804E+01  1.1779E+01  1.2450E+01  1.3525E+01
       1.2880E+01  1.4873E+01  1.7758E+01  1.3207E+01  1.7794E+01  1.3335E+01  1.0518E+01  1.6910E+01  1.2271E+01  1.7813E+01
       1.6191E+01  1.3169E+01  1.4748E+01  1.2039E+01  1.2869E+01  1.1239E+01  1.4323E+01  1.1698E+01  1.2121E+01  1.2864E+01
       1.5192E+01  1.1190E+01  1.0868E+01  1.2546E+01  1.3566E+01  1.1415E+01  1.0931E+01  1.5387E+01  1.0480E+01  1.6930E+01
       1.2549E+01  1.5708E+01  8.4998E+00  8.2014E+00  1.1810E+01  9.0477E+00  9.0901E+00  1.1440E+01  1.3999E+01  1.2669E+01
       1.7093E+01  9.8424E+00  9.4176E+00  1.3630E+01  1.1039E+01  1.3638E+01  1.4264E+01  1.3407E+01  7.4984E+00  1.3707E+01
       1.4970E+01  1.7014E+01  1.1398E+01  7.7013E+00  1.3070E+01  1.3051E+01  9.4548E+00  1.0286E+01  8.9981E+00  1.4867E+01
       1.1965E+01  1.1440E+01  9.7684E+00  8.1713E+00  9.2368E+00  1.0449E+01  1.0659E+01  1.4135E+01  1.1572E+01  1.2862E+01
       1.6166E+01  1.3901E+01  1.4703E+01  1.1673E+01  1.0513E+01  1.3140E+01  1.0956E+01  1.0814E+01  1.2254E+01  1.0299E+01
       1.7006E+01  1.2200E+01  1.0853E+01  1.5282E+01  1.4369E+01  8.6316E+00  1.1626E+01  9.3807E+00  1.4190E+01  1.6735E+01
       1.8399E+01  1.3384E+01  1.2649E+01  1.1012E+01  1.3226E+01  1.9197E+01  1.2507E+01  1.3016E+01  1.2603E+01  1.5321E+01
       1.8051E+01  1.9639E+01  1.0496E+01  1.5964E+01  1.8939E+01  1.4215E+01  1.0581E+01  1.3098E+01  1.6111E+01  2.3132E+01
       1.5592E+01  1.7442E+01  1.3839E+01  1.2855E+01  1.2466E+01  9.9808E+00  1.1701E+01  1.5181E+01  1.5522E+01  1.7864E+01
       1.1540E+01  1.6133E+01  1.0347E+01  1.3434E+01  1.3742E+01  1.0043E+01  1.1397E+01  1.7612E+01  1.2682E+01  1.3858E+01
       1.3347E+01  1.5890E+01  1.2280E+01  1.5964E+01  1.2483E+01  8.9932E+00  8.7048E+00  1.2114E+01  1.1658E+01  1.7649E+01
       1.6190E+01  1.2022E+01  1.0762E+01  1.5629E+01  1.3170E+01  1.1421E+01  1.1926E+01  1.5479E+01  1.1232E+01  1.4063E+01
       1.5734E+01  1.1164E+01  1.1197E+01  1.1078E+01  8.8251E+00  1.0833E+01  9.9052E+00  1.1680E+01  1.2049E+01  1.4073E+01
       1.3813E+01  9.9585E+00  1.2770E+01  1.2189E+01  1.3455E+01  1.0399E+01  1.1940E+01  1.1188E+01  1.1145E+01  1.8683E+01
       1.6882E+01  1.5489E+01  1.2071E+01  1.3017E+01  1.5761E+01  9.9831E+00  1.4909E+01  1.1952E+01  1.4203E+01  1.0712E+01
       1.6086E+01  1.5889E+01  1.2662E+01  1.5839E+01  1.4287E+01  9.8367E+00  1.0949E+01  1.8601E+01  1.3648E+01  1.7201E+01
       1.6436E+01  1.0367E+01  1.2979E+01  1.3824E+01  1.4203E+01  1.0746E+01  1.2887E+01  1.4071E+01  1.1685E+01  2.2847E+01
       1.5782E+01  1.9764E+01  2.1665E+01  1.7521E+01  1.6851E+01  2.2266E+01  1.3749E+01  1.3338E+01  1.7827E+01  1.5730E+01
       1.7754E+01  1.5044E+01  1.4528E+01  1.9273E+01  1.8343E+01  1.3151E+01  1.6939E+01  1.6187E+01  1.5630E+01  1.9427E+01
       1.6697E+01  1.8673E+01  1.4029E+01  1.6749E+01  1.5784E+01  1.1631E+01  1.0942E+01  1.7211E+01  1.6152E+01  1.7518E+01
       1.5445E+01  1.3832E+01  1.3764E+01  1.5416E+01  1.5989E+01  9.5701E+00  9.1841E+00  1.1500E+01  1.1244E+01  1.9236E+01
       1.6218E+01  1.6122E+01  1.3849E+01  1.4330E+01  1.2614E+01  1.2427E+01  1.0744E+01  1.8114E+01  1.5106E+01  1.5861E+01
       1.6208E+01  1.5685E+01  1.1654E+01  1.3624E+01  7.7160E+00  9.1832E+00  1.1527E+01  1.4150E+01  1.1736E+01  1.3828E+01
       1.6314E+01  1.7079E+01  1.2760E+01  2.2732E+01  1.6689E+01  1.2151E+01  1.2927E+01  1.3839E+01  1.5327E+01  1.9762E+01
       1.5508E+01  1.6039E+01  1.1081E+01  1.4856E+01  1.4442E+01  1.2504E+01  1.4264E+01  1.0819E+01  2.0494E+01  1.6062E+01
       1.8685E+01  1.6933E+01  1.2123E+01  1.4861E+01  1.3238E+01  1.2334E+01  1.0619E+01  1.9147E+01  1.7754E+01  2.6008E+01
       1.8168E+01  1.8100E+01  1.1066E+01  1.3271E+01  1.9064E+01  1.7879E+01  1.3321E+01  1.7321E+01  1.6469E+01  2.1741E+01
       2.0014E+01  2.0156E+01  1.4911E+01  1.5612E+01  1.7230E+01  1.7625E+01  1.6211E+01  1.9339E+01  2.2709E+01  2.0811E+01
       1.9028E+01  1.6201E+01  1.7385E+01  1.4247E+01  1.9060E+01  1.8785E+01  2.0222E+01  1.7983E+01  1.6379E+01  2.8037E+01
       1.7060E+01  1.4269E+01  2.2232E+01  1.1404E+01  1.5870E+01  1.4067E+01  1.4911E+01  1.8213E+01  1.5875E+01  2.2680E+01
       1.4415E+01  1.6806E+01  1.8454E+01  1.4283E+01  1.5523E+01  1.0618E+01  1.2290E+01  1.4042E+01  1.3790E+01  1.8139E+01
       1.4690E+01  1.5129E+01  1.9221E+01  1.6954E+01  1.3868E+01  1.2202E+01  1.6316E+01  1.4125E+01  1.5934E+01  1.9113E+01
       1.7333E+01  1.4148E+01  1.2613E+01  1.7532E+01  1.1074E+01  1.3893E+01  1.2976E+01  1.3678E+01  1.0540E+01  1.6409E+01
       2.2300E+01  1.5900E+01  1.2961E+01  1.4398E+01  1.3174E+01  1.2437E+01  1.7812E+01  1.2146E+01  1.4363E+01  1.9053E+01
       1.8298E+01  1.8043E+01  1.5795E+01  2.0927E+01  1.5198E+01  1.5682E+01  1.4084E+01  1.5348E+01  2.0361E+01  1.9022E+01
       1.9392E+01  1.8553E+01  1.9711E+01  1.9379E+01  1.4878E+01  1.7631E+01  1.2382E+01  1.5490E+01  2.2204E+01  2.0327E+01
       2.9912E+01  2.2847E+01  1.3164E+01  1.4832E+01  1.7876E+01  1.4183E+01  1.7174E+01  1.6437E+01  1.8539E+01  1.9713E+01
       2.3791E+01  3.0614E+01  1.3443E+01  2.4053E+01  2.3920E+01  1.7876E+01  1.7473E+01  2.5886E+01  2.4158E+01  3.9004E+01
       1.6885E+01  1.8275E+01  2.2583E+01  2.4100E+01  2.1908E+01  2.2928E+01  2.0378E+01  1.9768E+01  1.5114E+01  2.5573E+01
       2.1482E+01  1.6145E+01  2.2099E+01  2.1015E+01  1.6478E+01  2.4277E+01  1.7034E+01  1.7062E+01  2.1898E+01  2.5639E+01
       1.6253E+01  2.1067E+01  1.9215E+01  1.6128E+01  1.4432E+01  1.1647E+01  1.3497E+01  1.7205E+01  1.4824E+01  2.0948E+01
       1.8551E+01  1.5914E+01  1.8950E+01  1.7649E+01  1.2647E+01  1.4186E+01  1.9599E+01  2.8585E+01  1.7837E+01  1.6038E+01
       2.1553E+01  1.7253E+01  2.0616E+01  1.7894E+01  1.3788E+01  1.7271E+01  1.9331E+01  1.6566E+01  1.4532E+01  1.7253E+01
       2.6567E+01  2.1527E+01  1.6916E+01  1.4756E+01  1.0301E+01  1.8018E+01  1.7199E+01  1.8498E+01  1.2831E+01  2.3827E+01
       2.6405E+01  2.0402E+01  1.8713E+01  2.2647E+01  2.0084E+01  1.5826E+01  1.5367E+01  1.7272E+01  1.8334E+01  1.9439E+01
       2.4473E+01  2.4877E+01  1.8636E+01  1.9369E+01  1.7712E+01  1.4250E+01  1.8729E+01  2.0274E+01  2.5612E+01  2.1446E+01
       2.3582E+01  2.2178E+01  1.8453E+01  1.7211E+01  1.7418E+01  1.4119E+01  1.6433E+01  1.9161E+01  2.8216E+01  2.3473E+01
       2.7720E+01  4.1921E+01  1.7096E+01  2.1055E+01  2.7040E+01  2.1438E+01  2.9899E+01  2.1497E+01  2.4830E+01  5.4002E+01
       1.9493E+01  1.8433E+01  1.8854E+01  1.9455E+01  1.9856E+01  2.8162E+01  2.2039E+01  1.8923E+01  1.9204E+01  2.6051E+01
       1.8818E+01  1.7804E+01  1.9664E+01  2.3576E+01  1.1856E+01  1.6275E+01  2.2739E+01  2.0433E+01  1.9931E+01  2.1876E+01
       1.7604E+01  2.3355E+01  2.1666E+01  1.8312E+01  1.8772E+01  1.6847E+01  1.7060E+01  1.5609E+01  2.2394E+01  1.9707E+01
       2.3500E+01  2.0278E+01  1.4317E+01  1.6437E+01  1.7362E+01  1.6142E+01  1.6453E+01  2.6645E+01  2.0032E+01  1.9444E+01
       3.4388E+01  2.1319E+01  1.0503E+01  1.2833E+01  1.8342E+01  2.2460E+01  1.8745E+01  1.8635E+01  1.5301E+01  2.4238E+01
       2.7166E+01  1.9462E+01  1.8265E+01  1.9973E+01  1.8142E+01  1.4558E+01  1.7073E+01  2.2195E+01  2.0108E+01  2.2850E+01
       2.7040E+01  2.4899E+01  2.4157E+01  2.5570E+01  1.4577E+01  1.6694E+01  1.7775E+01  2.5212E+01  3.1945E+01  1.8537E+01
       2.6786E+01  2.5400E+01  2.8148E+01  2.9439E+01  1.7684E+01  2.3407E+01  1.7017E+01  2.1570E+01  2.4568E+01  2.7316E+01
       2.3577E+01  2.3026E+01  2.1155E+01  2.5955E+01  1.8635E+01  2.4434E+01  2.1651E+01  2.1687E+01  2.7673E+01  3.0750E+01
