1
   Cartesian binning n.   1  "DoseEq    " , generalized particle n.  240
      X coordinate: from -8.5000E+01 to  8.5000E+01 cm,    10 bins ( 1.7000E+01 cm wide)
      Y coordinate: from -2.5000E+01 to  2.5000E+01 cm,    10 bins ( 5.0000E+00 cm wide)
      Z coordinate: from  2.2500E+02 to  2.7500E+02 cm,    10 bins ( 5.0000E+00 cm wide)
      Data follow in a matrix A(ix,iy,iz), format (1(5x,1p,10(1x,e11.4)))

      accurate deposition along the tracks requested
      this is a track-length binning
       1.8039E-04  2.3519E-04  2.4838E-04  2.9223E-04  2.8531E-04  3.1070E-04  2.7386E-04  2.6422E-04  2.3721E-04  1.8406E-04
       2.0758E-04  2.7243E-04  2.9297E-04  3.3102E-04  3.3147E-04  3.5176E-04  3.2266E-04  3.1365E-04  2.8375E-04  2.1384E-04
       2.2291E-04  2.8723E-04  3.2339E-04  3.5563E-04  3.6238E-04  3.8350E-04  3.3909E-04  3.3043E-04  2.7572E-04  2.1174E-04
       2.1517E-04  2.8138E-04  3.2940E-04  3.5448E-04  3.8398E-04  3.8396E-04  3.5872E-04  3.1688E-04  2.9561E-04  2.2200E-04
       2.3448E-04  2.9540E-04  3.3344E-04  3.6192E-04  3.8866E-04  3.8767E-04  3.7620E-04  3.3951E-04  2.8674E-04  2.3173E-04
       2.2113E-04  3.0065E-04  3.4084E-04  3.4685E-04  3.8297E-04  4.0031E-04  3.7242E-04  3.3688E-04  3.0038E-04  2.2866E-04
       2.2712E-04  2.8140E-04  3.4027E-04  3.3810E-04  3.6935E-04  3.8879E-04  3.7323E-04  3.2439E-04  2.8093E-04  2.4120E-04
       2.1155E-04  2.7850E-04  3.1624E-04  3.4812E-04  3.8049E-04  3.6087E-04  3.5955E-04  3.1656E-04  2.6129E-04  2.5221E-04
       2.1145E-04  2.6163E-04  3.0446E-04  3.1818E-04  3.3619E-04  3.6073E-04  3.3283E-04  3.1564E-04  2.5277E-04  2.2361E-04
       1.9030E-04  2.2821E-04  2.5463E-04  2.8247E-04  2.9158E-04  3.0013E-04  2.8436E-04  2.5767E-04  2.4010E-04  1.9031E-04
       1.4924E-04  1.8631E-04  2.0798E-04  2.5319E-04  2.3943E-04  2.5344E-04  2.2550E-04  2.1018E-04  2.0676E-04  1.5172E-04
       1.9450E-04  2.4143E-04  2.7696E-04  3.1353E-04  3.1123E-04  3.1850E-04  2.8996E-04  2.7794E-04  2.4317E-04  1.8574E-04
       1.9709E-04  2.6136E-04  3.1332E-04  3.1845E-04  3.5351E-04  3.3166E-04  3.2910E-04  2.9958E-04  2.6718E-04  1.8816E-04
       1.9864E-04  2.5397E-04  3.0507E-04  3.5228E-04  3.4293E-04  3.5283E-04  3.5431E-04  3.1491E-04  2.7295E-04  1.8885E-04
       2.0957E-04  2.8375E-04  3.1726E-04  3.4777E-04  3.6149E-04  3.5419E-04  3.5558E-04  3.1950E-04  2.6565E-04  1.9898E-04
       2.1405E-04  2.9323E-04  3.1212E-04  3.4885E-04  3.6755E-04  3.8423E-04  3.3966E-04  3.2532E-04  2.8115E-04  2.1028E-04
       1.9731E-04  2.8361E-04  3.1195E-04  3.3421E-04  3.7506E-04  3.6056E-04  3.4223E-04  3.1756E-04  2.7541E-04  2.1385E-04
       1.8148E-04  2.4969E-04  3.0611E-04  3.2014E-04  3.6902E-04  3.3265E-04  3.2333E-04  3.1213E-04  2.4942E-04  2.0241E-04
       1.8979E-04  2.2955E-04  2.7884E-04  2.8309E-04  3.2175E-04  3.3417E-04  2.9592E-04  2.7682E-04  2.2907E-04  1.8879E-04
       1.6029E-04  1.8382E-04  2.0684E-04  2.4537E-04  2.6723E-04  2.3524E-04  2.4030E-04  2.1731E-04  1.8766E-04  1.5621E-04
       1.1993E-04  1.5549E-04  1.6349E-04  2.0360E-04  1.9507E-04  2.1077E-04  1.9119E-04  1.6667E-04  1.5919E-04  1.1981E-04
       1.5277E-04  2.2363E-04  2.3054E-04  2.6006E-04  2.5445E-04  2.5184E-04  2.5290E-04  2.3368E-04  2.1127E-04  1.4462E-04
       1.5764E-04  2.2861E-04  2.5461E-04  2.7697E-04  2.8069E-04  2.9576E-04  2.8301E-04  2.6176E-04  2.0475E-04  1.5870E-04
       1.6550E-04  2.2098E-04  2.4783E-04  3.0439E-04  2.8452E-04  3.0767E-04  3.0280E-04  2.5913E-04  2.2645E-04  1.5272E-04
       1.6070E-04  2.4799E-04  2.6838E-04  2.9866E-04  3.1251E-04  2.8597E-04  2.9775E-04  2.6181E-04  2.3334E-04  1.6999E-04
       1.7127E-04  2.3702E-04  2.6456E-04  2.9215E-04  3.2140E-04  3.2150E-04  2.9730E-04  2.7954E-04  2.2971E-04  1.6983E-04
       1.6092E-04  2.5522E-04  2.8200E-04  2.8918E-04  3.2102E-04  2.9201E-04  2.8329E-04  2.8194E-04  2.1967E-04  1.7823E-04
       1.5789E-04  2.1453E-04  2.4919E-04  2.6924E-04  3.0170E-04  2.8799E-04  2.7903E-04  2.6409E-04  2.2003E-04  1.6751E-04
       1.5173E-04  1.8668E-04  2.1618E-04  2.3217E-04  2.7064E-04  2.6314E-04  2.5394E-04  2.3352E-04  1.8714E-04  1.5716E-04
       1.2224E-04  1.4658E-04  1.7433E-04  1.9210E-04  2.1549E-04  2.0078E-04  1.9038E-04  1.7784E-04  1.4649E-04  1.1943E-04
       9.3276E-05  1.3237E-04  1.2205E-04  1.5020E-04  1.4788E-04  1.5904E-04  1.5303E-04  1.3479E-04  1.1453E-04  8.4950E-05
       1.1183E-04  1.6751E-04  1.8100E-04  2.1240E-04  1.9095E-04  2.0978E-04  1.8076E-04  1.7709E-04  1.5679E-04  1.1077E-04
       1.2696E-04  1.8193E-04  2.0999E-04  2.2818E-04  2.1607E-04  2.3049E-04  2.2013E-04  2.1421E-04  1.7004E-04  1.2655E-04
       1.3156E-04  1.7679E-04  2.1458E-04  2.5457E-04  2.3699E-04  2.4717E-04  2.4266E-04  2.2490E-04  1.8991E-04  1.2692E-04
       1.3218E-04  1.9806E-04  2.2108E-04  2.5517E-04  2.5063E-04  2.4616E-04  2.5234E-04  2.3012E-04  1.8543E-04  1.3766E-04
       1.4235E-04  1.9656E-04  2.2625E-04  2.4933E-04  2.5466E-04  2.6121E-04  2.3743E-04  2.3398E-04  1.8802E-04  1.3290E-04
       1.3508E-04  1.9532E-04  2.2044E-04  2.4101E-04  2.4647E-04  2.4893E-04  2.1958E-04  2.2683E-04  1.9674E-04  1.3840E-04
       1.2367E-04  1.6928E-04  2.0982E-04  2.2527E-04  2.3507E-04  2.4266E-04  2.3262E-04  2.1016E-04  1.7230E-04  1.2981E-04
       1.1410E-04  1.4424E-04  1.8564E-04  1.9660E-04  2.0875E-04  2.1888E-04  2.0131E-04  1.9645E-04  1.5171E-04  1.2912E-04
       8.8647E-05  1.2133E-04  1.2374E-04  1.5654E-04  1.6405E-04  1.6515E-04  1.5150E-04  1.4005E-04  1.1827E-04  7.8933E-05
       6.8887E-05  9.8430E-05  9.6593E-05  1.1186E-04  1.2188E-04  1.2389E-04  1.1120E-04  1.1374E-04  9.6305E-05  7.0532E-05
       8.4798E-05  1.3073E-04  1.3766E-04  1.6950E-04  1.6907E-04  1.6152E-04  1.4449E-04  1.3561E-04  1.3602E-04  8.6801E-05
       1.0625E-04  1.4532E-04  1.7643E-04  1.8895E-04  1.7959E-04  1.7588E-04  1.7930E-04  1.6261E-04  1.4118E-04  9.1645E-05
       1.1077E-04  1.4626E-04  1.7038E-04  2.0417E-04  1.8966E-04  2.1006E-04  1.9660E-04  1.7838E-04  1.4040E-04  1.0955E-04
       1.0260E-04  1.6048E-04  1.8739E-04  2.0380E-04  2.0910E-04  1.9442E-04  2.0448E-04  1.8577E-04  1.5437E-04  1.1128E-04
       1.1596E-04  1.7004E-04  1.8865E-04  2.1375E-04  2.0482E-04  2.0348E-04  2.0123E-04  1.9515E-04  1.4593E-04  1.1970E-04
       1.1467E-04  1.4826E-04  1.7889E-04  1.8939E-04  1.9135E-04  2.1332E-04  1.8550E-04  1.7145E-04  1.5061E-04  1.0950E-04
       1.0404E-04  1.3264E-04  1.6982E-04  1.7233E-04  1.9700E-04  1.9388E-04  1.8780E-04  1.6975E-04  1.3862E-04  1.0454E-04
       8.6536E-05  1.2410E-04  1.4255E-04  1.6420E-04  1.6714E-04  1.8135E-04  1.6199E-04  1.5657E-04  1.2244E-04  9.7320E-05
       6.8936E-05  9.4311E-05  9.7677E-05  1.2412E-04  1.3604E-04  1.2476E-04  1.1057E-04  9.2933E-05  8.9134E-05  6.2191E-05
       5.4850E-05  7.3751E-05  7.4505E-05  9.1668E-05  8.6874E-05  1.0442E-04  8.8291E-05  8.2501E-05  7.9996E-05  6.3647E-05
       7.1719E-05  1.0005E-04  1.1045E-04  1.3267E-04  1.3671E-04  1.3193E-04  1.1973E-04  1.0770E-04  1.0545E-04  7.6056E-05
       7.9665E-05  1.0651E-04  1.2842E-04  1.4457E-04  1.4589E-04  1.6150E-04  1.3819E-04  1.3391E-04  1.1815E-04  8.2722E-05
       8.2198E-05  1.2023E-04  1.4613E-04  1.5856E-04  1.5806E-04  1.6438E-04  1.5943E-04  1.3901E-04  1.1885E-04  8.8811E-05
       7.8828E-05  1.2882E-04  1.5198E-04  1.5734E-04  1.7295E-04  1.7087E-04  1.5403E-04  1.4410E-04  1.2602E-04  9.1830E-05
       8.1172E-05  1.3245E-04  1.5077E-04  1.6451E-04  1.6783E-04  1.6696E-04  1.5802E-04  1.5158E-04  1.2305E-04  8.4865E-05
       8.3494E-05  1.1334E-04  1.4178E-04  1.5210E-04  1.6339E-04  1.7434E-04  1.5874E-04  1.3517E-04  1.1699E-04  8.4435E-05
       8.1649E-05  1.0106E-04  1.2726E-04  1.4891E-04  1.5647E-04  1.6739E-04  1.5930E-04  1.3695E-04  1.1042E-04  7.2926E-05
       7.0285E-05  9.4195E-05  1.1917E-04  1.2325E-04  1.3971E-04  1.3558E-04  1.2374E-04  1.1769E-04  9.4696E-05  7.3109E-05
       4.4875E-05  6.3893E-05  8.4019E-05  1.0349E-04  1.0456E-04  9.7135E-05  9.1476E-05  7.2088E-05  7.1915E-05  5.4727E-05
       4.3348E-05  5.7967E-05  5.9260E-05  6.8253E-05  6.8632E-05  7.3344E-05  6.6559E-05  6.3139E-05  6.0427E-05  4.1589E-05
       5.4680E-05  7.6278E-05  8.9985E-05  9.9744E-05  1.1142E-04  1.0281E-04  8.9767E-05  9.0535E-05  8.0887E-05  6.2080E-05
       5.8865E-05  8.2310E-05  9.9378E-05  1.1738E-04  1.1819E-04  1.2751E-04  1.1092E-04  9.7777E-05  8.7931E-05  7.6546E-05
       7.1050E-05  9.6284E-05  1.1735E-04  1.2509E-04  1.2726E-04  1.2486E-04  1.2543E-04  1.0892E-04  9.5148E-05  7.4839E-05
       6.9879E-05  1.0550E-04  1.2417E-04  1.3254E-04  1.3707E-04  1.4429E-04  1.2654E-04  1.1398E-04  9.9300E-05  6.6711E-05
       7.1085E-05  9.8566E-05  1.1784E-04  1.3409E-04  1.3570E-04  1.4138E-04  1.2871E-04  1.1508E-04  9.6340E-05  6.5214E-05
       6.8257E-05  8.8101E-05  1.1403E-04  1.2428E-04  1.2073E-04  1.4115E-04  1.2726E-04  1.0924E-04  9.3203E-05  7.1688E-05
       5.8672E-05  8.5036E-05  1.1015E-04  1.1105E-04  1.2256E-04  1.3934E-04  1.2725E-04  1.0229E-04  8.0981E-05  6.6070E-05
       4.9987E-05  7.5666E-05  9.7254E-05  1.0312E-04  1.0552E-04  1.0320E-04  1.0568E-04  9.1278E-05  7.3340E-05  5.5767E-05
       3.7929E-05  5.8906E-05  7.1226E-05  7.4287E-05  8.2299E-05  7.5532E-05  7.0534E-05  6.2810E-05  5.4867E-05  4.3216E-05
       3.4293E-05  4.3978E-05  4.7857E-05  4.9795E-05  6.0908E-05  6.2461E-05  5.0534E-05  5.4161E-05  4.3013E-05  3.7428E-05
       4.2940E-05  5.6761E-05  6.6054E-05  7.4043E-05  8.9549E-05  8.1382E-05  7.7677E-05  6.9748E-05  6.2071E-05  4.4810E-05
       4.6621E-05  6.6207E-05  8.5461E-05  8.4604E-05  9.2524E-05  9.3987E-05  9.1827E-05  7.4782E-05  7.0141E-05  5.2685E-05
       5.9265E-05  8.0366E-05  9.5869E-05  9.2833E-05  1.0335E-04  9.2779E-05  1.0190E-04  8.5698E-05  7.0180E-05  5.3823E-05
       5.7307E-05  8.7432E-05  9.7986E-05  1.0029E-04  1.1576E-04  1.0603E-04  1.0313E-04  9.1717E-05  7.2276E-05  5.2882E-05
       5.5666E-05  7.4873E-05  9.3826E-05  1.0388E-04  1.0098E-04  1.1676E-04  1.1333E-04  8.8245E-05  6.8031E-05  6.1775E-05
       4.9886E-05  7.4887E-05  8.5642E-05  8.5231E-05  1.0084E-04  1.0793E-04  1.0550E-04  8.9305E-05  7.1773E-05  5.6702E-05
       5.1373E-05  6.9996E-05  8.0829E-05  8.8693E-05  8.5582E-05  9.8289E-05  9.2767E-05  7.9823E-05  6.6870E-05  5.1413E-05
       4.3610E-05  5.8248E-05  7.5800E-05  7.3699E-05  7.4601E-05  7.7883E-05  8.2411E-05  6.5766E-05  5.7161E-05  4.3225E-05
       3.0929E-05  5.1252E-05  5.3427E-05  6.1234E-05  6.5745E-05  6.1589E-05  5.7472E-05  4.5117E-05  4.4848E-05  3.1997E-05
       2.3592E-05  3.0895E-05  4.3249E-05  3.8208E-05  5.6875E-05  4.6747E-05  3.8837E-05  3.8893E-05  3.1359E-05  3.1452E-05
       3.0742E-05  4.7590E-05  5.0940E-05  5.1333E-05  6.8586E-05  6.5356E-05  5.6104E-05  5.3813E-05  4.8079E-05  3.4824E-05
       3.5452E-05  5.5034E-05  6.8713E-05  6.8235E-05  7.1663E-05  7.3762E-05  5.8272E-05  6.1809E-05  5.1550E-05  3.0335E-05
       4.6913E-05  6.5525E-05  7.2656E-05  7.7888E-05  7.9817E-05  7.0855E-05  7.0961E-05  6.4008E-05  5.9179E-05  3.6935E-05
       4.3806E-05  6.3844E-05  7.1110E-05  8.1465E-05  8.0154E-05  7.7106E-05  7.9304E-05  6.4823E-05  5.3249E-05  3.7605E-05
       4.2346E-05  5.8985E-05  7.0431E-05  7.5538E-05  7.9638E-05  8.5041E-05  9.1393E-05  6.3007E-05  5.4059E-05  4.5751E-05
       4.3275E-05  7.3691E-05  7.6191E-05  6.8293E-05  7.4119E-05  7.0612E-05  8.1224E-05  7.0253E-05  5.5160E-05  4.3964E-05
       3.9940E-05  5.3954E-05  5.9985E-05  6.6277E-05  6.8902E-05  7.4189E-05  7.1014E-05  6.7968E-05  5.4077E-05  3.7773E-05
       3.0277E-05  4.3872E-05  4.7849E-05  4.7887E-05  5.8283E-05  6.8915E-05  6.3778E-05  5.6539E-05  4.0738E-05  3.0567E-05
       2.5925E-05  3.5615E-05  4.3568E-05  4.2150E-05  4.4551E-05  4.8636E-05  4.3587E-05  3.7783E-05  4.0398E-05  2.8064E-05
       2.3503E-05  2.4166E-05  3.1399E-05  3.3117E-05  4.2057E-05  3.7306E-05  2.9470E-05  3.7785E-05  2.9939E-05  2.6184E-05
       2.4551E-05  3.8197E-05  3.9344E-05  4.2528E-05  4.7432E-05  4.5325E-05  3.7564E-05  4.2763E-05  3.4867E-05  2.3903E-05
       2.4229E-05  4.1147E-05  5.2904E-05  5.0686E-05  5.3699E-05  5.2416E-05  4.4380E-05  4.3106E-05  3.6045E-05  2.2315E-05
       2.8878E-05  4.0033E-05  5.2626E-05  5.4329E-05  4.9999E-05  4.7118E-05  4.8033E-05  4.2656E-05  3.8901E-05  2.7955E-05
       3.0537E-05  4.6079E-05  5.0880E-05  4.8084E-05  5.2060E-05  5.1538E-05  5.6517E-05  4.4934E-05  4.1748E-05  3.1020E-05
       3.4210E-05  4.8247E-05  5.1469E-05  5.1306E-05  5.0261E-05  5.5178E-05  5.3247E-05  4.9134E-05  4.4536E-05  3.0104E-05
       3.0176E-05  4.6072E-05  5.1557E-05  5.7902E-05  5.7288E-05  5.0213E-05  5.5926E-05  5.0111E-05  3.8650E-05  3.2153E-05
       2.9131E-05  3.5081E-05  5.1284E-05  5.2172E-05  4.8674E-05  5.6419E-05  5.2794E-05  4.7243E-05  3.6806E-05  2.7696E-05
       2.4585E-05  3.1076E-05  4.0386E-05  3.4067E-05  4.0319E-05  4.5242E-05  4.0321E-05  4.2144E-05  3.2752E-05  2.2301E-05
       1.9973E-05  2.8264E-05  2.9031E-05  3.3623E-05  3.3436E-05  3.4391E-05  2.8482E-05  2.7930E-05  2.6795E-05  2.0260E-05

      Percentage errors follow in a matrix A(ix,iy,iz), format (1(5x,1p,10(1x,e11.4)))

       3.6524E+00  3.9453E+00  4.3558E+00  2.9718E+00  2.9893E+00  3.6709E+00  3.8691E+00  4.4401E+00  4.9371E+00  3.5240E+00
       3.5075E+00  2.8119E+00  4.2386E+00  2.2037E+00  2.7969E+00  3.5365E+00  3.8975E+00  2.9810E+00  2.6478E+00  3.3420E+00
       3.9946E+00  4.2545E+00  4.0179E+00  2.9327E+00  3.5464E+00  3.0411E+00  3.1692E+00  2.6748E+00  1.9801E+00  3.9720E+00
       3.7461E+00  2.9062E+00  4.0187E+00  2.8059E+00  2.5204E+00  3.1362E+00  2.6734E+00  2.2510E+00  3.7222E+00  3.2820E+00
       3.3514E+00  3.0650E+00  3.4611E+00  3.0463E+00  2.8593E+00  3.4345E+00  2.9211E+00  2.5363E+00  3.9285E+00  3.5608E+00
       4.4673E+00  3.4467E+00  3.4863E+00  3.0857E+00  2.7090E+00  3.9044E+00  2.7524E+00  2.6140E+00  3.5395E+00  2.8513E+00
       2.6714E+00  3.8071E+00  3.1333E+00  3.8393E+00  2.4732E+00  3.7644E+00  2.7814E+00  4.1903E+00  3.2527E+00  4.1376E+00
       4.1969E+00  2.9213E+00  3.9562E+00  2.6210E+00  3.4491E+00  3.2377E+00  2.9156E+00  3.7136E+00  3.7195E+00  1.8988E+00
       3.6906E+00  3.9330E+00  3.8667E+00  3.1852E+00  2.8079E+00  2.7239E+00  3.4861E+00  2.7305E+00  3.1333E+00  4.0226E+00
       3.9158E+00  3.6276E+00  3.4479E+00  3.1788E+00  3.4961E+00  2.2865E+00  3.7581E+00  2.5585E+00  2.9745E+00  4.3398E+00
       5.2793E+00  3.9726E+00  3.4231E+00  3.7510E+00  4.4295E+00  3.2170E+00  3.7364E+00  4.4771E+00  4.8022E+00  5.1825E+00
       4.8573E+00  3.0718E+00  4.4872E+00  3.9111E+00  2.4017E+00  3.6730E+00  3.5701E+00  2.8930E+00  3.2921E+00  3.5944E+00
       4.7734E+00  3.9448E+00  4.2839E+00  4.1722E+00  3.4278E+00  3.7564E+00  3.1080E+00  4.3713E+00  3.1896E+00  4.5768E+00
       5.0850E+00  3.9491E+00  3.7231E+00  3.3385E+00  3.4623E+00  3.5816E+00  3.1196E+00  3.7953E+00  3.8315E+00  4.3985E+00
       4.1819E+00  3.2573E+00  3.8193E+00  3.1069E+00  3.7337E+00  3.1009E+00  2.6780E+00  2.5517E+00  3.3219E+00  4.7601E+00
       4.5466E+00  3.6477E+00  2.3562E+00  3.3175E+00  2.5751E+00  4.4945E+00  3.8562E+00  3.2695E+00  3.6967E+00  3.1812E+00
       3.2722E+00  2.3128E+00  2.8009E+00  3.4347E+00  2.5699E+00  3.0988E+00  3.5724E+00  3.6973E+00  3.6688E+00  4.8290E+00
       3.8459E+00  3.0898E+00  2.7684E+00  4.2052E+00  3.6648E+00  3.9141E+00  3.3295E+00  2.5478E+00  4.9371E+00  2.9669E+00
       3.7447E+00  4.2922E+00  3.8080E+00  2.9023E+00  4.1816E+00  2.4832E+00  2.5811E+00  3.1576E+00  2.7652E+00  5.5042E+00
       4.7629E+00  3.2803E+00  3.1915E+00  2.4666E+00  2.7377E+00  2.6622E+00  3.3036E+00  3.7618E+00  4.6631E+00  4.7477E+00
       5.8307E+00  4.2650E+00  3.8441E+00  3.3766E+00  5.1808E+00  5.0288E+00  3.5826E+00  4.5934E+00  4.0700E+00  6.0732E+00
       4.2125E+00  5.1307E+00  5.4462E+00  4.4759E+00  4.1358E+00  4.1838E+00  3.7472E+00  3.6360E+00  3.7788E+00  4.6505E+00
       5.2540E+00  3.3433E+00  3.5335E+00  4.6092E+00  3.4941E+00  2.7991E+00  3.0685E+00  4.4715E+00  3.2491E+00  5.8870E+00
       3.8467E+00  4.0292E+00  3.2380E+00  2.6288E+00  3.5588E+00  3.2196E+00  3.4723E+00  4.1243E+00  4.9626E+00  5.6233E+00
       3.8430E+00  3.2724E+00  2.6334E+00  3.3734E+00  3.9258E+00  3.1171E+00  3.6553E+00  3.4028E+00  3.8815E+00  4.8980E+00
       4.3378E+00  3.6955E+00  3.0166E+00  2.6580E+00  3.6443E+00  4.0550E+00  5.5078E+00  2.9178E+00  3.2396E+00  5.1805E+00
       3.2612E+00  3.5866E+00  3.5321E+00  3.5912E+00  3.8283E+00  3.6296E+00  5.1137E+00  3.2527E+00  4.0847E+00  5.5429E+00
       4.9236E+00  4.4369E+00  3.1724E+00  4.7628E+00  3.3621E+00  3.6568E+00  4.5220E+00  3.9485E+00  4.2973E+00  4.4973E+00
       4.4446E+00  3.1731E+00  4.6749E+00  2.6895E+00  3.4198E+00  2.4538E+00  3.1575E+00  4.0254E+00  3.7536E+00  5.5981E+00
       4.9059E+00  4.0170E+00  4.8776E+00  3.0964E+00  3.8490E+00  3.1914E+00  3.7897E+00  4.6730E+00  4.0224E+00  6.1331E+00
       6.0083E+00  5.8250E+00  4.6396E+00  4.5598E+00  4.6049E+00  5.2090E+00  3.2308E+00  4.2250E+00  7.3397E+00  5.8103E+00
       4.9549E+00  4.7820E+00  5.6541E+00  4.4385E+00  4.9833E+00  3.4040E+00  4.3484E+00  3.8246E+00  4.7799E+00  4.7311E+00
       4.5550E+00  3.9391E+00  5.0833E+00  4.0725E+00  3.8260E+00  2.9676E+00  4.9756E+00  3.7889E+00  5.0173E+00  6.1591E+00
       5.8256E+00  5.7150E+00  4.5611E+00  3.3348E+00  4.3597E+00  3.5914E+00  5.3559E+00  4.8344E+00  4.2592E+00  7.0403E+00
       4.6589E+00  4.6390E+00  3.4543E+00  3.9374E+00  3.5416E+00  4.1240E+00  3.3835E+00  3.6174E+00  3.9698E+00  5.1589E+00
       6.0877E+00  3.8183E+00  3.7910E+00  2.9845E+00  4.1875E+00  3.8721E+00  5.2656E+00  3.5818E+00  6.0337E+00  4.2836E+00
       4.4259E+00  3.9983E+00  4.0280E+00  3.7807E+00  3.1192E+00  3.1813E+00  3.5803E+00  4.1089E+00  5.0800E+00  5.0145E+00
       6.1763E+00  5.4797E+00  5.1663E+00  5.4587E+00  2.3971E+00  2.2935E+00  4.8702E+00  5.8422E+00  4.8863E+00  5.2710E+00
       5.5403E+00  4.5613E+00  4.4425E+00  2.7090E+00  3.7676E+00  4.4648E+00  3.0949E+00  4.6930E+00  4.4926E+00  4.0488E+00
       6.0177E+00  5.7986E+00  6.2709E+00  4.8136E+00  3.4961E+00  3.6525E+00  3.9907E+00  5.8749E+00  5.0146E+00  5.2109E+00
       5.5324E+00  5.6671E+00  7.2974E+00  5.1668E+00  5.5039E+00  5.8198E+00  5.0674E+00  4.7809E+00  7.8052E+00  8.8120E+00
       5.8924E+00  6.3490E+00  5.6853E+00  5.8855E+00  5.2901E+00  4.4595E+00  5.3990E+00  6.2129E+00  3.6936E+00  6.5321E+00
       7.0114E+00  3.3813E+00  5.1069E+00  3.8627E+00  3.6493E+00  4.8051E+00  4.7985E+00  3.7054E+00  4.9806E+00  6.2702E+00
       4.6682E+00  7.1871E+00  4.5866E+00  4.2237E+00  4.0302E+00  3.3700E+00  4.4041E+00  4.5425E+00  7.6230E+00  5.7585E+00
       5.3794E+00  4.7448E+00  3.7422E+00  4.3707E+00  3.5622E+00  4.0150E+00  3.8994E+00  4.1166E+00  6.2401E+00  5.2866E+00
       4.4812E+00  4.4118E+00  4.1813E+00  3.0652E+00  4.1830E+00  4.1753E+00  5.0570E+00  3.5134E+00  5.2401E+00  6.1772E+00
       5.5812E+00  5.5618E+00  3.5651E+00  3.4814E+00  4.1283E+00  4.7279E+00  3.6520E+00  4.1251E+00  6.1659E+00  6.7661E+00
       5.9944E+00  4.9963E+00  3.8713E+00  4.8332E+00  4.1465E+00  3.8380E+00  4.4221E+00  4.5953E+00  6.0235E+00  5.3933E+00
       6.2806E+00  4.0380E+00  4.3930E+00  4.5632E+00  4.4580E+00  4.8103E+00  4.0614E+00  4.0714E+00  4.9463E+00  5.1738E+00
       6.1221E+00  7.1247E+00  5.4622E+00  4.2943E+00  4.3727E+00  5.0064E+00  4.8760E+00  5.7792E+00  4.8323E+00  6.0176E+00
       8.0476E+00  5.4700E+00  7.2785E+00  7.8687E+00  6.5253E+00  5.1763E+00  8.3351E+00  5.9500E+00  6.4395E+00  8.7387E+00
       6.8154E+00  6.2547E+00  5.8315E+00  5.7697E+00  4.9534E+00  5.0001E+00  7.0708E+00  5.6062E+00  4.7866E+00  6.7977E+00
       8.8829E+00  4.9879E+00  5.8716E+00  3.8502E+00  4.2786E+00  4.7617E+00  5.6835E+00  4.2886E+00  5.8324E+00  7.3774E+00
       5.3227E+00  6.2277E+00  4.7298E+00  5.4692E+00  3.5438E+00  3.6116E+00  5.2674E+00  5.2105E+00  6.4677E+00  5.8205E+00
       7.1148E+00  6.2802E+00  5.2455E+00  5.6029E+00  4.1759E+00  3.8429E+00  4.9992E+00  4.4647E+00  5.3369E+00  7.7997E+00
       5.8576E+00  5.8640E+00  4.9493E+00  4.0300E+00  4.9914E+00  4.7796E+00  5.1873E+00  2.9124E+00  6.6813E+00  9.3109E+00
       8.2396E+00  5.2183E+00  6.3560E+00  5.8145E+00  5.1596E+00  4.6592E+00  5.5044E+00  4.8277E+00  4.7538E+00  5.0884E+00
       7.5427E+00  4.1888E+00  5.2622E+00  5.5496E+00  3.2084E+00  6.1644E+00  4.8027E+00  5.5149E+00  5.6472E+00  6.5832E+00
       7.8807E+00  5.5163E+00  4.8287E+00  6.3754E+00  4.7740E+00  5.6586E+00  4.1343E+00  6.2448E+00  5.9283E+00  5.6038E+00
       8.4481E+00  7.5155E+00  4.1633E+00  6.0620E+00  4.4901E+00  5.5706E+00  6.9916E+00  6.6584E+00  7.0535E+00  7.0106E+00
       8.5772E+00  6.5098E+00  7.0287E+00  9.3325E+00  6.2068E+00  9.1237E+00  6.3074E+00  7.1964E+00  6.8223E+00  8.3633E+00
       8.0993E+00  6.6582E+00  5.3215E+00  5.4240E+00  5.3645E+00  5.0694E+00  5.5968E+00  6.5216E+00  6.3963E+00  6.2060E+00
       8.0787E+00  5.6594E+00  6.8371E+00  5.1919E+00  6.3555E+00  4.6653E+00  7.9004E+00  4.7112E+00  6.5785E+00  6.4445E+00
       7.5182E+00  5.6678E+00  5.0613E+00  5.5215E+00  4.9721E+00  4.7036E+00  5.7915E+00  5.6388E+00  5.5023E+00  6.5901E+00
       8.8396E+00  3.3749E+00  6.1371E+00  6.4242E+00  3.6058E+00  3.4504E+00  4.9469E+00  5.2028E+00  5.8023E+00  7.1927E+00
       6.7555E+00  6.3920E+00  5.0185E+00  4.3819E+00  5.9852E+00  5.7783E+00  4.3641E+00  5.5474E+00  4.5597E+00  6.5426E+00
       8.4174E+00  5.8810E+00  6.5779E+00  5.8694E+00  5.2619E+00  4.2867E+00  6.9880E+00  4.3326E+00  5.8962E+00  7.4255E+00
       9.4790E+00  7.4205E+00  5.3024E+00  6.0702E+00  3.9778E+00  4.8833E+00  4.0019E+00  5.6996E+00  6.6893E+00  7.2517E+00
       7.8606E+00  6.9448E+00  6.1078E+00  5.0320E+00  4.2500E+00  4.8883E+00  5.4862E+00  6.8345E+00  5.8073E+00  7.0522E+00
       1.0471E+01  7.2910E+00  8.6428E+00  5.0375E+00  5.2217E+00  6.7286E+00  9.0719E+00  8.5762E+00  8.4477E+00  7.8484E+00
       9.0128E+00  8.9816E+00  7.7028E+00  8.5069E+00  6.5635E+00  7.4877E+00  1.0941E+01  9.2311E+00  6.2527E+00  7.9545E+00
       8.7025E+00  7.2347E+00  7.2688E+00  6.8481E+00  9.0600E+00  7.6513E+00  4.8794E+00  6.3709E+00  1.0411E+01  6.8494E+00
       1.1720E+01  7.1560E+00  6.2566E+00  6.6513E+00  8.1294E+00  5.3172E+00  7.1904E+00  6.1855E+00  8.0615E+00  5.2881E+00
       7.8095E+00  7.5227E+00  8.0101E+00  4.4531E+00  5.6933E+00  5.7816E+00  6.2920E+00  5.1450E+00  6.9311E+00  8.6661E+00
       8.4208E+00  5.3190E+00  7.8116E+00  6.5038E+00  6.4910E+00  7.0681E+00  5.6498E+00  6.8024E+00  7.1277E+00  1.0709E+01
       6.6638E+00  6.6045E+00  6.2802E+00  4.8593E+00  5.0803E+00  5.3360E+00  5.6527E+00  4.3904E+00  6.2757E+00  1.0205E+01
       8.7388E+00  6.1155E+00  7.0632E+00  4.8092E+00  7.3654E+00  5.9270E+00  5.4730E+00  6.8602E+00  7.7110E+00  7.0814E+00
       9.9651E+00  6.2266E+00  6.4298E+00  6.9873E+00  4.4919E+00  7.1508E+00  5.2228E+00  7.0506E+00  5.5981E+00  6.8443E+00
       1.1722E+01  9.2218E+00  7.7763E+00  6.8395E+00  6.5448E+00  7.0388E+00  4.5711E+00  4.7758E+00  6.9715E+00  1.1123E+01
       1.1123E+01  6.2363E+00  8.2208E+00  5.4660E+00  6.1339E+00  7.6245E+00  8.3922E+00  9.3187E+00  6.8578E+00  8.7515E+00
       1.1995E+01  1.0132E+01  7.5690E+00  7.7911E+00  5.4205E+00  8.3391E+00  1.0802E+01  8.3985E+00  9.4158E+00  1.0971E+01
       9.2933E+00  7.1919E+00  1.0434E+01  7.9890E+00  7.5629E+00  8.7014E+00  6.8747E+00  6.9305E+00  8.0634E+00  1.0946E+01
       1.2121E+01  7.8678E+00  8.2956E+00  7.1250E+00  7.1919E+00  7.8735E+00  6.3726E+00  7.6716E+00  7.7369E+00  1.2548E+01
       1.0781E+01  7.7888E+00  7.4741E+00  5.8068E+00  7.6940E+00  7.8169E+00  7.6554E+00  9.4637E+00  7.8356E+00  9.5760E+00
       7.5236E+00  8.6380E+00  7.7151E+00  6.4375E+00  7.0644E+00  7.0356E+00  6.8048E+00  4.9428E+00  5.3404E+00  1.2922E+01
       8.5784E+00  9.6130E+00  8.1012E+00  5.7968E+00  5.7442E+00  7.9486E+00  7.8132E+00  8.2557E+00  8.2085E+00  9.5359E+00
       6.8556E+00  6.6936E+00  5.9567E+00  6.1648E+00  7.1674E+00  6.6645E+00  5.3220E+00  8.0058E+00  5.8589E+00  1.0523E+01
       8.3554E+00  7.0804E+00  7.4861E+00  7.0533E+00  5.9282E+00  6.6421E+00  5.6064E+00  7.7063E+00  1.0211E+01  8.1009E+00
       9.9670E+00  8.6887E+00  6.7970E+00  8.1378E+00  8.1659E+00  5.0873E+00  5.0272E+00  7.6737E+00  8.6853E+00  6.8002E+00
       1.2464E+01  9.1696E+00  9.9774E+00  6.8045E+00  8.2445E+00  7.6971E+00  9.1013E+00  9.6779E+00  1.1771E+01  7.4817E+00
       1.0025E+01  1.1437E+01  9.3577E+00  1.1422E+01  6.7135E+00  8.7411E+00  8.0871E+00  9.6561E+00  8.9413E+00  1.1584E+01
       1.2034E+01  9.8884E+00  9.0293E+00  1.0136E+01  9.4992E+00  9.8618E+00  6.7647E+00  9.0919E+00  8.1551E+00  1.2575E+01
       1.1692E+01  1.0672E+01  1.0418E+01  7.4240E+00  1.1726E+01  9.6148E+00  8.6772E+00  1.1571E+01  6.6816E+00  1.0958E+01
       1.0759E+01  9.4371E+00  9.2690E+00  6.5880E+00  1.0059E+01  9.9689E+00  9.5098E+00  7.5686E+00  1.0935E+01  9.8074E+00
       9.7754E+00  9.9907E+00  7.0639E+00  7.3312E+00  6.2312E+00  8.7747E+00  1.0025E+01  7.3779E+00  8.7869E+00  9.5910E+00
       9.4899E+00  7.7527E+00  1.0707E+01  7.5095E+00  6.1619E+00  1.1206E+01  6.1579E+00  7.4368E+00  7.3477E+00  1.0300E+01
       9.5099E+00  6.7089E+00  9.0810E+00  5.3575E+00  6.3934E+00  8.1557E+00  8.1906E+00  5.7747E+00  8.3965E+00  1.0628E+01
       1.1024E+01  9.3382E+00  6.5912E+00  6.6244E+00  7.9901E+00  7.8124E+00  8.5076E+00  8.4269E+00  7.9127E+00  9.1235E+00
       1.3765E+01  7.3506E+00  6.9551E+00  7.2197E+00  7.6205E+00  8.7050E+00  9.2621E+00  8.4698E+00  8.2403E+00  1.1285E+01
       1.1926E+01  9.6355E+00  8.0980E+00  7.4086E+00  1.1115E+01  6.3305E+00  1.0357E+01  9.5352E+00  9.9206E+00  1.1278E+01
