1
   Cartesian binning n.   1  "DoseEq    " , generalized particle n.  240
      X coordinate: from -8.5000E+01 to  8.5000E+01 cm,    10 bins ( 1.7000E+01 cm wide)
      Y coordinate: from -2.5000E+01 to  2.5000E+01 cm,    10 bins ( 5.0000E+00 cm wide)
      Z coordinate: from  2.2500E+02 to  2.7500E+02 cm,    10 bins ( 5.0000E+00 cm wide)
      Data follow in a matrix A(ix,iy,iz), format (1(5x,1p,10(1x,e11.4)))

      accurate deposition along the tracks requested
      this is a track-length binning
       2.7917E-04  3.3169E-04  3.6198E-04  4.2022E-04  4.3510E-04  4.2830E-04  4.1428E-04  3.7578E-04  3.2412E-04  2.5888E-04
       3.1433E-04  4.0282E-04  4.1780E-04  4.8075E-04  4.9973E-04  4.9235E-04  4.7545E-04  4.3623E-04  3.8061E-04  3.0731E-04
       3.2506E-04  4.3471E-04  4.3873E-04  4.9678E-04  5.5233E-04  5.5133E-04  5.0948E-04  4.6424E-04  3.9287E-04  3.2575E-04
       3.4053E-04  4.1972E-04  4.6483E-04  5.1931E-04  5.3805E-04  5.6631E-04  5.1917E-04  4.9625E-04  4.2834E-04  3.2677E-04
       3.3764E-04  4.3355E-04  4.7175E-04  5.4300E-04  5.6440E-04  5.5978E-04  5.2298E-04  4.5661E-04  4.1272E-04  3.2000E-04
       3.5417E-04  4.2578E-04  4.6826E-04  5.3446E-04  5.8446E-04  5.7367E-04  5.2128E-04  4.7183E-04  4.2718E-04  3.3823E-04
       3.4872E-04  4.3146E-04  4.8473E-04  5.2178E-04  5.5906E-04  5.4016E-04  5.4172E-04  4.5960E-04  4.3341E-04  3.2422E-04
       3.2079E-04  4.0754E-04  4.7231E-04  5.0119E-04  5.2458E-04  5.3037E-04  5.2055E-04  4.4645E-04  4.1250E-04  3.1743E-04
       3.0261E-04  3.8049E-04  4.5303E-04  4.7713E-04  4.8516E-04  5.0035E-04  5.2526E-04  4.2968E-04  3.8832E-04  3.1689E-04
       2.7491E-04  3.4135E-04  3.7851E-04  4.0079E-04  4.2860E-04  4.3826E-04  4.0868E-04  3.8586E-04  3.3432E-04  2.8676E-04
       2.0852E-04  2.7318E-04  2.9363E-04  3.3489E-04  3.7372E-04  3.6069E-04  3.3087E-04  3.1836E-04  2.7799E-04  2.2440E-04
       2.6057E-04  3.5061E-04  3.6581E-04  4.2745E-04  4.5946E-04  4.6172E-04  4.3064E-04  3.9658E-04  3.4117E-04  2.5956E-04
       2.8525E-04  3.8601E-04  4.1604E-04  4.6164E-04  5.0012E-04  5.0088E-04  4.6132E-04  4.1586E-04  3.4893E-04  2.8589E-04
       2.9576E-04  3.9928E-04  4.3924E-04  4.9589E-04  5.1516E-04  5.2408E-04  4.6467E-04  4.7105E-04  4.0802E-04  3.0051E-04
       2.8879E-04  4.0806E-04  4.4588E-04  5.1327E-04  5.2363E-04  5.2242E-04  4.7715E-04  4.4165E-04  4.0898E-04  2.8021E-04
       2.9685E-04  3.8524E-04  4.3795E-04  4.9881E-04  5.2337E-04  5.2385E-04  4.8749E-04  4.4617E-04  4.0785E-04  2.9005E-04
       3.0645E-04  3.8853E-04  4.4073E-04  4.9846E-04  4.9507E-04  4.9883E-04  4.8089E-04  4.2928E-04  3.8667E-04  3.0077E-04
       2.9592E-04  3.7063E-04  4.1564E-04  4.6015E-04  4.8159E-04  4.9875E-04  4.7702E-04  4.1381E-04  3.7726E-04  2.7588E-04
       2.7042E-04  3.2204E-04  3.9670E-04  4.1314E-04  4.5380E-04  4.6566E-04  4.5346E-04  3.8460E-04  3.4817E-04  2.6339E-04
       2.1436E-04  2.8603E-04  3.0417E-04  3.4324E-04  3.7901E-04  3.5491E-04  3.5100E-04  3.0756E-04  2.8355E-04  2.1995E-04
       1.6662E-04  2.1254E-04  2.3593E-04  2.5632E-04  2.9375E-04  2.8384E-04  2.5954E-04  2.4181E-04  2.1348E-04  1.6256E-04
       2.0826E-04  2.7795E-04  3.0249E-04  3.3671E-04  3.8530E-04  3.7315E-04  3.3489E-04  3.1598E-04  2.7317E-04  2.0580E-04
       2.3276E-04  3.0459E-04  3.4173E-04  3.7916E-04  4.2460E-04  4.2923E-04  3.7278E-04  3.6023E-04  2.8674E-04  2.3590E-04
       2.1399E-04  3.4870E-04  3.5744E-04  4.1431E-04  4.4958E-04  4.3584E-04  3.8235E-04  3.8675E-04  3.2634E-04  2.3001E-04
       2.1878E-04  3.3914E-04  3.7971E-04  4.2914E-04  4.4100E-04  4.4937E-04  4.0229E-04  3.8108E-04  3.5411E-04  2.2599E-04
       2.4043E-04  3.2537E-04  3.7470E-04  4.2714E-04  4.3958E-04  4.6132E-04  4.1773E-04  3.6717E-04  3.4957E-04  2.3638E-04
       2.4704E-04  3.2622E-04  3.6870E-04  4.0512E-04  4.2059E-04  4.2010E-04  4.3434E-04  3.7103E-04  3.2457E-04  2.3591E-04
       2.3682E-04  3.0824E-04  3.6663E-04  3.7254E-04  4.1282E-04  3.9389E-04  3.9684E-04  3.3215E-04  2.9822E-04  2.1625E-04
       2.0639E-04  2.6701E-04  3.1652E-04  3.4159E-04  3.5076E-04  3.7645E-04  3.6448E-04  3.2438E-04  2.7785E-04  1.9530E-04
       1.6524E-04  2.2021E-04  2.5107E-04  2.5309E-04  2.8637E-04  2.6094E-04  2.7212E-04  2.2978E-04  2.1721E-04  1.5842E-04
       1.2340E-04  1.6290E-04  1.8278E-04  2.1700E-04  2.3089E-04  2.1698E-04  2.0565E-04  1.7928E-04  1.5575E-04  1.2583E-04
       1.6284E-04  2.1346E-04  2.2566E-04  2.8229E-04  3.0605E-04  2.9995E-04  2.7691E-04  2.6353E-04  2.0807E-04  1.5657E-04
       1.7725E-04  2.4707E-04  2.7157E-04  3.1717E-04  3.4162E-04  3.2821E-04  3.0401E-04  3.1288E-04  2.3803E-04  1.8210E-04
       1.7808E-04  2.6396E-04  3.0129E-04  3.2417E-04  3.6396E-04  3.6339E-04  3.3096E-04  3.0344E-04  2.6644E-04  1.8137E-04
       1.8526E-04  2.7744E-04  2.9766E-04  3.5991E-04  3.5985E-04  3.5741E-04  3.5346E-04  3.1600E-04  2.8480E-04  1.7418E-04
       1.9980E-04  2.6948E-04  3.0682E-04  3.4840E-04  3.5615E-04  3.6824E-04  3.6610E-04  3.2067E-04  2.7778E-04  1.8901E-04
       1.9203E-04  2.6864E-04  2.9618E-04  3.2956E-04  3.2764E-04  3.4419E-04  3.4557E-04  3.0813E-04  2.6346E-04  1.8267E-04
       1.7728E-04  2.5061E-04  2.7476E-04  3.0721E-04  3.1007E-04  3.2429E-04  3.2656E-04  2.8071E-04  2.4885E-04  1.7938E-04
       1.4852E-04  2.1346E-04  2.3887E-04  2.6950E-04  2.6175E-04  2.9394E-04  2.7830E-04  2.3780E-04  2.0575E-04  1.4308E-04
       1.3488E-04  1.6740E-04  1.8863E-04  2.0429E-04  2.0992E-04  2.1664E-04  1.9074E-04  1.7406E-04  1.5570E-04  1.2022E-04
       9.1221E-05  1.3015E-04  1.3989E-04  1.6072E-04  1.8684E-04  1.5401E-04  1.5437E-04  1.3362E-04  1.1344E-04  8.9664E-05
       1.1932E-04  1.7100E-04  1.7166E-04  2.1406E-04  2.4787E-04  2.2024E-04  2.1265E-04  1.8536E-04  1.5816E-04  1.3351E-04
       1.4162E-04  1.9364E-04  2.2591E-04  2.5482E-04  2.8004E-04  2.6956E-04  2.4971E-04  2.3755E-04  2.0351E-04  1.3032E-04
       1.4600E-04  2.0175E-04  2.3538E-04  2.6457E-04  2.7629E-04  2.8877E-04  2.7531E-04  2.3496E-04  2.0465E-04  1.3700E-04
       1.5071E-04  2.0500E-04  2.3730E-04  2.7591E-04  2.9997E-04  2.8098E-04  2.7822E-04  2.4354E-04  2.1576E-04  1.3791E-04
       1.4165E-04  2.0107E-04  2.5103E-04  2.8617E-04  2.9956E-04  2.8353E-04  2.8575E-04  2.5734E-04  2.0594E-04  1.3968E-04
       1.4673E-04  1.9342E-04  2.4357E-04  2.6118E-04  2.7368E-04  2.7270E-04  2.7905E-04  2.4390E-04  2.0185E-04  1.3747E-04
       1.3269E-04  2.0397E-04  2.1861E-04  2.4189E-04  2.4164E-04  2.5089E-04  2.5971E-04  2.2418E-04  1.8147E-04  1.2400E-04
       1.1421E-04  1.6732E-04  1.8746E-04  2.0230E-04  2.1239E-04  2.1791E-04  2.3002E-04  1.9256E-04  1.6355E-04  1.1821E-04
       1.0225E-04  1.3780E-04  1.4170E-04  1.6009E-04  1.5912E-04  1.7485E-04  1.4887E-04  1.4123E-04  1.3003E-04  9.2848E-05
       7.3793E-05  9.4467E-05  1.0583E-04  1.2313E-04  1.4689E-04  1.3090E-04  1.1613E-04  1.1053E-04  8.9547E-05  6.7828E-05
       9.6508E-05  1.1975E-04  1.4290E-04  1.7572E-04  1.9216E-04  1.7719E-04  1.7136E-04  1.5367E-04  1.1501E-04  9.0662E-05
       1.0742E-04  1.4598E-04  1.6859E-04  1.9447E-04  2.1068E-04  2.0932E-04  2.0063E-04  2.0174E-04  1.3658E-04  9.9794E-05
       1.1219E-04  1.5597E-04  1.7641E-04  2.1334E-04  2.2168E-04  2.1241E-04  2.1376E-04  2.0227E-04  1.5860E-04  1.0223E-04
       1.1655E-04  1.5329E-04  1.8255E-04  2.1032E-04  2.3550E-04  2.2764E-04  2.0983E-04  1.9384E-04  1.5968E-04  1.0039E-04
       1.0347E-04  1.4815E-04  1.9638E-04  2.2039E-04  2.1900E-04  2.3114E-04  2.2971E-04  1.9780E-04  1.6101E-04  9.9125E-05
       1.1023E-04  1.6017E-04  1.8534E-04  2.2156E-04  2.2103E-04  2.2255E-04  2.1820E-04  1.9891E-04  1.5984E-04  1.0208E-04
       1.0063E-04  1.5149E-04  1.7115E-04  1.8837E-04  1.9670E-04  2.0109E-04  1.9309E-04  1.7706E-04  1.4811E-04  1.0154E-04
       9.1245E-05  1.2993E-04  1.4128E-04  1.6827E-04  1.6111E-04  1.8870E-04  1.6866E-04  1.4474E-04  1.2241E-04  8.5503E-05
       7.7387E-05  9.7888E-05  1.0234E-04  1.2241E-04  1.2635E-04  1.3581E-04  1.2429E-04  9.7276E-05  9.7344E-05  6.8483E-05
       6.6640E-05  8.0077E-05  8.1458E-05  8.7650E-05  1.0583E-04  1.0235E-04  8.6514E-05  7.4376E-05  7.1656E-05  4.7358E-05
       7.0185E-05  9.3565E-05  1.0891E-04  1.3691E-04  1.4143E-04  1.2981E-04  1.3048E-04  1.1739E-04  8.7884E-05  7.2937E-05
       7.1947E-05  1.1104E-04  1.3758E-04  1.5072E-04  1.4510E-04  1.5074E-04  1.5683E-04  1.4341E-04  1.1282E-04  7.8961E-05
       8.6492E-05  1.1779E-04  1.4156E-04  1.6241E-04  1.6573E-04  1.6867E-04  1.6177E-04  1.5885E-04  1.2597E-04  8.5454E-05
       7.3012E-05  1.1094E-04  1.4466E-04  1.7149E-04  1.6554E-04  1.7625E-04  1.6115E-04  1.4962E-04  1.2681E-04  8.2912E-05
       8.1059E-05  1.2310E-04  1.5480E-04  1.7746E-04  1.7360E-04  1.8777E-04  1.7377E-04  1.5282E-04  1.1611E-04  8.7961E-05
       7.9130E-05  1.1667E-04  1.3861E-04  1.5961E-04  1.7545E-04  1.8061E-04  1.7501E-04  1.4215E-04  1.1863E-04  8.3282E-05
       8.0433E-05  1.0920E-04  1.2365E-04  1.4718E-04  1.5335E-04  1.6980E-04  1.5755E-04  1.3840E-04  1.1575E-04  7.8109E-05
       7.7872E-05  9.2820E-05  1.1101E-04  1.3009E-04  1.3542E-04  1.4959E-04  1.3546E-04  1.1026E-04  1.0956E-04  7.0647E-05
       5.7642E-05  7.0659E-05  7.8438E-05  1.0175E-04  1.0402E-04  1.0161E-04  9.9473E-05  7.1342E-05  7.5305E-05  5.5926E-05
       4.8438E-05  5.7189E-05  7.0756E-05  7.1408E-05  8.1569E-05  8.8313E-05  6.8749E-05  6.1782E-05  5.8962E-05  3.8326E-05
       5.4278E-05  7.6335E-05  8.2652E-05  1.0084E-04  1.0158E-04  1.0342E-04  9.8046E-05  9.2476E-05  7.1482E-05  5.7525E-05
       6.1494E-05  8.8389E-05  1.0487E-04  1.1265E-04  1.2067E-04  1.1892E-04  1.2211E-04  1.0335E-04  8.9022E-05  5.9455E-05
       6.3901E-05  9.1101E-05  1.0538E-04  1.3074E-04  1.2219E-04  1.3511E-04  1.2713E-04  1.2398E-04  9.1440E-05  6.4813E-05
       6.6053E-05  8.2774E-05  1.0638E-04  1.2601E-04  1.2142E-04  1.3182E-04  1.2428E-04  1.2187E-04  1.0422E-04  7.2192E-05
       6.5263E-05  9.4352E-05  1.1250E-04  1.3031E-04  1.2471E-04  1.3879E-04  1.3476E-04  1.1269E-04  1.0202E-04  7.6340E-05
       6.0326E-05  8.9686E-05  1.0747E-04  1.3249E-04  1.3919E-04  1.2768E-04  1.3703E-04  1.0548E-04  9.4884E-05  6.0013E-05
       6.7375E-05  8.1492E-05  1.0283E-04  1.1511E-04  1.2358E-04  1.1744E-04  1.2522E-04  1.0161E-04  7.8606E-05  5.5312E-05
       5.2685E-05  7.1139E-05  8.4045E-05  1.0845E-04  9.2788E-05  1.0673E-04  1.0252E-04  8.0987E-05  7.8111E-05  5.6332E-05
       3.5145E-05  5.0428E-05  6.6354E-05  7.9100E-05  7.5503E-05  7.5189E-05  7.8046E-05  6.0802E-05  5.7577E-05  4.1310E-05
       3.4068E-05  4.6687E-05  5.4698E-05  5.1736E-05  6.2460E-05  5.9685E-05  5.7260E-05  4.6664E-05  4.1809E-05  3.7972E-05
       4.0322E-05  5.9422E-05  6.4137E-05  6.6817E-05  8.3378E-05  7.6836E-05  7.7025E-05  6.5455E-05  5.4807E-05  3.7587E-05
       4.6430E-05  6.9589E-05  7.5004E-05  8.6484E-05  9.3890E-05  7.8167E-05  9.1084E-05  7.6498E-05  6.6225E-05  4.5706E-05
       5.0223E-05  6.4034E-05  8.0753E-05  9.8135E-05  9.3394E-05  9.7936E-05  9.9632E-05  9.1693E-05  6.7266E-05  4.5159E-05
       4.7954E-05  6.4606E-05  7.4096E-05  9.3164E-05  9.4790E-05  1.0883E-04  1.0085E-04  9.2476E-05  7.2304E-05  5.1711E-05
       5.1374E-05  7.1622E-05  7.6310E-05  9.6335E-05  9.8491E-05  1.0562E-04  1.0362E-04  9.3039E-05  7.4056E-05  5.0369E-05
       4.9888E-05  6.9840E-05  8.1600E-05  9.4747E-05  9.5041E-05  9.3523E-05  1.0275E-04  8.3496E-05  7.5218E-05  5.0832E-05
       4.3750E-05  6.1274E-05  8.0158E-05  9.2404E-05  9.4759E-05  9.1570E-05  8.4566E-05  7.8269E-05  6.6198E-05  4.2366E-05
       4.1398E-05  5.1149E-05  6.1854E-05  7.9184E-05  7.3386E-05  7.6915E-05  8.0182E-05  6.4788E-05  5.9306E-05  3.9742E-05
       3.4034E-05  4.2480E-05  5.2054E-05  5.6663E-05  6.0533E-05  5.8603E-05  6.1224E-05  4.7526E-05  3.9521E-05  3.5943E-05
       2.7337E-05  3.1265E-05  3.7262E-05  3.7175E-05  4.6798E-05  4.4187E-05  4.0010E-05  3.4396E-05  2.9192E-05  2.8803E-05
       3.2277E-05  4.3669E-05  4.6112E-05  4.9954E-05  5.6595E-05  5.5678E-05  5.1246E-05  5.2350E-05  3.9584E-05  2.4289E-05
       3.2964E-05  4.9931E-05  4.9796E-05  6.2924E-05  6.4566E-05  6.0799E-05  6.4403E-05  5.7413E-05  5.1353E-05  3.3244E-05
       3.4192E-05  5.0256E-05  5.5957E-05  6.5563E-05  6.8948E-05  6.7654E-05  6.4707E-05  4.8817E-05  5.1106E-05  3.1889E-05
       3.6113E-05  4.9050E-05  5.8524E-05  6.5239E-05  6.8791E-05  7.2323E-05  6.1572E-05  5.2857E-05  4.7555E-05  3.3725E-05
       4.3094E-05  4.6685E-05  5.3513E-05  6.4186E-05  6.3261E-05  6.6947E-05  7.7575E-05  6.4265E-05  4.5533E-05  4.3113E-05
       4.0117E-05  5.1734E-05  4.9221E-05  5.9071E-05  6.0454E-05  6.6488E-05  7.0810E-05  5.9414E-05  4.8255E-05  3.1280E-05
       3.4501E-05  5.4634E-05  5.5825E-05  5.6126E-05  6.2339E-05  6.2207E-05  5.7998E-05  5.7012E-05  4.9014E-05  3.0114E-05
       3.0251E-05  3.3422E-05  4.7302E-05  4.9460E-05  5.6841E-05  5.8759E-05  5.5343E-05  4.5941E-05  4.5114E-05  3.2706E-05
       3.0101E-05  3.1689E-05  4.1547E-05  4.4404E-05  4.1228E-05  4.3688E-05  4.2150E-05  3.9875E-05  3.5938E-05  2.2682E-05

      Percentage errors follow in a matrix A(ix,iy,iz), format (1(5x,1p,10(1x,e11.4)))

       3.1095E+00  2.4085E+00  2.6827E+00  2.6167E+00  2.8181E+00  2.8641E+00  3.0584E+00  2.4614E+00  3.0538E+00  2.8811E+00
       3.2705E+00  2.8621E+00  2.7997E+00  3.0236E+00  1.9817E+00  2.7957E+00  2.6899E+00  2.3494E+00  3.2150E+00  4.6672E+00
       3.4575E+00  2.7199E+00  2.1327E+00  2.5277E+00  2.7025E+00  2.3299E+00  2.7284E+00  2.8279E+00  2.6443E+00  3.7562E+00
       3.7315E+00  1.7949E+00  3.0390E+00  3.3954E+00  3.0648E+00  2.0322E+00  2.7450E+00  2.9860E+00  2.4471E+00  3.8832E+00
       3.4152E+00  3.1157E+00  2.8676E+00  1.9684E+00  2.3971E+00  2.5591E+00  3.1084E+00  2.3671E+00  3.3140E+00  3.4926E+00
       3.1752E+00  2.6458E+00  2.7694E+00  2.2642E+00  1.9616E+00  2.0192E+00  2.3289E+00  3.1047E+00  2.2751E+00  3.4264E+00
       2.7426E+00  3.1101E+00  2.7290E+00  2.8878E+00  2.0695E+00  2.0351E+00  2.2707E+00  2.4209E+00  3.1640E+00  3.0304E+00
       3.6677E+00  2.6228E+00  3.1436E+00  2.7782E+00  2.6893E+00  1.6981E+00  2.4781E+00  2.2316E+00  2.1916E+00  3.2353E+00
       3.4274E+00  2.5049E+00  2.3755E+00  2.4093E+00  3.2748E+00  2.2158E+00  3.2487E+00  2.4780E+00  3.1401E+00  2.8204E+00
       3.6277E+00  2.4306E+00  2.6718E+00  2.8703E+00  1.7380E+00  3.1601E+00  2.1031E+00  2.1115E+00  3.0526E+00  3.0575E+00
       2.5864E+00  3.7057E+00  3.7763E+00  3.1839E+00  3.2494E+00  3.9955E+00  3.6236E+00  3.7340E+00  3.1053E+00  3.5537E+00
       3.8983E+00  3.0547E+00  2.6061E+00  2.5007E+00  2.5703E+00  2.2581E+00  2.6444E+00  2.9375E+00  2.5717E+00  3.3915E+00
       3.4593E+00  3.1929E+00  2.7096E+00  1.8174E+00  2.7223E+00  2.0894E+00  2.7938E+00  3.6589E+00  3.0161E+00  3.6769E+00
       3.3695E+00  3.3597E+00  2.7908E+00  2.6040E+00  2.1510E+00  2.4478E+00  2.6981E+00  3.2064E+00  2.2972E+00  4.0839E+00
       3.6009E+00  2.9338E+00  3.7181E+00  2.7595E+00  2.7356E+00  2.3910E+00  2.6913E+00  3.1986E+00  3.1101E+00  3.4178E+00
       2.9224E+00  2.6300E+00  3.3260E+00  2.4419E+00  1.7286E+00  2.4381E+00  3.6279E+00  3.4494E+00  3.4684E+00  3.8913E+00
       3.7477E+00  2.9677E+00  2.4348E+00  2.5409E+00  2.9121E+00  2.9405E+00  2.4101E+00  3.4675E+00  4.0313E+00  3.1799E+00
       3.3452E+00  3.0480E+00  2.9664E+00  3.1008E+00  2.6763E+00  2.8451E+00  2.5856E+00  2.9056E+00  2.9438E+00  3.1662E+00
       3.3303E+00  2.3834E+00  3.9426E+00  2.6183E+00  3.2857E+00  2.7579E+00  2.9724E+00  3.4833E+00  4.0810E+00  4.4658E+00
       5.0502E+00  3.6466E+00  3.0187E+00  2.5045E+00  3.0402E+00  3.9223E+00  3.1939E+00  3.4881E+00  4.1126E+00  3.7604E+00
       4.0420E+00  3.6957E+00  3.1735E+00  3.2288E+00  3.4340E+00  3.2513E+00  3.1457E+00  4.2889E+00  4.3157E+00  5.1120E+00
       4.0033E+00  2.9567E+00  3.3640E+00  2.9629E+00  3.0776E+00  3.3518E+00  2.7978E+00  4.0345E+00  2.7554E+00  4.1567E+00
       3.5540E+00  3.2736E+00  3.8806E+00  3.0662E+00  2.7656E+00  3.5375E+00  2.7351E+00  3.8095E+00  2.7441E+00  3.6215E+00
       4.9290E+00  3.1970E+00  2.9438E+00  2.7604E+00  4.0474E+00  3.4184E+00  3.0752E+00  3.2779E+00  2.9263E+00  4.2693E+00
       4.4093E+00  4.2273E+00  2.3693E+00  2.5168E+00  2.8486E+00  2.8441E+00  2.5575E+00  2.5169E+00  2.7817E+00  3.2147E+00
       3.9555E+00  3.5464E+00  3.0490E+00  2.8896E+00  2.3885E+00  2.3526E+00  2.9689E+00  2.9952E+00  3.4349E+00  3.5456E+00
       3.6979E+00  2.7416E+00  3.0622E+00  2.7569E+00  2.3575E+00  3.6196E+00  2.9762E+00  2.8669E+00  3.4850E+00  3.8676E+00
       3.0995E+00  3.5485E+00  4.8117E+00  3.0006E+00  3.0322E+00  2.8642E+00  3.2758E+00  3.5812E+00  3.0976E+00  3.1651E+00
       4.2683E+00  2.9292E+00  3.9234E+00  3.1641E+00  2.2245E+00  2.6394E+00  3.1211E+00  3.6319E+00  4.2487E+00  4.2871E+00
       4.9406E+00  3.3734E+00  2.4746E+00  3.2874E+00  3.1524E+00  2.6489E+00  4.1009E+00  3.9482E+00  4.4907E+00  3.8852E+00
       4.5106E+00  4.0969E+00  3.0178E+00  3.1157E+00  4.0851E+00  5.1012E+00  3.4300E+00  5.2997E+00  4.5713E+00  5.0798E+00
       3.9150E+00  4.7496E+00  3.0966E+00  3.5796E+00  3.0459E+00  4.3087E+00  4.4275E+00  4.0645E+00  3.5335E+00  4.5520E+00
       3.0828E+00  4.1601E+00  4.5798E+00  3.8524E+00  3.3558E+00  3.8149E+00  3.0772E+00  3.6370E+00  3.2282E+00  5.9301E+00
       4.1031E+00  3.6428E+00  2.6015E+00  2.1092E+00  3.5582E+00  3.5770E+00  2.5875E+00  2.5817E+00  4.7002E+00  3.9965E+00
       5.7405E+00  4.2666E+00  4.6847E+00  3.5589E+00  2.8771E+00  3.0904E+00  3.3182E+00  2.1887E+00  3.3961E+00  4.8985E+00
       4.5368E+00  2.6045E+00  2.7122E+00  3.3287E+00  3.7049E+00  3.6026E+00  2.7658E+00  2.7246E+00  3.8661E+00  4.0119E+00
       4.0102E+00  3.0898E+00  3.0852E+00  3.4514E+00  2.9145E+00  3.5796E+00  3.0897E+00  3.0948E+00  4.8971E+00  5.1812E+00
       4.5898E+00  4.0552E+00  3.1675E+00  4.1181E+00  3.2651E+00  3.2389E+00  2.6866E+00  3.4711E+00  4.2213E+00  4.4481E+00
       4.4900E+00  3.8641E+00  4.9245E+00  2.4473E+00  3.8409E+00  3.3339E+00  2.9937E+00  3.6957E+00  3.9333E+00  5.7166E+00
       6.0799E+00  4.8042E+00  2.8534E+00  3.5782E+00  3.8437E+00  3.4175E+00  3.6808E+00  4.8241E+00  4.7801E+00  6.8630E+00
       6.2165E+00  5.3689E+00  4.5083E+00  4.1575E+00  4.6474E+00  5.2602E+00  4.8076E+00  6.0897E+00  5.4652E+00  7.1472E+00
       4.8754E+00  4.2363E+00  2.6592E+00  4.1855E+00  3.9762E+00  4.2170E+00  3.8343E+00  4.5214E+00  3.8311E+00  5.8558E+00
       3.6125E+00  4.9701E+00  5.3376E+00  3.8318E+00  3.9609E+00  5.0462E+00  3.8797E+00  4.2196E+00  2.7158E+00  6.5616E+00
       4.5670E+00  4.1118E+00  3.6648E+00  3.5346E+00  3.5049E+00  3.8895E+00  3.6029E+00  4.0311E+00  3.5075E+00  6.0815E+00
       6.3023E+00  4.0272E+00  3.9454E+00  3.7277E+00  2.6345E+00  3.4598E+00  3.3707E+00  3.3635E+00  4.0144E+00  4.8177E+00
       5.4891E+00  3.9988E+00  4.2144E+00  3.6385E+00  3.0398E+00  3.7659E+00  3.2127E+00  4.2484E+00  5.0797E+00  4.6393E+00
       4.6240E+00  3.6828E+00  3.4971E+00  3.6651E+00  4.7629E+00  3.8832E+00  3.2329E+00  3.5824E+00  5.2825E+00  5.1698E+00
       6.7129E+00  3.8491E+00  2.6498E+00  3.0863E+00  3.9864E+00  3.6730E+00  2.3475E+00  4.2905E+00  4.8864E+00  5.6030E+00
       4.5426E+00  5.2878E+00  6.2351E+00  4.0580E+00  3.9257E+00  4.2083E+00  2.7892E+00  3.4509E+00  3.1843E+00  5.7044E+00
       5.8951E+00  4.5129E+00  4.9055E+00  2.1007E+00  3.5906E+00  3.3647E+00  5.5528E+00  4.1606E+00  6.0849E+00  6.1367E+00
       5.3996E+00  7.1133E+00  4.5484E+00  4.4971E+00  4.6167E+00  7.9460E+00  4.5758E+00  5.1978E+00  5.1058E+00  6.8904E+00
       5.7744E+00  5.5067E+00  5.4843E+00  3.9856E+00  5.1554E+00  4.8323E+00  5.8990E+00  4.8621E+00  5.2551E+00  4.8077E+00
       5.6931E+00  5.6243E+00  5.7027E+00  3.9256E+00  3.9329E+00  4.1980E+00  3.5403E+00  3.9257E+00  4.9899E+00  7.3506E+00
       5.8837E+00  4.9394E+00  3.7965E+00  2.8027E+00  3.7330E+00  5.7138E+00  3.6377E+00  4.1504E+00  4.3296E+00  4.5681E+00
       6.3822E+00  5.9868E+00  3.8187E+00  3.4818E+00  3.6354E+00  3.4361E+00  3.5572E+00  5.4870E+00  4.4402E+00  4.6600E+00
       4.8291E+00  4.3272E+00  4.7918E+00  3.6390E+00  4.6299E+00  3.1414E+00  4.0350E+00  2.9665E+00  4.5239E+00  6.1063E+00
       4.2043E+00  6.0721E+00  4.7156E+00  4.0541E+00  3.9359E+00  4.0236E+00  5.4310E+00  3.9349E+00  5.8573E+00  5.8235E+00
       9.2061E+00  3.9465E+00  3.8348E+00  4.0513E+00  3.9121E+00  3.6216E+00  3.3961E+00  4.4419E+00  4.5611E+00  4.6856E+00
       6.9782E+00  6.0979E+00  6.0476E+00  4.6857E+00  3.5628E+00  3.6383E+00  5.1233E+00  4.3828E+00  5.7922E+00  6.5838E+00
       5.7019E+00  4.4392E+00  5.9388E+00  3.9777E+00  4.5268E+00  3.7139E+00  5.0296E+00  4.1975E+00  7.4668E+00  7.6403E+00
       6.7376E+00  7.0032E+00  4.2539E+00  6.3553E+00  5.6511E+00  5.8906E+00  5.2841E+00  9.2519E+00  7.8219E+00  6.9237E+00
       6.7285E+00  6.5435E+00  6.9167E+00  4.9728E+00  4.6446E+00  5.5696E+00  5.8031E+00  5.6784E+00  8.2791E+00  6.5353E+00
       5.6313E+00  6.2063E+00  6.1988E+00  3.6355E+00  5.8119E+00  5.7662E+00  5.3308E+00  5.1799E+00  5.1993E+00  6.7592E+00
       6.6740E+00  5.3940E+00  4.9897E+00  4.0288E+00  3.7816E+00  4.2380E+00  4.2134E+00  4.6925E+00  4.8366E+00  6.5214E+00
       5.4240E+00  4.9726E+00  3.4177E+00  4.3782E+00  4.2670E+00  3.7421E+00  4.3025E+00  4.6201E+00  5.5887E+00  5.0634E+00
       6.9905E+00  4.5888E+00  4.7276E+00  5.0572E+00  3.9870E+00  4.7831E+00  3.4273E+00  3.8865E+00  4.2711E+00  5.2195E+00
       6.0055E+00  5.2849E+00  5.1067E+00  4.0594E+00  4.6091E+00  4.5502E+00  4.2069E+00  5.1473E+00  4.5278E+00  5.5016E+00
       6.5110E+00  5.4699E+00  4.8547E+00  5.3643E+00  4.7261E+00  4.2000E+00  4.5951E+00  6.7446E+00  7.8832E+00  6.2972E+00
       8.3040E+00  7.5351E+00  4.3099E+00  5.0793E+00  4.7692E+00  2.6597E+00  5.1815E+00  6.2342E+00  6.4970E+00  5.3019E+00
       8.4224E+00  7.2466E+00  6.7856E+00  6.5584E+00  5.9609E+00  5.4618E+00  6.3942E+00  6.4638E+00  7.3081E+00  8.9439E+00
       8.9987E+00  7.9839E+00  7.9817E+00  8.5470E+00  7.5735E+00  6.0896E+00  8.3002E+00  5.4355E+00  8.8218E+00  8.9022E+00
       7.5669E+00  6.0336E+00  7.5405E+00  6.4292E+00  5.5317E+00  5.8157E+00  7.9395E+00  3.9798E+00  8.5491E+00  7.8093E+00
       7.0176E+00  4.7854E+00  6.3932E+00  4.7270E+00  4.9785E+00  7.1632E+00  5.6962E+00  6.2578E+00  7.9101E+00  5.4990E+00
       7.2432E+00  6.0991E+00  6.8595E+00  5.0964E+00  5.0928E+00  5.0329E+00  6.4667E+00  5.5040E+00  6.2299E+00  5.2187E+00
       7.8648E+00  4.1338E+00  5.0495E+00  6.1353E+00  5.9197E+00  4.2968E+00  5.8548E+00  4.3107E+00  5.7240E+00  6.4536E+00
       6.6147E+00  6.2225E+00  3.4940E+00  5.3304E+00  4.8927E+00  5.1501E+00  4.0363E+00  5.5301E+00  7.6335E+00  5.4183E+00
       7.3176E+00  7.2153E+00  6.0465E+00  5.2812E+00  4.8321E+00  4.1276E+00  3.8098E+00  4.9531E+00  5.7069E+00  4.3878E+00
       6.5708E+00  6.1660E+00  6.4238E+00  6.2127E+00  5.8169E+00  4.3935E+00  5.6372E+00  5.6585E+00  6.6444E+00  7.9820E+00
       7.8975E+00  7.0058E+00  7.1610E+00  6.0214E+00  5.6695E+00  5.2733E+00  5.8085E+00  9.6491E+00  8.1163E+00  5.2068E+00
       7.0973E+00  8.6691E+00  9.4160E+00  7.8429E+00  8.7227E+00  7.2106E+00  6.2946E+00  8.4867E+00  5.5922E+00  8.3602E+00
       6.5773E+00  6.4240E+00  7.4639E+00  6.7048E+00  7.7764E+00  7.2147E+00  8.9503E+00  7.1234E+00  8.1506E+00  8.8387E+00
       9.2191E+00  8.3699E+00  6.8135E+00  8.0116E+00  7.9013E+00  7.7025E+00  7.3502E+00  6.5881E+00  1.0215E+01  9.5776E+00
       9.8128E+00  5.8914E+00  8.0198E+00  7.4407E+00  5.3572E+00  7.7279E+00  7.5391E+00  6.9463E+00  1.1161E+01  6.7554E+00
       1.0276E+01  7.0837E+00  7.6136E+00  6.7857E+00  6.9047E+00  6.9275E+00  7.6762E+00  6.0970E+00  7.2909E+00  8.8102E+00
       6.8578E+00  7.8673E+00  7.8997E+00  4.9696E+00  5.8946E+00  6.1523E+00  5.9765E+00  5.8299E+00  7.1730E+00  8.5189E+00
       9.5584E+00  7.2252E+00  8.1727E+00  4.3822E+00  5.8447E+00  4.1759E+00  5.6013E+00  8.0238E+00  7.2308E+00  7.9761E+00
       6.8619E+00  8.5476E+00  6.6221E+00  5.0120E+00  5.8031E+00  4.0624E+00  6.4553E+00  5.1656E+00  5.9397E+00  6.7073E+00
       8.2250E+00  7.7294E+00  6.8307E+00  7.1183E+00  5.2454E+00  4.6230E+00  7.1416E+00  6.4820E+00  6.9360E+00  9.3685E+00
       1.1961E+01  9.2813E+00  7.2899E+00  7.3054E+00  5.3396E+00  6.7036E+00  6.2443E+00  6.5854E+00  9.6987E+00  7.1614E+00
       7.5827E+00  9.2841E+00  8.2565E+00  8.4277E+00  6.7014E+00  9.1809E+00  7.2194E+00  9.0284E+00  9.6893E+00  4.9780E+00
       8.5648E+00  6.8057E+00  7.6682E+00  1.0569E+01  7.4675E+00  8.2902E+00  7.8099E+00  7.8718E+00  1.0682E+01  8.8080E+00
       9.3294E+00  9.2582E+00  8.0177E+00  9.1701E+00  7.3388E+00  7.4600E+00  1.0273E+01  7.0676E+00  7.8398E+00  1.0268E+01
       1.0611E+01  9.4377E+00  1.0312E+01  7.1189E+00  5.7578E+00  9.2727E+00  7.9220E+00  8.5392E+00  1.3450E+01  9.8839E+00
       9.4472E+00  6.8728E+00  8.2413E+00  6.1250E+00  7.7431E+00  8.0586E+00  8.1464E+00  6.7373E+00  8.7353E+00  9.4627E+00
       1.0683E+01  9.2340E+00  8.6635E+00  5.5172E+00  7.1086E+00  6.8761E+00  4.7766E+00  9.0345E+00  6.7235E+00  9.3622E+00
       1.1487E+01  6.8226E+00  8.6458E+00  7.6392E+00  8.9958E+00  6.2573E+00  6.6145E+00  8.5977E+00  8.3439E+00  5.9078E+00
       8.3890E+00  8.4627E+00  8.8022E+00  4.6746E+00  7.3397E+00  5.5627E+00  6.0133E+00  6.7606E+00  8.3264E+00  9.8637E+00
       7.8996E+00  8.1924E+00  8.9313E+00  7.5417E+00  7.1537E+00  7.1460E+00  7.7139E+00  1.0117E+01  1.0080E+01  1.1736E+01
       1.2507E+01  1.1304E+01  9.4038E+00  8.1314E+00  7.8440E+00  5.5242E+00  7.9890E+00  1.1054E+01  8.8506E+00  1.1669E+01
       1.0748E+01  1.1580E+01  1.1394E+01  8.7195E+00  8.7050E+00  7.6151E+00  9.5525E+00  8.2111E+00  8.0390E+00  7.4838E+00
