1
   Cartesian binning n.   1  "DoseEq    " , generalized particle n.  240
      X coordinate: from -8.5000E+01 to  8.5000E+01 cm,    10 bins ( 1.7000E+01 cm wide)
      Y coordinate: from -2.5000E+01 to  2.5000E+01 cm,    10 bins ( 5.0000E+00 cm wide)
      Z coordinate: from  2.2500E+02 to  2.7500E+02 cm,    10 bins ( 5.0000E+00 cm wide)
      Data follow in a matrix A(ix,iy,iz), format (1(5x,1p,10(1x,e11.4)))

      accurate deposition along the tracks requested
      this is a track-length binning
       1.9718E-04  2.6373E-04  2.9702E-04  3.1851E-04  3.3004E-04  3.2992E-04  3.1151E-04  2.9162E-04  2.3640E-04  2.0231E-04
       2.4316E-04  2.8977E-04  3.2961E-04  3.7588E-04  3.9385E-04  3.7942E-04  3.6571E-04  3.4322E-04  2.9668E-04  2.2735E-04
       2.5002E-04  3.0857E-04  3.3724E-04  3.8718E-04  4.0771E-04  3.8252E-04  3.9570E-04  3.4490E-04  3.1729E-04  2.3144E-04
       2.4656E-04  3.3391E-04  3.7240E-04  4.1724E-04  3.9412E-04  4.1125E-04  4.2522E-04  3.7907E-04  3.1875E-04  2.4856E-04
       2.5525E-04  3.3736E-04  3.8919E-04  4.1677E-04  4.2672E-04  4.1705E-04  3.9687E-04  3.6319E-04  3.2841E-04  2.4952E-04
       2.5338E-04  3.2633E-04  3.8488E-04  4.1267E-04  4.6454E-04  4.2229E-04  3.9626E-04  3.7568E-04  3.2897E-04  2.4547E-04
       2.6552E-04  3.1582E-04  3.8305E-04  4.1499E-04  4.1582E-04  4.1920E-04  3.8958E-04  3.7714E-04  3.1575E-04  2.3962E-04
       2.5783E-04  3.1625E-04  3.5731E-04  3.8431E-04  4.0926E-04  4.2231E-04  3.8172E-04  3.6154E-04  3.1445E-04  2.5397E-04
       2.3616E-04  2.7959E-04  3.3927E-04  3.5523E-04  3.8141E-04  3.9958E-04  3.8312E-04  3.2271E-04  2.8219E-04  2.3253E-04
       2.1830E-04  2.4942E-04  2.8956E-04  3.2253E-04  3.3191E-04  3.3200E-04  3.2917E-04  2.9356E-04  2.5091E-04  2.0369E-04
       1.7605E-04  2.2293E-04  2.6636E-04  2.6587E-04  2.7683E-04  2.7889E-04  2.6020E-04  2.4945E-04  2.0225E-04  1.6155E-04
       2.0154E-04  2.7829E-04  3.1248E-04  3.2929E-04  3.5442E-04  3.5861E-04  3.1576E-04  3.1238E-04  2.5792E-04  2.1112E-04
       2.2241E-04  3.0405E-04  3.2459E-04  3.5089E-04  3.8439E-04  3.6298E-04  3.5355E-04  3.2957E-04  2.8680E-04  2.1157E-04
       2.2440E-04  3.1263E-04  3.4357E-04  3.9392E-04  4.1424E-04  3.9476E-04  3.9456E-04  3.4783E-04  3.0192E-04  2.2388E-04
       2.3889E-04  3.2843E-04  3.6549E-04  4.0436E-04  3.9933E-04  3.7562E-04  3.8252E-04  3.4660E-04  3.0742E-04  2.3523E-04
       2.2368E-04  3.1769E-04  3.5162E-04  4.0194E-04  4.3477E-04  3.8108E-04  3.9411E-04  3.5707E-04  3.0297E-04  2.1833E-04
       2.2582E-04  2.9744E-04  3.6258E-04  3.9008E-04  3.7505E-04  3.8947E-04  3.8840E-04  3.5157E-04  3.0401E-04  2.1028E-04
       2.2587E-04  2.9333E-04  3.1218E-04  3.7057E-04  3.9239E-04  3.8061E-04  3.7377E-04  3.3677E-04  3.0458E-04  2.1752E-04
       2.1729E-04  2.4619E-04  3.0979E-04  3.2032E-04  3.4763E-04  3.4752E-04  3.4117E-04  3.0198E-04  2.6419E-04  2.0691E-04
       1.7839E-04  2.0722E-04  2.5574E-04  2.6451E-04  2.7367E-04  2.7185E-04  2.7748E-04  2.4762E-04  2.0447E-04  1.6711E-04
       1.2589E-04  1.6675E-04  1.9992E-04  1.9958E-04  2.1370E-04  2.2328E-04  2.0256E-04  2.0087E-04  1.7438E-04  1.2012E-04
       1.5823E-04  2.2713E-04  2.4309E-04  2.7245E-04  2.9124E-04  2.8281E-04  2.6513E-04  2.5003E-04  2.1796E-04  1.5496E-04
       1.7629E-04  2.3711E-04  2.6850E-04  2.9666E-04  3.2176E-04  3.0403E-04  3.0228E-04  2.7002E-04  2.4911E-04  1.7099E-04
       1.9413E-04  2.3454E-04  2.9245E-04  3.3429E-04  3.3701E-04  3.4583E-04  3.4542E-04  2.9025E-04  2.5480E-04  1.8526E-04
       1.8635E-04  2.7779E-04  3.1650E-04  3.2637E-04  3.5386E-04  3.2913E-04  3.3392E-04  2.9144E-04  2.5016E-04  1.8871E-04
       1.7945E-04  2.7057E-04  3.0213E-04  3.4984E-04  3.5172E-04  3.2031E-04  3.3471E-04  2.9860E-04  2.4996E-04  1.8340E-04
       1.8946E-04  2.5741E-04  3.1502E-04  3.2377E-04  3.4446E-04  3.2979E-04  3.3595E-04  2.9159E-04  2.6201E-04  1.8271E-04
       1.8234E-04  2.4098E-04  2.6588E-04  3.1301E-04  3.2220E-04  3.2634E-04  3.0944E-04  2.8371E-04  2.5424E-04  1.8653E-04
       1.5680E-04  1.9649E-04  2.4383E-04  2.6801E-04  2.8471E-04  3.1240E-04  2.7623E-04  2.5911E-04  2.1660E-04  1.6759E-04
       1.2396E-04  1.5169E-04  1.9871E-04  2.0524E-04  2.1509E-04  2.1672E-04  2.1321E-04  1.9549E-04  1.6369E-04  1.2066E-04
       1.0289E-04  1.2483E-04  1.7200E-04  1.5329E-04  1.8034E-04  1.7553E-04  1.6063E-04  1.5381E-04  1.3230E-04  8.6056E-05
       1.3293E-04  1.8977E-04  2.0023E-04  2.3932E-04  2.5025E-04  2.2376E-04  2.1076E-04  1.8924E-04  1.8187E-04  1.1931E-04
       1.4951E-04  1.9436E-04  2.2413E-04  2.5291E-04  2.7237E-04  2.4538E-04  2.4857E-04  2.3001E-04  2.0109E-04  1.3485E-04
       1.5378E-04  2.0044E-04  2.4002E-04  2.7157E-04  2.7403E-04  2.8543E-04  2.6131E-04  2.2855E-04  1.9921E-04  1.3356E-04
       1.5266E-04  2.2509E-04  2.5476E-04  2.8364E-04  2.8720E-04  2.7625E-04  2.7865E-04  2.4848E-04  1.9916E-04  1.4492E-04
       1.4260E-04  2.1695E-04  2.5079E-04  2.8027E-04  2.9204E-04  2.7307E-04  2.7855E-04  2.5336E-04  2.0698E-04  1.4737E-04
       1.4521E-04  2.0140E-04  2.3968E-04  2.5997E-04  2.9217E-04  2.7363E-04  2.8262E-04  2.5115E-04  1.9511E-04  1.5632E-04
       1.5066E-04  1.8703E-04  2.0681E-04  2.4303E-04  2.7010E-04  2.5241E-04  2.6200E-04  2.2728E-04  1.8896E-04  1.4610E-04
       1.2269E-04  1.6857E-04  1.8708E-04  2.2652E-04  2.4708E-04  2.4181E-04  2.3792E-04  1.9511E-04  1.7533E-04  1.3572E-04
       9.0130E-05  1.2620E-04  1.4709E-04  1.6214E-04  1.6692E-04  1.8156E-04  1.7651E-04  1.4857E-04  1.1811E-04  9.3250E-05
       7.5872E-05  1.0311E-04  1.1799E-04  1.2875E-04  1.3482E-04  1.3482E-04  1.1478E-04  1.1360E-04  1.0689E-04  6.5595E-05
       1.0353E-04  1.3188E-04  1.5667E-04  1.9069E-04  1.9719E-04  1.8624E-04  1.6471E-04  1.4671E-04  1.3863E-04  9.5751E-05
       1.1649E-04  1.5167E-04  1.8398E-04  1.9939E-04  2.2509E-04  2.1303E-04  2.1085E-04  1.9480E-04  1.5444E-04  1.1235E-04
       1.2948E-04  1.6893E-04  1.8552E-04  2.1608E-04  2.2479E-04  2.1933E-04  2.0419E-04  1.9299E-04  1.5473E-04  1.0598E-04
       1.1503E-04  1.7239E-04  2.0567E-04  2.2030E-04  2.3543E-04  2.2896E-04  2.1455E-04  2.0596E-04  1.5898E-04  1.1328E-04
       1.1601E-04  1.7538E-04  2.1064E-04  2.1556E-04  2.4635E-04  2.2763E-04  2.1880E-04  1.9573E-04  1.7744E-04  1.1189E-04
       1.1539E-04  1.6956E-04  1.9594E-04  1.9375E-04  2.2839E-04  2.2150E-04  2.1621E-04  1.9774E-04  1.7032E-04  1.1632E-04
       1.2297E-04  1.6418E-04  1.6065E-04  1.8904E-04  2.1890E-04  2.1922E-04  2.0366E-04  1.7453E-04  1.5658E-04  1.0576E-04
       9.8964E-05  1.3328E-04  1.4705E-04  1.6476E-04  1.8470E-04  1.8095E-04  1.8780E-04  1.4525E-04  1.3620E-04  9.8076E-05
       7.1616E-05  9.6536E-05  1.1172E-04  1.2904E-04  1.2652E-04  1.3998E-04  1.2909E-04  1.1185E-04  9.8962E-05  7.7994E-05
       5.5081E-05  7.6290E-05  8.5037E-05  9.4984E-05  1.0395E-04  1.1323E-04  8.6061E-05  9.8386E-05  7.7932E-05  6.0731E-05
       7.6544E-05  1.0758E-04  1.2342E-04  1.3256E-04  1.4255E-04  1.5308E-04  1.3597E-04  1.3395E-04  1.0455E-04  7.4180E-05
       9.4690E-05  1.2059E-04  1.4053E-04  1.4839E-04  1.6175E-04  1.7653E-04  1.6908E-04  1.5050E-04  1.2061E-04  8.2538E-05
       9.9963E-05  1.3572E-04  1.5445E-04  1.8577E-04  1.8838E-04  1.8510E-04  1.6567E-04  1.5346E-04  1.2896E-04  7.7529E-05
       9.7027E-05  1.3606E-04  1.5530E-04  1.8556E-04  1.9155E-04  1.9134E-04  1.7236E-04  1.5625E-04  1.3240E-04  8.9628E-05
       1.0638E-04  1.3525E-04  1.6957E-04  1.6478E-04  1.8162E-04  1.8895E-04  1.7074E-04  1.5514E-04  1.3303E-04  9.7849E-05
       8.5452E-05  1.3373E-04  1.6445E-04  1.5250E-04  1.7841E-04  1.8121E-04  1.6578E-04  1.4551E-04  1.3762E-04  9.3206E-05
       9.4282E-05  1.1862E-04  1.4458E-04  1.5633E-04  1.6601E-04  1.6025E-04  1.5617E-04  1.4238E-04  1.2617E-04  8.3352E-05
       7.1788E-05  1.0762E-04  1.0722E-04  1.2926E-04  1.4396E-04  1.5529E-04  1.4529E-04  1.2544E-04  1.1112E-04  7.4976E-05
       5.8013E-05  7.7598E-05  8.3658E-05  9.5896E-05  1.0652E-04  1.0683E-04  1.0356E-04  9.2413E-05  8.0111E-05  5.8097E-05
       3.9469E-05  5.4674E-05  7.0231E-05  7.3724E-05  8.2728E-05  9.3549E-05  7.4576E-05  7.1659E-05  5.6100E-05  4.3782E-05
       6.1884E-05  8.3636E-05  9.6800E-05  1.1411E-04  1.0724E-04  1.2582E-04  1.2131E-04  1.0167E-04  8.0317E-05  5.5422E-05
       7.5163E-05  8.2406E-05  1.1656E-04  1.2597E-04  1.2887E-04  1.3920E-04  1.2927E-04  1.1716E-04  9.7555E-05  6.5993E-05
       7.5508E-05  1.0297E-04  1.2058E-04  1.4361E-04  1.4370E-04  1.4572E-04  1.3096E-04  1.2637E-04  1.0257E-04  6.4328E-05
       7.5930E-05  1.0159E-04  1.2502E-04  1.4096E-04  1.4579E-04  1.3768E-04  1.3279E-04  1.1359E-04  1.0374E-04  6.9356E-05
       7.4933E-05  9.7625E-05  1.1086E-04  1.2677E-04  1.4077E-04  1.5062E-04  1.4263E-04  1.2311E-04  1.0320E-04  6.4288E-05
       7.4884E-05  9.6666E-05  1.2534E-04  1.1687E-04  1.4060E-04  1.3767E-04  1.3731E-04  1.1361E-04  1.0154E-04  7.1388E-05
       7.6957E-05  9.5976E-05  1.1473E-04  1.1344E-04  1.2886E-04  1.2910E-04  1.2139E-04  1.1605E-04  9.6504E-05  6.3914E-05
       5.8182E-05  8.4757E-05  9.3626E-05  1.0240E-04  1.1177E-04  1.1638E-04  1.1658E-04  1.0063E-04  8.1832E-05  5.8147E-05
       4.4582E-05  5.9514E-05  7.1817E-05  7.5865E-05  8.3711E-05  9.1732E-05  7.8046E-05  8.2004E-05  6.2567E-05  4.0835E-05
       3.1850E-05  4.7026E-05  5.6041E-05  6.0434E-05  6.4663E-05  6.5695E-05  6.7044E-05  6.1500E-05  5.1330E-05  3.6723E-05
       4.9504E-05  6.4710E-05  7.2171E-05  8.5260E-05  8.3063E-05  9.1223E-05  9.0619E-05  7.4755E-05  6.3235E-05  4.5063E-05
       5.3296E-05  7.9326E-05  8.6156E-05  9.5737E-05  9.5989E-05  1.0776E-04  1.0255E-04  9.2864E-05  7.3285E-05  5.0745E-05
       5.5441E-05  7.2877E-05  9.3388E-05  1.0877E-04  1.1143E-04  1.0004E-04  9.9365E-05  9.8939E-05  7.4554E-05  5.8481E-05
       5.4690E-05  7.8486E-05  1.0454E-04  1.1693E-04  1.1773E-04  1.0080E-04  9.7488E-05  9.2657E-05  8.1783E-05  5.9005E-05
       5.4283E-05  7.2826E-05  9.5625E-05  1.0500E-04  1.1402E-04  1.1233E-04  1.1107E-04  9.2353E-05  8.0664E-05  5.4006E-05
       5.2348E-05  7.5300E-05  1.0626E-04  1.1012E-04  1.1587E-04  1.1318E-04  1.1475E-04  8.6301E-05  7.1131E-05  5.3900E-05
       5.8189E-05  8.2555E-05  9.6953E-05  9.2752E-05  9.9764E-05  9.9877E-05  1.0408E-04  8.7429E-05  6.5864E-05  4.8700E-05
       4.2701E-05  7.2673E-05  7.0903E-05  8.2435E-05  8.3920E-05  8.8095E-05  9.1692E-05  7.6185E-05  5.1686E-05  4.8573E-05
       3.3531E-05  4.7432E-05  5.2196E-05  5.8458E-05  6.4301E-05  6.3785E-05  6.3133E-05  5.6119E-05  3.9981E-05  3.4410E-05
       2.3192E-05  3.1752E-05  4.1752E-05  4.4272E-05  5.1158E-05  5.0639E-05  4.9208E-05  4.2315E-05  3.3937E-05  3.2609E-05
       3.7290E-05  4.5281E-05  5.4500E-05  6.3355E-05  6.6629E-05  6.5423E-05  6.3615E-05  5.5079E-05  5.1014E-05  3.6868E-05
       4.1661E-05  5.4079E-05  6.6943E-05  7.2551E-05  7.8915E-05  7.3115E-05  7.7527E-05  6.9048E-05  5.7437E-05  3.6740E-05
       4.1001E-05  5.5506E-05  7.0154E-05  7.8283E-05  8.3511E-05  7.8292E-05  7.3487E-05  7.4311E-05  5.7411E-05  4.4843E-05
       4.5268E-05  5.9785E-05  7.5669E-05  8.5687E-05  8.8835E-05  7.8618E-05  7.0161E-05  7.1275E-05  5.7524E-05  4.4684E-05
       3.9702E-05  6.0191E-05  7.3101E-05  7.3208E-05  8.8715E-05  8.3949E-05  8.0288E-05  6.6745E-05  6.4354E-05  4.1115E-05
       4.0139E-05  5.9817E-05  8.0620E-05  7.4445E-05  8.5997E-05  7.8594E-05  7.8681E-05  6.2210E-05  5.9512E-05  4.3889E-05
       4.3598E-05  5.6540E-05  7.5581E-05  7.3197E-05  7.1410E-05  7.1918E-05  7.8580E-05  6.4119E-05  5.0775E-05  3.7475E-05
       3.5268E-05  5.1727E-05  5.6273E-05  6.0565E-05  6.0005E-05  6.4345E-05  7.0400E-05  5.1805E-05  4.0324E-05  3.5916E-05
       2.5982E-05  3.6984E-05  3.9584E-05  4.1650E-05  5.0510E-05  5.2926E-05  4.8793E-05  4.3367E-05  3.2251E-05  2.4250E-05
       2.1277E-05  2.9272E-05  2.6247E-05  2.9977E-05  3.6158E-05  3.4349E-05  3.5566E-05  3.2453E-05  2.3560E-05  2.4945E-05
       2.9656E-05  3.4183E-05  3.5231E-05  4.2742E-05  4.5479E-05  3.9238E-05  4.0600E-05  4.1575E-05  3.4912E-05  2.8510E-05
       3.3747E-05  4.2365E-05  4.6297E-05  4.7446E-05  4.6970E-05  5.2430E-05  5.0809E-05  4.6702E-05  5.0662E-05  2.5773E-05
       3.1739E-05  4.3933E-05  5.3588E-05  5.3634E-05  5.1933E-05  4.8676E-05  5.1222E-05  4.4046E-05  4.6644E-05  3.2023E-05
       2.8677E-05  4.3446E-05  5.9555E-05  5.9385E-05  5.9750E-05  5.0133E-05  4.9105E-05  5.1171E-05  4.3122E-05  3.4742E-05
       3.0788E-05  4.5686E-05  5.4256E-05  5.3237E-05  6.0708E-05  5.7912E-05  5.4976E-05  4.9929E-05  4.2971E-05  3.1199E-05
       2.6670E-05  3.8744E-05  5.3591E-05  5.9032E-05  6.3090E-05  5.2467E-05  5.2839E-05  4.3717E-05  4.2458E-05  2.9608E-05
       3.3662E-05  3.4122E-05  5.2210E-05  5.0388E-05  5.6672E-05  5.2069E-05  4.9105E-05  4.4954E-05  3.9826E-05  2.9433E-05
       2.3595E-05  3.4997E-05  4.2801E-05  4.0191E-05  4.2033E-05  4.9158E-05  4.8147E-05  4.3508E-05  3.4462E-05  3.1551E-05
       1.9000E-05  2.7592E-05  3.6341E-05  3.4169E-05  3.4515E-05  3.4743E-05  3.3423E-05  3.3339E-05  2.2354E-05  2.0297E-05

      Percentage errors follow in a matrix A(ix,iy,iz), format (1(5x,1p,10(1x,e11.4)))

       4.5759E+00  2.8965E+00  3.5857E+00  2.5680E+00  2.8229E+00  3.3285E+00  3.5694E+00  3.0985E+00  3.7692E+00  5.0373E+00
       3.9744E+00  3.5637E+00  3.4311E+00  3.0341E+00  3.8661E+00  2.9436E+00  3.0409E+00  3.0274E+00  3.4350E+00  2.5262E+00
       3.4495E+00  3.0467E+00  3.1623E+00  3.6478E+00  3.1569E+00  3.2020E+00  3.6810E+00  3.0492E+00  3.3209E+00  4.2431E+00
       2.4751E+00  2.8610E+00  2.1829E+00  2.8315E+00  2.8663E+00  3.0133E+00  2.0387E+00  3.0062E+00  2.5034E+00  4.3304E+00
       3.1467E+00  2.3477E+00  3.1570E+00  2.7279E+00  2.5506E+00  2.1701E+00  2.8215E+00  3.2737E+00  3.1898E+00  3.6555E+00
       2.8153E+00  2.5590E+00  3.6474E+00  3.6791E+00  3.3926E+00  3.1271E+00  2.0646E+00  2.6519E+00  2.6606E+00  4.1014E+00
       3.5127E+00  3.2256E+00  3.1050E+00  3.1014E+00  3.3597E+00  2.8596E+00  3.0586E+00  3.0709E+00  2.8315E+00  2.7080E+00
       3.8607E+00  3.2817E+00  2.4958E+00  2.5130E+00  2.6067E+00  3.3080E+00  2.7780E+00  3.7758E+00  3.0847E+00  4.1742E+00
       3.8991E+00  4.0975E+00  3.5374E+00  2.2350E+00  3.3656E+00  3.2762E+00  2.6545E+00  3.7124E+00  2.8371E+00  3.6363E+00
       3.3507E+00  3.3380E+00  2.8451E+00  2.6793E+00  2.1271E+00  3.0499E+00  2.9644E+00  4.1058E+00  3.4538E+00  3.1716E+00
       4.5274E+00  3.2535E+00  3.6430E+00  3.5937E+00  3.7249E+00  2.9961E+00  4.3047E+00  3.2072E+00  5.0422E+00  5.5958E+00
       3.6773E+00  2.9106E+00  3.2848E+00  3.0303E+00  4.1956E+00  2.5543E+00  3.3950E+00  2.9645E+00  3.1658E+00  4.0766E+00
       3.7254E+00  3.3053E+00  2.9527E+00  3.8135E+00  3.3733E+00  3.5196E+00  3.4071E+00  3.5488E+00  3.5712E+00  4.8909E+00
       3.4731E+00  3.1148E+00  2.8747E+00  3.3007E+00  3.7613E+00  3.3670E+00  2.6798E+00  2.9989E+00  2.3403E+00  3.8184E+00
       3.1023E+00  3.4116E+00  3.2876E+00  2.5161E+00  3.0083E+00  2.9148E+00  2.4580E+00  3.6401E+00  3.3643E+00  2.9459E+00
       3.6541E+00  3.4372E+00  3.4220E+00  2.9014E+00  2.4275E+00  2.0403E+00  2.7412E+00  3.4291E+00  3.2421E+00  4.2044E+00
       3.7618E+00  4.1599E+00  3.0803E+00  3.1520E+00  2.4396E+00  3.0276E+00  3.1670E+00  3.6014E+00  3.2586E+00  4.4966E+00
       4.5248E+00  2.8881E+00  2.7429E+00  2.6006E+00  3.7653E+00  2.9165E+00  3.3100E+00  3.7218E+00  3.4894E+00  5.2909E+00
       3.6682E+00  2.9988E+00  3.3653E+00  3.9647E+00  2.8738E+00  3.7345E+00  2.9474E+00  3.8718E+00  4.1444E+00  3.8535E+00
       3.9219E+00  4.6418E+00  3.6568E+00  3.2620E+00  3.0261E+00  2.9397E+00  4.1474E+00  3.0026E+00  5.8245E+00  5.2169E+00
       4.4022E+00  3.6424E+00  3.5947E+00  4.6069E+00  3.9235E+00  2.7986E+00  4.3264E+00  4.0165E+00  4.2059E+00  6.2483E+00
       5.7012E+00  3.7331E+00  4.2944E+00  4.2039E+00  3.4170E+00  4.2755E+00  4.1057E+00  3.3959E+00  4.3380E+00  4.3172E+00
       5.1966E+00  3.5318E+00  4.2765E+00  3.9431E+00  2.9252E+00  3.0964E+00  3.5261E+00  3.8500E+00  2.3678E+00  4.5091E+00
       3.8304E+00  4.3867E+00  2.7969E+00  2.8459E+00  4.1914E+00  2.3955E+00  2.8361E+00  2.8090E+00  3.2053E+00  4.0669E+00
       3.7580E+00  4.3669E+00  3.8789E+00  2.5167E+00  2.8609E+00  3.9609E+00  3.0735E+00  3.8657E+00  3.2440E+00  3.8113E+00
       5.2158E+00  4.6578E+00  3.5598E+00  3.2137E+00  3.6204E+00  2.7129E+00  2.8349E+00  3.6117E+00  3.8173E+00  4.7012E+00
       4.8553E+00  3.3033E+00  4.3244E+00  3.3645E+00  3.0376E+00  3.0176E+00  3.1187E+00  3.0333E+00  2.9248E+00  3.9052E+00
       4.3135E+00  3.9866E+00  3.2772E+00  2.5286E+00  3.8088E+00  3.6420E+00  2.6455E+00  3.9959E+00  4.9213E+00  3.2831E+00
       5.4298E+00  5.2195E+00  4.0056E+00  4.2795E+00  2.9164E+00  3.3074E+00  3.1518E+00  5.1940E+00  4.1771E+00  4.6944E+00
       5.3561E+00  4.8757E+00  3.8238E+00  3.8661E+00  4.0471E+00  3.6602E+00  4.3659E+00  2.5119E+00  5.3359E+00  6.3522E+00
       5.8268E+00  4.0240E+00  3.4960E+00  3.8696E+00  3.2874E+00  3.0529E+00  4.3931E+00  4.9088E+00  5.2579E+00  5.8497E+00
       5.8765E+00  5.0533E+00  3.5629E+00  4.7624E+00  4.7139E+00  4.6593E+00  4.4481E+00  4.0655E+00  4.6014E+00  5.9068E+00
       5.0544E+00  3.9675E+00  4.0954E+00  3.9596E+00  4.3782E+00  3.0466E+00  4.0815E+00  4.1467E+00  3.7385E+00  4.5395E+00
       3.4094E+00  4.0354E+00  3.8132E+00  3.3334E+00  2.9575E+00  3.9473E+00  3.0434E+00  3.9955E+00  4.0019E+00  6.0052E+00
       4.0778E+00  4.5158E+00  4.2526E+00  3.1887E+00  4.2951E+00  3.6053E+00  3.5395E+00  4.5519E+00  2.9206E+00  4.7720E+00
       4.9135E+00  4.0111E+00  5.2279E+00  3.4668E+00  3.5641E+00  2.6344E+00  4.4059E+00  4.0804E+00  3.8181E+00  4.5962E+00
       4.8696E+00  4.1277E+00  4.5781E+00  3.8754E+00  3.3246E+00  2.7387E+00  3.8983E+00  3.6129E+00  4.9136E+00  5.1634E+00
       4.8255E+00  3.8433E+00  3.4071E+00  4.3837E+00  4.8204E+00  3.9572E+00  4.2871E+00  4.7534E+00  5.1304E+00  5.1570E+00
       5.8039E+00  6.1374E+00  4.6914E+00  5.0441E+00  4.9965E+00  3.6228E+00  4.0098E+00  5.4329E+00  5.0986E+00  4.6667E+00
       4.2233E+00  6.3002E+00  4.0832E+00  4.2843E+00  4.9740E+00  3.7025E+00  2.9240E+00  5.3127E+00  5.8147E+00  6.2607E+00
       5.0363E+00  5.9101E+00  4.5748E+00  3.3120E+00  4.6144E+00  4.8156E+00  4.8924E+00  5.3162E+00  4.5294E+00  6.7147E+00
       4.4988E+00  5.0253E+00  3.9218E+00  4.7458E+00  4.0999E+00  3.9939E+00  4.5640E+00  5.1576E+00  4.3250E+00  4.6931E+00
       4.9061E+00  6.4002E+00  3.9418E+00  3.9420E+00  5.2963E+00  4.5611E+00  2.6925E+00  4.4213E+00  3.6562E+00  7.1964E+00
       5.8075E+00  5.2594E+00  5.0944E+00  3.4876E+00  4.1854E+00  4.3837E+00  3.5300E+00  4.7133E+00  3.5084E+00  5.7726E+00
       5.4863E+00  4.2659E+00  3.2624E+00  4.1610E+00  4.2734E+00  3.8459E+00  3.7329E+00  3.5657E+00  5.0626E+00  4.9241E+00
       3.5090E+00  4.2611E+00  3.4233E+00  3.5747E+00  3.1671E+00  3.2299E+00  4.2642E+00  3.7545E+00  4.1311E+00  7.2376E+00
       4.8006E+00  4.8996E+00  5.3209E+00  4.3151E+00  3.5417E+00  4.3809E+00  4.9016E+00  3.9513E+00  4.5602E+00  4.9148E+00
       4.4398E+00  4.5063E+00  4.7561E+00  4.3071E+00  3.4950E+00  4.5593E+00  4.5636E+00  4.6812E+00  4.7365E+00  4.8811E+00
       6.4451E+00  5.8225E+00  5.1980E+00  4.5310E+00  5.1050E+00  3.7905E+00  3.8330E+00  4.6631E+00  4.3528E+00  5.8810E+00
       7.5457E+00  7.4222E+00  5.3770E+00  6.2161E+00  4.7182E+00  5.9148E+00  5.8017E+00  5.6572E+00  5.2878E+00  7.0625E+00
       7.8849E+00  8.3560E+00  5.9578E+00  4.4465E+00  5.4492E+00  5.2460E+00  5.1807E+00  5.1658E+00  5.8259E+00  7.9887E+00
       8.4469E+00  6.6847E+00  5.8196E+00  4.4355E+00  5.2782E+00  4.7811E+00  4.8682E+00  4.0493E+00  5.3688E+00  5.8664E+00
       4.5215E+00  4.4225E+00  3.1780E+00  4.9414E+00  5.2979E+00  3.4282E+00  4.4903E+00  5.6936E+00  3.2759E+00  6.5067E+00
       6.5107E+00  4.8060E+00  5.7352E+00  3.7455E+00  3.4352E+00  5.1535E+00  3.7221E+00  5.5089E+00  3.5725E+00  5.8282E+00
       4.7365E+00  4.0826E+00  4.5454E+00  3.9648E+00  3.2858E+00  3.8129E+00  4.0520E+00  5.4090E+00  4.8587E+00  6.2116E+00
       6.2856E+00  4.3571E+00  4.7815E+00  5.7805E+00  3.9238E+00  3.7516E+00  3.1348E+00  4.9418E+00  3.6518E+00  6.8629E+00
       4.6734E+00  4.9029E+00  4.3883E+00  5.4543E+00  4.8684E+00  3.8238E+00  4.4973E+00  5.5649E+00  5.2576E+00  6.0146E+00
       8.7760E+00  6.1700E+00  4.1445E+00  5.0631E+00  4.0809E+00  4.3680E+00  3.9908E+00  5.7251E+00  6.6241E+00  6.8155E+00
       6.3659E+00  4.9263E+00  3.7138E+00  4.8374E+00  6.1998E+00  5.4407E+00  6.2409E+00  5.3164E+00  4.7792E+00  7.8066E+00
       9.3080E+00  8.0718E+00  5.3523E+00  5.6851E+00  4.6322E+00  4.7822E+00  5.7657E+00  6.2880E+00  6.1698E+00  8.5812E+00
       8.2891E+00  6.1008E+00  6.6404E+00  6.4239E+00  6.7274E+00  3.9730E+00  5.2865E+00  6.0611E+00  7.2934E+00  1.0858E+01
       9.8909E+00  7.3126E+00  5.3807E+00  5.1336E+00  5.3515E+00  4.9360E+00  4.8850E+00  6.4460E+00  5.8592E+00  8.5775E+00
       4.9116E+00  7.4102E+00  4.4070E+00  6.9714E+00  3.3727E+00  4.3079E+00  2.7152E+00  5.6100E+00  5.3129E+00  8.4558E+00
       6.3426E+00  7.1069E+00  5.2798E+00  5.7378E+00  4.7450E+00  4.8335E+00  5.1324E+00  7.2042E+00  5.3182E+00  5.1563E+00
       6.7421E+00  3.9168E+00  5.4335E+00  5.2136E+00  4.4414E+00  5.4045E+00  4.1727E+00  7.1487E+00  5.6872E+00  4.5933E+00
       6.1441E+00  5.0275E+00  5.3685E+00  5.8764E+00  4.0358E+00  4.2816E+00  6.7310E+00  6.4715E+00  5.8488E+00  9.2668E+00
       8.5715E+00  4.4539E+00  4.8296E+00  5.7632E+00  3.3289E+00  5.1593E+00  4.7015E+00  6.3545E+00  5.9791E+00  6.4941E+00
       8.1995E+00  8.9628E+00  5.2439E+00  5.4913E+00  5.0436E+00  3.8945E+00  5.4267E+00  7.0701E+00  6.1768E+00  8.0950E+00
       7.5722E+00  7.5624E+00  6.5130E+00  5.5006E+00  5.1598E+00  6.0720E+00  6.1561E+00  8.0403E+00  7.0226E+00  8.4226E+00
       1.3433E+01  7.9851E+00  6.6422E+00  5.3469E+00  5.7888E+00  5.5141E+00  7.6944E+00  5.5014E+00  6.5679E+00  9.3424E+00
       7.9442E+00  7.8126E+00  7.9358E+00  8.3780E+00  5.2011E+00  6.8893E+00  3.7789E+00  8.1584E+00  7.5334E+00  1.0498E+01
       8.2467E+00  5.9518E+00  8.4287E+00  6.2134E+00  2.9228E+00  5.0433E+00  7.2975E+00  8.6321E+00  1.0076E+01  8.4167E+00
       9.2368E+00  7.6257E+00  7.0308E+00  5.3223E+00  4.7283E+00  4.8766E+00  4.6163E+00  6.4945E+00  6.7991E+00  1.1453E+01
       1.0127E+01  5.6461E+00  6.3676E+00  6.0163E+00  5.2378E+00  5.3345E+00  5.9486E+00  6.7490E+00  5.9965E+00  7.1812E+00
       8.7513E+00  6.7114E+00  6.3260E+00  5.4656E+00  4.8230E+00  6.2213E+00  4.7529E+00  5.6241E+00  6.6388E+00  6.2499E+00
       7.5070E+00  5.3176E+00  6.4919E+00  5.2191E+00  5.7365E+00  5.9773E+00  6.1104E+00  6.8818E+00  7.6931E+00  1.0286E+01
       8.3536E+00  7.3411E+00  5.9730E+00  5.5276E+00  5.4511E+00  4.0766E+00  5.1032E+00  7.2872E+00  6.9308E+00  7.2687E+00
       8.7634E+00  7.5961E+00  7.2132E+00  5.3666E+00  5.9888E+00  7.8217E+00  4.9451E+00  7.6217E+00  9.0850E+00  9.8139E+00
       1.0072E+01  6.1526E+00  8.9046E+00  6.3977E+00  6.7663E+00  6.4939E+00  5.7764E+00  7.2524E+00  6.1555E+00  1.0081E+01
       1.4082E+01  6.8504E+00  7.6402E+00  7.3485E+00  1.1174E+01  5.8992E+00  7.4729E+00  6.1754E+00  8.5389E+00  1.0553E+01
       1.0098E+01  6.3620E+00  1.1816E+01  6.9541E+00  7.8255E+00  7.5337E+00  6.2906E+00  7.6552E+00  7.7403E+00  9.2024E+00
       7.2484E+00  8.1526E+00  8.1731E+00  7.8432E+00  7.2877E+00  6.0955E+00  6.9881E+00  8.2215E+00  8.2055E+00  6.5844E+00
       9.5379E+00  6.2419E+00  8.8909E+00  6.1019E+00  7.2107E+00  6.3728E+00  5.8864E+00  6.6518E+00  8.8794E+00  1.0051E+01
       1.1529E+01  6.4054E+00  8.6767E+00  7.2910E+00  5.5643E+00  5.7862E+00  7.5401E+00  7.1417E+00  7.4064E+00  1.1451E+01
       1.0047E+01  6.2600E+00  9.2893E+00  6.9499E+00  6.7687E+00  6.8389E+00  6.9796E+00  7.0022E+00  7.1726E+00  6.8156E+00
       8.7449E+00  8.6028E+00  7.1859E+00  6.6115E+00  6.9622E+00  7.2598E+00  7.7152E+00  5.4043E+00  6.9355E+00  1.0238E+01
       1.0699E+01  8.1863E+00  6.6155E+00  6.0812E+00  4.9969E+00  8.1301E+00  4.2385E+00  6.5278E+00  8.2319E+00  8.2898E+00
       1.0228E+01  9.1057E+00  6.6835E+00  6.4522E+00  6.3538E+00  6.4176E+00  6.3366E+00  8.1479E+00  9.5053E+00  9.0759E+00
       8.5953E+00  8.2292E+00  1.0020E+01  7.7567E+00  7.7942E+00  8.6730E+00  7.4468E+00  7.9240E+00  6.9760E+00  8.3628E+00
       9.9559E+00  7.3300E+00  8.5982E+00  9.9004E+00  6.9509E+00  1.0876E+01  7.2110E+00  5.8376E+00  9.1946E+00  1.0904E+01
       1.1173E+01  9.4314E+00  1.1200E+01  5.4194E+00  8.7783E+00  6.6382E+00  9.8340E+00  8.3429E+00  1.1228E+01  9.6508E+00
       9.6605E+00  9.1623E+00  7.1781E+00  8.1764E+00  8.4333E+00  8.2252E+00  1.0890E+01  9.3060E+00  9.7941E+00  1.1689E+01
       1.3668E+01  8.5185E+00  8.7803E+00  7.0678E+00  1.0694E+01  5.6917E+00  6.5880E+00  7.6369E+00  7.0128E+00  1.0835E+01
       1.0128E+01  6.5687E+00  5.9777E+00  7.7502E+00  7.7607E+00  8.5176E+00  7.5177E+00  7.6991E+00  6.2588E+00  9.6572E+00
       1.0911E+01  9.6996E+00  5.3536E+00  8.5018E+00  6.8162E+00  5.9569E+00  7.2313E+00  9.0361E+00  7.0943E+00  5.9708E+00
       1.0465E+01  7.8227E+00  6.1071E+00  8.8709E+00  8.0541E+00  7.1146E+00  6.9547E+00  7.5430E+00  9.0565E+00  8.6711E+00
       1.0298E+01  9.3102E+00  6.8834E+00  7.0931E+00  5.4914E+00  9.6894E+00  6.8830E+00  7.2720E+00  7.4950E+00  1.0071E+01
       1.1229E+01  9.8789E+00  9.4609E+00  6.7203E+00  9.5277E+00  7.1008E+00  7.9688E+00  7.9889E+00  1.0976E+01  1.0396E+01
       1.1798E+01  9.4816E+00  7.1536E+00  8.8686E+00  9.3515E+00  7.1163E+00  7.6132E+00  1.0061E+01  1.0722E+01  1.0518E+01
       1.0487E+01  7.0578E+00  6.8108E+00  9.8216E+00  8.9271E+00  1.0172E+01  9.8483E+00  7.4289E+00  8.9248E+00  1.3273E+01
