1
   Cartesian binning n.   1  "DoseEq    " , generalized particle n.  240
      X coordinate: from -8.5000E+01 to  8.5000E+01 cm,    10 bins ( 1.7000E+01 cm wide)
      Y coordinate: from -2.5000E+01 to  2.5000E+01 cm,    10 bins ( 5.0000E+00 cm wide)
      Z coordinate: from  2.2500E+02 to  2.7500E+02 cm,    10 bins ( 5.0000E+00 cm wide)
      Data follow in a matrix A(ix,iy,iz), format (1(5x,1p,10(1x,e11.4)))

      accurate deposition along the tracks requested
      this is a track-length binning
       2.3877E-04  2.9946E-04  3.3377E-04  3.5245E-04  3.7092E-04  3.9487E-04  3.4344E-04  3.2599E-04  2.8298E-04  2.3493E-04
       2.6094E-04  3.4294E-04  3.7338E-04  4.1273E-04  4.2323E-04  4.3626E-04  4.1662E-04  3.9440E-04  3.4444E-04  2.6961E-04
       2.8172E-04  3.6924E-04  3.9948E-04  4.3179E-04  4.7213E-04  4.7622E-04  4.4777E-04  4.0422E-04  3.4141E-04  2.7646E-04
       2.9198E-04  3.5662E-04  3.8796E-04  4.6553E-04  4.6969E-04  4.9087E-04  4.6203E-04  4.2336E-04  3.4683E-04  2.8630E-04
       2.8769E-04  3.5531E-04  4.1502E-04  4.5119E-04  5.0128E-04  4.6875E-04  4.6224E-04  4.1800E-04  3.6530E-04  2.9849E-04
       2.7257E-04  3.7593E-04  4.1230E-04  4.7466E-04  5.1066E-04  4.8666E-04  4.6129E-04  4.2621E-04  3.7866E-04  2.9609E-04
       2.9893E-04  3.7949E-04  4.2066E-04  4.7610E-04  4.7516E-04  4.6840E-04  4.4733E-04  4.0719E-04  3.8443E-04  2.8883E-04
       2.9462E-04  3.6771E-04  4.2312E-04  4.6315E-04  4.6023E-04  4.5463E-04  4.3910E-04  4.0282E-04  3.4698E-04  2.9501E-04
       2.8072E-04  3.3492E-04  3.8601E-04  4.0199E-04  4.3269E-04  4.5925E-04  4.3769E-04  3.9190E-04  3.4100E-04  2.6004E-04
       2.4446E-04  2.8662E-04  3.3294E-04  3.7793E-04  3.8765E-04  3.7642E-04  3.7536E-04  3.2796E-04  2.8719E-04  2.3383E-04
       1.8780E-04  2.4876E-04  2.8185E-04  3.0120E-04  3.1671E-04  3.1994E-04  2.9780E-04  2.7538E-04  2.2647E-04  1.8708E-04
       2.3684E-04  3.0412E-04  3.3135E-04  3.6551E-04  3.8349E-04  3.9371E-04  3.7426E-04  3.5104E-04  2.9539E-04  2.1346E-04
       2.5850E-04  3.3163E-04  3.7154E-04  4.1591E-04  4.5160E-04  4.4591E-04  4.3007E-04  3.7618E-04  3.0956E-04  2.3249E-04
       2.6364E-04  3.4438E-04  3.6723E-04  4.5031E-04  4.4205E-04  4.5506E-04  4.2433E-04  3.8784E-04  3.3116E-04  2.4625E-04
       2.4373E-04  3.4639E-04  3.9311E-04  4.4724E-04  4.6516E-04  4.3108E-04  4.2483E-04  4.1319E-04  3.3955E-04  2.5944E-04
       2.4876E-04  3.3433E-04  3.7515E-04  4.3049E-04  4.7201E-04  4.5163E-04  4.4365E-04  3.9816E-04  3.4059E-04  2.4863E-04
       2.6323E-04  3.4981E-04  3.8243E-04  4.2697E-04  4.6183E-04  4.5664E-04  4.3452E-04  3.7380E-04  3.3902E-04  2.5577E-04
       2.5381E-04  3.4131E-04  3.8619E-04  4.0605E-04  4.4902E-04  4.2835E-04  4.1649E-04  3.7268E-04  3.2126E-04  2.5188E-04
       2.2999E-04  3.0214E-04  3.4892E-04  3.6841E-04  3.9749E-04  4.0000E-04  3.8100E-04  3.4164E-04  3.1088E-04  2.3179E-04
       1.9251E-04  2.4736E-04  2.7138E-04  3.0412E-04  3.1404E-04  3.2340E-04  3.1639E-04  2.6883E-04  2.4192E-04  1.8296E-04
       1.4361E-04  1.9976E-04  2.2549E-04  2.4074E-04  2.3492E-04  2.5343E-04  2.4317E-04  2.2429E-04  1.8260E-04  1.3264E-04
       1.9254E-04  2.4367E-04  2.8034E-04  2.9227E-04  3.0420E-04  3.1578E-04  3.0344E-04  2.7660E-04  2.5262E-04  1.7272E-04
       2.0897E-04  2.7233E-04  2.9779E-04  3.4800E-04  3.6791E-04  3.5104E-04  3.3751E-04  3.1776E-04  2.6270E-04  1.8871E-04
       1.9734E-04  2.7760E-04  3.2195E-04  3.6085E-04  3.9260E-04  3.9481E-04  3.7416E-04  3.2635E-04  2.8905E-04  1.9930E-04
       1.9935E-04  2.9057E-04  3.4728E-04  3.7725E-04  4.1889E-04  3.7541E-04  3.7560E-04  3.4741E-04  2.9540E-04  2.0012E-04
       2.0824E-04  2.7059E-04  3.4141E-04  3.7915E-04  4.1057E-04  3.6154E-04  3.7788E-04  3.4534E-04  2.8311E-04  1.9751E-04
       2.0206E-04  2.8575E-04  3.2871E-04  3.7520E-04  4.0801E-04  3.8042E-04  3.6284E-04  3.3124E-04  2.8889E-04  1.9573E-04
       2.0708E-04  2.6783E-04  3.1426E-04  3.5790E-04  3.7981E-04  3.7047E-04  3.4819E-04  3.2286E-04  2.7242E-04  2.0556E-04
       1.8918E-04  2.5747E-04  2.7806E-04  3.0410E-04  3.2211E-04  3.0713E-04  3.1431E-04  2.8138E-04  2.5550E-04  1.8556E-04
       1.4496E-04  1.9482E-04  2.1949E-04  2.4554E-04  2.4690E-04  2.4382E-04  2.4179E-04  2.1823E-04  1.9435E-04  1.3983E-04
       1.1053E-04  1.6002E-04  1.6955E-04  1.9052E-04  1.9072E-04  1.9557E-04  1.8862E-04  1.5979E-04  1.3846E-04  9.3610E-05
       1.4230E-04  1.8917E-04  2.2517E-04  2.3283E-04  2.7426E-04  2.6118E-04  2.4742E-04  2.1169E-04  2.0353E-04  1.3109E-04
       1.6135E-04  2.1321E-04  2.4807E-04  2.8160E-04  3.0151E-04  2.9518E-04  2.8239E-04  2.4755E-04  2.1827E-04  1.4581E-04
       1.6103E-04  2.2615E-04  2.6972E-04  3.0213E-04  3.3314E-04  3.2803E-04  3.0098E-04  2.7134E-04  2.2437E-04  1.6305E-04
       1.6260E-04  2.3432E-04  2.8810E-04  3.2393E-04  3.3320E-04  3.1820E-04  3.0433E-04  2.7306E-04  2.2373E-04  1.7832E-04
       1.6273E-04  2.2715E-04  2.8555E-04  3.1513E-04  3.2417E-04  3.0710E-04  3.0192E-04  2.8993E-04  2.3441E-04  1.5625E-04
       1.6365E-04  2.2408E-04  2.6974E-04  2.9927E-04  3.2319E-04  3.1683E-04  2.8048E-04  2.7008E-04  2.4600E-04  1.5801E-04
       1.6079E-04  2.0900E-04  2.6394E-04  2.7573E-04  2.9653E-04  3.0223E-04  2.7711E-04  2.6572E-04  2.2322E-04  1.5276E-04
       1.6010E-04  1.8507E-04  2.1456E-04  2.5145E-04  2.4858E-04  2.5756E-04  2.4359E-04  2.2675E-04  1.9306E-04  1.4286E-04
       1.0947E-04  1.4040E-04  1.6320E-04  1.8476E-04  1.8223E-04  1.8968E-04  1.8038E-04  1.7200E-04  1.4292E-04  1.0454E-04
       9.4449E-05  1.1063E-04  1.2261E-04  1.4134E-04  1.4337E-04  1.5423E-04  1.3048E-04  1.3949E-04  1.1701E-04  7.4392E-05
       1.0682E-04  1.5461E-04  1.7084E-04  1.8508E-04  1.9930E-04  2.1566E-04  1.9963E-04  1.5953E-04  1.4636E-04  1.0263E-04
       1.1923E-04  1.6765E-04  1.9444E-04  2.3198E-04  2.4134E-04  2.3901E-04  2.1621E-04  2.0330E-04  1.7399E-04  1.0867E-04
       1.2244E-04  1.7338E-04  2.1036E-04  2.4093E-04  2.5362E-04  2.5743E-04  2.3817E-04  2.0887E-04  1.8132E-04  1.2985E-04
       1.3333E-04  1.8022E-04  2.0845E-04  2.4766E-04  2.5469E-04  2.5659E-04  2.4807E-04  2.1991E-04  1.8418E-04  1.2253E-04
       1.1664E-04  1.7614E-04  2.3746E-04  2.6040E-04  2.5072E-04  2.5126E-04  2.4375E-04  2.2939E-04  1.8854E-04  1.2614E-04
       1.2010E-04  1.7772E-04  2.1672E-04  2.2741E-04  2.5725E-04  2.5502E-04  2.2673E-04  2.0347E-04  1.8919E-04  1.1963E-04
       1.2872E-04  1.6683E-04  2.0384E-04  2.1401E-04  2.3149E-04  2.3020E-04  2.0354E-04  2.0799E-04  1.6256E-04  1.2557E-04
       1.1604E-04  1.4833E-04  1.6882E-04  1.9776E-04  2.1629E-04  2.0782E-04  1.9403E-04  1.8565E-04  1.5162E-04  1.0128E-04
       8.7584E-05  1.0911E-04  1.2130E-04  1.3243E-04  1.4940E-04  1.5996E-04  1.3921E-04  1.2942E-04  1.1577E-04  8.2940E-05
       6.8009E-05  8.9410E-05  9.1512E-05  1.0495E-04  1.2089E-04  1.1506E-04  1.0232E-04  9.8069E-05  8.6458E-05  5.5176E-05
       7.9011E-05  1.1370E-04  1.2671E-04  1.5326E-04  1.4432E-04  1.6999E-04  1.5594E-04  1.3948E-04  1.1865E-04  7.0657E-05
       8.8238E-05  1.2039E-04  1.5089E-04  1.8725E-04  1.8849E-04  1.8408E-04  1.7854E-04  1.5431E-04  1.3037E-04  8.6523E-05
       9.3370E-05  1.4172E-04  1.6713E-04  2.0142E-04  1.9183E-04  1.9180E-04  1.8182E-04  1.6580E-04  1.4687E-04  9.7245E-05
       9.4304E-05  1.4298E-04  1.7377E-04  1.9148E-04  1.9163E-04  1.9814E-04  2.0657E-04  1.7694E-04  1.5773E-04  1.0006E-04
       9.3177E-05  1.4294E-04  1.7184E-04  1.9713E-04  2.0433E-04  2.0334E-04  2.0884E-04  1.8930E-04  1.5325E-04  1.0376E-04
       9.0377E-05  1.3261E-04  1.7402E-04  1.8437E-04  2.1103E-04  2.1275E-04  1.7976E-04  1.7677E-04  1.4538E-04  9.9492E-05
       1.0652E-04  1.3506E-04  1.6266E-04  1.7982E-04  1.8445E-04  1.7813E-04  1.6463E-04  1.5302E-04  1.3411E-04  9.0884E-05
       8.4773E-05  1.1925E-04  1.3261E-04  1.3887E-04  1.7146E-04  1.7040E-04  1.5779E-04  1.4316E-04  1.2002E-04  7.5819E-05
       6.1024E-05  8.5305E-05  8.9284E-05  1.0037E-04  1.2237E-04  1.3326E-04  1.0676E-04  9.5229E-05  8.6161E-05  5.8011E-05
       4.3361E-05  6.9250E-05  6.3393E-05  8.3077E-05  9.0264E-05  9.6781E-05  8.7141E-05  7.2723E-05  6.9633E-05  4.6152E-05
       6.4369E-05  9.1810E-05  1.0152E-04  1.1885E-04  1.1298E-04  1.3156E-04  1.2443E-04  9.8344E-05  8.4526E-05  5.8481E-05
       6.8357E-05  9.2118E-05  1.1374E-04  1.4726E-04  1.4550E-04  1.4750E-04  1.4593E-04  1.2297E-04  1.0122E-04  6.4434E-05
       7.6473E-05  1.0367E-04  1.2519E-04  1.4026E-04  1.5682E-04  1.4997E-04  1.5746E-04  1.3533E-04  1.1308E-04  6.6600E-05
       7.3842E-05  1.1253E-04  1.4549E-04  1.5263E-04  1.6689E-04  1.5749E-04  1.5495E-04  1.4081E-04  1.2037E-04  7.8871E-05
       7.9817E-05  1.0750E-04  1.3287E-04  1.4785E-04  1.6122E-04  1.5567E-04  1.6457E-04  1.4421E-04  1.1450E-04  7.2397E-05
       8.2233E-05  1.0358E-04  1.4288E-04  1.4935E-04  1.5371E-04  1.6519E-04  1.5098E-04  1.3584E-04  1.1374E-04  7.2230E-05
       7.9929E-05  1.0560E-04  1.2137E-04  1.2896E-04  1.4286E-04  1.4639E-04  1.2676E-04  1.2103E-04  1.0162E-04  7.5531E-05
       7.0529E-05  8.9388E-05  1.0272E-04  1.0812E-04  1.2670E-04  1.3375E-04  1.2547E-04  1.0545E-04  9.3122E-05  6.2482E-05
       4.5741E-05  6.3510E-05  7.6421E-05  8.1303E-05  1.0189E-04  1.0110E-04  8.6854E-05  6.5031E-05  6.9262E-05  5.1218E-05
       3.9109E-05  4.6017E-05  5.5765E-05  6.0192E-05  7.1598E-05  7.6483E-05  7.3028E-05  6.2496E-05  5.1175E-05  3.6866E-05
       5.0898E-05  6.4403E-05  7.5794E-05  8.9987E-05  9.2929E-05  9.8467E-05  1.0091E-04  7.9428E-05  6.6808E-05  4.4369E-05
       5.7651E-05  7.3621E-05  8.6027E-05  1.1794E-04  1.1693E-04  1.0976E-04  1.1446E-04  9.4310E-05  7.5573E-05  4.8616E-05
       6.3375E-05  8.1585E-05  1.0178E-04  1.1336E-04  1.2901E-04  1.2037E-04  1.2146E-04  1.0545E-04  8.6886E-05  6.0493E-05
       6.7055E-05  9.6148E-05  1.1037E-04  1.3145E-04  1.3657E-04  1.1474E-04  1.1165E-04  1.0892E-04  8.8064E-05  6.0546E-05
       6.1266E-05  8.5916E-05  1.0348E-04  1.2398E-04  1.3580E-04  1.2508E-04  1.2141E-04  1.1116E-04  9.0139E-05  5.8449E-05
       5.9991E-05  8.2713E-05  1.0447E-04  1.1192E-04  1.2255E-04  1.3124E-04  1.2031E-04  1.0191E-04  8.0846E-05  5.9774E-05
       5.9455E-05  8.3611E-05  9.9459E-05  1.0508E-04  1.0984E-04  1.0719E-04  1.0275E-04  9.4388E-05  8.0021E-05  6.5257E-05
       5.3695E-05  6.7801E-05  8.2955E-05  8.6252E-05  9.6361E-05  1.0090E-04  9.3426E-05  8.2012E-05  6.8791E-05  5.0211E-05
       3.9321E-05  5.1556E-05  6.1278E-05  6.3067E-05  7.6989E-05  7.4597E-05  6.4125E-05  4.9951E-05  4.8120E-05  4.1217E-05
       2.6701E-05  3.7313E-05  4.6058E-05  4.2568E-05  5.0012E-05  5.3271E-05  4.9903E-05  4.5420E-05  3.8859E-05  2.4193E-05
       3.6926E-05  4.4435E-05  5.7146E-05  6.7006E-05  7.3507E-05  6.8032E-05  6.3136E-05  6.4545E-05  5.3879E-05  3.3602E-05
       4.1594E-05  5.9300E-05  7.2082E-05  8.4446E-05  8.7573E-05  8.3178E-05  8.2552E-05  6.6070E-05  5.8539E-05  3.9521E-05
       5.4401E-05  6.4631E-05  6.9684E-05  9.2048E-05  9.3612E-05  8.8647E-05  8.6659E-05  7.5284E-05  7.0093E-05  4.0098E-05
       5.1552E-05  6.3489E-05  7.2769E-05  9.3428E-05  1.0059E-04  9.2565E-05  7.8953E-05  7.7096E-05  6.9941E-05  4.0079E-05
       4.6054E-05  5.9314E-05  7.6283E-05  9.4053E-05  9.3870E-05  9.4625E-05  8.1108E-05  7.6331E-05  5.8793E-05  3.9072E-05
       4.9539E-05  6.8538E-05  8.2618E-05  8.4463E-05  9.3607E-05  9.5596E-05  8.9323E-05  8.1347E-05  6.3722E-05  3.6645E-05
       4.1410E-05  6.1025E-05  7.4480E-05  8.8409E-05  8.1659E-05  8.2300E-05  7.6234E-05  7.0493E-05  5.7899E-05  4.3890E-05
       3.2436E-05  6.0079E-05  5.8278E-05  6.3346E-05  8.0089E-05  7.5660E-05  6.4301E-05  5.5528E-05  5.8145E-05  4.3087E-05
       2.9031E-05  4.2146E-05  4.6282E-05  4.0240E-05  4.7506E-05  5.8880E-05  5.4966E-05  4.4244E-05  4.1070E-05  2.2269E-05
       2.0669E-05  2.5200E-05  3.4157E-05  3.0537E-05  3.5844E-05  3.6410E-05  4.4263E-05  3.7738E-05  3.0775E-05  1.9375E-05
       2.8923E-05  3.7315E-05  4.0589E-05  4.9351E-05  5.1950E-05  4.9317E-05  4.8961E-05  4.7395E-05  4.0386E-05  2.5655E-05
       3.0766E-05  4.3601E-05  5.3552E-05  5.2580E-05  5.9624E-05  6.0356E-05  5.0998E-05  4.4914E-05  4.4697E-05  3.1035E-05
       4.0276E-05  4.7004E-05  4.9114E-05  6.3705E-05  6.0341E-05  6.0893E-05  5.8212E-05  5.0075E-05  5.0067E-05  3.1296E-05
       3.7359E-05  4.4432E-05  5.4202E-05  6.2084E-05  6.2017E-05  5.9833E-05  5.5007E-05  5.8426E-05  4.4551E-05  3.0584E-05
       3.7630E-05  4.3321E-05  4.6335E-05  6.2464E-05  6.3696E-05  6.4853E-05  5.9260E-05  6.0891E-05  4.1134E-05  2.5556E-05
       4.0247E-05  4.8948E-05  4.9858E-05  5.6444E-05  5.5497E-05  6.5401E-05  6.1532E-05  5.3140E-05  4.4573E-05  2.6387E-05
       3.0716E-05  4.2128E-05  5.1367E-05  4.6154E-05  5.6484E-05  5.7313E-05  5.4323E-05  5.3890E-05  4.2048E-05  2.3277E-05
       2.7280E-05  3.8819E-05  4.7305E-05  4.4631E-05  5.3962E-05  5.4057E-05  4.7056E-05  4.0617E-05  4.4187E-05  2.5658E-05
       2.4428E-05  3.1973E-05  3.8178E-05  3.5080E-05  4.2650E-05  3.6934E-05  3.8104E-05  3.5417E-05  3.4676E-05  1.9575E-05

      Percentage errors follow in a matrix A(ix,iy,iz), format (1(5x,1p,10(1x,e11.4)))

       3.9426E+00  4.3545E+00  3.3236E+00  2.5287E+00  2.8803E+00  2.8529E+00  2.7899E+00  3.4243E+00  3.9654E+00  2.7525E+00
       3.6930E+00  4.2412E+00  3.1336E+00  2.6796E+00  1.5264E+00  2.2823E+00  2.4715E+00  3.2761E+00  2.7132E+00  3.0281E+00
       3.2701E+00  2.8733E+00  3.5090E+00  2.4881E+00  2.9430E+00  3.0735E+00  2.1710E+00  2.9599E+00  2.9909E+00  4.2259E+00
       3.6467E+00  3.7881E+00  3.5092E+00  2.4633E+00  3.1047E+00  2.7424E+00  1.8601E+00  2.7960E+00  2.8796E+00  3.8660E+00
       3.7258E+00  3.0569E+00  3.2141E+00  2.4764E+00  2.8275E+00  2.9538E+00  2.7658E+00  2.5829E+00  3.3616E+00  3.0507E+00
       3.3133E+00  3.3324E+00  3.3775E+00  2.8998E+00  2.7080E+00  2.3624E+00  2.6692E+00  3.0592E+00  3.0485E+00  3.0787E+00
       3.5318E+00  2.8602E+00  2.8866E+00  1.9205E+00  1.7560E+00  2.7751E+00  2.1220E+00  2.8510E+00  3.1351E+00  3.3752E+00
       3.2075E+00  2.6472E+00  3.0987E+00  3.2369E+00  1.7947E+00  2.3421E+00  3.0340E+00  2.4557E+00  3.1339E+00  3.2469E+00
       3.2027E+00  2.9345E+00  3.0985E+00  2.9304E+00  2.5242E+00  2.5271E+00  2.9086E+00  2.8136E+00  2.9309E+00  3.7971E+00
       2.3751E+00  2.8053E+00  3.1028E+00  2.2877E+00  3.2136E+00  2.5307E+00  2.9711E+00  2.2508E+00  3.5329E+00  3.6844E+00
       4.6353E+00  4.6853E+00  2.4003E+00  2.8036E+00  3.5029E+00  3.9003E+00  2.6619E+00  2.8273E+00  4.6838E+00  4.5897E+00
       3.8040E+00  4.4702E+00  2.4726E+00  3.3187E+00  2.4642E+00  2.8696E+00  3.3757E+00  3.8147E+00  2.9618E+00  4.3603E+00
       2.9876E+00  2.6120E+00  2.8296E+00  3.5704E+00  3.8194E+00  2.8963E+00  2.8927E+00  2.4905E+00  3.6878E+00  3.8515E+00
       4.3362E+00  3.8264E+00  2.6122E+00  2.3650E+00  2.7051E+00  1.9776E+00  2.9348E+00  2.8151E+00  3.2248E+00  3.2403E+00
       4.2147E+00  3.2323E+00  3.7303E+00  2.3895E+00  2.1217E+00  3.1104E+00  2.5249E+00  3.4227E+00  4.5183E+00  2.9832E+00
       2.4614E+00  3.4021E+00  2.8417E+00  3.2527E+00  3.3388E+00  2.6559E+00  3.0338E+00  2.3671E+00  2.9765E+00  3.3114E+00
       4.8509E+00  3.3271E+00  2.9910E+00  2.2589E+00  3.0330E+00  3.8146E+00  2.4586E+00  3.2773E+00  3.5667E+00  4.0397E+00
       3.5558E+00  2.8250E+00  2.9737E+00  2.5945E+00  1.9240E+00  2.6489E+00  3.2062E+00  3.6222E+00  3.3382E+00  5.1608E+00
       2.9818E+00  3.1436E+00  4.3830E+00  3.5126E+00  2.8655E+00  2.7631E+00  3.1601E+00  2.9840E+00  3.3269E+00  3.5619E+00
       3.7356E+00  3.9180E+00  3.8304E+00  2.9064E+00  3.2627E+00  2.5354E+00  3.5865E+00  2.8872E+00  4.3985E+00  3.9509E+00
       5.1855E+00  4.9315E+00  5.1587E+00  3.6252E+00  3.9167E+00  4.0366E+00  2.9279E+00  3.2219E+00  4.2485E+00  4.1958E+00
       4.2535E+00  4.5904E+00  3.5909E+00  3.4996E+00  3.8661E+00  2.3599E+00  3.2992E+00  4.0785E+00  3.7382E+00  6.0157E+00
       3.9895E+00  3.1253E+00  3.2296E+00  2.4679E+00  3.1681E+00  2.4045E+00  3.4927E+00  2.4645E+00  3.8885E+00  5.3829E+00
       4.0617E+00  3.6746E+00  3.2799E+00  3.1036E+00  3.4243E+00  3.6002E+00  2.2024E+00  2.9429E+00  3.8063E+00  3.9773E+00
       4.1365E+00  3.9609E+00  2.9451E+00  2.2914E+00  1.9286E+00  2.7496E+00  1.8639E+00  3.7772E+00  4.0387E+00  3.9864E+00
       4.0956E+00  4.1344E+00  3.7969E+00  3.7056E+00  2.3760E+00  3.0771E+00  3.7127E+00  3.4073E+00  3.8610E+00  4.4743E+00
       6.2300E+00  4.1769E+00  2.6806E+00  3.1634E+00  3.2791E+00  4.1935E+00  3.7790E+00  2.7810E+00  3.5708E+00  3.8397E+00
       4.2532E+00  2.5314E+00  3.6126E+00  1.8613E+00  2.4471E+00  3.7112E+00  3.3530E+00  2.8343E+00  5.0670E+00  5.7549E+00
       3.8733E+00  3.5489E+00  3.2185E+00  3.0244E+00  2.4703E+00  3.4154E+00  3.8262E+00  3.6306E+00  4.0736E+00  3.5965E+00
       3.7304E+00  2.9226E+00  3.8634E+00  3.7782E+00  3.4214E+00  3.8947E+00  3.8350E+00  4.3268E+00  4.5960E+00  5.4933E+00
       6.0314E+00  3.8694E+00  4.6250E+00  3.2897E+00  5.3309E+00  4.9222E+00  3.7344E+00  5.0649E+00  4.1950E+00  5.9316E+00
       5.4138E+00  3.6531E+00  3.6339E+00  3.8508E+00  3.7030E+00  4.3952E+00  3.9757E+00  4.6249E+00  4.7439E+00  6.1419E+00
       5.7016E+00  5.2899E+00  3.8429E+00  3.9587E+00  3.3420E+00  2.4851E+00  3.2786E+00  3.7662E+00  4.6467E+00  5.7566E+00
       4.8962E+00  4.4691E+00  4.0165E+00  2.7004E+00  2.8967E+00  3.4306E+00  3.1755E+00  3.5560E+00  3.5566E+00  3.2811E+00
       4.5295E+00  4.1651E+00  4.5271E+00  2.8943E+00  3.1097E+00  3.9803E+00  3.4342E+00  2.8218E+00  4.1181E+00  4.3718E+00
       4.8229E+00  3.8369E+00  3.5938E+00  4.1848E+00  3.9166E+00  3.7405E+00  3.5257E+00  3.2133E+00  3.5872E+00  4.6552E+00
       5.0993E+00  4.7871E+00  3.2180E+00  3.8680E+00  3.1720E+00  4.2159E+00  3.0669E+00  3.3319E+00  3.2434E+00  5.3649E+00
       4.3582E+00  3.8663E+00  4.4825E+00  4.2741E+00  3.4050E+00  2.9483E+00  3.3105E+00  3.2615E+00  5.8613E+00  2.9934E+00
       5.0367E+00  3.0232E+00  3.7408E+00  3.6471E+00  3.9446E+00  3.9462E+00  4.3462E+00  3.5879E+00  4.8131E+00  5.9078E+00
       4.9469E+00  4.4232E+00  3.5107E+00  3.5937E+00  4.0736E+00  4.7878E+00  4.2797E+00  4.2627E+00  5.6930E+00  5.4920E+00
       6.8035E+00  5.3334E+00  5.9416E+00  4.2733E+00  5.4556E+00  4.6312E+00  4.4900E+00  4.7517E+00  4.8886E+00  8.3893E+00
       6.6123E+00  5.2941E+00  5.1190E+00  4.5087E+00  4.6972E+00  4.2204E+00  4.3988E+00  4.2843E+00  4.2115E+00  6.7288E+00
       5.8196E+00  5.9871E+00  4.6897E+00  4.5950E+00  3.2927E+00  3.1376E+00  3.7215E+00  3.2037E+00  5.1945E+00  6.1549E+00
       5.1013E+00  4.9524E+00  3.8807E+00  3.1174E+00  2.9548E+00  3.6118E+00  3.0875E+00  3.2513E+00  4.4953E+00  5.0598E+00
       4.0165E+00  3.8702E+00  4.9662E+00  4.4372E+00  3.5632E+00  3.7905E+00  3.1706E+00  2.9165E+00  3.4902E+00  5.4649E+00
       4.2682E+00  4.8324E+00  3.7872E+00  4.6195E+00  3.7973E+00  3.7890E+00  3.3135E+00  4.7562E+00  3.9396E+00  4.7909E+00
       4.0815E+00  3.8069E+00  4.2075E+00  4.8380E+00  2.7935E+00  3.4261E+00  3.0700E+00  3.8700E+00  5.1716E+00  4.6856E+00
       5.0362E+00  5.1211E+00  3.9488E+00  3.5974E+00  4.1072E+00  3.9443E+00  4.0797E+00  4.6673E+00  5.2542E+00  4.8423E+00
       5.7141E+00  3.6105E+00  4.5108E+00  3.5122E+00  5.4644E+00  3.9041E+00  3.4658E+00  4.0323E+00  5.5520E+00  6.2581E+00
       7.3000E+00  3.9479E+00  4.2221E+00  4.0188E+00  4.1991E+00  4.2395E+00  5.7816E+00  4.2131E+00  6.1096E+00  6.4454E+00
       9.0393E+00  6.5486E+00  5.6582E+00  5.8575E+00  5.9221E+00  5.7007E+00  6.1146E+00  5.6759E+00  5.8227E+00  6.7121E+00
       6.7155E+00  5.9795E+00  5.6645E+00  5.6297E+00  5.5527E+00  4.0506E+00  4.6994E+00  3.3405E+00  5.7241E+00  7.1721E+00
       7.3167E+00  5.8724E+00  4.7406E+00  5.1896E+00  4.1224E+00  4.0951E+00  3.8920E+00  4.0114E+00  4.9318E+00  5.1106E+00
       5.8621E+00  4.7920E+00  4.5493E+00  3.3124E+00  4.3788E+00  4.1085E+00  4.0717E+00  4.6626E+00  5.3972E+00  5.7280E+00
       5.1981E+00  5.0433E+00  4.0764E+00  4.0425E+00  2.7747E+00  4.5634E+00  3.5257E+00  3.3792E+00  6.1692E+00  5.1238E+00
       6.1980E+00  4.6941E+00  4.7851E+00  4.5495E+00  2.8815E+00  4.1039E+00  4.3028E+00  4.2182E+00  4.1818E+00  7.3688E+00
       4.8320E+00  4.3416E+00  5.7848E+00  5.5361E+00  3.7208E+00  4.8335E+00  5.0391E+00  4.9365E+00  4.8681E+00  5.5802E+00
       5.9157E+00  4.6107E+00  3.7223E+00  5.8892E+00  4.6669E+00  4.7672E+00  4.6774E+00  4.4455E+00  5.0222E+00  5.8918E+00
       7.0006E+00  4.7496E+00  4.9218E+00  2.8888E+00  5.7385E+00  4.1741E+00  3.0098E+00  5.1254E+00  6.9314E+00  3.2300E+00
       7.0437E+00  4.4442E+00  5.4586E+00  5.4777E+00  4.8257E+00  4.5582E+00  4.0908E+00  4.2646E+00  5.8835E+00  6.4038E+00
       1.0344E+01  4.8566E+00  6.0423E+00  5.8777E+00  6.7113E+00  5.4033E+00  5.9763E+00  5.8152E+00  5.1609E+00  9.6936E+00
       9.2310E+00  8.4922E+00  6.4924E+00  6.1613E+00  7.2118E+00  4.3211E+00  5.5745E+00  6.5490E+00  4.5722E+00  7.0071E+00
       8.4466E+00  6.5491E+00  5.5151E+00  5.1367E+00  4.5045E+00  4.5915E+00  4.0430E+00  5.1380E+00  4.6542E+00  7.6872E+00
       6.3953E+00  5.7966E+00  5.2921E+00  5.1052E+00  5.7025E+00  3.5489E+00  6.2552E+00  6.3717E+00  5.8802E+00  6.8726E+00
       7.3105E+00  5.6533E+00  6.4093E+00  5.0958E+00  4.3452E+00  4.9313E+00  4.9806E+00  4.6305E+00  6.9598E+00  7.6302E+00
       4.7812E+00  4.8141E+00  5.4788E+00  4.1743E+00  3.0423E+00  4.3994E+00  5.5494E+00  4.9704E+00  4.9485E+00  7.5090E+00
       6.2766E+00  4.4860E+00  5.6462E+00  4.6479E+00  4.6256E+00  4.6156E+00  3.8838E+00  7.1690E+00  5.6463E+00  7.1193E+00
       7.2992E+00  7.1407E+00  5.2058E+00  6.4170E+00  4.4387E+00  3.0840E+00  5.0190E+00  5.3253E+00  5.5167E+00  5.5383E+00
       8.1507E+00  6.6892E+00  5.0994E+00  5.1904E+00  4.9791E+00  4.5979E+00  6.4537E+00  4.8918E+00  6.1394E+00  5.3772E+00
       6.7454E+00  6.9584E+00  6.6207E+00  6.5347E+00  6.1017E+00  5.1069E+00  6.3796E+00  5.4316E+00  7.4429E+00  6.4018E+00
       9.2144E+00  5.4900E+00  7.5670E+00  5.2020E+00  5.0728E+00  5.4192E+00  6.3951E+00  5.7949E+00  8.9490E+00  8.8249E+00
       8.4402E+00  9.7939E+00  9.9736E+00  4.9034E+00  6.5039E+00  6.0213E+00  4.9444E+00  5.1218E+00  6.5173E+00  6.9222E+00
       8.0692E+00  7.3145E+00  8.2069E+00  4.5477E+00  5.3746E+00  3.7578E+00  7.1978E+00  7.6292E+00  6.2419E+00  8.3379E+00
       5.0147E+00  5.5877E+00  5.7082E+00  6.0752E+00  6.0401E+00  5.6963E+00  7.7084E+00  6.1088E+00  6.2086E+00  9.1516E+00
       6.3445E+00  7.2730E+00  5.8748E+00  5.7886E+00  5.4422E+00  5.0519E+00  5.4339E+00  4.9950E+00  6.5452E+00  6.7553E+00
       6.5899E+00  7.0718E+00  5.7238E+00  7.3997E+00  6.2922E+00  6.3313E+00  6.3103E+00  6.2064E+00  5.7227E+00  6.7017E+00
       7.5793E+00  7.0776E+00  6.0410E+00  5.3858E+00  4.4579E+00  4.9935E+00  4.8421E+00  5.4558E+00  6.3701E+00  6.4833E+00
       9.7545E+00  7.0891E+00  6.6852E+00  4.3796E+00  5.5701E+00  5.5630E+00  5.6822E+00  6.8960E+00  6.8702E+00  7.5922E+00
       6.2996E+00  5.6855E+00  5.9319E+00  5.7062E+00  6.0600E+00  5.6482E+00  6.9386E+00  7.1186E+00  5.1823E+00  6.4839E+00
       4.5041E+00  8.5106E+00  6.8244E+00  4.8246E+00  8.0220E+00  6.1587E+00  6.9249E+00  6.9047E+00  7.8870E+00  8.3675E+00
       1.1159E+01  7.7166E+00  9.3822E+00  7.0999E+00  6.8240E+00  6.0499E+00  5.3868E+00  9.1102E+00  8.8456E+00  1.1336E+01
       8.8174E+00  7.1819E+00  1.0160E+01  7.4229E+00  5.9524E+00  6.2450E+00  6.6234E+00  7.4064E+00  7.6865E+00  1.3654E+01
       1.0262E+01  9.8726E+00  7.0850E+00  7.1976E+00  7.7671E+00  6.5306E+00  8.4991E+00  7.2083E+00  7.7557E+00  1.1531E+01
       8.6258E+00  9.7631E+00  8.0819E+00  5.8734E+00  7.6629E+00  6.6793E+00  7.0968E+00  7.3609E+00  6.9576E+00  1.1490E+01
       7.7659E+00  6.6998E+00  9.2956E+00  5.8511E+00  6.1616E+00  6.7005E+00  5.2158E+00  6.5269E+00  9.4378E+00  6.2540E+00
       8.5075E+00  1.0596E+01  5.2282E+00  7.1724E+00  6.3273E+00  8.4725E+00  7.8705E+00  6.8461E+00  6.5216E+00  6.2454E+00
       9.0599E+00  8.7167E+00  6.6165E+00  4.9905E+00  6.0869E+00  6.1011E+00  6.2667E+00  7.0792E+00  5.0897E+00  8.7227E+00
       1.0015E+01  6.1577E+00  7.6950E+00  6.0418E+00  7.4510E+00  5.9956E+00  7.4721E+00  5.7088E+00  8.1305E+00  8.2396E+00
       7.0419E+00  7.8008E+00  8.8104E+00  7.4643E+00  5.7209E+00  6.1985E+00  7.3711E+00  8.0907E+00  8.9632E+00  1.1973E+01
       9.6903E+00  7.5550E+00  7.9519E+00  6.2682E+00  7.9671E+00  7.8255E+00  8.4267E+00  7.8752E+00  9.3881E+00  9.8275E+00
       1.3932E+01  7.4361E+00  9.9101E+00  9.0407E+00  8.2829E+00  1.2035E+01  7.0071E+00  9.6781E+00  1.1229E+01  7.7313E+00
       9.8447E+00  6.5679E+00  1.3247E+01  8.0212E+00  9.3999E+00  9.3016E+00  8.7829E+00  7.8364E+00  9.0257E+00  1.0518E+01
       1.0606E+01  8.5411E+00  7.5211E+00  7.8299E+00  8.6765E+00  6.0058E+00  8.1601E+00  7.6398E+00  7.2247E+00  9.8821E+00
       9.1399E+00  9.9096E+00  6.7085E+00  9.1897E+00  7.3970E+00  6.1788E+00  8.4117E+00  6.8093E+00  5.5577E+00  9.1507E+00
       9.3734E+00  7.5368E+00  5.2787E+00  6.6485E+00  8.8900E+00  6.8011E+00  6.4117E+00  7.8051E+00  6.4310E+00  9.1060E+00
       8.6468E+00  9.3345E+00  1.1016E+01  7.9735E+00  5.4778E+00  8.9460E+00  7.9357E+00  7.1070E+00  9.0506E+00  9.8580E+00
       1.1161E+01  8.8649E+00  8.0123E+00  8.3581E+00  8.9734E+00  7.4241E+00  6.7501E+00  8.9758E+00  9.3690E+00  8.1666E+00
       1.1899E+01  7.0324E+00  6.0391E+00  9.9717E+00  9.3419E+00  7.2827E+00  7.1531E+00  9.1573E+00  1.1141E+01  1.0770E+01
       9.0781E+00  8.4079E+00  8.6476E+00  5.9766E+00  8.5688E+00  6.7275E+00  7.1079E+00  8.1178E+00  8.1879E+00  7.6109E+00
       8.9494E+00  6.4930E+00  1.1051E+01  7.3839E+00  8.8070E+00  1.1403E+01  1.0893E+01  8.6276E+00  9.6498E+00  1.1512E+01
