1
   Cartesian binning n.   1  "DoseEq    " , generalized particle n.  240
      X coordinate: from -8.5000E+01 to  8.5000E+01 cm,    10 bins ( 1.7000E+01 cm wide)
      Y coordinate: from -2.5000E+01 to  2.5000E+01 cm,    10 bins ( 5.0000E+00 cm wide)
      Z coordinate: from  2.2500E+02 to  2.7500E+02 cm,    10 bins ( 5.0000E+00 cm wide)
      Data follow in a matrix A(ix,iy,iz), format (1(5x,1p,10(1x,e11.4)))

      accurate deposition along the tracks requested
      this is a track-length binning
       2.5563E-04  3.1206E-04  3.6284E-04  3.7991E-04  3.9203E-04  3.9002E-04  3.8562E-04  3.5732E-04  3.2297E-04  2.6508E-04
       2.9672E-04  3.4842E-04  4.1591E-04  4.6266E-04  4.8107E-04  4.7349E-04  4.6118E-04  4.0213E-04  3.8184E-04  3.1023E-04
       3.0730E-04  3.8116E-04  4.4556E-04  4.9635E-04  5.1366E-04  5.2318E-04  4.6993E-04  4.3107E-04  3.8119E-04  3.0123E-04
       3.3763E-04  3.9952E-04  4.5413E-04  5.0055E-04  5.2155E-04  5.2767E-04  4.7014E-04  4.4675E-04  4.1211E-04  3.0168E-04
       3.1590E-04  3.9597E-04  4.6152E-04  4.9763E-04  5.3485E-04  5.5083E-04  4.9460E-04  4.4221E-04  3.9895E-04  3.2499E-04
       3.1934E-04  4.0077E-04  4.5337E-04  4.8412E-04  5.2195E-04  5.2752E-04  4.7676E-04  4.5998E-04  4.0934E-04  3.3383E-04
       3.0807E-04  4.1840E-04  4.4082E-04  4.8911E-04  5.3731E-04  5.1577E-04  4.6557E-04  4.3745E-04  3.9804E-04  3.3275E-04
       3.2130E-04  3.8764E-04  4.6773E-04  4.7456E-04  4.9077E-04  4.9526E-04  4.7953E-04  4.3014E-04  3.9285E-04  3.0007E-04
       3.0625E-04  3.5954E-04  3.9995E-04  4.4203E-04  4.6109E-04  4.8012E-04  4.5157E-04  3.9658E-04  3.5885E-04  2.6623E-04
       2.4829E-04  3.0844E-04  3.5710E-04  3.9718E-04  3.9910E-04  3.9757E-04  3.9131E-04  3.4326E-04  3.1332E-04  2.5226E-04
       2.0040E-04  2.4581E-04  2.8902E-04  3.2443E-04  3.2688E-04  3.3488E-04  3.1975E-04  2.9501E-04  2.4615E-04  2.0908E-04
       2.5416E-04  3.1254E-04  3.8400E-04  4.0131E-04  4.3638E-04  4.1253E-04  4.0501E-04  3.6145E-04  3.2254E-04  2.4286E-04
       2.6178E-04  3.5970E-04  4.0565E-04  4.5804E-04  4.8872E-04  4.7068E-04  4.4502E-04  3.8936E-04  3.4256E-04  2.6260E-04
       2.8207E-04  3.7776E-04  4.2469E-04  4.7674E-04  4.9714E-04  4.8983E-04  4.4215E-04  4.0624E-04  3.7260E-04  2.6436E-04
       2.7222E-04  3.8154E-04  4.1986E-04  4.6308E-04  5.0095E-04  5.0142E-04  4.3342E-04  4.1810E-04  3.6844E-04  2.9850E-04
       2.6488E-04  3.6346E-04  4.3744E-04  4.5532E-04  4.9431E-04  4.9047E-04  4.2878E-04  4.1878E-04  3.6584E-04  2.8617E-04
       2.6132E-04  3.7158E-04  4.1157E-04  4.5409E-04  4.9199E-04  4.9904E-04  4.4823E-04  3.8684E-04  3.6477E-04  2.8906E-04
       2.8225E-04  3.5127E-04  4.2286E-04  4.3285E-04  4.7925E-04  4.5503E-04  4.4689E-04  3.8529E-04  3.7075E-04  2.6570E-04
       2.4846E-04  3.1247E-04  3.5640E-04  3.8494E-04  4.1172E-04  4.3331E-04  4.0694E-04  3.5398E-04  3.1855E-04  2.2840E-04
       2.0467E-04  2.6413E-04  3.0548E-04  3.2987E-04  3.3226E-04  3.3060E-04  3.4238E-04  2.7873E-04  2.5208E-04  1.9499E-04
       1.5030E-04  1.8784E-04  2.3368E-04  2.6059E-04  2.5291E-04  2.5799E-04  2.6745E-04  2.3973E-04  1.9200E-04  1.6115E-04
       1.9387E-04  2.5189E-04  3.1261E-04  3.3251E-04  3.6582E-04  3.2493E-04  3.3828E-04  2.8908E-04  2.4730E-04  1.8152E-04
       2.1672E-04  3.0116E-04  3.4536E-04  3.7322E-04  3.9236E-04  3.7896E-04  3.7412E-04  3.2472E-04  2.7508E-04  1.9730E-04
       2.2687E-04  3.1499E-04  3.5263E-04  3.7723E-04  4.0466E-04  4.0049E-04  3.7019E-04  3.3850E-04  3.0487E-04  2.1499E-04
       2.3527E-04  3.2921E-04  3.6027E-04  3.7459E-04  4.0580E-04  4.4079E-04  3.6389E-04  3.5923E-04  3.1937E-04  2.3005E-04
       2.3608E-04  3.1042E-04  3.5730E-04  3.9062E-04  3.9867E-04  4.1080E-04  3.9668E-04  3.6603E-04  3.2206E-04  2.1783E-04
       2.1142E-04  3.1070E-04  3.6070E-04  3.8504E-04  4.1023E-04  4.0716E-04  3.8598E-04  3.4688E-04  3.1951E-04  2.1743E-04
       2.1531E-04  2.9630E-04  3.5335E-04  3.6757E-04  3.8600E-04  3.8772E-04  3.5537E-04  3.1653E-04  2.9309E-04  2.1976E-04
       1.7866E-04  2.6289E-04  2.9533E-04  3.2335E-04  3.4609E-04  3.4834E-04  3.2086E-04  2.8585E-04  2.5288E-04  1.8339E-04
       1.4958E-04  1.9343E-04  2.3929E-04  2.3994E-04  2.5216E-04  2.5657E-04  2.7466E-04  2.2453E-04  1.9675E-04  1.4925E-04
       1.2221E-04  1.5194E-04  1.7384E-04  1.8801E-04  2.1229E-04  1.9877E-04  2.0987E-04  1.7399E-04  1.5533E-04  1.1510E-04
       1.5350E-04  2.1559E-04  2.4392E-04  2.7449E-04  2.8945E-04  2.6471E-04  2.7990E-04  2.2187E-04  1.9674E-04  1.4916E-04
       1.6425E-04  2.5346E-04  2.7168E-04  3.0641E-04  3.1623E-04  3.0932E-04  3.0837E-04  2.6305E-04  2.1659E-04  1.6238E-04
       1.8339E-04  2.6367E-04  2.8295E-04  3.0720E-04  3.4275E-04  3.1823E-04  3.1231E-04  2.7037E-04  2.2310E-04  1.8441E-04
       1.8570E-04  2.6242E-04  2.9534E-04  3.3847E-04  3.3296E-04  3.5202E-04  3.0629E-04  2.9589E-04  2.4823E-04  1.7772E-04
       1.7351E-04  2.5799E-04  2.9098E-04  3.2775E-04  3.2928E-04  3.4513E-04  3.3279E-04  2.9472E-04  2.5985E-04  1.8104E-04
       1.8209E-04  2.6738E-04  2.7793E-04  3.0815E-04  3.1666E-04  3.3631E-04  3.1008E-04  2.8562E-04  2.3828E-04  1.7111E-04
       1.7985E-04  2.2817E-04  2.7311E-04  2.8746E-04  3.0404E-04  3.1720E-04  2.7490E-04  2.5987E-04  2.2468E-04  1.6700E-04
       1.4115E-04  2.0177E-04  2.4671E-04  2.6002E-04  2.6821E-04  2.7829E-04  2.5946E-04  2.2445E-04  2.1692E-04  1.5402E-04
       1.0369E-04  1.5893E-04  1.8374E-04  1.9781E-04  2.0490E-04  2.0159E-04  2.0591E-04  1.7342E-04  1.5287E-04  1.1177E-04
       8.5573E-05  1.2429E-04  1.3276E-04  1.5372E-04  1.5855E-04  1.5508E-04  1.5587E-04  1.3266E-04  1.1355E-04  9.5071E-05
       1.1542E-04  1.5620E-04  1.8093E-04  2.1391E-04  2.2946E-04  2.2431E-04  2.1693E-04  1.8451E-04  1.6325E-04  1.0945E-04
       1.2593E-04  1.9398E-04  2.2174E-04  2.3260E-04  2.6108E-04  2.4252E-04  2.4584E-04  2.1750E-04  1.7485E-04  1.0954E-04
       1.4246E-04  2.0157E-04  2.2233E-04  2.5790E-04  2.6144E-04  2.6869E-04  2.5688E-04  2.1498E-04  1.8711E-04  1.3331E-04
       1.4279E-04  2.1072E-04  2.3370E-04  2.6711E-04  2.7007E-04  2.7955E-04  2.5504E-04  2.2573E-04  1.8839E-04  1.4064E-04
       1.3725E-04  2.0556E-04  2.3972E-04  2.5376E-04  2.5915E-04  2.7214E-04  2.5836E-04  2.2920E-04  2.0760E-04  1.4554E-04
       1.4181E-04  2.0076E-04  2.3513E-04  2.4333E-04  2.4752E-04  2.6985E-04  2.5485E-04  2.1027E-04  2.0471E-04  1.3626E-04
       1.3813E-04  1.9226E-04  2.2785E-04  2.2348E-04  2.4354E-04  2.7270E-04  2.1733E-04  2.0551E-04  1.7136E-04  1.1622E-04
       1.2520E-04  1.5367E-04  1.9375E-04  2.0432E-04  2.2207E-04  2.2728E-04  2.1123E-04  1.8363E-04  1.6003E-04  1.1117E-04
       8.2178E-05  1.2161E-04  1.2456E-04  1.5225E-04  1.5864E-04  1.4714E-04  1.5220E-04  1.3513E-04  1.2424E-04  8.1556E-05
       6.7390E-05  9.7737E-05  1.0300E-04  1.2189E-04  1.2236E-04  1.1711E-04  1.1542E-04  1.0200E-04  9.2690E-05  6.7706E-05
       8.6891E-05  1.2103E-04  1.4215E-04  1.6481E-04  1.6405E-04  1.7451E-04  1.6515E-04  1.3856E-04  1.2406E-04  8.0378E-05
       8.9272E-05  1.4610E-04  1.6722E-04  1.9032E-04  1.9707E-04  1.9174E-04  1.9026E-04  1.6623E-04  1.4604E-04  9.3316E-05
       1.1985E-04  1.4613E-04  1.7450E-04  2.0302E-04  2.0508E-04  2.1179E-04  2.0703E-04  1.7425E-04  1.5769E-04  1.0083E-04
       1.1022E-04  1.5139E-04  1.8605E-04  2.0247E-04  1.9890E-04  2.2612E-04  1.9787E-04  1.8585E-04  1.5377E-04  1.0952E-04
       1.0742E-04  1.5714E-04  1.8229E-04  1.8502E-04  2.1142E-04  2.2560E-04  2.0748E-04  1.7967E-04  1.5628E-04  1.2299E-04
       1.0910E-04  1.5502E-04  1.8050E-04  1.9829E-04  2.1475E-04  2.2114E-04  2.0683E-04  1.6212E-04  1.4327E-04  1.0657E-04
       1.0589E-04  1.5848E-04  1.7540E-04  1.7756E-04  1.9060E-04  2.1243E-04  1.8242E-04  1.5019E-04  1.3094E-04  9.1148E-05
       9.2879E-05  1.2931E-04  1.5021E-04  1.6316E-04  1.7562E-04  1.9331E-04  1.5847E-04  1.4202E-04  1.1023E-04  9.6819E-05
       6.1621E-05  8.5779E-05  9.4713E-05  1.2572E-04  1.2586E-04  1.1605E-04  1.1912E-04  1.0883E-04  9.8924E-05  6.8675E-05
       5.2745E-05  6.8797E-05  7.8871E-05  9.0640E-05  1.0119E-04  9.4194E-05  9.2791E-05  7.1995E-05  6.7069E-05  4.6486E-05
       6.3925E-05  9.7930E-05  1.0064E-04  1.3490E-04  1.3379E-04  1.2833E-04  1.2323E-04  1.0868E-04  9.7638E-05  6.8409E-05
       7.2617E-05  1.1465E-04  1.4593E-04  1.4683E-04  1.6400E-04  1.4651E-04  1.3825E-04  1.1821E-04  1.0446E-04  7.4510E-05
       8.3172E-05  1.1784E-04  1.3363E-04  1.4992E-04  1.6104E-04  1.6461E-04  1.6094E-04  1.3822E-04  1.0311E-04  8.0254E-05
       8.2790E-05  1.0934E-04  1.4317E-04  1.4272E-04  1.7602E-04  1.7374E-04  1.5667E-04  1.4084E-04  1.2010E-04  8.4217E-05
       8.2500E-05  1.1739E-04  1.5078E-04  1.4808E-04  1.6691E-04  1.7140E-04  1.6694E-04  1.2958E-04  1.2516E-04  9.7615E-05
       9.2374E-05  1.1134E-04  1.3621E-04  1.4058E-04  1.5939E-04  1.8735E-04  1.6897E-04  1.2693E-04  1.1090E-04  8.7895E-05
       8.3616E-05  1.1436E-04  1.3769E-04  1.3271E-04  1.6059E-04  1.5355E-04  1.3406E-04  1.2591E-04  9.8981E-05  7.6846E-05
       7.0066E-05  9.7206E-05  1.0809E-04  1.2220E-04  1.4230E-04  1.4275E-04  1.1874E-04  1.1394E-04  8.9229E-05  7.3932E-05
       5.4268E-05  7.2391E-05  8.1196E-05  1.0082E-04  1.0528E-04  9.8509E-05  8.7477E-05  7.3416E-05  7.0877E-05  5.0521E-05
       3.3714E-05  5.0418E-05  6.0645E-05  6.6442E-05  7.4780E-05  7.3168E-05  7.0011E-05  5.5782E-05  5.0300E-05  3.5169E-05
       4.2948E-05  7.3784E-05  8.3221E-05  9.2324E-05  1.0246E-04  9.7215E-05  1.0019E-04  8.4710E-05  7.2234E-05  5.6690E-05
       5.5866E-05  9.6785E-05  1.0644E-04  1.1064E-04  1.2154E-04  1.1195E-04  1.0626E-04  9.9945E-05  8.5356E-05  5.5592E-05
       6.4849E-05  1.0156E-04  9.5924E-05  1.2340E-04  1.1875E-04  1.2310E-04  1.1954E-04  1.0198E-04  8.1580E-05  6.1809E-05
       6.8859E-05  9.2948E-05  1.1520E-04  1.2650E-04  1.2898E-04  1.3770E-04  1.1814E-04  1.1135E-04  8.7248E-05  6.4204E-05
       6.7889E-05  1.0360E-04  1.1623E-04  1.1956E-04  1.2740E-04  1.2554E-04  1.2882E-04  9.7870E-05  9.3298E-05  6.7550E-05
       6.5602E-05  9.2451E-05  1.0728E-04  1.1073E-04  1.2070E-04  1.3995E-04  1.2609E-04  9.9624E-05  8.4040E-05  6.8490E-05
       6.3236E-05  8.0658E-05  1.0745E-04  1.0456E-04  1.3025E-04  1.2174E-04  1.0670E-04  9.9410E-05  7.7174E-05  5.6775E-05
       5.4967E-05  5.5124E-05  8.0861E-05  9.6524E-05  1.0759E-04  1.0085E-04  1.0142E-04  9.3313E-05  6.9226E-05  5.0683E-05
       4.4769E-05  5.1009E-05  6.1130E-05  7.7974E-05  8.0375E-05  7.9427E-05  7.2194E-05  6.9357E-05  5.4247E-05  3.5192E-05
       2.6444E-05  4.4399E-05  4.5694E-05  5.3773E-05  5.3887E-05  5.6295E-05  5.0057E-05  4.3749E-05  3.5006E-05  2.9225E-05
       4.0305E-05  5.9418E-05  5.8529E-05  7.1214E-05  7.1739E-05  6.6116E-05  7.0298E-05  6.1806E-05  5.5965E-05  3.4694E-05
       4.4117E-05  7.4750E-05  7.8310E-05  8.1540E-05  8.1705E-05  8.2412E-05  7.6958E-05  8.0798E-05  6.3386E-05  3.6699E-05
       4.9525E-05  7.5429E-05  7.4895E-05  8.9741E-05  8.6065E-05  8.7380E-05  8.3535E-05  8.6610E-05  6.7546E-05  5.2343E-05
       5.3318E-05  7.9136E-05  8.8947E-05  9.6883E-05  1.0037E-04  9.8704E-05  8.8235E-05  8.3158E-05  6.5989E-05  5.0271E-05
       5.6094E-05  9.1058E-05  8.6907E-05  1.0016E-04  9.1475E-05  9.1471E-05  9.3669E-05  7.2509E-05  6.8967E-05  5.9427E-05
       5.0709E-05  6.9635E-05  8.1347E-05  8.9756E-05  9.2421E-05  1.0386E-04  8.8715E-05  7.3484E-05  6.5130E-05  5.6867E-05
       4.8979E-05  6.0841E-05  7.8173E-05  8.1130E-05  8.8413E-05  8.8349E-05  8.0707E-05  7.1131E-05  5.6715E-05  4.2457E-05
       4.0189E-05  5.1057E-05  5.9341E-05  7.1086E-05  7.1622E-05  8.5258E-05  7.6144E-05  6.8714E-05  5.5794E-05  4.1132E-05
       3.6729E-05  3.6222E-05  4.6598E-05  5.8744E-05  5.7604E-05  6.1791E-05  5.8775E-05  5.1697E-05  4.3708E-05  2.8954E-05
       2.1601E-05  3.6385E-05  3.4847E-05  3.9242E-05  3.5375E-05  4.1586E-05  3.9364E-05  3.2844E-05  3.1887E-05  2.5255E-05
       3.2574E-05  4.1402E-05  4.3171E-05  5.0184E-05  5.0602E-05  4.8388E-05  4.9251E-05  4.7780E-05  4.1042E-05  2.8393E-05
       3.8979E-05  5.0731E-05  4.9298E-05  5.5364E-05  5.7132E-05  5.9997E-05  6.0468E-05  5.1969E-05  5.1995E-05  3.1581E-05
       3.6112E-05  4.8529E-05  5.4692E-05  5.9418E-05  6.1388E-05  6.6360E-05  5.9968E-05  5.1217E-05  4.8630E-05  3.4626E-05
       3.9843E-05  5.4661E-05  6.2450E-05  6.8817E-05  7.0467E-05  6.1689E-05  6.5142E-05  5.1235E-05  4.2097E-05  3.6307E-05
       4.5772E-05  6.0235E-05  5.9767E-05  7.4895E-05  6.5254E-05  6.1226E-05  6.5096E-05  5.3745E-05  4.6267E-05  3.7472E-05
       3.7298E-05  4.9604E-05  6.0295E-05  5.8064E-05  5.9959E-05  7.1146E-05  5.6812E-05  5.0861E-05  4.5917E-05  3.4282E-05
       3.2415E-05  4.5397E-05  5.2739E-05  5.5135E-05  6.1597E-05  6.9375E-05  5.4129E-05  5.6591E-05  4.0837E-05  3.2419E-05
       2.9282E-05  4.6226E-05  4.2471E-05  4.9736E-05  4.5420E-05  5.9420E-05  5.3096E-05  5.0140E-05  3.8426E-05  3.2782E-05
       2.2903E-05  3.5119E-05  3.8427E-05  4.0363E-05  4.1528E-05  3.8464E-05  4.1446E-05  3.8743E-05  2.8413E-05  2.6226E-05

      Percentage errors follow in a matrix A(ix,iy,iz), format (1(5x,1p,10(1x,e11.4)))

       3.0920E+00  3.4096E+00  2.9902E+00  2.7887E+00  2.5671E+00  3.3157E+00  2.4419E+00  3.0104E+00  3.0519E+00  3.8231E+00
       2.6939E+00  3.6256E+00  2.1393E+00  1.8100E+00  1.9971E+00  2.3009E+00  2.7419E+00  2.3183E+00  2.7736E+00  3.3142E+00
       2.9980E+00  2.3109E+00  2.9538E+00  2.2927E+00  2.8188E+00  2.2874E+00  2.6521E+00  3.1300E+00  2.6625E+00  3.2612E+00
       2.6597E+00  2.6745E+00  2.7269E+00  3.2922E+00  2.6721E+00  2.4762E+00  2.4455E+00  2.2023E+00  2.6249E+00  3.0547E+00
       2.8927E+00  2.2196E+00  3.1930E+00  2.8631E+00  2.6087E+00  2.2556E+00  3.1215E+00  2.4816E+00  1.8448E+00  2.5674E+00
       2.4637E+00  2.3720E+00  3.2437E+00  2.6101E+00  2.3189E+00  2.5029E+00  2.8725E+00  2.2687E+00  2.5549E+00  2.3498E+00
       4.1297E+00  2.1646E+00  2.1216E+00  3.3643E+00  2.2072E+00  2.4865E+00  2.8111E+00  2.4938E+00  2.3798E+00  2.7137E+00
       2.9364E+00  2.3009E+00  1.9638E+00  2.3930E+00  2.6647E+00  2.3169E+00  2.7226E+00  2.7393E+00  2.5513E+00  3.6981E+00
       2.6431E+00  2.8700E+00  3.1025E+00  3.7939E+00  3.3914E+00  3.3959E+00  2.6722E+00  2.9112E+00  3.0512E+00  2.8776E+00
       3.2383E+00  3.1435E+00  2.3520E+00  1.8910E+00  2.3672E+00  2.4185E+00  3.2999E+00  3.3646E+00  3.1666E+00  2.8063E+00
       3.5972E+00  3.2090E+00  2.7008E+00  2.9184E+00  2.4231E+00  4.0905E+00  2.6625E+00  2.6641E+00  4.4982E+00  3.7839E+00
       3.7958E+00  3.1473E+00  3.4193E+00  3.1554E+00  2.8274E+00  3.9639E+00  2.7346E+00  2.9361E+00  3.7770E+00  3.7102E+00
       2.6662E+00  2.6640E+00  2.3807E+00  2.0494E+00  3.2594E+00  2.4918E+00  2.6805E+00  4.1936E+00  3.4480E+00  3.2584E+00
       3.0603E+00  2.6807E+00  3.2735E+00  2.9209E+00  2.7708E+00  3.0399E+00  2.4157E+00  2.5141E+00  2.7909E+00  3.7934E+00
       2.7996E+00  2.4205E+00  4.0224E+00  3.0649E+00  2.4205E+00  2.8419E+00  3.0188E+00  2.4104E+00  2.6105E+00  3.3367E+00
       2.9627E+00  2.1668E+00  3.2114E+00  2.7904E+00  2.7285E+00  2.1685E+00  2.9216E+00  2.5533E+00  3.9133E+00  3.5897E+00
       3.6949E+00  3.0645E+00  2.1106E+00  2.2796E+00  2.3088E+00  1.9502E+00  2.7419E+00  3.2877E+00  2.3389E+00  3.1008E+00
       3.6680E+00  3.0561E+00  2.4332E+00  3.2663E+00  3.0904E+00  2.7420E+00  3.5045E+00  3.5801E+00  3.0028E+00  3.2057E+00
       3.4617E+00  3.1464E+00  2.9983E+00  2.9547E+00  3.1580E+00  3.1227E+00  2.3772E+00  3.7470E+00  4.1410E+00  2.6679E+00
       4.2067E+00  3.9467E+00  3.0866E+00  2.4964E+00  2.9593E+00  2.4693E+00  3.6143E+00  4.0927E+00  2.6584E+00  4.0264E+00
       5.5290E+00  3.3451E+00  3.9537E+00  2.8712E+00  3.0385E+00  3.3239E+00  3.6663E+00  2.8487E+00  4.1725E+00  3.4585E+00
       4.6262E+00  3.4108E+00  3.1253E+00  2.5529E+00  3.3205E+00  3.3929E+00  3.9698E+00  3.0729E+00  3.6311E+00  4.7953E+00
       3.8553E+00  3.6590E+00  2.9464E+00  2.5771E+00  3.0109E+00  2.8195E+00  3.2680E+00  3.6642E+00  2.8066E+00  3.8448E+00
       5.0298E+00  3.7128E+00  3.4614E+00  3.8513E+00  3.2876E+00  4.1764E+00  2.4144E+00  3.2440E+00  3.4023E+00  4.7416E+00
       4.0623E+00  3.8446E+00  3.7945E+00  3.8966E+00  2.6886E+00  3.0936E+00  2.4410E+00  3.3718E+00  3.8425E+00  4.3652E+00
       2.7877E+00  2.4321E+00  3.0267E+00  2.3498E+00  2.8678E+00  2.2259E+00  3.8200E+00  3.0406E+00  3.5602E+00  3.6319E+00
       3.2748E+00  2.8152E+00  2.3901E+00  3.6188E+00  2.7878E+00  3.9275E+00  3.7847E+00  3.9149E+00  3.6771E+00  3.1058E+00
       3.7285E+00  3.0520E+00  3.4179E+00  3.0922E+00  3.6073E+00  3.4085E+00  4.5797E+00  2.9172E+00  3.6893E+00  4.1514E+00
       4.7491E+00  3.6963E+00  3.5590E+00  3.4503E+00  4.0062E+00  2.3819E+00  3.3146E+00  4.0563E+00  5.0101E+00  4.0690E+00
       5.1965E+00  2.9983E+00  3.7688E+00  2.8721E+00  3.5377E+00  3.3169E+00  3.0261E+00  4.5846E+00  4.6318E+00  3.8935E+00
       6.2267E+00  4.6294E+00  4.3318E+00  2.5351E+00  4.4672E+00  3.1534E+00  2.5396E+00  4.3162E+00  5.0938E+00  4.4538E+00
       5.3025E+00  5.1836E+00  3.5389E+00  3.4276E+00  3.3255E+00  3.7960E+00  3.5196E+00  4.8094E+00  3.3439E+00  5.1465E+00
       3.7325E+00  3.7582E+00  4.0410E+00  3.4424E+00  3.7105E+00  3.4995E+00  3.7873E+00  4.4165E+00  3.7873E+00  3.8714E+00
       4.7913E+00  3.2301E+00  4.2655E+00  3.1419E+00  3.1705E+00  3.7137E+00  3.6354E+00  4.3849E+00  4.7445E+00  4.6131E+00
       4.9646E+00  3.7871E+00  3.6389E+00  3.3495E+00  2.7718E+00  3.7670E+00  4.8262E+00  3.4747E+00  3.5824E+00  4.7515E+00
       5.3009E+00  3.4428E+00  3.8939E+00  3.4760E+00  3.6039E+00  2.5091E+00  4.5321E+00  3.7220E+00  4.1604E+00  4.8746E+00
       4.8195E+00  2.6445E+00  3.3346E+00  2.8333E+00  3.6492E+00  3.4792E+00  4.1739E+00  4.3329E+00  3.1359E+00  5.1746E+00
       4.3637E+00  5.1278E+00  3.7805E+00  3.5014E+00  4.6882E+00  4.0609E+00  5.2686E+00  4.0436E+00  4.6591E+00  4.4464E+00
       4.1179E+00  4.5220E+00  4.0613E+00  4.5712E+00  3.7290E+00  2.8084E+00  3.8963E+00  3.4675E+00  4.4770E+00  5.0610E+00
       5.8430E+00  3.7502E+00  3.5733E+00  4.2644E+00  3.4151E+00  4.4674E+00  4.7209E+00  4.9286E+00  4.6330E+00  6.4227E+00
       6.8263E+00  5.3526E+00  4.9378E+00  3.0717E+00  3.5927E+00  4.9892E+00  3.5691E+00  4.1005E+00  6.3838E+00  4.2456E+00
       7.9572E+00  3.4684E+00  3.2286E+00  4.4332E+00  4.1534E+00  3.2679E+00  3.5360E+00  4.9892E+00  5.7058E+00  7.3394E+00
       5.2609E+00  3.4861E+00  4.6013E+00  3.5578E+00  3.5030E+00  4.1197E+00  4.8481E+00  3.9038E+00  4.2895E+00  4.2313E+00
       4.7101E+00  4.2151E+00  4.1485E+00  4.0630E+00  3.9728E+00  3.7931E+00  5.1111E+00  4.3281E+00  5.4599E+00  4.9481E+00
       3.7301E+00  3.8944E+00  3.6030E+00  3.6500E+00  3.8727E+00  3.2436E+00  4.3018E+00  3.8434E+00  3.4019E+00  4.5120E+00
       6.8476E+00  3.3734E+00  3.2520E+00  3.7514E+00  3.8269E+00  3.2834E+00  4.3910E+00  5.3279E+00  4.6443E+00  4.1747E+00
       6.3678E+00  4.5724E+00  3.2360E+00  3.2445E+00  4.4371E+00  3.2855E+00  3.5526E+00  3.5828E+00  3.8446E+00  5.1465E+00
       4.1802E+00  5.0003E+00  3.7635E+00  3.3494E+00  4.8394E+00  3.5532E+00  3.9813E+00  3.2040E+00  3.7964E+00  3.9355E+00
       4.6562E+00  5.6065E+00  4.5631E+00  3.3776E+00  3.7897E+00  4.0975E+00  3.6650E+00  5.0464E+00  5.2202E+00  5.9627E+00
       5.5354E+00  5.4371E+00  4.9671E+00  5.3014E+00  5.2450E+00  4.3288E+00  5.5154E+00  6.0872E+00  6.5967E+00  7.0322E+00
       6.9352E+00  5.3969E+00  6.8798E+00  4.9203E+00  3.7407E+00  5.7650E+00  4.1161E+00  4.8483E+00  6.7860E+00  7.1433E+00
       5.9362E+00  5.7722E+00  4.1509E+00  5.7761E+00  4.8461E+00  5.3291E+00  3.8867E+00  4.7263E+00  4.2010E+00  6.6563E+00
       5.5517E+00  5.6040E+00  3.5148E+00  3.6846E+00  3.8443E+00  3.2875E+00  3.8326E+00  4.7669E+00  5.2668E+00  5.3123E+00
       5.1169E+00  4.5239E+00  4.3702E+00  3.8276E+00  3.5457E+00  3.7016E+00  5.7132E+00  3.2930E+00  5.2038E+00  5.9765E+00
       6.2848E+00  5.1423E+00  2.8053E+00  4.7728E+00  5.3078E+00  3.2150E+00  5.1304E+00  3.9062E+00  3.9547E+00  4.4259E+00
       6.2828E+00  3.3582E+00  3.2909E+00  4.5248E+00  4.5846E+00  3.7815E+00  3.8884E+00  4.3239E+00  3.9898E+00  4.9614E+00
       6.1227E+00  5.4316E+00  3.4903E+00  3.8602E+00  3.8341E+00  4.4333E+00  3.6410E+00  5.1439E+00  4.9549E+00  5.5671E+00
       5.3932E+00  5.5163E+00  4.1676E+00  4.4054E+00  3.6605E+00  3.8851E+00  5.0254E+00  3.9946E+00  4.2278E+00  6.2451E+00
       4.7294E+00  6.6709E+00  4.9783E+00  3.8596E+00  4.5858E+00  3.5084E+00  5.0887E+00  6.2151E+00  6.0224E+00  7.2284E+00
       4.8487E+00  6.4947E+00  4.9931E+00  4.7539E+00  5.0537E+00  5.5247E+00  4.5409E+00  5.7807E+00  6.6882E+00  7.4694E+00
       7.0599E+00  6.3657E+00  5.7331E+00  6.3920E+00  6.7138E+00  3.9530E+00  6.3676E+00  6.1798E+00  7.6981E+00  8.4654E+00
       7.7156E+00  6.2695E+00  4.7999E+00  5.0840E+00  4.3717E+00  4.9149E+00  5.4150E+00  6.6075E+00  7.8853E+00  8.2175E+00
       8.1725E+00  6.1111E+00  3.4164E+00  5.0915E+00  4.5169E+00  5.1164E+00  5.3525E+00  5.6526E+00  7.9661E+00  6.7927E+00
       6.9299E+00  5.3982E+00  4.3132E+00  3.7784E+00  5.0409E+00  5.1167E+00  4.4275E+00  5.0158E+00  5.3652E+00  5.8487E+00
       7.6643E+00  5.5435E+00  4.3418E+00  4.7683E+00  3.8846E+00  4.8441E+00  5.0836E+00  5.1315E+00  6.9588E+00  6.6380E+00
       7.0977E+00  5.7933E+00  5.4169E+00  3.8011E+00  4.8520E+00  3.2596E+00  5.2644E+00  5.1249E+00  6.5324E+00  6.0816E+00
       7.7180E+00  4.8634E+00  5.1174E+00  5.6997E+00  5.5805E+00  3.3886E+00  4.2332E+00  6.2827E+00  4.1564E+00  6.6635E+00
       6.4927E+00  6.0317E+00  5.2402E+00  5.8106E+00  4.3962E+00  5.3281E+00  5.1884E+00  5.5353E+00  6.0330E+00  4.1581E+00
       4.9310E+00  5.4838E+00  6.5499E+00  4.7606E+00  6.0947E+00  4.3596E+00  5.7296E+00  5.7974E+00  5.8757E+00  5.5948E+00
       8.1328E+00  6.6110E+00  6.1750E+00  7.4197E+00  7.3191E+00  6.1908E+00  6.5762E+00  7.9915E+00  8.2949E+00  7.8044E+00
       8.9909E+00  6.5511E+00  7.6228E+00  9.5849E+00  6.8300E+00  6.2600E+00  6.6829E+00  5.7072E+00  7.3004E+00  9.3814E+00
       8.8635E+00  7.3781E+00  6.7439E+00  7.0621E+00  5.9342E+00  7.3593E+00  6.4181E+00  6.3231E+00  9.4063E+00  9.2376E+00
       6.3444E+00  5.4264E+00  6.4602E+00  4.4163E+00  4.7582E+00  9.0513E+00  7.7098E+00  7.1441E+00  9.8176E+00  7.5963E+00
       6.2424E+00  5.9095E+00  5.2014E+00  5.3728E+00  6.4000E+00  5.7765E+00  5.6130E+00  5.8252E+00  8.0074E+00  7.3856E+00
       8.3940E+00  4.7011E+00  6.0101E+00  6.4885E+00  3.8848E+00  6.0924E+00  4.5853E+00  4.7722E+00  6.0168E+00  7.2563E+00
       7.1625E+00  6.5034E+00  5.4006E+00  4.3278E+00  4.7335E+00  5.0740E+00  5.7091E+00  5.1110E+00  7.3029E+00  8.3740E+00
       8.3676E+00  6.4820E+00  5.7960E+00  5.3808E+00  5.4711E+00  4.3229E+00  6.5412E+00  5.5561E+00  5.4600E+00  6.0005E+00
       6.3821E+00  6.4519E+00  8.3861E+00  6.9108E+00  6.5677E+00  5.4002E+00  6.4498E+00  6.8674E+00  5.7837E+00  7.4346E+00
       7.1629E+00  5.8424E+00  6.7504E+00  6.5929E+00  6.6922E+00  7.2603E+00  6.0267E+00  7.2681E+00  5.1858E+00  1.1276E+01
       7.9824E+00  1.1086E+01  7.3605E+00  4.4318E+00  5.7051E+00  8.4134E+00  6.8430E+00  6.4068E+00  7.9356E+00  9.1707E+00
       1.1886E+01  7.5801E+00  6.6973E+00  7.8059E+00  7.6535E+00  8.0432E+00  6.5906E+00  9.0114E+00  7.6152E+00  8.5350E+00
       7.8936E+00  6.9322E+00  7.3400E+00  7.0183E+00  7.7847E+00  7.6546E+00  7.0847E+00  9.5209E+00  7.5890E+00  1.0271E+01
       7.4764E+00  7.4327E+00  7.9887E+00  7.9260E+00  4.8403E+00  7.4159E+00  1.0120E+01  6.2810E+00  1.0130E+01  9.6729E+00
       9.5356E+00  7.5899E+00  5.7202E+00  5.8454E+00  5.7931E+00  5.7226E+00  5.5562E+00  6.4090E+00  8.3536E+00  8.2747E+00
       7.7848E+00  6.8428E+00  6.2864E+00  6.0855E+00  5.4509E+00  7.0331E+00  6.1658E+00  6.6199E+00  6.8508E+00  9.6819E+00
       9.0329E+00  6.1081E+00  7.3012E+00  5.8607E+00  5.7525E+00  5.8807E+00  7.4396E+00  5.7170E+00  7.0304E+00  9.1313E+00
       7.8750E+00  6.5643E+00  7.2052E+00  5.1096E+00  8.9695E+00  5.3462E+00  7.9336E+00  5.9483E+00  7.9366E+00  8.3994E+00
       8.3358E+00  5.4893E+00  7.8754E+00  8.0682E+00  5.5983E+00  5.2393E+00  6.0938E+00  5.2172E+00  5.2322E+00  9.5487E+00
       8.6190E+00  8.3744E+00  6.4932E+00  7.8510E+00  9.0254E+00  5.7145E+00  7.2191E+00  9.7436E+00  7.0434E+00  8.8574E+00
       1.2809E+01  1.0337E+01  6.7621E+00  5.8625E+00  7.3148E+00  6.7535E+00  5.0751E+00  7.2790E+00  6.9622E+00  9.7668E+00
       9.1040E+00  8.6036E+00  9.5691E+00  8.3035E+00  9.2189E+00  6.4997E+00  8.9799E+00  9.7025E+00  1.1019E+01  1.3430E+01
       9.2127E+00  9.6054E+00  9.0737E+00  6.5236E+00  9.0658E+00  8.3465E+00  9.1196E+00  8.9337E+00  9.2357E+00  1.0388E+01
       9.2574E+00  7.0456E+00  8.4370E+00  7.4432E+00  7.2362E+00  7.4271E+00  8.9645E+00  7.6751E+00  1.2029E+01  7.4698E+00
       8.0653E+00  7.6542E+00  8.2025E+00  4.5494E+00  6.7063E+00  7.6030E+00  5.9105E+00  7.8404E+00  8.2984E+00  9.4116E+00
       8.8356E+00  8.5108E+00  7.1441E+00  6.4857E+00  5.9812E+00  7.8835E+00  7.4843E+00  7.5242E+00  7.9031E+00  9.8275E+00
       8.7583E+00  7.3067E+00  6.9664E+00  5.5837E+00  6.5940E+00  6.2416E+00  8.4821E+00  9.0310E+00  8.7273E+00  6.9309E+00
       8.5522E+00  1.2736E+01  6.7435E+00  6.9052E+00  8.1651E+00  7.2893E+00  6.5995E+00  7.6496E+00  1.0307E+01  9.8063E+00
       1.2439E+01  9.5866E+00  7.7989E+00  1.1073E+01  8.3968E+00  6.7919E+00  7.1809E+00  7.0544E+00  9.2782E+00  6.6117E+00
       9.6196E+00  1.2335E+01  1.2895E+01  6.7053E+00  9.1401E+00  8.8197E+00  6.3079E+00  6.0101E+00  9.9841E+00  8.3256E+00
       1.2603E+01  7.6540E+00  1.1112E+01  8.3193E+00  1.2486E+01  7.8357E+00  8.6650E+00  9.2056E+00  8.6570E+00  1.3296E+01
