1
   Cartesian binning n.   1  "DoseEq    " , generalized particle n.  240
      X coordinate: from -8.5000E+01 to  8.5000E+01 cm,    10 bins ( 1.7000E+01 cm wide)
      Y coordinate: from -2.5000E+01 to  2.5000E+01 cm,    10 bins ( 5.0000E+00 cm wide)
      Z coordinate: from  2.2500E+02 to  2.7500E+02 cm,    10 bins ( 5.0000E+00 cm wide)
      Data follow in a matrix A(ix,iy,iz), format (1(5x,1p,10(1x,e11.4)))

      accurate deposition along the tracks requested
      this is a track-length binning
       8.1730E-05  1.1316E-04  1.1803E-04  1.4012E-04  1.5083E-04  1.6016E-04  1.5028E-04  1.2467E-04  1.0582E-04  8.9649E-05
       9.8938E-05  1.4615E-04  1.3687E-04  1.5691E-04  1.8148E-04  1.7232E-04  1.5514E-04  1.4313E-04  1.1924E-04  1.0762E-04
       1.1689E-04  1.3928E-04  1.5651E-04  1.6970E-04  1.8938E-04  1.7628E-04  1.7096E-04  1.5224E-04  1.2865E-04  1.0664E-04
       1.0741E-04  1.4081E-04  1.5904E-04  1.7063E-04  1.7674E-04  1.8135E-04  1.5619E-04  1.6393E-04  1.4750E-04  1.0640E-04
       1.1627E-04  1.4758E-04  1.5271E-04  1.7869E-04  1.8269E-04  1.7102E-04  1.7620E-04  1.6094E-04  1.3190E-04  1.0825E-04
       1.0765E-04  1.3877E-04  1.5666E-04  1.6669E-04  1.8186E-04  1.9084E-04  1.6330E-04  1.5899E-04  1.2840E-04  1.0891E-04
       1.0324E-04  1.5398E-04  1.5778E-04  1.7829E-04  1.6253E-04  1.7422E-04  1.6647E-04  1.5807E-04  1.3423E-04  1.1002E-04
       1.0855E-04  1.3165E-04  1.6510E-04  1.7384E-04  1.6600E-04  1.7334E-04  1.5924E-04  1.4811E-04  1.3542E-04  1.0761E-04
       1.1005E-04  1.3739E-04  1.5231E-04  1.6358E-04  1.6610E-04  1.7479E-04  1.5636E-04  1.4236E-04  1.3259E-04  1.0637E-04
       9.2897E-05  1.1768E-04  1.3120E-04  1.5246E-04  1.3927E-04  1.4704E-04  1.4551E-04  1.3245E-04  1.1208E-04  8.8817E-05
       7.5040E-05  1.0214E-04  1.0998E-04  1.2037E-04  1.2077E-04  1.4111E-04  1.3474E-04  1.0787E-04  9.3200E-05  7.9194E-05
       9.7047E-05  1.2611E-04  1.3066E-04  1.5596E-04  1.5550E-04  1.5067E-04  1.5584E-04  1.2213E-04  1.1726E-04  8.9723E-05
       1.0608E-04  1.3780E-04  1.5360E-04  1.6847E-04  1.7522E-04  1.7243E-04  1.6460E-04  1.5118E-04  1.3335E-04  9.9726E-05
       1.0609E-04  1.4441E-04  1.5604E-04  1.7620E-04  1.8363E-04  1.7776E-04  1.6371E-04  1.5359E-04  1.3900E-04  1.0265E-04
       1.1294E-04  1.5572E-04  1.6641E-04  1.8158E-04  1.8392E-04  1.6817E-04  1.7518E-04  1.5193E-04  1.2829E-04  1.0150E-04
       1.0172E-04  1.3367E-04  1.6771E-04  1.7327E-04  1.8148E-04  1.9087E-04  1.7052E-04  1.5675E-04  1.2478E-04  1.1124E-04
       1.0297E-04  1.4833E-04  1.5616E-04  1.7378E-04  1.6346E-04  1.7825E-04  1.7220E-04  1.5638E-04  1.3068E-04  9.8523E-05
       1.0897E-04  1.3243E-04  1.5787E-04  1.7544E-04  1.7025E-04  1.6671E-04  1.5547E-04  1.5298E-04  1.3470E-04  9.9236E-05
       9.8435E-05  1.2196E-04  1.4264E-04  1.6122E-04  1.5743E-04  1.6283E-04  1.5265E-04  1.3536E-04  1.2891E-04  9.2788E-05
       8.5171E-05  1.0608E-04  1.1795E-04  1.3353E-04  1.3579E-04  1.3119E-04  1.2375E-04  1.1329E-04  9.6121E-05  8.1086E-05
       5.5283E-05  8.4122E-05  9.1140E-05  1.0486E-04  1.0268E-04  1.1802E-04  1.0430E-04  9.2173E-05  7.9893E-05  6.2167E-05
       8.3622E-05  1.0480E-04  1.1793E-04  1.3710E-04  1.4154E-04  1.4302E-04  1.3439E-04  1.1100E-04  1.0364E-04  8.1419E-05
       9.3996E-05  1.1236E-04  1.2804E-04  1.5188E-04  1.6411E-04  1.5279E-04  1.4152E-04  1.3793E-04  1.1355E-04  8.3622E-05
       8.7860E-05  1.2351E-04  1.5270E-04  1.5870E-04  1.6691E-04  1.7566E-04  1.4520E-04  1.4360E-04  1.2045E-04  8.7337E-05
       9.8992E-05  1.3766E-04  1.4582E-04  1.5033E-04  1.7521E-04  1.5608E-04  1.6166E-04  1.3867E-04  1.2151E-04  9.0756E-05
       8.7576E-05  1.1750E-04  1.3523E-04  1.5579E-04  1.6789E-04  1.7339E-04  1.4965E-04  1.3125E-04  1.2429E-04  9.2342E-05
       8.6917E-05  1.2851E-04  1.3930E-04  1.4701E-04  1.4989E-04  1.5682E-04  1.5637E-04  1.3401E-04  1.2063E-04  8.9549E-05
       8.6773E-05  1.1160E-04  1.3849E-04  1.4300E-04  1.4864E-04  1.4792E-04  1.4425E-04  1.3670E-04  1.2268E-04  8.3110E-05
       7.9189E-05  1.0738E-04  1.3297E-04  1.3331E-04  1.4434E-04  1.3073E-04  1.3797E-04  1.2415E-04  1.0507E-04  8.8753E-05
       6.4161E-05  8.2451E-05  1.0529E-04  1.1012E-04  1.1061E-04  1.0838E-04  1.0792E-04  9.6189E-05  8.1570E-05  6.4639E-05
       4.7991E-05  7.4363E-05  7.8605E-05  7.6325E-05  9.5084E-05  8.7675E-05  8.5553E-05  7.5105E-05  6.3819E-05  4.7404E-05
       6.9787E-05  8.8907E-05  1.0441E-04  1.1851E-04  1.2190E-04  1.1545E-04  1.2056E-04  1.0415E-04  8.8174E-05  7.1893E-05
       8.2961E-05  9.5386E-05  1.1275E-04  1.2670E-04  1.2729E-04  1.2764E-04  1.2208E-04  1.2165E-04  9.8782E-05  7.6419E-05
       6.8141E-05  1.0854E-04  1.2105E-04  1.2764E-04  1.5091E-04  1.3161E-04  1.2489E-04  1.2582E-04  1.0554E-04  6.4743E-05
       8.0099E-05  1.1037E-04  1.2960E-04  1.3335E-04  1.4800E-04  1.3609E-04  1.3688E-04  1.2612E-04  1.0887E-04  6.5666E-05
       7.4165E-05  1.1518E-04  1.2402E-04  1.3980E-04  1.4540E-04  1.4940E-04  1.4079E-04  1.1794E-04  1.0700E-04  7.1045E-05
       7.4799E-05  1.1465E-04  1.2172E-04  1.3190E-04  1.3739E-04  1.2561E-04  1.3898E-04  1.2076E-04  9.6668E-05  7.6471E-05
       6.8513E-05  9.3036E-05  1.1726E-04  1.1953E-04  1.2845E-04  1.2796E-04  1.3140E-04  1.1342E-04  9.5046E-05  7.6737E-05
       6.5226E-05  8.6198E-05  1.0234E-04  1.0727E-04  1.1757E-04  1.0989E-04  1.0942E-04  1.0194E-04  8.6901E-05  6.3872E-05
       5.3141E-05  6.4919E-05  8.3332E-05  8.6765E-05  9.1402E-05  8.1302E-05  8.3566E-05  7.2787E-05  7.0359E-05  5.0053E-05
       3.7612E-05  5.9844E-05  6.6049E-05  6.6034E-05  6.7729E-05  6.0555E-05  7.0723E-05  6.3929E-05  5.2374E-05  4.1413E-05
       5.5416E-05  7.3911E-05  9.0384E-05  9.0075E-05  9.2319E-05  8.6529E-05  9.1131E-05  8.9714E-05  7.0965E-05  5.5001E-05
       6.0247E-05  8.1761E-05  9.7522E-05  1.0761E-04  1.0429E-04  1.0045E-04  1.0586E-04  1.0383E-04  7.8969E-05  6.0742E-05
       6.6917E-05  9.4031E-05  1.0342E-04  1.1089E-04  1.2248E-04  1.0548E-04  1.1016E-04  1.0837E-04  8.2757E-05  5.9961E-05
       6.9736E-05  9.4977E-05  1.0756E-04  1.0672E-04  1.2847E-04  1.1595E-04  1.1076E-04  1.0830E-04  8.9430E-05  5.1754E-05
       5.9460E-05  9.5161E-05  1.0297E-04  1.1515E-04  1.2244E-04  1.1508E-04  1.1216E-04  1.0521E-04  8.7072E-05  6.4129E-05
       5.9761E-05  1.0242E-04  1.0155E-04  1.0970E-04  1.1501E-04  1.1152E-04  1.0835E-04  1.0373E-04  7.7095E-05  5.3822E-05
       6.0823E-05  7.9161E-05  9.5119E-05  9.8790E-05  1.1786E-04  1.1580E-04  9.9284E-05  9.1511E-05  8.3049E-05  5.1918E-05
       5.2935E-05  6.9641E-05  9.3812E-05  8.4495E-05  1.0039E-04  9.9093E-05  9.1742E-05  8.1225E-05  6.9961E-05  5.1217E-05
       4.4414E-05  5.3509E-05  6.8317E-05  6.6775E-05  7.4470E-05  7.1299E-05  6.6999E-05  6.3301E-05  5.2545E-05  4.2259E-05
       3.7593E-05  4.2870E-05  5.0169E-05  4.5660E-05  5.5422E-05  5.3671E-05  5.0616E-05  4.6227E-05  3.7199E-05  3.7175E-05
       4.1958E-05  6.2466E-05  6.4176E-05  6.1253E-05  7.3863E-05  6.9668E-05  7.1339E-05  7.2534E-05  5.3074E-05  4.5782E-05
       4.0740E-05  6.9618E-05  8.1482E-05  8.7956E-05  9.1128E-05  8.2023E-05  8.9450E-05  8.6583E-05  7.1566E-05  4.6655E-05
       4.7540E-05  7.1271E-05  7.5225E-05  9.8814E-05  9.9339E-05  9.0547E-05  8.4064E-05  8.3142E-05  7.0850E-05  5.0408E-05
       5.9325E-05  7.5616E-05  8.8105E-05  1.0148E-04  1.0467E-04  8.7774E-05  9.3531E-05  9.1018E-05  6.8943E-05  4.6113E-05
       5.1278E-05  7.4996E-05  8.6482E-05  8.9807E-05  1.0625E-04  1.0003E-04  8.6737E-05  7.9704E-05  7.1033E-05  5.5059E-05
       5.3474E-05  8.6958E-05  9.2772E-05  9.3583E-05  9.2416E-05  9.6455E-05  8.5127E-05  9.1270E-05  6.6604E-05  5.1246E-05
       5.2664E-05  7.0404E-05  7.3997E-05  8.6462E-05  8.2170E-05  9.1935E-05  7.9991E-05  6.7517E-05  6.3504E-05  4.5298E-05
       3.6642E-05  6.1100E-05  6.9910E-05  7.7384E-05  7.9410E-05  8.1139E-05  7.2843E-05  6.5859E-05  4.6672E-05  3.9434E-05
       3.1531E-05  3.7696E-05  5.5122E-05  5.2548E-05  5.8805E-05  5.7967E-05  5.1256E-05  4.4630E-05  3.8783E-05  3.2482E-05
       2.4966E-05  3.6938E-05  4.3581E-05  3.7546E-05  4.3442E-05  4.1028E-05  4.2868E-05  3.6294E-05  3.6618E-05  2.9945E-05
       3.2622E-05  5.0113E-05  5.4703E-05  5.1792E-05  5.9357E-05  5.7569E-05  5.5964E-05  5.9448E-05  4.1765E-05  3.4724E-05
       3.3656E-05  5.0938E-05  6.6237E-05  7.3156E-05  7.5986E-05  7.6694E-05  7.0377E-05  5.9773E-05  6.2826E-05  2.7794E-05
       3.6923E-05  5.9228E-05  6.1057E-05  7.4877E-05  7.3859E-05  7.7347E-05  7.1564E-05  6.4284E-05  6.2611E-05  4.3027E-05
       3.8450E-05  5.9272E-05  7.3070E-05  7.1568E-05  8.5066E-05  7.2344E-05  6.6196E-05  6.7181E-05  6.0590E-05  4.5947E-05
       4.8944E-05  6.2926E-05  6.0998E-05  7.0390E-05  8.2794E-05  7.8319E-05  7.6060E-05  6.4233E-05  5.9031E-05  4.2720E-05
       3.7318E-05  6.6437E-05  7.3230E-05  7.0037E-05  8.4174E-05  7.6252E-05  6.5825E-05  6.4225E-05  4.6460E-05  4.1353E-05
       3.7792E-05  5.3197E-05  6.0931E-05  6.1682E-05  6.4763E-05  7.8687E-05  5.8307E-05  5.9481E-05  5.1801E-05  4.1070E-05
       2.9728E-05  5.0957E-05  5.4354E-05  5.8321E-05  5.4974E-05  6.2027E-05  5.5668E-05  5.1874E-05  4.2736E-05  3.5426E-05
       2.2474E-05  3.4305E-05  4.0899E-05  4.6957E-05  4.5700E-05  4.4378E-05  4.1461E-05  3.6447E-05  3.0320E-05  1.9035E-05
       2.0840E-05  2.9160E-05  3.5730E-05  2.7072E-05  3.7695E-05  3.5882E-05  3.0055E-05  3.1618E-05  2.9702E-05  2.2826E-05
       2.7966E-05  4.2451E-05  4.2814E-05  4.6033E-05  4.4425E-05  5.4192E-05  4.5575E-05  4.6101E-05  3.7607E-05  2.2206E-05
       3.5912E-05  4.3999E-05  4.4598E-05  5.5912E-05  6.1488E-05  6.0532E-05  4.7167E-05  4.9048E-05  4.5293E-05  2.7222E-05
       2.8241E-05  4.8055E-05  4.2814E-05  5.9912E-05  5.8813E-05  6.1990E-05  5.5685E-05  4.4062E-05  4.8650E-05  3.6327E-05
       3.0441E-05  5.1230E-05  5.6324E-05  6.4141E-05  6.3112E-05  6.0863E-05  5.5974E-05  4.7946E-05  4.6466E-05  3.3157E-05
       3.1212E-05  4.6357E-05  5.3520E-05  6.9709E-05  6.6063E-05  6.7225E-05  6.4174E-05  4.3207E-05  4.7897E-05  3.1354E-05
       3.1659E-05  4.4821E-05  5.7781E-05  5.8776E-05  6.5446E-05  6.0671E-05  5.4855E-05  5.3431E-05  4.3416E-05  2.8594E-05
       2.9269E-05  4.2900E-05  5.0124E-05  5.2800E-05  6.2981E-05  6.0174E-05  5.4743E-05  4.8011E-05  4.7805E-05  3.0956E-05
       2.5387E-05  4.3778E-05  3.8739E-05  5.3919E-05  5.0530E-05  4.8363E-05  4.4993E-05  3.9719E-05  3.5700E-05  2.8261E-05
       2.1411E-05  2.8284E-05  3.4463E-05  3.5195E-05  3.8530E-05  3.7121E-05  3.3769E-05  2.7134E-05  2.6894E-05  1.4514E-05
       1.6228E-05  2.2545E-05  2.6117E-05  2.5371E-05  2.5270E-05  2.5709E-05  2.3898E-05  2.5980E-05  2.0325E-05  1.2822E-05
       2.2376E-05  2.6056E-05  3.1119E-05  3.1960E-05  3.3888E-05  3.3774E-05  3.4927E-05  3.1624E-05  2.8559E-05  1.6879E-05
       2.4739E-05  3.6174E-05  3.7077E-05  4.0962E-05  4.5538E-05  4.8544E-05  3.5428E-05  3.6404E-05  3.6498E-05  1.8943E-05
       2.5871E-05  3.4724E-05  3.7976E-05  4.3670E-05  4.8385E-05  4.3583E-05  4.3873E-05  3.4026E-05  3.5542E-05  2.4178E-05
       2.6291E-05  3.2389E-05  4.4311E-05  4.7901E-05  4.7037E-05  5.1601E-05  4.5823E-05  3.9754E-05  3.2835E-05  2.7213E-05
       2.4490E-05  3.5037E-05  3.6012E-05  5.3787E-05  5.3706E-05  5.2496E-05  4.5181E-05  3.5416E-05  3.4814E-05  2.4330E-05
       2.3892E-05  3.1809E-05  4.2287E-05  4.4793E-05  5.1462E-05  5.3304E-05  4.6035E-05  3.6603E-05  3.6681E-05  2.4402E-05
       2.0509E-05  3.3030E-05  4.1376E-05  4.1566E-05  4.6009E-05  5.0033E-05  4.4976E-05  3.4699E-05  3.4768E-05  2.7929E-05
       1.6608E-05  2.8334E-05  3.2325E-05  3.6306E-05  3.9832E-05  4.0004E-05  3.2649E-05  2.8761E-05  2.6913E-05  1.8891E-05
       1.4694E-05  1.9128E-05  2.1470E-05  2.9697E-05  2.9728E-05  2.6505E-05  2.3099E-05  2.0642E-05  2.0124E-05  1.0853E-05
       1.1589E-05  1.6951E-05  1.9304E-05  1.9545E-05  1.8951E-05  1.8531E-05  1.9383E-05  1.7290E-05  1.7438E-05  8.8782E-06
       1.5198E-05  2.0960E-05  2.5640E-05  2.4333E-05  2.7035E-05  2.2545E-05  2.2998E-05  2.1431E-05  1.8885E-05  1.0751E-05
       2.0704E-05  2.2468E-05  2.1689E-05  3.1214E-05  3.2428E-05  3.2493E-05  2.7013E-05  2.1852E-05  1.9807E-05  1.1531E-05
       1.6140E-05  2.6949E-05  3.1100E-05  2.5770E-05  3.1558E-05  3.3233E-05  3.6493E-05  2.4040E-05  2.5095E-05  1.6860E-05
       1.8283E-05  2.4899E-05  3.0637E-05  2.9775E-05  3.3513E-05  3.3167E-05  3.2059E-05  3.0672E-05  2.1769E-05  1.6597E-05
       1.8705E-05  2.6568E-05  2.6309E-05  3.2793E-05  3.6601E-05  3.0443E-05  2.9145E-05  2.6200E-05  2.2930E-05  2.0403E-05
       1.5710E-05  2.1877E-05  3.2078E-05  2.6785E-05  3.4280E-05  3.1203E-05  2.9923E-05  2.3669E-05  2.5739E-05  1.5788E-05
       1.6629E-05  2.1938E-05  3.3629E-05  3.1620E-05  3.2329E-05  3.2775E-05  3.2424E-05  2.6626E-05  2.3438E-05  1.7034E-05
       1.4643E-05  2.0078E-05  2.5752E-05  2.8952E-05  2.8307E-05  3.0972E-05  2.4755E-05  2.3756E-05  1.9428E-05  1.4635E-05
       9.9694E-06  1.5062E-05  1.7158E-05  1.7807E-05  1.9458E-05  1.6425E-05  2.0100E-05  1.7836E-05  1.3753E-05  9.9256E-06

      Percentage errors follow in a matrix A(ix,iy,iz), format (1(5x,1p,10(1x,e11.4)))

       6.2981E+00  4.8025E+00  4.3761E+00  4.7395E+00  4.5480E+00  3.2105E+00  5.3989E+00  5.2612E+00  2.8573E+00  5.1035E+00
       5.8315E+00  3.7808E+00  4.9498E+00  4.3298E+00  3.4788E+00  3.3569E+00  5.6093E+00  3.6784E+00  5.0919E+00  6.4710E+00
       4.9232E+00  3.8508E+00  4.4124E+00  4.6516E+00  3.7631E+00  4.6904E+00  5.5047E+00  6.1093E+00  2.2544E+00  5.2441E+00
       5.8329E+00  4.9231E+00  4.4987E+00  4.9295E+00  4.8884E+00  4.3457E+00  4.0895E+00  4.7993E+00  4.0264E+00  7.3237E+00
       6.5659E+00  5.1608E+00  4.6539E+00  5.5606E+00  4.5543E+00  5.3948E+00  4.6661E+00  4.0749E+00  4.5739E+00  5.4215E+00
       6.2652E+00  6.2764E+00  4.5006E+00  5.1829E+00  4.0166E+00  4.8954E+00  4.2430E+00  4.6376E+00  4.0291E+00  6.7946E+00
       6.1622E+00  3.6767E+00  4.5173E+00  4.2147E+00  3.7872E+00  4.5075E+00  3.4721E+00  6.0811E+00  4.6343E+00  5.3537E+00
       6.4631E+00  4.9567E+00  3.9175E+00  4.8075E+00  6.2571E+00  3.4693E+00  3.3339E+00  4.3981E+00  5.1019E+00  6.7153E+00
       5.5124E+00  4.6390E+00  5.2628E+00  4.3319E+00  5.0046E+00  4.4542E+00  2.8929E+00  3.6699E+00  5.7334E+00  6.7448E+00
       5.8151E+00  4.9973E+00  4.0700E+00  3.6428E+00  4.3869E+00  3.6094E+00  3.8782E+00  5.8705E+00  4.6699E+00  6.4262E+00
       6.8296E+00  6.2710E+00  5.2471E+00  5.5010E+00  5.0645E+00  4.2764E+00  4.6852E+00  6.2545E+00  4.9602E+00  7.2418E+00
       6.4905E+00  4.6581E+00  4.6270E+00  4.3591E+00  3.4421E+00  4.0215E+00  5.4636E+00  5.7155E+00  5.9321E+00  5.8529E+00
       1.9239E+00  4.6002E+00  3.5145E+00  5.3676E+00  2.5960E+00  4.5147E+00  4.8372E+00  7.8295E+00  4.7443E+00  5.5316E+00
       8.4624E+00  5.7344E+00  5.0820E+00  4.9080E+00  4.5799E+00  3.3597E+00  3.3176E+00  5.1322E+00  5.4747E+00  6.8196E+00
       7.7006E+00  6.3048E+00  6.3765E+00  5.5411E+00  6.0529E+00  4.5279E+00  4.2224E+00  5.8364E+00  4.4436E+00  7.1550E+00
       6.7938E+00  6.0037E+00  5.1443E+00  5.5512E+00  5.4642E+00  4.9042E+00  4.3397E+00  5.1860E+00  4.9605E+00  6.3724E+00
       4.7318E+00  4.6497E+00  6.4706E+00  3.9638E+00  4.7443E+00  5.3864E+00  5.7846E+00  4.8176E+00  5.4834E+00  7.0221E+00
       6.9496E+00  4.7095E+00  4.4381E+00  4.5906E+00  4.3416E+00  3.6397E+00  4.8707E+00  4.5656E+00  5.9394E+00  6.2092E+00
       5.1040E+00  6.7445E+00  5.6198E+00  5.3041E+00  3.8372E+00  3.7516E+00  4.4342E+00  5.3315E+00  5.1479E+00  5.7118E+00
       6.4284E+00  4.8882E+00  6.0914E+00  6.2206E+00  3.9868E+00  4.8749E+00  4.4751E+00  5.7147E+00  6.9616E+00  7.0179E+00
       6.6335E+00  7.1457E+00  7.4799E+00  5.4465E+00  5.5911E+00  4.6308E+00  5.3193E+00  6.4467E+00  6.8073E+00  6.1290E+00
       6.6103E+00  4.4603E+00  4.7438E+00  5.1687E+00  5.0914E+00  3.8886E+00  5.5742E+00  4.3117E+00  6.9337E+00  4.5583E+00
       5.8815E+00  2.7786E+00  2.5684E+00  6.1457E+00  2.8948E+00  4.6568E+00  6.1412E+00  6.9937E+00  5.4069E+00  5.9465E+00
       7.8737E+00  5.3880E+00  4.2122E+00  5.1300E+00  4.1754E+00  4.7669E+00  4.6000E+00  4.8926E+00  5.6464E+00  9.4057E+00
       6.6477E+00  6.8522E+00  5.2879E+00  5.8884E+00  7.3405E+00  5.0121E+00  4.3198E+00  5.5494E+00  5.2549E+00  6.7738E+00
       6.6439E+00  5.6044E+00  5.5746E+00  3.6057E+00  4.6981E+00  4.6892E+00  4.8670E+00  3.8819E+00  5.6459E+00  8.5236E+00
       3.3617E+00  4.6277E+00  6.1439E+00  5.5784E+00  4.8003E+00  3.7967E+00  4.4214E+00  5.5181E+00  6.2649E+00  7.3337E+00
       7.1517E+00  5.6711E+00  4.9385E+00  3.7928E+00  5.5107E+00  5.0236E+00  3.8313E+00  5.7970E+00  5.2206E+00  5.0376E+00
       5.0406E+00  5.9994E+00  3.9693E+00  7.0913E+00  4.1915E+00  4.5830E+00  5.3320E+00  5.8546E+00  4.7960E+00  7.9569E+00
       5.9883E+00  5.4473E+00  7.0505E+00  6.1825E+00  6.4374E+00  5.8561E+00  5.0203E+00  7.1215E+00  7.7426E+00  7.5662E+00
       7.9030E+00  7.7570E+00  5.6625E+00  7.0119E+00  6.6964E+00  7.0332E+00  6.2675E+00  6.4747E+00  8.1962E+00  8.2506E+00
       6.4158E+00  5.1799E+00  6.2037E+00  4.5838E+00  5.8851E+00  5.9359E+00  6.2481E+00  6.1058E+00  7.8896E+00  7.1054E+00
       6.3469E+00  6.1721E+00  5.0271E+00  5.8293E+00  4.4211E+00  5.8890E+00  6.8714E+00  7.6163E+00  5.5289E+00  7.3055E+00
       6.0983E+00  5.8077E+00  5.0047E+00  5.5828E+00  2.9467E+00  4.5101E+00  4.4544E+00  4.3215E+00  6.7249E+00  7.7298E+00
       6.0097E+00  6.8452E+00  5.4702E+00  6.1487E+00  6.8568E+00  4.9629E+00  4.7812E+00  7.7100E+00  5.2201E+00  7.1262E+00
       6.7270E+00  3.6340E+00  4.8071E+00  4.4116E+00  5.7826E+00  5.9343E+00  4.7002E+00  5.8589E+00  6.5269E+00  8.2059E+00
       4.8920E+00  4.3447E+00  6.1955E+00  4.4919E+00  6.1035E+00  5.4556E+00  4.5453E+00  6.0710E+00  6.6120E+00  8.9464E+00
       8.7559E+00  4.7916E+00  6.8887E+00  4.5967E+00  4.8344E+00  4.8442E+00  4.7497E+00  5.9853E+00  4.2798E+00  7.6421E+00
       9.4266E+00  5.8348E+00  5.8283E+00  4.9231E+00  5.5660E+00  5.4654E+00  5.4723E+00  5.6233E+00  5.9730E+00  6.0678E+00
       7.6881E+00  4.8750E+00  6.4037E+00  5.0405E+00  6.9381E+00  7.8723E+00  8.3511E+00  6.9149E+00  8.2250E+00  7.3718E+00
       6.4730E+00  7.5968E+00  6.8091E+00  5.0958E+00  6.0991E+00  5.7490E+00  6.3788E+00  7.2659E+00  8.9680E+00  1.1148E+01
       8.0780E+00  5.7269E+00  5.1104E+00  4.2696E+00  7.0041E+00  6.9985E+00  6.2215E+00  5.2293E+00  7.8467E+00  7.7038E+00
       9.6228E+00  7.3710E+00  5.2941E+00  5.2427E+00  5.6963E+00  5.2421E+00  5.7921E+00  9.5161E+00  5.5305E+00  5.4678E+00
       6.4669E+00  4.4268E+00  6.3411E+00  3.8322E+00  4.2387E+00  5.1164E+00  4.7478E+00  5.7057E+00  6.2489E+00  7.1293E+00
       7.1445E+00  6.6430E+00  5.4985E+00  4.0574E+00  5.7011E+00  3.8494E+00  5.0272E+00  6.0819E+00  3.9851E+00  8.6672E+00
       6.4328E+00  6.0073E+00  7.3283E+00  4.1690E+00  4.4710E+00  5.6268E+00  5.0837E+00  9.5794E+00  6.6643E+00  7.4958E+00
       7.2669E+00  6.5559E+00  7.0487E+00  4.8324E+00  6.0108E+00  5.6641E+00  6.1427E+00  5.9048E+00  4.7569E+00  1.0207E+01
       6.9748E+00  6.1984E+00  6.7202E+00  5.6554E+00  5.1535E+00  5.0104E+00  6.0327E+00  5.5582E+00  4.9220E+00  1.1280E+01
       8.3047E+00  7.3674E+00  7.2634E+00  5.0170E+00  6.4908E+00  6.2982E+00  4.8317E+00  6.0595E+00  8.9875E+00  8.9217E+00
       9.3636E+00  8.6677E+00  6.5191E+00  4.7723E+00  8.1075E+00  7.1640E+00  9.2688E+00  6.3309E+00  8.3143E+00  6.0605E+00
       7.4285E+00  8.3970E+00  6.5381E+00  5.7825E+00  7.6902E+00  7.6635E+00  7.0191E+00  1.1067E+01  5.5773E+00  1.0716E+01
       8.3099E+00  5.4958E+00  6.4147E+00  6.7267E+00  6.2684E+00  5.3954E+00  7.4297E+00  5.8473E+00  8.4536E+00  9.4797E+00
       9.2429E+00  6.2484E+00  6.2736E+00  6.1411E+00  4.0882E+00  6.2871E+00  4.8086E+00  8.3524E+00  7.6304E+00  7.4778E+00
       7.4512E+00  6.1852E+00  7.7477E+00  4.7228E+00  6.8210E+00  4.2764E+00  7.7107E+00  6.5681E+00  5.8600E+00  8.2481E+00
       8.0582E+00  6.4021E+00  4.4513E+00  6.8851E+00  8.1307E+00  6.8604E+00  4.7791E+00  5.6906E+00  5.1735E+00  9.1866E+00
       9.1683E+00  7.7376E+00  5.3641E+00  6.0185E+00  5.0395E+00  6.4072E+00  5.1527E+00  7.6807E+00  8.2165E+00  1.0019E+01
       9.6538E+00  7.1036E+00  4.7018E+00  5.2212E+00  5.7145E+00  6.2235E+00  5.5567E+00  6.4427E+00  6.2243E+00  8.9761E+00
       4.8227E+00  6.2991E+00  6.3588E+00  7.5244E+00  5.7608E+00  6.8280E+00  4.5991E+00  6.9886E+00  6.9146E+00  1.0310E+01
       9.7797E+00  7.8625E+00  6.2666E+00  7.8244E+00  7.3382E+00  1.0653E+01  6.2425E+00  1.0080E+01  8.5362E+00  9.5568E+00
       7.8995E+00  8.5395E+00  7.3983E+00  4.9805E+00  9.6650E+00  6.3419E+00  8.2932E+00  9.4034E+00  8.8141E+00  1.0463E+01
       9.6854E+00  7.3219E+00  9.7902E+00  8.7861E+00  1.0144E+01  1.0480E+01  6.0383E+00  8.4877E+00  8.2573E+00  9.5675E+00
       8.6791E+00  7.4486E+00  5.5961E+00  7.1450E+00  7.1175E+00  7.5256E+00  7.8527E+00  6.9364E+00  8.7378E+00  9.4448E+00
       9.1566E+00  6.7096E+00  6.7287E+00  6.5159E+00  5.6987E+00  8.0147E+00  6.7583E+00  5.9227E+00  6.9139E+00  1.0246E+01
       6.1056E+00  5.9352E+00  8.3056E+00  5.2031E+00  4.7491E+00  6.9823E+00  6.8809E+00  6.0901E+00  6.9642E+00  9.6962E+00
       9.3501E+00  6.3403E+00  5.5113E+00  7.2417E+00  7.5541E+00  9.2379E+00  8.4692E+00  7.8145E+00  8.6082E+00  1.0917E+01
       8.0149E+00  1.1831E+01  8.0901E+00  7.2669E+00  7.2478E+00  7.8336E+00  7.8831E+00  5.5084E+00  8.2185E+00  7.9617E+00
       9.5103E+00  8.7891E+00  5.0205E+00  5.0216E+00  6.8042E+00  7.9394E+00  8.3151E+00  8.1909E+00  9.3807E+00  9.4491E+00
       8.8594E+00  9.3561E+00  9.6075E+00  5.5475E+00  6.2148E+00  7.2036E+00  7.8673E+00  7.8968E+00  7.9395E+00  9.3181E+00
       1.1014E+01  9.8895E+00  8.5540E+00  8.3727E+00  6.9917E+00  8.2241E+00  7.7406E+00  8.2593E+00  7.7009E+00  1.0105E+01
       1.0873E+01  1.0246E+01  7.9211E+00  6.5531E+00  9.4367E+00  8.2520E+00  7.0961E+00  9.7142E+00  1.1655E+01  8.8294E+00
       1.3731E+01  8.9291E+00  1.0449E+01  8.2012E+00  1.0479E+01  1.0733E+01  9.6922E+00  1.0983E+01  1.2673E+01  9.8318E+00
       9.6640E+00  1.0281E+01  8.5497E+00  8.2386E+00  9.4666E+00  9.0607E+00  9.5755E+00  1.0696E+01  1.1112E+01  1.2866E+01
       1.0677E+01  9.0156E+00  8.5505E+00  8.5461E+00  8.4318E+00  7.1939E+00  7.5531E+00  7.9938E+00  7.7829E+00  1.0510E+01
       9.0484E+00  8.1726E+00  7.7854E+00  8.4539E+00  6.0132E+00  7.6969E+00  7.6514E+00  7.7866E+00  8.4291E+00  1.0122E+01
       8.7639E+00  9.5906E+00  7.4646E+00  7.4290E+00  7.4930E+00  9.9087E+00  1.0443E+01  7.5221E+00  1.1903E+01  1.1439E+01
       1.0064E+01  9.1386E+00  6.4426E+00  7.7050E+00  7.4831E+00  9.2284E+00  8.5283E+00  1.0260E+01  1.0406E+01  1.0355E+01
       1.3633E+01  9.7600E+00  5.9117E+00  1.0272E+01  9.4107E+00  6.1995E+00  9.4163E+00  9.1415E+00  9.3670E+00  1.3403E+01
       1.0786E+01  1.1083E+01  8.8288E+00  1.0612E+01  7.4132E+00  7.6671E+00  9.9184E+00  9.5532E+00  7.0633E+00  9.6618E+00
       1.1353E+01  9.7955E+00  1.1808E+01  9.5125E+00  8.7809E+00  7.7515E+00  9.5952E+00  1.3602E+01  7.6620E+00  1.1189E+01
       1.7877E+01  1.1565E+01  9.8114E+00  6.5272E+00  8.5640E+00  8.9141E+00  8.9369E+00  8.6648E+00  1.2224E+01  1.2734E+01
       1.3249E+01  1.2536E+01  9.6037E+00  9.0871E+00  1.1787E+01  1.1456E+01  1.0151E+01  1.0155E+01  1.2563E+01  1.2433E+01
       9.7758E+00  1.0628E+01  1.2707E+01  1.2135E+01  1.1817E+01  1.2010E+01  9.7809E+00  9.1922E+00  8.7891E+00  1.3253E+01
       1.3009E+01  1.1549E+01  1.0391E+01  9.1276E+00  8.5519E+00  8.9267E+00  1.0157E+01  9.9619E+00  9.2994E+00  1.0105E+01
       1.4434E+01  1.2611E+01  6.2402E+00  9.8489E+00  1.0151E+01  1.2283E+01  9.9432E+00  1.1285E+01  8.6032E+00  1.1498E+01
       9.4139E+00  1.1781E+01  7.0454E+00  9.7146E+00  8.8661E+00  8.1612E+00  8.0682E+00  1.0301E+01  1.2239E+01  1.0324E+01
       1.2059E+01  6.8025E+00  1.1808E+01  7.1491E+00  6.8916E+00  1.0373E+01  1.0771E+01  7.3031E+00  9.6109E+00  7.2496E+00
       1.4831E+01  1.2214E+01  9.4001E+00  9.9728E+00  1.1837E+01  7.8516E+00  7.2897E+00  8.4664E+00  9.2964E+00  1.5528E+01
       1.2393E+01  1.1865E+01  8.0198E+00  1.3543E+01  8.3471E+00  7.3037E+00  9.7580E+00  8.4350E+00  9.6428E+00  1.0554E+01
       2.0206E+01  1.2640E+01  9.5803E+00  9.5912E+00  1.2082E+01  1.1585E+01  1.3121E+01  1.2967E+01  1.0229E+01  1.3102E+01
       1.1546E+01  1.2011E+01  1.2498E+01  9.9167E+00  9.8012E+00  1.1714E+01  1.1432E+01  1.2782E+01  1.4645E+01  1.4096E+01
       1.6976E+01  1.2507E+01  1.1012E+01  1.0673E+01  1.4335E+01  1.0977E+01  1.0550E+01  1.2716E+01  1.8572E+01  1.5511E+01
       1.6918E+01  1.3522E+01  1.3579E+01  1.1240E+01  1.2572E+01  8.6824E+00  9.9168E+00  1.3921E+01  1.3022E+01  1.2079E+01
       1.5860E+01  1.2157E+01  1.3154E+01  8.8048E+00  1.1850E+01  8.9197E+00  1.1976E+01  8.7612E+00  9.9254E+00  1.1033E+01
       1.5041E+01  1.1999E+01  1.0324E+01  1.0289E+01  1.0207E+01  1.2493E+01  9.1339E+00  1.2904E+01  9.9797E+00  1.3494E+01
       1.4953E+01  8.7105E+00  6.9409E+00  1.0527E+01  9.6236E+00  8.2631E+00  1.0511E+01  1.0806E+01  9.1409E+00  1.4133E+01
       1.2991E+01  1.2065E+01  1.1511E+01  8.8687E+00  1.0506E+01  1.3506E+01  1.4169E+01  8.3537E+00  1.1417E+01  1.1060E+01
       1.2511E+01  1.0920E+01  9.1464E+00  1.0872E+01  8.5827E+00  1.0370E+01  7.3564E+00  1.3018E+01  8.8294E+00  1.0909E+01
       1.4970E+01  1.2530E+01  8.8653E+00  1.1120E+01  1.0449E+01  7.4924E+00  8.9884E+00  1.1443E+01  1.2639E+01  1.2476E+01
       1.2486E+01  1.0425E+01  9.5540E+00  1.2486E+01  1.0047E+01  9.2593E+00  1.1196E+01  1.0626E+01  1.4734E+01  1.2399E+01
       1.6788E+01  1.4265E+01  1.5401E+01  1.2461E+01  1.1187E+01  1.2746E+01  1.3906E+01  1.2234E+01  1.9091E+01  1.6117E+01
