1
   Cartesian binning n.   1  "DoseEq    " , generalized particle n.  240
      X coordinate: from -8.5000E+01 to  8.5000E+01 cm,    10 bins ( 1.7000E+01 cm wide)
      Y coordinate: from -2.5000E+01 to  2.5000E+01 cm,    10 bins ( 5.0000E+00 cm wide)
      Z coordinate: from  2.2500E+02 to  2.7500E+02 cm,    10 bins ( 5.0000E+00 cm wide)
      Data follow in a matrix A(ix,iy,iz), format (1(5x,1p,10(1x,e11.4)))

      accurate deposition along the tracks requested
      this is a track-length binning
       2.9799E-04  3.5323E-04  4.0474E-04  4.5055E-04  4.5142E-04  4.6928E-04  4.8146E-04  3.9008E-04  3.4724E-04  2.8353E-04
       3.2404E-04  4.2620E-04  4.7140E-04  5.1627E-04  5.2704E-04  5.1929E-04  5.1248E-04  4.6518E-04  4.0771E-04  3.2609E-04
       3.4527E-04  4.4836E-04  5.0288E-04  5.6164E-04  5.6790E-04  5.7992E-04  5.3472E-04  4.7333E-04  4.2648E-04  3.5767E-04
       3.5834E-04  4.4856E-04  5.0112E-04  5.6166E-04  5.7872E-04  5.7668E-04  5.4961E-04  4.8055E-04  4.6227E-04  3.6335E-04
       3.4863E-04  4.4977E-04  5.0987E-04  5.4206E-04  5.9041E-04  5.8293E-04  5.4458E-04  5.0205E-04  4.5524E-04  3.5238E-04
       3.5212E-04  4.5046E-04  5.0423E-04  5.3074E-04  5.9028E-04  5.8096E-04  5.4796E-04  4.8110E-04  4.4822E-04  3.7863E-04
       3.5441E-04  4.5302E-04  5.1587E-04  5.4443E-04  5.9698E-04  6.0119E-04  5.2887E-04  5.0311E-04  4.4175E-04  3.6613E-04
       3.5459E-04  4.2215E-04  5.0141E-04  5.2182E-04  5.9224E-04  5.6097E-04  5.2761E-04  4.9285E-04  4.4766E-04  3.4013E-04
       3.4066E-04  4.2181E-04  4.6685E-04  5.0195E-04  5.1755E-04  5.2117E-04  4.8816E-04  4.7260E-04  4.2624E-04  3.4033E-04
       2.9842E-04  3.4702E-04  4.0678E-04  4.3108E-04  4.3119E-04  4.6070E-04  4.2707E-04  4.0524E-04  3.4398E-04  2.9552E-04
       2.3212E-04  2.7862E-04  3.4070E-04  3.6976E-04  3.7826E-04  3.9332E-04  4.0000E-04  3.2653E-04  2.7647E-04  2.2802E-04
       2.7500E-04  3.6113E-04  4.1926E-04  4.6011E-04  5.0538E-04  4.7173E-04  4.5011E-04  4.0499E-04  3.5243E-04  2.7502E-04
       2.7412E-04  3.9351E-04  4.5905E-04  5.0732E-04  5.3364E-04  5.3259E-04  4.7928E-04  4.3384E-04  3.8469E-04  3.0110E-04
       3.1319E-04  4.1616E-04  4.6277E-04  5.0757E-04  5.4528E-04  5.3433E-04  5.1572E-04  4.6740E-04  4.1038E-04  3.2429E-04
       3.0773E-04  3.9404E-04  4.7476E-04  5.1997E-04  5.5195E-04  5.4613E-04  5.4326E-04  4.8321E-04  4.1929E-04  3.0834E-04
       3.1217E-04  4.0479E-04  4.9547E-04  5.1665E-04  5.5246E-04  5.5211E-04  4.9492E-04  4.5853E-04  4.2414E-04  3.1255E-04
       3.0062E-04  4.0537E-04  4.8413E-04  5.1071E-04  5.4846E-04  5.5462E-04  5.1626E-04  4.5941E-04  3.9984E-04  3.1924E-04
       3.0497E-04  3.8285E-04  4.7435E-04  4.8986E-04  5.3265E-04  5.0912E-04  4.7717E-04  4.2895E-04  3.9427E-04  2.9676E-04
       2.8241E-04  3.6839E-04  4.0818E-04  4.5094E-04  4.5943E-04  4.7904E-04  4.5852E-04  4.1683E-04  3.6139E-04  2.6345E-04
       2.4501E-04  2.7426E-04  3.4288E-04  3.6297E-04  3.6513E-04  3.7783E-04  3.5185E-04  3.3795E-04  2.7854E-04  2.2096E-04
       1.7262E-04  2.1318E-04  2.6494E-04  2.9924E-04  2.9017E-04  3.0057E-04  2.9651E-04  2.5311E-04  2.0935E-04  1.5963E-04
       2.1586E-04  2.8594E-04  3.2499E-04  3.7721E-04  4.0420E-04  3.8639E-04  3.4865E-04  3.2993E-04  2.5925E-04  1.9274E-04
       2.2220E-04  3.0899E-04  3.8704E-04  3.9713E-04  4.3725E-04  4.1320E-04  3.9521E-04  3.6690E-04  3.3055E-04  2.3038E-04
       2.5044E-04  3.2694E-04  3.8289E-04  4.0394E-04  4.5007E-04  4.4945E-04  4.3437E-04  3.9192E-04  3.3421E-04  2.4807E-04
       2.4412E-04  3.5044E-04  4.0222E-04  4.2780E-04  4.7719E-04  4.5990E-04  4.4783E-04  3.9894E-04  3.5988E-04  2.6081E-04
       2.3891E-04  3.2137E-04  4.1166E-04  4.2400E-04  4.6497E-04  4.7601E-04  4.2032E-04  3.8060E-04  3.3359E-04  2.6590E-04
       2.3537E-04  3.2886E-04  3.8968E-04  4.3184E-04  4.6944E-04  4.8482E-04  4.4233E-04  3.7395E-04  3.4373E-04  2.5720E-04
       2.2452E-04  3.1465E-04  3.7049E-04  4.1304E-04  4.5210E-04  4.2839E-04  4.1135E-04  3.6913E-04  3.2281E-04  2.3550E-04
       2.1702E-04  2.9744E-04  3.3673E-04  3.6735E-04  3.9303E-04  3.8648E-04  3.4995E-04  3.5351E-04  2.9564E-04  2.1193E-04
       1.7239E-04  2.0305E-04  2.5748E-04  2.7690E-04  2.8287E-04  2.9412E-04  2.7218E-04  2.6326E-04  2.2106E-04  1.6421E-04
       1.2427E-04  1.6851E-04  2.0537E-04  2.3320E-04  2.3128E-04  2.3807E-04  2.2383E-04  1.9531E-04  1.4674E-04  1.2312E-04
       1.6719E-04  2.1195E-04  2.4584E-04  3.0989E-04  3.1003E-04  3.0773E-04  2.7851E-04  2.5158E-04  2.1332E-04  1.5487E-04
       1.7618E-04  2.5431E-04  3.1267E-04  3.1275E-04  3.4928E-04  3.2320E-04  3.3662E-04  3.0781E-04  2.5416E-04  1.8920E-04
       2.0058E-04  2.6429E-04  3.0469E-04  3.2247E-04  3.5896E-04  3.4870E-04  3.5535E-04  3.1872E-04  2.7089E-04  2.0220E-04
       2.0295E-04  2.7100E-04  3.2519E-04  3.5474E-04  3.6920E-04  3.5139E-04  3.4975E-04  3.1633E-04  2.7097E-04  2.0942E-04
       2.0260E-04  2.6703E-04  3.2651E-04  3.5426E-04  3.5944E-04  3.8133E-04  3.5552E-04  3.2031E-04  2.8490E-04  2.1018E-04
       1.9608E-04  2.6548E-04  3.1324E-04  3.4467E-04  3.7347E-04  3.8934E-04  3.4703E-04  2.8417E-04  2.6939E-04  2.0078E-04
       1.6078E-04  2.5510E-04  3.0488E-04  3.3499E-04  3.3546E-04  3.4335E-04  3.1880E-04  2.8597E-04  2.5348E-04  1.7812E-04
       1.5727E-04  2.3695E-04  2.5472E-04  3.0443E-04  3.0282E-04  2.9283E-04  2.6813E-04  2.6393E-04  2.2202E-04  1.5070E-04
       1.2082E-04  1.5337E-04  1.8272E-04  2.3283E-04  2.3053E-04  2.0886E-04  2.1234E-04  2.0100E-04  1.7026E-04  1.1379E-04
       1.0032E-04  1.2857E-04  1.5374E-04  1.8152E-04  1.7446E-04  1.9155E-04  1.6398E-04  1.5887E-04  1.0703E-04  9.5466E-05
       1.1735E-04  1.6170E-04  2.1712E-04  2.4806E-04  2.4086E-04  2.3594E-04  2.1572E-04  1.9779E-04  1.5206E-04  1.1587E-04
       1.3393E-04  1.9332E-04  2.4501E-04  2.4974E-04  2.7657E-04  2.6693E-04  2.6052E-04  2.2597E-04  1.8514E-04  1.4428E-04
       1.4814E-04  2.1330E-04  2.5348E-04  2.7343E-04  2.9504E-04  2.7117E-04  2.8307E-04  2.3075E-04  2.1083E-04  1.5369E-04
       1.5092E-04  2.1191E-04  2.5884E-04  2.7833E-04  2.8503E-04  2.7772E-04  2.8266E-04  2.5308E-04  2.1466E-04  1.6751E-04
       1.5871E-04  2.1484E-04  2.5753E-04  2.7388E-04  2.9941E-04  2.8866E-04  2.7532E-04  2.4641E-04  2.1813E-04  1.6131E-04
       1.5770E-04  2.1141E-04  2.6044E-04  2.6778E-04  3.0958E-04  2.8846E-04  2.7552E-04  2.2096E-04  2.1948E-04  1.6006E-04
       1.3853E-04  1.9573E-04  2.3105E-04  2.6576E-04  2.7456E-04  2.6561E-04  2.6093E-04  2.1582E-04  2.1097E-04  1.3990E-04
       1.2794E-04  1.7768E-04  2.1770E-04  2.3380E-04  2.5178E-04  2.2742E-04  2.3518E-04  1.9253E-04  1.6724E-04  1.1842E-04
       9.0774E-05  1.2526E-04  1.5550E-04  1.8272E-04  1.6785E-04  1.6749E-04  1.5889E-04  1.4506E-04  1.3121E-04  8.7991E-05
       7.4063E-05  1.0230E-04  1.1799E-04  1.3496E-04  1.3628E-04  1.4781E-04  1.1415E-04  1.1337E-04  9.0046E-05  7.1187E-05
       9.2913E-05  1.2605E-04  1.6352E-04  1.7380E-04  1.7565E-04  1.7774E-04  1.6592E-04  1.5209E-04  1.3433E-04  8.9777E-05
       1.0165E-04  1.4351E-04  1.8091E-04  2.0536E-04  2.1028E-04  1.9648E-04  1.9689E-04  1.7200E-04  1.4986E-04  1.0938E-04
       1.1464E-04  1.7009E-04  1.8291E-04  2.0918E-04  2.3045E-04  2.1226E-04  2.2093E-04  1.8679E-04  1.6887E-04  1.2958E-04
       1.2489E-04  1.5701E-04  2.0031E-04  2.2111E-04  2.3412E-04  2.2995E-04  2.2763E-04  2.0015E-04  1.7134E-04  1.2867E-04
       1.1470E-04  1.6090E-04  2.0719E-04  2.2449E-04  2.1899E-04  2.3846E-04  2.3085E-04  1.8377E-04  1.7755E-04  1.2274E-04
       1.0910E-04  1.5810E-04  1.9173E-04  2.2362E-04  2.3522E-04  2.3399E-04  2.0940E-04  1.7785E-04  1.6495E-04  1.1652E-04
       1.0547E-04  1.5182E-04  1.8399E-04  1.9478E-04  2.0105E-04  2.0772E-04  2.0747E-04  1.7420E-04  1.5524E-04  1.0448E-04
       1.0053E-04  1.3737E-04  1.7777E-04  1.7105E-04  2.0491E-04  1.9781E-04  1.8586E-04  1.5467E-04  1.2309E-04  9.4202E-05
       7.1890E-05  9.2491E-05  1.1836E-04  1.3424E-04  1.2688E-04  1.4103E-04  1.3493E-04  1.1718E-04  1.0103E-04  6.9869E-05
       5.8025E-05  7.3951E-05  8.9515E-05  1.0233E-04  1.0550E-04  1.0585E-04  9.5489E-05  9.2540E-05  6.4679E-05  5.2496E-05
       7.2059E-05  9.6834E-05  1.2829E-04  1.4104E-04  1.4414E-04  1.2816E-04  1.3416E-04  1.1157E-04  9.4694E-05  6.7682E-05
       7.6369E-05  1.1965E-04  1.3623E-04  1.5758E-04  1.6113E-04  1.4823E-04  1.5894E-04  1.5226E-04  1.2106E-04  8.1095E-05
       8.6629E-05  1.3241E-04  1.4578E-04  1.6638E-04  1.9213E-04  1.6250E-04  1.7093E-04  1.4520E-04  1.2717E-04  9.3386E-05
       8.2297E-05  1.2296E-04  1.5566E-04  1.6888E-04  1.8827E-04  1.8869E-04  1.7304E-04  1.4502E-04  1.3635E-04  9.5771E-05
       9.2203E-05  1.2184E-04  1.6752E-04  1.6673E-04  1.7047E-04  1.7973E-04  1.8038E-04  1.5685E-04  1.4424E-04  9.6866E-05
       8.6121E-05  1.1895E-04  1.5962E-04  1.6261E-04  1.7301E-04  1.6455E-04  1.7657E-04  1.4643E-04  1.2662E-04  8.3431E-05
       8.2635E-05  1.0665E-04  1.3843E-04  1.5447E-04  1.6408E-04  1.6511E-04  1.6004E-04  1.3219E-04  1.1447E-04  8.5017E-05
       7.1241E-05  8.9851E-05  1.3343E-04  1.3634E-04  1.5547E-04  1.4816E-04  1.4831E-04  1.2972E-04  9.1137E-05  7.5393E-05
       6.0957E-05  7.0266E-05  9.0109E-05  9.9796E-05  1.0268E-04  1.1001E-04  1.0722E-04  1.0224E-04  7.1583E-05  5.0329E-05
       4.1608E-05  5.2836E-05  6.2324E-05  8.6123E-05  8.0411E-05  8.3030E-05  6.9988E-05  7.0919E-05  5.8742E-05  4.4638E-05
       5.2427E-05  7.0390E-05  9.9506E-05  1.0921E-04  1.0973E-04  1.0792E-04  1.0416E-04  8.3218E-05  7.7900E-05  5.2504E-05
       6.5015E-05  9.5334E-05  1.0558E-04  1.1497E-04  1.3982E-04  1.2056E-04  1.1452E-04  1.1322E-04  9.5130E-05  6.4327E-05
       6.1210E-05  9.9148E-05  1.0948E-04  1.2958E-04  1.5688E-04  1.3182E-04  1.2382E-04  1.1607E-04  9.6492E-05  6.5535E-05
       6.5499E-05  1.0149E-04  1.2106E-04  1.4329E-04  1.4363E-04  1.3493E-04  1.3146E-04  1.1594E-04  1.0327E-04  6.7740E-05
       6.6525E-05  9.3374E-05  1.1984E-04  1.3674E-04  1.3521E-04  1.3730E-04  1.4324E-04  1.1910E-04  1.1217E-04  7.9868E-05
       6.4205E-05  9.5574E-05  1.2113E-04  1.3065E-04  1.2698E-04  1.3394E-04  1.2197E-04  1.1074E-04  1.0308E-04  7.4591E-05
       6.4773E-05  7.3252E-05  1.0773E-04  1.1615E-04  1.2833E-04  1.3281E-04  1.1600E-04  9.9222E-05  9.4431E-05  6.3853E-05
       5.6662E-05  7.3605E-05  1.0233E-04  1.0706E-04  1.1948E-04  1.1183E-04  1.1179E-04  9.4372E-05  6.8088E-05  6.2989E-05
       4.4794E-05  5.9590E-05  7.4123E-05  7.6052E-05  8.6891E-05  8.5787E-05  8.4046E-05  7.7312E-05  5.4605E-05  4.4465E-05
       3.5053E-05  4.1575E-05  5.2192E-05  5.7875E-05  6.2746E-05  6.0297E-05  4.7761E-05  5.0716E-05  4.8467E-05  3.6388E-05
       4.1103E-05  5.4501E-05  7.0050E-05  7.4122E-05  7.8873E-05  8.3417E-05  6.6022E-05  6.6737E-05  6.0498E-05  4.3110E-05
       5.3905E-05  6.5610E-05  8.1514E-05  8.3898E-05  9.8396E-05  9.4085E-05  1.0088E-04  8.3560E-05  6.4510E-05  4.6573E-05
       5.3121E-05  7.4984E-05  8.2755E-05  8.8542E-05  1.0491E-04  9.4317E-05  9.4033E-05  9.2428E-05  6.5953E-05  4.9009E-05
       5.5046E-05  7.2015E-05  8.8103E-05  9.6450E-05  9.9837E-05  9.7226E-05  1.0428E-04  8.7185E-05  7.8104E-05  5.1485E-05
       5.1618E-05  7.4012E-05  9.6417E-05  1.0825E-04  9.9071E-05  9.9032E-05  1.0186E-04  9.5519E-05  7.8497E-05  5.6715E-05
       4.6429E-05  7.0417E-05  9.9470E-05  1.0961E-04  1.0063E-04  9.6868E-05  9.0984E-05  8.4030E-05  8.4257E-05  5.2617E-05
       4.1828E-05  5.8480E-05  8.8158E-05  9.1522E-05  9.6856E-05  9.1612E-05  8.4736E-05  7.9200E-05  6.9810E-05  4.3736E-05
       4.0983E-05  5.8785E-05  7.1126E-05  8.1662E-05  9.4879E-05  8.7261E-05  8.9490E-05  6.9323E-05  5.1885E-05  4.9347E-05
       3.0762E-05  5.0083E-05  5.6159E-05  5.7125E-05  6.7482E-05  6.7895E-05  6.0355E-05  5.2748E-05  4.1647E-05  4.1345E-05
       2.8438E-05  3.4303E-05  4.0828E-05  4.5592E-05  4.6098E-05  4.0493E-05  3.2832E-05  3.5660E-05  3.2765E-05  2.6787E-05
       3.0839E-05  4.4298E-05  5.5679E-05  5.3170E-05  6.1000E-05  5.6703E-05  5.0302E-05  5.1292E-05  3.8796E-05  3.1992E-05
       3.8518E-05  5.2059E-05  6.2104E-05  6.0025E-05  6.3262E-05  6.5464E-05  6.6133E-05  4.9813E-05  5.1708E-05  3.8979E-05
       3.7783E-05  5.1704E-05  6.2006E-05  6.1954E-05  6.8127E-05  6.0892E-05  6.5898E-05  5.2709E-05  4.9878E-05  3.7531E-05
       4.1173E-05  5.7890E-05  6.3326E-05  6.7787E-05  6.7789E-05  6.5241E-05  7.2990E-05  6.3170E-05  5.1755E-05  3.6328E-05
       3.9861E-05  6.2971E-05  5.7556E-05  6.8572E-05  6.4405E-05  7.0602E-05  7.6478E-05  6.0947E-05  5.2688E-05  4.4583E-05
       4.2265E-05  5.9605E-05  6.4796E-05  6.5875E-05  6.3578E-05  7.9280E-05  7.2655E-05  6.2345E-05  5.3914E-05  3.6986E-05
       3.2021E-05  4.7249E-05  6.2134E-05  6.0741E-05  6.2034E-05  6.6446E-05  6.4212E-05  5.7380E-05  4.2755E-05  3.6027E-05
       3.3209E-05  4.0637E-05  4.6035E-05  5.1429E-05  6.9630E-05  5.8890E-05  5.0761E-05  5.2832E-05  4.0866E-05  3.4555E-05
       3.0109E-05  3.5505E-05  3.9368E-05  4.2787E-05  5.1910E-05  4.6865E-05  3.8246E-05  4.3827E-05  3.7055E-05  3.4854E-05

      Percentage errors follow in a matrix A(ix,iy,iz), format (1(5x,1p,10(1x,e11.4)))

       3.1820E+00  2.9514E+00  3.1825E+00  2.5327E+00  3.0247E+00  2.5570E+00  2.6340E+00  2.0992E+00  3.2600E+00  4.1182E+00
       2.3138E+00  2.3795E+00  2.5476E+00  2.2106E+00  2.2157E+00  2.2506E+00  2.1647E+00  3.1134E+00  3.4742E+00  3.3205E+00
       2.6229E+00  2.7970E+00  2.8194E+00  2.6667E+00  3.2410E+00  2.0587E+00  2.6777E+00  3.0731E+00  3.2286E+00  2.1296E+00
       2.5493E+00  3.1761E+00  2.9125E+00  2.2422E+00  3.4569E+00  2.1869E+00  2.7157E+00  2.3635E+00  2.8568E+00  3.7591E+00
       3.0529E+00  2.5732E+00  2.5148E+00  2.6936E+00  2.0767E+00  1.8663E+00  2.5609E+00  2.1948E+00  2.1648E+00  2.8278E+00
       2.9255E+00  2.1588E+00  1.9418E+00  2.9306E+00  2.3888E+00  2.1487E+00  2.8770E+00  2.8161E+00  3.1587E+00  2.6241E+00
       3.2970E+00  1.7930E+00  2.5406E+00  2.4539E+00  2.4448E+00  2.7598E+00  2.6488E+00  2.5813E+00  2.7984E+00  3.2931E+00
       3.0011E+00  2.4312E+00  2.6063E+00  2.5250E+00  2.6854E+00  2.3268E+00  1.9324E+00  2.7380E+00  2.6034E+00  3.1476E+00
       3.2485E+00  2.9909E+00  2.7136E+00  2.6656E+00  2.7853E+00  2.5334E+00  2.4480E+00  2.8941E+00  2.8008E+00  2.4943E+00
       4.0819E+00  2.9324E+00  2.8206E+00  3.3122E+00  2.4727E+00  3.6517E+00  2.3467E+00  2.7235E+00  2.1916E+00  3.5936E+00
       2.8958E+00  3.3474E+00  3.3767E+00  1.9300E+00  3.8970E+00  3.4117E+00  2.9048E+00  2.8680E+00  3.0914E+00  3.9846E+00
       3.2927E+00  2.8363E+00  2.5139E+00  2.5910E+00  3.0812E+00  2.9012E+00  2.6081E+00  2.5313E+00  3.3025E+00  4.1273E+00
       3.7370E+00  2.8881E+00  3.0698E+00  2.4976E+00  2.0840E+00  2.6662E+00  2.5948E+00  2.8004E+00  3.1992E+00  3.0403E+00
       4.2014E+00  4.0968E+00  2.9943E+00  3.1352E+00  3.1715E+00  1.8734E+00  2.8344E+00  3.1754E+00  3.3622E+00  2.3863E+00
       3.9925E+00  3.2319E+00  2.6976E+00  3.1552E+00  3.2381E+00  1.8559E+00  2.6913E+00  2.7582E+00  3.0253E+00  3.5417E+00
       3.9171E+00  4.0278E+00  2.8457E+00  2.6433E+00  2.7576E+00  2.4793E+00  2.7900E+00  2.1629E+00  3.2734E+00  3.7440E+00
       3.7532E+00  2.6206E+00  2.3662E+00  2.5103E+00  2.6083E+00  3.2975E+00  3.0639E+00  3.1989E+00  2.4811E+00  3.2598E+00
       3.0456E+00  3.1924E+00  3.2725E+00  2.0378E+00  2.5187E+00  2.6035E+00  2.4084E+00  2.3945E+00  2.8737E+00  1.9194E+00
       4.0704E+00  2.8370E+00  2.7241E+00  2.7304E+00  2.8203E+00  2.8795E+00  3.3916E+00  2.6640E+00  3.1009E+00  3.8577E+00
       4.0031E+00  3.0449E+00  3.4939E+00  3.7041E+00  2.1912E+00  3.5180E+00  3.3415E+00  3.0085E+00  2.9714E+00  4.9699E+00
       4.5579E+00  3.6555E+00  4.0853E+00  2.9004E+00  2.8640E+00  4.1768E+00  3.3607E+00  3.6765E+00  4.9425E+00  3.3964E+00
       4.2788E+00  2.8965E+00  3.6347E+00  3.1232E+00  3.1167E+00  2.4096E+00  2.9008E+00  1.7103E+00  4.1454E+00  4.6393E+00
       4.5067E+00  2.9974E+00  3.8890E+00  3.1463E+00  2.8833E+00  2.5757E+00  2.9959E+00  2.4469E+00  3.2350E+00  4.3311E+00
       4.4433E+00  2.7731E+00  2.7185E+00  3.4557E+00  3.0692E+00  2.7634E+00  1.8049E+00  3.2352E+00  3.3908E+00  3.4211E+00
       4.9377E+00  2.7892E+00  2.8340E+00  4.1594E+00  2.3436E+00  2.2929E+00  2.6767E+00  2.8966E+00  3.5167E+00  3.4008E+00
       3.3206E+00  3.3429E+00  2.7262E+00  3.3491E+00  3.1955E+00  3.0301E+00  3.3964E+00  2.1794E+00  2.5143E+00  4.0381E+00
       4.4856E+00  2.3764E+00  2.7675E+00  2.5203E+00  2.1970E+00  2.8831E+00  3.5326E+00  3.4717E+00  2.2603E+00  3.4186E+00
       4.2227E+00  3.7773E+00  3.0886E+00  2.2910E+00  3.4383E+00  3.2185E+00  3.7690E+00  3.1722E+00  2.1816E+00  3.6021E+00
       5.1598E+00  2.6696E+00  3.6176E+00  3.4054E+00  2.6277E+00  2.8232E+00  3.9518E+00  2.8630E+00  3.2396E+00  4.3332E+00
       5.5178E+00  3.7044E+00  2.5327E+00  3.9883E+00  3.6896E+00  3.8263E+00  3.2801E+00  3.1281E+00  4.4794E+00  5.5135E+00
       4.7496E+00  4.0305E+00  4.1702E+00  4.3376E+00  3.3598E+00  5.0090E+00  5.5349E+00  3.9773E+00  4.4719E+00  4.8935E+00
       4.5930E+00  4.4950E+00  4.6000E+00  3.1123E+00  3.8826E+00  3.5572E+00  2.5511E+00  3.2233E+00  4.8802E+00  5.1412E+00
       3.5524E+00  3.6560E+00  4.5147E+00  3.0148E+00  3.8395E+00  3.6746E+00  3.4998E+00  3.6683E+00  3.9612E+00  4.9589E+00
       4.5290E+00  3.5577E+00  3.7130E+00  2.8871E+00  2.9366E+00  3.6671E+00  4.0796E+00  3.2321E+00  3.9025E+00  4.6161E+00
       3.3282E+00  3.3644E+00  3.5033E+00  4.4108E+00  3.8945E+00  3.1171E+00  3.7126E+00  2.9160E+00  4.3965E+00  3.3679E+00
       4.8050E+00  4.1873E+00  2.8620E+00  3.1473E+00  2.7950E+00  3.1925E+00  3.4773E+00  3.6917E+00  3.7969E+00  4.4253E+00
       4.1820E+00  3.6584E+00  3.0497E+00  3.5424E+00  3.3878E+00  3.7000E+00  4.0573E+00  3.7248E+00  3.3229E+00  3.6744E+00
       3.8194E+00  3.0447E+00  4.5557E+00  3.1260E+00  3.6984E+00  3.3693E+00  2.7905E+00  3.8801E+00  3.2309E+00  4.7172E+00
       4.7199E+00  3.3519E+00  3.9916E+00  3.9555E+00  3.2204E+00  4.0794E+00  3.2288E+00  3.3172E+00  3.6797E+00  5.1372E+00
       5.7838E+00  3.1787E+00  3.5765E+00  5.3150E+00  4.8266E+00  3.8875E+00  3.1914E+00  4.3515E+00  5.2424E+00  5.9782E+00
       5.0571E+00  5.6593E+00  5.1480E+00  5.0293E+00  4.9374E+00  5.3014E+00  5.1148E+00  3.8499E+00  5.6249E+00  6.4090E+00
       4.3385E+00  3.6924E+00  4.4726E+00  3.7448E+00  3.4464E+00  3.5623E+00  3.6644E+00  4.3302E+00  4.1205E+00  6.7812E+00
       3.1165E+00  3.1178E+00  4.4143E+00  4.4678E+00  3.8107E+00  4.0980E+00  4.2242E+00  3.7231E+00  3.6363E+00  6.2716E+00
       7.8749E+00  3.9183E+00  3.2151E+00  3.4762E+00  2.7639E+00  4.4195E+00  4.3580E+00  2.3287E+00  5.0352E+00  4.3378E+00
       4.6769E+00  3.8689E+00  3.7529E+00  5.1585E+00  3.5877E+00  3.7017E+00  2.7394E+00  4.0824E+00  3.5236E+00  4.6953E+00
       5.0753E+00  3.4493E+00  3.5579E+00  3.8510E+00  3.7027E+00  2.2946E+00  4.1992E+00  5.1458E+00  3.7799E+00  4.4379E+00
       4.1806E+00  4.7682E+00  4.5289E+00  3.1911E+00  2.8264E+00  4.0133E+00  4.0129E+00  5.4336E+00  3.9363E+00  5.3923E+00
       5.1472E+00  3.5895E+00  3.9699E+00  3.2561E+00  3.3957E+00  2.9067E+00  3.6706E+00  5.0144E+00  3.7956E+00  4.7663E+00
       5.1006E+00  5.4010E+00  4.5170E+00  3.6988E+00  4.3636E+00  4.5192E+00  4.2736E+00  4.1622E+00  4.5555E+00  4.5707E+00
       8.2254E+00  5.1554E+00  4.4003E+00  3.9949E+00  4.4799E+00  4.5361E+00  4.5930E+00  4.0283E+00  6.2929E+00  5.7973E+00
       6.9696E+00  7.5195E+00  4.5922E+00  5.3099E+00  5.4333E+00  3.9682E+00  6.4195E+00  4.5886E+00  6.6903E+00  6.4538E+00
       4.9286E+00  4.4117E+00  3.4585E+00  4.3691E+00  3.4834E+00  3.6901E+00  3.8714E+00  5.0039E+00  6.7485E+00  6.3809E+00
       6.0812E+00  4.8087E+00  5.0275E+00  3.7874E+00  3.9908E+00  4.4234E+00  3.6394E+00  5.3827E+00  5.9610E+00  6.4108E+00
       6.7488E+00  4.8646E+00  4.5199E+00  3.3639E+00  3.5054E+00  4.3109E+00  3.6343E+00  4.3415E+00  5.1436E+00  5.2605E+00
       5.6807E+00  4.2875E+00  3.9323E+00  5.4073E+00  4.8496E+00  3.4449E+00  2.8063E+00  4.3004E+00  5.0353E+00  4.8166E+00
       5.5557E+00  4.3607E+00  4.4610E+00  5.7959E+00  4.3183E+00  3.7209E+00  3.8340E+00  5.0187E+00  5.5125E+00  6.2030E+00
       6.0103E+00  6.4769E+00  3.3582E+00  3.7177E+00  3.7847E+00  4.3259E+00  4.3035E+00  6.1414E+00  3.5532E+00  4.0034E+00
       4.8257E+00  5.1267E+00  3.9148E+00  3.8293E+00  3.6964E+00  2.6935E+00  3.4065E+00  4.8569E+00  5.3715E+00  7.4792E+00
       6.1476E+00  5.0985E+00  3.9181E+00  3.4612E+00  5.0881E+00  4.3124E+00  3.7821E+00  4.9386E+00  3.8464E+00  5.1930E+00
       7.3806E+00  5.9556E+00  7.5689E+00  4.1484E+00  6.0018E+00  4.2093E+00  4.6740E+00  4.8819E+00  6.4051E+00  6.7825E+00
       6.6425E+00  5.4363E+00  4.4082E+00  5.2868E+00  6.5390E+00  5.5911E+00  6.5022E+00  6.6886E+00  6.7542E+00  8.9859E+00
       9.1864E+00  5.8551E+00  5.0981E+00  4.4057E+00  5.8855E+00  4.9269E+00  4.3104E+00  4.1107E+00  8.4182E+00  6.5358E+00
       8.0744E+00  6.6750E+00  3.6183E+00  4.7419E+00  3.7931E+00  6.4655E+00  4.7633E+00  4.9730E+00  6.1304E+00  5.3340E+00
       5.0942E+00  5.3589E+00  5.1300E+00  5.5741E+00  4.2551E+00  4.5198E+00  3.6923E+00  5.7802E+00  4.6777E+00  6.2904E+00
       5.5474E+00  4.4326E+00  4.8098E+00  5.6056E+00  5.0190E+00  4.2185E+00  4.6459E+00  6.2089E+00  6.7064E+00  5.3418E+00
       5.9635E+00  4.3908E+00  4.2595E+00  6.9810E+00  3.6955E+00  4.0284E+00  4.3424E+00  5.7407E+00  6.0439E+00  6.3629E+00
       6.3889E+00  5.2514E+00  3.7589E+00  4.6730E+00  4.5720E+00  5.0342E+00  4.7062E+00  7.2016E+00  4.8558E+00  6.6026E+00
       7.0733E+00  5.1184E+00  4.1994E+00  5.2392E+00  3.9225E+00  4.2288E+00  5.6236E+00  4.7433E+00  5.3432E+00  7.2450E+00
       9.2522E+00  6.7630E+00  4.7604E+00  4.5202E+00  3.9676E+00  5.1727E+00  4.7996E+00  4.6348E+00  5.2877E+00  7.6221E+00
       8.3850E+00  5.4069E+00  5.5982E+00  4.8134E+00  6.1793E+00  5.1513E+00  4.8660E+00  6.7947E+00  6.0191E+00  7.7862E+00
       8.7599E+00  4.8833E+00  5.8396E+00  8.3128E+00  6.7328E+00  5.9219E+00  6.7170E+00  4.8527E+00  6.5509E+00  8.9347E+00
       7.0515E+00  6.7559E+00  6.8620E+00  6.1667E+00  5.9460E+00  5.9373E+00  6.4935E+00  4.7304E+00  5.0229E+00  7.4245E+00
       8.2435E+00  7.2495E+00  6.4434E+00  6.6327E+00  5.1719E+00  5.1606E+00  5.3821E+00  6.0677E+00  6.8310E+00  6.0519E+00
       6.6029E+00  5.2075E+00  5.0077E+00  6.9996E+00  7.6246E+00  6.5268E+00  4.4797E+00  6.5481E+00  5.6585E+00  5.6959E+00
       6.3136E+00  5.3708E+00  5.2247E+00  5.3319E+00  4.9842E+00  3.8151E+00  3.8062E+00  5.5391E+00  7.1985E+00  5.6058E+00
       6.4166E+00  6.3480E+00  5.0204E+00  4.3052E+00  6.0063E+00  5.3914E+00  4.7548E+00  5.8575E+00  6.9819E+00  5.8405E+00
       8.9644E+00  6.7837E+00  4.5366E+00  7.6073E+00  4.6010E+00  5.1892E+00  5.3539E+00  4.5996E+00  5.9892E+00  8.9625E+00
       8.5093E+00  6.5519E+00  4.7949E+00  6.5339E+00  4.6873E+00  4.6343E+00  6.2423E+00  4.6361E+00  4.8545E+00  7.8650E+00
       8.8051E+00  7.6997E+00  6.4509E+00  6.1425E+00  5.3382E+00  4.7929E+00  7.0110E+00  6.4621E+00  7.1549E+00  6.5051E+00
       7.8004E+00  6.7564E+00  4.8054E+00  7.0621E+00  4.3100E+00  6.6889E+00  5.7219E+00  6.4628E+00  6.3505E+00  9.3870E+00
       1.0678E+01  7.1062E+00  6.8140E+00  9.9190E+00  7.3034E+00  7.4632E+00  7.7756E+00  1.0032E+01  8.2409E+00  7.5817E+00
       7.3637E+00  8.2440E+00  7.6521E+00  1.0194E+01  7.2243E+00  7.0514E+00  7.9800E+00  8.4816E+00  7.7447E+00  7.1718E+00
       9.2016E+00  7.0903E+00  6.5952E+00  6.5819E+00  6.4476E+00  7.4720E+00  6.2583E+00  5.7150E+00  9.7975E+00  6.0676E+00
       8.3083E+00  7.9738E+00  5.7420E+00  5.6525E+00  5.0546E+00  5.8139E+00  5.5382E+00  5.5404E+00  7.7616E+00  6.2612E+00
       7.2887E+00  5.2238E+00  6.5413E+00  5.5373E+00  6.4528E+00  6.1047E+00  6.6223E+00  5.8323E+00  6.9340E+00  5.6345E+00
       7.0181E+00  5.1219E+00  5.0667E+00  5.6897E+00  5.9965E+00  7.3403E+00  4.9002E+00  5.3358E+00  6.1357E+00  5.5448E+00
       7.1572E+00  7.0567E+00  3.9541E+00  8.3664E+00  5.0005E+00  5.2621E+00  6.9896E+00  4.7436E+00  7.6692E+00  9.2149E+00
       1.0824E+01  7.9682E+00  5.8974E+00  7.0564E+00  6.5922E+00  5.4128E+00  6.5847E+00  7.9419E+00  6.1282E+00  1.0957E+01
       1.2751E+01  9.1815E+00  8.9661E+00  8.0565E+00  5.6972E+00  7.4689E+00  7.3656E+00  7.5681E+00  7.6465E+00  8.9904E+00
       9.3402E+00  7.9996E+00  7.3435E+00  9.8345E+00  6.5221E+00  6.2129E+00  7.5107E+00  7.4594E+00  7.2009E+00  8.8409E+00
       9.8221E+00  1.1796E+01  9.9619E+00  7.9501E+00  7.5800E+00  9.2922E+00  1.1488E+01  1.0641E+01  9.1818E+00  8.6160E+00
       1.0258E+01  8.1872E+00  6.9847E+00  1.0741E+01  5.8954E+00  5.3501E+00  7.6074E+00  9.1061E+00  8.5563E+00  7.8076E+00
       6.4436E+00  9.3088E+00  7.2411E+00  6.8213E+00  6.4924E+00  7.3076E+00  7.7215E+00  9.7055E+00  1.1754E+01  8.2215E+00
       8.9111E+00  8.1479E+00  7.2815E+00  6.2817E+00  5.4526E+00  5.6568E+00  6.9191E+00  5.5810E+00  7.7832E+00  9.8851E+00
       6.8765E+00  6.3620E+00  7.1268E+00  8.8534E+00  6.7434E+00  5.9566E+00  1.0505E+01  8.5513E+00  6.8540E+00  6.6709E+00
       8.7689E+00  5.2059E+00  4.7799E+00  7.2945E+00  6.6601E+00  8.0219E+00  5.8631E+00  6.9430E+00  5.8233E+00  7.5447E+00
       8.7290E+00  6.5098E+00  5.0542E+00  6.5649E+00  5.9598E+00  6.4275E+00  7.0367E+00  6.3171E+00  6.5572E+00  7.2931E+00
       1.3959E+01  7.2466E+00  6.5610E+00  9.1315E+00  6.6216E+00  6.1911E+00  7.2215E+00  5.9263E+00  7.7202E+00  8.6332E+00
       9.6563E+00  8.7547E+00  8.3051E+00  1.0323E+01  6.5378E+00  7.7625E+00  9.4114E+00  7.3814E+00  9.1117E+00  7.8982E+00
       9.6402E+00  9.2929E+00  7.3023E+00  1.0568E+01  6.0104E+00  7.8620E+00  6.9004E+00  6.6597E+00  9.1875E+00  9.8282E+00
