1
   Cartesian binning n.   1  "DoseEq    " , generalized particle n.  240
      X coordinate: from -8.5000E+01 to  8.5000E+01 cm,    10 bins ( 1.7000E+01 cm wide)
      Y coordinate: from -2.5000E+01 to  2.5000E+01 cm,    10 bins ( 5.0000E+00 cm wide)
      Z coordinate: from  2.2500E+02 to  2.7500E+02 cm,    10 bins ( 5.0000E+00 cm wide)
      Data follow in a matrix A(ix,iy,iz), format (1(5x,1p,10(1x,e11.4)))

      accurate deposition along the tracks requested
      this is a track-length binning
       1.7496E-04  2.3394E-04  2.6733E-04  2.7181E-04  2.9730E-04  2.8341E-04  2.9163E-04  2.4386E-04  2.0840E-04  1.9310E-04
       2.0018E-04  2.5452E-04  3.1103E-04  3.3870E-04  3.3114E-04  3.4156E-04  3.2746E-04  2.9051E-04  2.5915E-04  2.0916E-04
       2.1677E-04  2.7003E-04  3.2114E-04  3.2402E-04  3.5631E-04  3.6121E-04  3.3771E-04  3.0314E-04  2.6906E-04  2.1964E-04
       2.3641E-04  2.7261E-04  3.0153E-04  3.6003E-04  3.5912E-04  3.9550E-04  3.2268E-04  3.1975E-04  2.7180E-04  2.2721E-04
       2.0693E-04  2.8160E-04  3.1630E-04  3.5249E-04  3.7690E-04  3.6618E-04  3.5064E-04  3.1528E-04  2.9052E-04  2.2340E-04
       2.1490E-04  2.9082E-04  3.1889E-04  3.6417E-04  3.6112E-04  3.6931E-04  3.5817E-04  3.3855E-04  2.9254E-04  2.0484E-04
       2.2074E-04  2.7350E-04  3.1695E-04  3.4415E-04  3.5933E-04  3.6308E-04  3.4308E-04  3.2013E-04  2.7623E-04  2.2862E-04
       2.1414E-04  2.8194E-04  3.1255E-04  3.3618E-04  3.5886E-04  3.5389E-04  3.3715E-04  3.1889E-04  2.7691E-04  2.2690E-04
       1.9627E-04  2.4320E-04  3.0750E-04  3.2855E-04  3.2233E-04  3.3134E-04  3.1756E-04  2.9159E-04  2.6624E-04  2.0534E-04
       1.8485E-04  2.2256E-04  2.5331E-04  2.8613E-04  2.9615E-04  2.8538E-04  2.9164E-04  2.4151E-04  2.2213E-04  1.7095E-04
       1.3282E-04  1.9735E-04  2.2428E-04  2.3389E-04  2.4177E-04  2.4285E-04  2.4462E-04  2.1013E-04  1.7997E-04  1.5303E-04
       1.6580E-04  2.4488E-04  2.7134E-04  2.9997E-04  3.0558E-04  3.0812E-04  2.9190E-04  2.6772E-04  2.3992E-04  1.8937E-04
       1.9380E-04  2.7400E-04  3.1111E-04  3.2434E-04  3.3171E-04  3.4393E-04  3.1454E-04  2.9006E-04  2.5141E-04  1.9803E-04
       2.1011E-04  2.6453E-04  3.0020E-04  3.3556E-04  3.5898E-04  3.7384E-04  3.2076E-04  2.9351E-04  2.5892E-04  2.0523E-04
       2.0192E-04  2.6826E-04  2.9797E-04  3.3358E-04  3.5191E-04  3.4650E-04  3.3424E-04  3.0604E-04  2.8664E-04  2.0093E-04
       1.9232E-04  2.6995E-04  3.0857E-04  3.3619E-04  3.5332E-04  3.5427E-04  3.5066E-04  3.2396E-04  2.7289E-04  1.8403E-04
       1.9069E-04  2.7128E-04  2.9876E-04  3.1503E-04  3.4453E-04  3.3138E-04  3.2777E-04  3.1669E-04  2.6417E-04  1.9432E-04
       1.8830E-04  2.5757E-04  3.0376E-04  3.2451E-04  3.3247E-04  3.3787E-04  3.1009E-04  3.1084E-04  2.4177E-04  1.9941E-04
       1.5927E-04  2.1258E-04  2.7713E-04  2.9457E-04  3.0710E-04  3.2064E-04  2.8806E-04  2.7280E-04  2.4736E-04  1.8752E-04
       1.4969E-04  1.9030E-04  2.2329E-04  2.4300E-04  2.5593E-04  2.5404E-04  2.4063E-04  2.1297E-04  1.8905E-04  1.4985E-04
       1.0842E-04  1.4633E-04  1.7593E-04  1.8823E-04  1.9592E-04  1.9289E-04  1.8900E-04  1.7518E-04  1.4810E-04  1.1738E-04
       1.3934E-04  1.9296E-04  2.1837E-04  2.4581E-04  2.5725E-04  2.6106E-04  2.5139E-04  2.1983E-04  1.9525E-04  1.4942E-04
       1.5064E-04  2.2611E-04  2.4798E-04  2.8479E-04  2.6926E-04  3.0877E-04  2.6361E-04  2.4954E-04  2.0766E-04  1.7097E-04
       1.5991E-04  2.1858E-04  2.6766E-04  2.9001E-04  2.8791E-04  3.1489E-04  2.7167E-04  2.6205E-04  2.1880E-04  1.6594E-04
       1.6769E-04  2.2808E-04  2.6377E-04  3.0810E-04  3.2139E-04  2.9350E-04  3.0040E-04  2.6882E-04  2.3512E-04  1.6252E-04
       1.6217E-04  2.4126E-04  2.8059E-04  3.0345E-04  3.0127E-04  3.1170E-04  2.8736E-04  2.6769E-04  2.4036E-04  1.5214E-04
       1.6784E-04  2.2838E-04  2.5867E-04  2.8561E-04  3.0348E-04  2.9361E-04  2.8433E-04  2.7575E-04  2.4164E-04  1.6081E-04
       1.6451E-04  2.1896E-04  2.4695E-04  2.5775E-04  2.8611E-04  2.7269E-04  2.7019E-04  2.4887E-04  2.1669E-04  1.6111E-04
       1.3483E-04  1.7450E-04  2.2620E-04  2.5527E-04  2.4989E-04  2.7236E-04  2.4743E-04  2.4324E-04  2.0922E-04  1.5803E-04
       1.1726E-04  1.5066E-04  1.6793E-04  1.9147E-04  2.0065E-04  1.9586E-04  1.8475E-04  1.7111E-04  1.4491E-04  1.1129E-04
       8.9486E-05  1.2021E-04  1.4648E-04  1.4640E-04  1.6440E-04  1.5039E-04  1.5226E-04  1.3657E-04  1.1811E-04  8.9428E-05
       1.0664E-04  1.5015E-04  1.8061E-04  1.8951E-04  1.9583E-04  2.0613E-04  2.0088E-04  1.6595E-04  1.5740E-04  1.2402E-04
       1.2083E-04  1.7082E-04  1.9940E-04  2.2269E-04  2.2655E-04  2.4667E-04  2.3157E-04  1.9314E-04  1.6669E-04  1.2800E-04
       1.2306E-04  1.7945E-04  2.2589E-04  2.3864E-04  2.5918E-04  2.3678E-04  2.2628E-04  2.2246E-04  1.8878E-04  1.3156E-04
       1.2563E-04  1.9943E-04  2.4084E-04  2.5281E-04  2.7194E-04  2.4486E-04  2.5711E-04  2.2847E-04  1.9998E-04  1.4094E-04
       1.3609E-04  1.9719E-04  2.1475E-04  2.5713E-04  2.5991E-04  2.6309E-04  2.3735E-04  2.1674E-04  1.9256E-04  1.2713E-04
       1.3408E-04  1.8566E-04  2.2661E-04  2.4021E-04  2.5979E-04  2.4997E-04  2.4110E-04  2.3008E-04  1.8491E-04  1.3488E-04
       1.2950E-04  1.8008E-04  1.9431E-04  2.2531E-04  2.4286E-04  2.4289E-04  2.3390E-04  2.0918E-04  1.7905E-04  1.2068E-04
       1.0595E-04  1.3615E-04  1.8288E-04  2.1158E-04  2.2778E-04  2.2993E-04  2.1273E-04  1.8535E-04  1.5214E-04  1.1309E-04
       8.1127E-05  1.1453E-04  1.2296E-04  1.4736E-04  1.6164E-04  1.6187E-04  1.4434E-04  1.3600E-04  1.1146E-04  7.5406E-05
       6.5283E-05  8.9334E-05  9.8571E-05  1.2596E-04  1.2565E-04  1.1497E-04  1.1800E-04  1.1193E-04  9.5877E-05  7.5113E-05
       8.1947E-05  1.1771E-04  1.3462E-04  1.6288E-04  1.5920E-04  1.6783E-04  1.6278E-04  1.4526E-04  1.2832E-04  9.6400E-05
       8.1529E-05  1.2581E-04  1.6150E-04  1.7563E-04  1.7813E-04  1.8022E-04  1.8738E-04  1.6800E-04  1.3920E-04  1.0476E-04
       1.0872E-04  1.5581E-04  1.7229E-04  1.8589E-04  1.9171E-04  1.9750E-04  2.0002E-04  1.8422E-04  1.5376E-04  9.8823E-05
       9.9255E-05  1.5345E-04  1.9746E-04  2.0017E-04  2.1334E-04  2.1315E-04  2.0295E-04  1.8614E-04  1.6815E-04  1.0855E-04
       1.0580E-04  1.5287E-04  1.8596E-04  2.0928E-04  2.1814E-04  2.1987E-04  1.9331E-04  1.7960E-04  1.5814E-04  1.0874E-04
       1.0308E-04  1.5703E-04  1.8724E-04  1.9836E-04  2.1222E-04  1.9690E-04  2.0166E-04  1.8418E-04  1.5814E-04  1.0842E-04
       9.7029E-05  1.3827E-04  1.5844E-04  1.7878E-04  1.9851E-04  2.0268E-04  1.7888E-04  1.7938E-04  1.4321E-04  9.8874E-05
       8.4600E-05  1.1194E-04  1.4813E-04  1.6440E-04  1.7293E-04  1.7677E-04  1.6886E-04  1.3089E-04  1.2367E-04  9.4031E-05
       5.8529E-05  8.6476E-05  9.7785E-05  1.2407E-04  1.3295E-04  1.2151E-04  1.2359E-04  1.0875E-04  8.1038E-05  6.0218E-05
       4.4903E-05  6.6269E-05  7.3816E-05  9.8060E-05  1.0061E-04  8.2251E-05  8.8285E-05  8.8733E-05  7.0758E-05  5.8883E-05
       6.4765E-05  9.0849E-05  1.1992E-04  1.3567E-04  1.2831E-04  1.2424E-04  1.2280E-04  1.0911E-04  1.0072E-04  7.1123E-05
       7.4839E-05  1.0264E-04  1.3011E-04  1.4703E-04  1.4625E-04  1.4468E-04  1.4165E-04  1.3985E-04  1.1467E-04  7.4553E-05
       8.4302E-05  1.1575E-04  1.3057E-04  1.5501E-04  1.5141E-04  1.5316E-04  1.4903E-04  1.4040E-04  1.2496E-04  7.9934E-05
       8.3358E-05  1.2364E-04  1.4739E-04  1.6791E-04  1.6006E-04  1.7617E-04  1.4300E-04  1.4214E-04  1.2683E-04  8.7656E-05
       8.5727E-05  1.1648E-04  1.4063E-04  1.7275E-04  1.6515E-04  1.8279E-04  1.7207E-04  1.4404E-04  1.2820E-04  8.8427E-05
       8.2996E-05  1.2608E-04  1.3767E-04  1.5380E-04  1.7115E-04  1.6718E-04  1.5454E-04  1.4002E-04  1.1847E-04  8.7827E-05
       7.1330E-05  1.1052E-04  1.2895E-04  1.4587E-04  1.5661E-04  1.5026E-04  1.3722E-04  1.3263E-04  1.1473E-04  9.0056E-05
       5.6878E-05  8.8966E-05  1.1047E-04  1.2638E-04  1.3655E-04  1.3305E-04  1.2408E-04  1.0926E-04  1.0403E-04  8.0436E-05
       4.2856E-05  6.3818E-05  7.7276E-05  8.5766E-05  9.9639E-05  9.2170E-05  8.2081E-05  8.2651E-05  6.4582E-05  5.5155E-05
       3.5660E-05  5.5827E-05  6.6037E-05  7.0677E-05  8.3278E-05  7.0813E-05  6.8969E-05  7.3977E-05  5.4293E-05  4.1339E-05
       5.1101E-05  6.9019E-05  9.2559E-05  1.0001E-04  1.0685E-04  1.0071E-04  9.9679E-05  9.4170E-05  7.9495E-05  4.8456E-05
       5.1233E-05  8.4404E-05  9.6290E-05  1.2313E-04  1.1817E-04  1.1339E-04  1.1004E-04  1.0940E-04  9.5719E-05  5.8192E-05
       6.6858E-05  9.9818E-05  1.1144E-04  1.2712E-04  1.3249E-04  1.1701E-04  1.1562E-04  1.2010E-04  8.8369E-05  6.9479E-05
       6.7088E-05  8.8242E-05  1.1791E-04  1.2818E-04  1.3045E-04  1.4482E-04  1.1796E-04  1.1456E-04  9.8858E-05  6.9538E-05
       6.8464E-05  8.8617E-05  1.1981E-04  1.2836E-04  1.2527E-04  1.3950E-04  1.3223E-04  1.1715E-04  1.0874E-04  7.0649E-05
       6.0229E-05  8.3403E-05  1.1083E-04  1.2215E-04  1.2761E-04  1.1885E-04  1.2415E-04  1.2253E-04  1.0017E-04  6.6903E-05
       5.8257E-05  9.4190E-05  1.0557E-04  1.1456E-04  1.2222E-04  1.2282E-04  1.0569E-04  1.0549E-04  8.7697E-05  6.5763E-05
       4.5210E-05  7.5025E-05  8.7229E-05  9.9515E-05  1.1537E-04  1.0909E-04  9.5336E-05  8.8952E-05  7.7462E-05  6.6553E-05
       3.2983E-05  5.4162E-05  5.7352E-05  7.1818E-05  8.3869E-05  7.6353E-05  6.9490E-05  7.5661E-05  5.6434E-05  4.5154E-05
       3.0807E-05  3.5249E-05  5.5151E-05  5.8746E-05  6.0830E-05  6.1116E-05  5.6524E-05  5.8840E-05  4.2059E-05  3.0785E-05
       4.3504E-05  6.1162E-05  7.3895E-05  7.8136E-05  8.4515E-05  8.7127E-05  8.1477E-05  7.5626E-05  5.9957E-05  4.3150E-05
       4.6122E-05  7.4261E-05  7.7497E-05  8.6901E-05  8.7321E-05  8.8948E-05  8.7463E-05  8.9557E-05  7.1402E-05  4.9657E-05
       5.1169E-05  7.8762E-05  8.4233E-05  1.0337E-04  1.0581E-04  9.7588E-05  8.2275E-05  8.2047E-05  6.2705E-05  5.5882E-05
       5.0250E-05  6.6722E-05  9.4398E-05  1.0004E-04  9.4918E-05  1.1007E-04  9.2144E-05  8.1264E-05  7.6375E-05  5.2903E-05
       5.3807E-05  6.7506E-05  9.3510E-05  9.3402E-05  9.7931E-05  1.0368E-04  1.0712E-04  8.5735E-05  8.2278E-05  4.8832E-05
       4.8720E-05  6.1322E-05  8.9670E-05  9.4223E-05  9.2383E-05  9.3585E-05  1.0102E-04  9.2122E-05  7.4965E-05  5.2275E-05
       4.5327E-05  6.8327E-05  8.0125E-05  8.6464E-05  9.3640E-05  9.0157E-05  8.4298E-05  8.6741E-05  6.3798E-05  4.7639E-05
       3.4625E-05  5.7072E-05  6.7890E-05  8.0432E-05  8.7340E-05  7.7497E-05  7.2062E-05  7.0400E-05  5.2258E-05  4.6276E-05
       2.6167E-05  4.1882E-05  5.0239E-05  5.7082E-05  6.6470E-05  5.1571E-05  4.8006E-05  6.3033E-05  4.0778E-05  3.3122E-05
       2.3319E-05  2.9876E-05  4.2702E-05  4.3689E-05  4.5047E-05  4.5436E-05  4.5668E-05  4.0526E-05  3.7157E-05  2.5304E-05
       3.6335E-05  4.7417E-05  5.1251E-05  5.4515E-05  5.9408E-05  6.2018E-05  5.6074E-05  5.5050E-05  4.4904E-05  3.1348E-05
       3.6658E-05  5.3567E-05  5.9615E-05  6.5357E-05  6.2514E-05  6.9758E-05  6.4012E-05  6.7651E-05  5.1578E-05  3.3692E-05
       4.0132E-05  5.9110E-05  6.7947E-05  6.9829E-05  7.5170E-05  7.8943E-05  7.0146E-05  6.0228E-05  5.3188E-05  4.4237E-05
       4.2005E-05  5.6339E-05  7.0405E-05  6.9976E-05  8.0321E-05  8.5657E-05  6.9853E-05  6.1373E-05  5.6607E-05  4.1614E-05
       4.1067E-05  5.5515E-05  7.2438E-05  7.5472E-05  8.0395E-05  7.7458E-05  8.2633E-05  6.3993E-05  5.8489E-05  4.1075E-05
       3.8342E-05  5.2045E-05  6.5725E-05  6.9401E-05  7.2800E-05  6.8648E-05  7.3588E-05  6.3507E-05  5.0460E-05  4.1080E-05
       3.5900E-05  5.7831E-05  6.3082E-05  6.9256E-05  6.8046E-05  7.1138E-05  5.9466E-05  6.5679E-05  5.1792E-05  3.3328E-05
       2.8848E-05  4.6256E-05  5.0970E-05  6.1821E-05  6.5712E-05  5.4443E-05  5.0825E-05  5.7627E-05  4.2826E-05  3.6307E-05
       2.5833E-05  3.2931E-05  4.1779E-05  4.4288E-05  4.9697E-05  3.9003E-05  4.0275E-05  4.7817E-05  3.5604E-05  2.8494E-05
       1.8582E-05  2.7738E-05  2.8914E-05  3.1989E-05  3.2197E-05  2.7026E-05  2.9852E-05  3.4232E-05  2.9235E-05  2.1572E-05
       2.3440E-05  3.3751E-05  3.7384E-05  4.3068E-05  3.7953E-05  4.4719E-05  3.9495E-05  3.4757E-05  3.2435E-05  2.3988E-05
       2.2399E-05  3.6951E-05  3.9648E-05  4.5512E-05  4.5667E-05  5.3052E-05  4.9826E-05  4.6359E-05  3.6569E-05  2.4151E-05
       2.8759E-05  3.8871E-05  4.2345E-05  4.9027E-05  4.7540E-05  5.0658E-05  4.8261E-05  3.3911E-05  3.8103E-05  2.8025E-05
       3.0642E-05  4.2510E-05  4.6087E-05  4.6432E-05  5.1295E-05  4.6107E-05  5.2719E-05  4.3077E-05  3.8761E-05  2.8722E-05
       3.5377E-05  4.2046E-05  4.7173E-05  4.7924E-05  5.1512E-05  4.8034E-05  5.5745E-05  3.9153E-05  4.3096E-05  3.1010E-05
       2.7154E-05  3.6492E-05  5.4656E-05  4.5393E-05  6.2098E-05  4.9717E-05  4.7834E-05  4.3183E-05  4.4809E-05  2.9001E-05
       2.2670E-05  3.5891E-05  4.8843E-05  4.3316E-05  5.0933E-05  5.0885E-05  4.0867E-05  4.2800E-05  3.9607E-05  2.7893E-05
       2.1732E-05  2.9000E-05  4.0551E-05  4.7546E-05  4.9632E-05  3.9351E-05  3.3198E-05  4.4783E-05  3.1107E-05  2.3661E-05
       1.9239E-05  2.5082E-05  3.1959E-05  3.3280E-05  3.4123E-05  2.7344E-05  3.1171E-05  3.2374E-05  2.3998E-05  2.1225E-05

      Percentage errors follow in a matrix A(ix,iy,iz), format (1(5x,1p,10(1x,e11.4)))

       3.0128E+00  4.5287E+00  2.4468E+00  2.7668E+00  3.1380E+00  3.0465E+00  3.0705E+00  3.5970E+00  4.4589E+00  3.7220E+00
       4.5440E+00  3.8314E+00  3.6975E+00  4.4302E+00  2.2185E+00  3.7521E+00  3.1650E+00  2.3813E+00  4.0430E+00  4.0963E+00
       3.4241E+00  3.3065E+00  3.5627E+00  3.0034E+00  2.4436E+00  2.4199E+00  3.2086E+00  3.5711E+00  2.8797E+00  4.2585E+00
       3.2140E+00  3.3526E+00  4.1590E+00  3.9275E+00  4.7409E+00  2.6763E+00  2.6074E+00  3.5094E+00  4.0385E+00  2.3442E+00
       4.2618E+00  4.0439E+00  2.6825E+00  3.0599E+00  2.7657E+00  3.4089E+00  3.5000E+00  2.9639E+00  2.7306E+00  3.4623E+00
       3.7308E+00  3.7719E+00  2.9778E+00  2.6763E+00  3.8065E+00  2.3256E+00  2.9608E+00  4.2897E+00  3.3179E+00  4.5534E+00
       4.5882E+00  2.9497E+00  3.2946E+00  2.9243E+00  3.1105E+00  2.7884E+00  3.0101E+00  2.9454E+00  3.1086E+00  3.4556E+00
       3.6804E+00  4.0713E+00  2.8925E+00  2.9775E+00  3.6030E+00  3.4127E+00  3.3281E+00  3.8036E+00  3.3881E+00  4.2506E+00
       3.7463E+00  4.0697E+00  3.6949E+00  3.3753E+00  3.4367E+00  3.5778E+00  2.6376E+00  3.0448E+00  3.8148E+00  4.8320E+00
       3.6761E+00  3.4334E+00  4.0386E+00  4.5949E+00  3.1352E+00  3.1596E+00  3.8500E+00  3.2132E+00  4.5276E+00  3.6711E+00
       3.8783E+00  4.9338E+00  2.8338E+00  3.5101E+00  2.9262E+00  3.8846E+00  3.7848E+00  4.0557E+00  4.4477E+00  3.6446E+00
       3.7150E+00  3.1141E+00  3.3358E+00  3.7146E+00  3.4784E+00  3.0837E+00  4.1463E+00  3.2493E+00  4.0017E+00  3.7337E+00
       3.7259E+00  2.4160E+00  3.2356E+00  3.4807E+00  2.8557E+00  3.3766E+00  3.3568E+00  2.9800E+00  4.6473E+00  4.2933E+00
       4.1696E+00  3.7431E+00  3.2671E+00  3.6584E+00  3.8701E+00  2.9331E+00  2.7222E+00  2.9832E+00  3.6158E+00  2.2501E+00
       4.0288E+00  4.8037E+00  3.2073E+00  2.5956E+00  2.9411E+00  3.5384E+00  3.5676E+00  2.5720E+00  1.8606E+00  3.3519E+00
       4.1632E+00  3.7709E+00  2.4481E+00  2.8198E+00  3.4133E+00  3.2098E+00  3.3892E+00  3.4119E+00  4.2692E+00  5.1466E+00
       4.8225E+00  2.5584E+00  3.1991E+00  2.9358E+00  3.8489E+00  3.6007E+00  4.2565E+00  2.1875E+00  3.1914E+00  4.3118E+00
       4.2343E+00  3.5828E+00  3.3423E+00  3.0772E+00  3.4601E+00  4.2205E+00  3.2634E+00  3.0448E+00  3.8547E+00  4.0894E+00
       5.1565E+00  5.1262E+00  3.0742E+00  3.4032E+00  4.4671E+00  3.7017E+00  2.6676E+00  2.5852E+00  4.3127E+00  5.2387E+00
       4.9590E+00  3.4739E+00  4.9439E+00  3.6380E+00  4.1180E+00  3.1874E+00  3.9510E+00  3.9247E+00  4.1916E+00  4.4114E+00
       4.2858E+00  5.0258E+00  3.0086E+00  3.5320E+00  2.8292E+00  3.3287E+00  4.0443E+00  3.9715E+00  5.5734E+00  4.3807E+00
       5.4182E+00  4.3129E+00  4.0101E+00  3.5898E+00  4.0310E+00  4.0305E+00  3.2813E+00  3.5481E+00  5.0645E+00  4.8877E+00
       3.9725E+00  2.7711E+00  4.0757E+00  3.6006E+00  2.9967E+00  3.2175E+00  3.4906E+00  3.2359E+00  4.8284E+00  3.7553E+00
       5.1709E+00  4.9372E+00  4.3098E+00  3.5832E+00  3.0415E+00  3.4730E+00  4.0154E+00  4.1513E+00  4.2754E+00  3.5630E+00
       5.4789E+00  4.1961E+00  3.1816E+00  3.1282E+00  3.8960E+00  3.7954E+00  2.7253E+00  4.3018E+00  3.5000E+00  4.5777E+00
       3.0421E+00  2.8687E+00  2.8444E+00  2.5495E+00  3.0653E+00  4.6513E+00  3.5574E+00  4.0892E+00  5.6353E+00  5.6211E+00
       4.2264E+00  3.7989E+00  3.0059E+00  2.6159E+00  3.7768E+00  2.6079E+00  3.8316E+00  2.9417E+00  2.4149E+00  3.5030E+00
       4.0479E+00  3.8179E+00  3.0454E+00  3.7114E+00  3.8834E+00  4.5592E+00  3.2873E+00  2.9247E+00  3.0334E+00  3.8826E+00
       4.0744E+00  4.6386E+00  2.8551E+00  2.9697E+00  5.1467E+00  4.7401E+00  3.4465E+00  3.5358E+00  3.0845E+00  5.3777E+00
       4.9005E+00  5.1908E+00  4.7140E+00  2.7890E+00  4.3095E+00  3.8338E+00  3.8449E+00  4.5973E+00  4.4822E+00  6.5147E+00
       6.7830E+00  4.7937E+00  4.4171E+00  4.7272E+00  4.0374E+00  5.4133E+00  4.3848E+00  3.9864E+00  6.2780E+00  5.4157E+00
       4.9451E+00  5.2089E+00  5.2176E+00  4.0633E+00  4.2526E+00  2.9894E+00  2.4975E+00  4.2208E+00  3.7353E+00  5.4448E+00
       4.4329E+00  4.8035E+00  4.2860E+00  4.2540E+00  4.5078E+00  3.5007E+00  3.2905E+00  4.1075E+00  4.8839E+00  5.5779E+00
       5.7876E+00  4.3035E+00  4.5658E+00  3.0599E+00  4.5343E+00  3.6093E+00  4.7707E+00  4.4638E+00  4.7830E+00  6.4012E+00
       5.8958E+00  4.5967E+00  2.7585E+00  4.1458E+00  3.8981E+00  3.3466E+00  3.9434E+00  4.2184E+00  3.5006E+00  5.8225E+00
       6.0541E+00  4.6118E+00  4.7436E+00  3.2470E+00  3.7847E+00  4.1754E+00  3.2898E+00  4.2615E+00  4.7935E+00  4.6209E+00
       4.1069E+00  4.9899E+00  4.9636E+00  4.3542E+00  4.2287E+00  3.1044E+00  3.2556E+00  3.8611E+00  4.3769E+00  5.3312E+00
       5.5674E+00  3.7513E+00  4.3001E+00  4.1256E+00  3.7467E+00  4.3670E+00  4.1940E+00  4.9002E+00  3.9267E+00  4.7295E+00
       4.8824E+00  4.1095E+00  4.0188E+00  3.2739E+00  4.9689E+00  4.5482E+00  4.5924E+00  4.6758E+00  4.6855E+00  3.8230E+00
       5.3703E+00  5.9655E+00  5.1968E+00  4.4171E+00  3.9695E+00  4.0328E+00  4.8756E+00  4.7339E+00  4.9539E+00  7.6529E+00
       8.7753E+00  6.8433E+00  5.3839E+00  4.7277E+00  5.1109E+00  6.8329E+00  6.1725E+00  4.7311E+00  5.7348E+00  5.2475E+00
       6.3179E+00  6.8083E+00  4.2939E+00  4.8762E+00  4.9201E+00  4.4233E+00  3.4564E+00  5.3089E+00  3.9182E+00  5.9069E+00
       6.7879E+00  4.8411E+00  3.3741E+00  3.5835E+00  4.7289E+00  4.5173E+00  4.9378E+00  4.3889E+00  7.3234E+00  7.0131E+00
       5.5172E+00  4.2621E+00  4.8410E+00  4.2084E+00  4.9621E+00  4.0541E+00  3.7879E+00  3.8964E+00  3.9683E+00  6.2641E+00
       6.3523E+00  4.5973E+00  4.2660E+00  3.8207E+00  5.0127E+00  3.5783E+00  3.9889E+00  3.5571E+00  3.7523E+00  5.3880E+00
       5.0401E+00  4.2423E+00  6.0525E+00  4.4304E+00  4.2408E+00  3.6446E+00  4.1412E+00  4.2824E+00  3.5144E+00  4.9183E+00
       3.9031E+00  4.3673E+00  5.3748E+00  6.0637E+00  5.6326E+00  3.5368E+00  4.1334E+00  4.0016E+00  3.7785E+00  5.6139E+00
       5.8275E+00  5.4540E+00  4.4422E+00  5.4719E+00  3.7306E+00  3.5397E+00  4.6406E+00  3.9844E+00  6.0492E+00  3.6969E+00
       5.2136E+00  4.6829E+00  3.9427E+00  4.8895E+00  4.4768E+00  5.2839E+00  4.7776E+00  5.4372E+00  6.4394E+00  5.3423E+00
       4.9869E+00  8.8514E+00  5.6847E+00  5.5958E+00  4.7484E+00  4.5239E+00  6.6804E+00  4.2335E+00  5.1300E+00  9.0505E+00
       8.4756E+00  7.1161E+00  5.3219E+00  6.2537E+00  5.6722E+00  5.9063E+00  5.4305E+00  5.5775E+00  4.4008E+00  7.3368E+00
       1.0873E+01  8.6469E+00  4.9515E+00  6.3427E+00  5.1607E+00  4.1650E+00  5.2523E+00  5.5694E+00  6.6777E+00  5.2503E+00
       6.6008E+00  5.8334E+00  4.6192E+00  4.5356E+00  5.2615E+00  5.5242E+00  4.9886E+00  5.8248E+00  6.7588E+00  6.2317E+00
       5.9602E+00  4.5277E+00  6.4033E+00  4.5087E+00  5.8547E+00  4.0869E+00  5.0917E+00  6.0434E+00  5.7697E+00  5.8126E+00
       5.7135E+00  6.5442E+00  3.8535E+00  3.4538E+00  5.0464E+00  4.4244E+00  5.0367E+00  4.6803E+00  5.8453E+00  6.5757E+00
       7.5278E+00  5.0843E+00  4.8624E+00  3.8671E+00  3.3126E+00  4.3347E+00  4.9124E+00  6.0506E+00  5.6508E+00  6.2225E+00
       4.5007E+00  3.6831E+00  4.2655E+00  6.0870E+00  5.0681E+00  5.7797E+00  5.7776E+00  5.0433E+00  5.5715E+00  5.5103E+00
       8.0915E+00  6.5233E+00  6.2642E+00  5.4382E+00  4.3591E+00  3.7628E+00  4.9217E+00  4.9613E+00  5.9052E+00  6.3995E+00
       6.8489E+00  5.4399E+00  6.1967E+00  4.0844E+00  4.7483E+00  6.1956E+00  5.8756E+00  5.5472E+00  8.0977E+00  7.9248E+00
       8.3293E+00  7.7510E+00  5.4566E+00  7.1794E+00  6.1376E+00  6.3818E+00  5.8313E+00  5.7192E+00  6.5575E+00  7.9551E+00
       9.3398E+00  8.7263E+00  7.4249E+00  7.0200E+00  6.8042E+00  5.6958E+00  5.0430E+00  7.9646E+00  7.7599E+00  1.0784E+01
       8.9841E+00  8.9341E+00  8.3308E+00  5.5424E+00  5.9499E+00  4.6256E+00  4.7161E+00  5.8467E+00  5.8138E+00  8.5887E+00
       6.1120E+00  5.4328E+00  5.7754E+00  5.0054E+00  7.4613E+00  3.8764E+00  5.2884E+00  5.3518E+00  7.1593E+00  6.4229E+00
       9.2644E+00  6.0323E+00  6.4932E+00  5.5992E+00  5.0159E+00  4.8338E+00  5.4053E+00  7.8662E+00  5.5267E+00  5.3320E+00
       9.1318E+00  6.9170E+00  3.8558E+00  5.4206E+00  5.3640E+00  6.1004E+00  5.6738E+00  5.0769E+00  5.8308E+00  7.8068E+00
       5.7730E+00  7.7426E+00  5.2494E+00  5.8986E+00  4.5240E+00  4.6318E+00  5.4592E+00  6.3974E+00  5.9221E+00  9.4106E+00
       7.6861E+00  5.5949E+00  4.8722E+00  7.4708E+00  4.0652E+00  6.0702E+00  5.8823E+00  5.4104E+00  6.3280E+00  6.7880E+00
       1.0064E+01  8.0747E+00  5.3774E+00  5.8527E+00  4.3956E+00  4.7942E+00  4.5298E+00  7.6747E+00  4.7222E+00  7.5999E+00
       8.4378E+00  7.1677E+00  6.6107E+00  4.8127E+00  5.4905E+00  7.4350E+00  8.2686E+00  5.5017E+00  7.8645E+00  6.9429E+00
       7.7505E+00  6.8645E+00  6.1165E+00  6.4252E+00  7.2098E+00  7.4986E+00  6.5814E+00  7.4716E+00  6.1712E+00  8.4762E+00
       1.1143E+01  1.2147E+01  6.7341E+00  7.0902E+00  5.8613E+00  8.0057E+00  6.0844E+00  9.0612E+00  1.0115E+01  1.0965E+01
       8.7378E+00  8.3123E+00  6.5161E+00  8.1049E+00  4.8850E+00  6.7160E+00  6.0853E+00  7.7384E+00  7.5662E+00  9.2572E+00
       7.7046E+00  5.1901E+00  5.9661E+00  6.2832E+00  6.6074E+00  6.6377E+00  6.3847E+00  5.8238E+00  7.1204E+00  9.0947E+00
       7.3850E+00  9.1533E+00  5.1724E+00  5.0171E+00  3.3263E+00  5.0982E+00  6.9104E+00  8.3471E+00  7.0093E+00  5.9457E+00
       8.4350E+00  6.6289E+00  5.5741E+00  5.1874E+00  5.0967E+00  5.7321E+00  6.9847E+00  7.9507E+00  8.7032E+00  7.3784E+00
       8.3202E+00  1.0298E+01  6.1614E+00  6.4477E+00  5.5824E+00  7.9191E+00  6.2110E+00  6.2683E+00  5.5203E+00  1.0675E+01
       7.3970E+00  7.5787E+00  4.8563E+00  7.0602E+00  5.2636E+00  7.6458E+00  6.9325E+00  6.3684E+00  9.0212E+00  6.9662E+00
       7.0144E+00  7.7217E+00  6.7713E+00  6.7502E+00  6.7050E+00  6.6836E+00  7.2670E+00  9.7367E+00  5.7020E+00  9.6670E+00
       9.0234E+00  8.5261E+00  8.4850E+00  5.7380E+00  6.2039E+00  7.1925E+00  5.2826E+00  7.4804E+00  5.7581E+00  5.6083E+00
       1.1352E+01  7.9229E+00  7.7288E+00  6.1301E+00  6.1040E+00  8.1869E+00  7.1167E+00  9.9211E+00  7.0638E+00  9.0579E+00
       1.1688E+01  1.1299E+01  7.0870E+00  8.1302E+00  9.2028E+00  8.4143E+00  6.6012E+00  1.0468E+01  1.0136E+01  1.2633E+01
       7.4258E+00  1.0863E+01  6.2270E+00  6.5680E+00  7.3845E+00  7.0210E+00  9.0213E+00  7.2816E+00  9.7017E+00  9.6858E+00
       1.1119E+01  8.2432E+00  8.3644E+00  6.7790E+00  5.9379E+00  4.5667E+00  6.9907E+00  4.6545E+00  8.1594E+00  9.2609E+00
       1.2232E+01  8.2370E+00  5.7940E+00  5.9209E+00  6.0048E+00  7.2380E+00  6.4255E+00  7.9016E+00  6.8697E+00  9.7971E+00
       8.0581E+00  7.1522E+00  6.9815E+00  8.0606E+00  4.5078E+00  6.9076E+00  6.0579E+00  7.0218E+00  7.8876E+00  7.6473E+00
       8.2245E+00  9.5772E+00  6.5961E+00  7.3113E+00  6.1776E+00  8.4695E+00  6.7937E+00  9.2151E+00  1.1166E+01  1.3625E+01
       9.7889E+00  7.2897E+00  1.0560E+01  7.4873E+00  6.9192E+00  8.8200E+00  4.8525E+00  6.8780E+00  7.9574E+00  9.4238E+00
       9.4303E+00  9.2230E+00  7.6998E+00  8.7094E+00  8.1128E+00  7.0845E+00  8.9595E+00  8.6710E+00  8.4457E+00  9.2267E+00
       1.2715E+01  7.7439E+00  6.3782E+00  6.7531E+00  6.8563E+00  5.8639E+00  8.1579E+00  1.0438E+01  7.2814E+00  1.0850E+01
       1.0441E+01  7.4784E+00  1.1999E+01  5.2753E+00  8.6774E+00  9.0545E+00  8.4547E+00  8.7710E+00  1.3465E+01  1.0459E+01
       1.3337E+01  1.3947E+01  9.3485E+00  9.2840E+00  8.7727E+00  6.5017E+00  1.1440E+01  9.7917E+00  9.4459E+00  1.2208E+01
       9.4389E+00  1.0519E+01  1.1008E+01  8.5957E+00  8.1318E+00  5.8005E+00  9.7111E+00  9.0774E+00  8.7831E+00  1.0664E+01
       1.1371E+01  8.8101E+00  8.2952E+00  7.9376E+00  8.5300E+00  7.4279E+00  7.8893E+00  7.5550E+00  8.8484E+00  1.0818E+01
       1.1991E+01  8.4982E+00  7.6496E+00  1.1243E+01  7.4251E+00  8.9283E+00  8.0398E+00  9.1014E+00  7.3539E+00  9.4579E+00
       8.9032E+00  4.6188E+00  7.6468E+00  7.6651E+00  6.2613E+00  8.5816E+00  9.0626E+00  7.7847E+00  8.9285E+00  1.3511E+01
       1.1295E+01  9.8167E+00  7.8702E+00  6.7272E+00  8.9338E+00  8.1732E+00  7.6927E+00  1.1456E+01  8.9231E+00  1.0444E+01
       1.1397E+01  1.1159E+01  9.2171E+00  9.0363E+00  6.0822E+00  7.3433E+00  6.7241E+00  9.2558E+00  8.4677E+00  9.9268E+00
       1.1082E+01  8.2933E+00  1.0029E+01  5.1910E+00  9.6342E+00  6.7628E+00  8.3094E+00  8.7613E+00  9.1675E+00  1.1625E+01
       1.2049E+01  1.0188E+01  9.3122E+00  7.9009E+00  9.2487E+00  6.2161E+00  6.8506E+00  8.5750E+00  7.9480E+00  8.2193E+00
       1.1716E+01  1.1140E+01  1.3859E+01  6.9341E+00  7.8480E+00  9.5097E+00  1.0402E+01  9.0258E+00  1.1219E+01  1.1336E+01
