1
   Cartesian binning n.   1  "DoseEq    " , generalized particle n.  240
      X coordinate: from -8.5000E+01 to  8.5000E+01 cm,    10 bins ( 1.7000E+01 cm wide)
      Y coordinate: from -2.5000E+01 to  2.5000E+01 cm,    10 bins ( 5.0000E+00 cm wide)
      Z coordinate: from  2.2500E+02 to  2.7500E+02 cm,    10 bins ( 5.0000E+00 cm wide)
      Data follow in a matrix A(ix,iy,iz), format (1(5x,1p,10(1x,e11.4)))

      accurate deposition along the tracks requested
      this is a track-length binning
       2.5442E-05  2.7805E-05  3.4107E-05  3.8061E-05  4.3027E-05  3.8512E-05  3.7610E-05  3.5572E-05  3.3446E-05  2.2375E-05
       3.3530E-05  3.4685E-05  3.7300E-05  3.9147E-05  5.2416E-05  4.5440E-05  3.8260E-05  4.2806E-05  3.6670E-05  2.6538E-05
       2.8198E-05  3.7256E-05  3.8498E-05  4.9824E-05  5.0911E-05  5.0071E-05  4.4363E-05  4.5681E-05  4.2389E-05  3.0259E-05
       2.2584E-05  3.7768E-05  4.6825E-05  4.5398E-05  5.1353E-05  5.3009E-05  4.5436E-05  4.5212E-05  4.7504E-05  3.6351E-05
       2.7830E-05  4.1647E-05  4.8299E-05  4.7379E-05  4.9122E-05  4.5475E-05  4.4581E-05  4.7043E-05  4.3583E-05  2.8061E-05
       3.1678E-05  3.6772E-05  4.4993E-05  4.4918E-05  5.1765E-05  5.2806E-05  4.7700E-05  4.3169E-05  4.3047E-05  3.1220E-05
       2.4918E-05  3.5138E-05  4.8400E-05  4.8114E-05  5.2117E-05  4.0718E-05  5.3696E-05  4.6980E-05  4.3772E-05  3.6920E-05
       2.8727E-05  3.8163E-05  4.7099E-05  4.3202E-05  3.9298E-05  5.2527E-05  5.2139E-05  4.4980E-05  4.7068E-05  3.3452E-05
       2.8316E-05  3.7701E-05  3.2970E-05  4.7228E-05  4.7618E-05  4.3332E-05  3.8517E-05  4.3672E-05  3.3129E-05  3.1394E-05
       2.8080E-05  3.2391E-05  4.0532E-05  3.9329E-05  4.1690E-05  3.8087E-05  3.7068E-05  3.9644E-05  3.2573E-05  2.8244E-05
       2.2966E-05  2.7332E-05  4.1437E-05  3.4927E-05  4.0991E-05  3.7389E-05  3.6205E-05  3.5001E-05  2.7659E-05  2.3686E-05
       3.1713E-05  3.5020E-05  3.1636E-05  4.1081E-05  5.2539E-05  4.5697E-05  4.0167E-05  4.2349E-05  3.8881E-05  3.0456E-05
       2.7785E-05  3.3503E-05  4.4807E-05  5.3870E-05  5.1409E-05  4.6383E-05  4.2864E-05  4.7885E-05  4.6719E-05  2.9088E-05
       2.9498E-05  3.7010E-05  3.9711E-05  4.6814E-05  4.9040E-05  4.9522E-05  4.6978E-05  4.6209E-05  4.3717E-05  3.1749E-05
       3.4046E-05  3.9351E-05  4.5024E-05  4.6341E-05  5.6276E-05  4.5562E-05  4.5756E-05  4.4799E-05  4.6094E-05  3.0182E-05
       3.1083E-05  3.9135E-05  4.3986E-05  4.7431E-05  6.1021E-05  5.3179E-05  5.1383E-05  4.4530E-05  4.2466E-05  2.8654E-05
       2.9425E-05  3.5106E-05  5.2460E-05  4.8941E-05  5.6361E-05  4.8584E-05  5.2930E-05  4.5888E-05  4.4117E-05  3.6188E-05
       3.0040E-05  3.7270E-05  4.4539E-05  4.7164E-05  4.3025E-05  4.7804E-05  5.0386E-05  4.4431E-05  4.6366E-05  3.3779E-05
       2.8282E-05  3.4906E-05  3.5655E-05  4.5391E-05  4.3955E-05  4.1875E-05  3.5962E-05  4.5574E-05  3.7736E-05  3.0502E-05
       2.3925E-05  3.0126E-05  3.3465E-05  3.6518E-05  4.0417E-05  3.9198E-05  3.3194E-05  3.4860E-05  3.1427E-05  2.7887E-05
       1.9760E-05  2.3863E-05  3.1657E-05  3.2666E-05  3.1460E-05  2.9427E-05  3.1019E-05  3.0368E-05  2.6382E-05  2.2632E-05
       2.5800E-05  3.5373E-05  3.7073E-05  3.6653E-05  4.1965E-05  4.2036E-05  4.1883E-05  3.7429E-05  3.4416E-05  2.7547E-05
       2.2322E-05  3.0624E-05  3.8899E-05  4.7851E-05  4.5813E-05  4.4103E-05  4.5038E-05  4.5095E-05  4.1746E-05  2.5769E-05
       2.2349E-05  3.3451E-05  3.8422E-05  4.6766E-05  4.5356E-05  4.3271E-05  4.3084E-05  4.6031E-05  4.4126E-05  3.0875E-05
       2.9929E-05  4.1613E-05  4.6485E-05  4.1505E-05  4.8310E-05  4.8210E-05  4.5216E-05  4.5298E-05  4.0089E-05  2.6726E-05
       2.3516E-05  3.7149E-05  4.2142E-05  4.4474E-05  5.2234E-05  5.1564E-05  4.4878E-05  4.1591E-05  3.4238E-05  2.7214E-05
       2.8463E-05  3.5045E-05  4.3275E-05  4.2628E-05  4.8865E-05  4.6249E-05  5.0902E-05  3.6215E-05  3.6286E-05  2.9786E-05
       2.4277E-05  3.1019E-05  3.7083E-05  3.9568E-05  4.0099E-05  4.3277E-05  4.2295E-05  3.7168E-05  4.0325E-05  3.2152E-05
       2.1136E-05  3.9504E-05  3.2948E-05  3.4797E-05  3.5583E-05  3.4277E-05  3.1496E-05  3.5116E-05  3.0883E-05  2.2262E-05
       1.7414E-05  2.7703E-05  2.7300E-05  2.9714E-05  3.9278E-05  3.1444E-05  2.7084E-05  2.8456E-05  2.7857E-05  2.1279E-05
       1.7732E-05  1.7986E-05  2.4592E-05  3.1894E-05  2.9016E-05  2.8846E-05  2.3823E-05  2.7705E-05  1.9911E-05  1.8362E-05
       2.2330E-05  2.2231E-05  2.7373E-05  3.0633E-05  3.4459E-05  3.9664E-05  3.1787E-05  3.3122E-05  2.3689E-05  2.2212E-05
       1.9640E-05  2.5102E-05  3.5651E-05  4.6935E-05  4.1117E-05  3.4955E-05  3.8777E-05  3.4369E-05  3.1295E-05  2.0868E-05
       1.9382E-05  2.6628E-05  3.3077E-05  4.3048E-05  3.8861E-05  3.5505E-05  3.8697E-05  3.9062E-05  3.6696E-05  2.2473E-05
       2.4077E-05  3.5068E-05  3.6402E-05  3.9164E-05  4.3950E-05  3.8708E-05  4.2370E-05  3.9130E-05  3.2206E-05  2.5911E-05
       2.2048E-05  3.2716E-05  3.7800E-05  3.3646E-05  3.9176E-05  4.7175E-05  4.6034E-05  3.4678E-05  3.1691E-05  2.7064E-05
       2.4592E-05  3.0819E-05  4.1123E-05  4.4658E-05  3.9310E-05  3.7801E-05  4.3188E-05  3.8925E-05  3.2055E-05  2.3701E-05
       2.0112E-05  2.5530E-05  3.6018E-05  3.6251E-05  3.4887E-05  3.5605E-05  3.8335E-05  3.6710E-05  3.3694E-05  2.8108E-05
       1.6023E-05  2.8817E-05  2.7676E-05  3.2206E-05  3.7403E-05  3.0995E-05  2.7905E-05  2.8217E-05  2.7079E-05  1.8235E-05
       1.8424E-05  2.3672E-05  2.4524E-05  2.5979E-05  2.7182E-05  2.4190E-05  2.2902E-05  1.7057E-05  2.2327E-05  1.5289E-05
       1.7814E-05  1.7373E-05  2.1101E-05  2.5902E-05  2.4720E-05  2.1066E-05  1.9483E-05  2.0835E-05  1.8069E-05  1.3420E-05
       1.5976E-05  2.1351E-05  2.2171E-05  3.0295E-05  2.7209E-05  3.0978E-05  2.6116E-05  2.9749E-05  2.1987E-05  1.8575E-05
       1.5120E-05  1.9616E-05  2.9089E-05  3.2581E-05  3.3654E-05  3.1318E-05  3.3693E-05  2.9854E-05  2.4894E-05  1.8164E-05
       2.0343E-05  2.5043E-05  2.8721E-05  3.4005E-05  3.3875E-05  2.8426E-05  2.9639E-05  2.9524E-05  2.9525E-05  2.0484E-05
       2.4334E-05  3.0656E-05  3.0533E-05  3.5282E-05  3.9990E-05  2.9906E-05  3.5560E-05  3.4303E-05  3.4167E-05  2.1978E-05
       1.6528E-05  2.9138E-05  3.3903E-05  3.1822E-05  3.4688E-05  3.5956E-05  3.1613E-05  3.3230E-05  2.5672E-05  2.3611E-05
       1.8195E-05  3.2338E-05  3.1046E-05  3.3525E-05  3.7822E-05  3.3672E-05  3.4020E-05  3.3440E-05  3.0330E-05  2.4441E-05
       1.7328E-05  2.2891E-05  3.0985E-05  2.9796E-05  3.2097E-05  3.3927E-05  3.3849E-05  3.0807E-05  2.5239E-05  2.4767E-05
       1.6085E-05  2.4029E-05  2.1179E-05  3.4444E-05  2.6541E-05  2.4301E-05  2.9325E-05  2.9790E-05  2.1464E-05  1.6721E-05
       1.6097E-05  1.8971E-05  2.0404E-05  2.5763E-05  2.3357E-05  2.4700E-05  2.3533E-05  1.6146E-05  1.9549E-05  1.3402E-05
       1.4498E-05  1.2864E-05  1.8607E-05  2.1558E-05  1.8033E-05  1.6573E-05  1.7028E-05  1.8093E-05  1.4565E-05  8.1272E-06
       1.4395E-05  1.6338E-05  1.5638E-05  2.0203E-05  2.0736E-05  2.4592E-05  2.3034E-05  2.3351E-05  1.7919E-05  1.4802E-05
       1.3845E-05  1.6789E-05  2.2776E-05  2.4741E-05  2.4232E-05  2.4858E-05  2.6639E-05  2.2674E-05  2.0302E-05  1.1190E-05
       1.5683E-05  2.1167E-05  2.5608E-05  2.7567E-05  2.9171E-05  3.1901E-05  2.5740E-05  3.0431E-05  2.3120E-05  1.6088E-05
       1.5259E-05  2.5503E-05  2.7915E-05  3.0592E-05  3.7558E-05  2.7687E-05  2.8580E-05  2.7596E-05  2.8233E-05  1.7030E-05
       1.4264E-05  2.4505E-05  2.7167E-05  2.7281E-05  2.9977E-05  3.3416E-05  2.6349E-05  2.5120E-05  2.4414E-05  1.7191E-05
       1.3154E-05  2.1884E-05  2.3395E-05  3.0491E-05  2.9141E-05  3.1714E-05  2.6986E-05  2.2939E-05  2.2163E-05  2.2425E-05
       1.5901E-05  2.2510E-05  2.7915E-05  2.4578E-05  2.6755E-05  2.8808E-05  2.6019E-05  2.3229E-05  2.3354E-05  1.5749E-05
       1.3455E-05  2.1096E-05  2.0280E-05  2.2800E-05  2.2085E-05  1.8780E-05  1.9177E-05  2.2561E-05  1.4178E-05  1.3578E-05
       1.2000E-05  1.3070E-05  1.5980E-05  1.8493E-05  1.5959E-05  1.8073E-05  1.4924E-05  1.5724E-05  1.4852E-05  1.3724E-05
       1.1084E-05  1.1380E-05  1.2297E-05  1.5443E-05  1.2649E-05  1.3512E-05  1.4760E-05  1.7060E-05  1.3109E-05  7.7277E-06
       1.1545E-05  1.0142E-05  1.1786E-05  1.5933E-05  1.6078E-05  2.2350E-05  2.1795E-05  1.9565E-05  1.4588E-05  1.1469E-05
       1.0415E-05  9.6102E-06  1.7290E-05  1.6191E-05  1.7283E-05  2.1712E-05  2.6421E-05  2.1831E-05  1.9712E-05  9.4067E-06
       1.2863E-05  1.8141E-05  1.7661E-05  1.8471E-05  2.4452E-05  2.4946E-05  2.2156E-05  2.0570E-05  2.4300E-05  1.1813E-05
       1.3370E-05  2.0428E-05  2.2528E-05  2.8722E-05  2.3580E-05  2.8071E-05  2.4277E-05  1.9007E-05  1.9886E-05  1.7988E-05
       1.4965E-05  2.1369E-05  2.3041E-05  2.6779E-05  2.5126E-05  2.7149E-05  2.2823E-05  1.9610E-05  1.9869E-05  1.1338E-05
       1.3787E-05  2.0620E-05  2.2828E-05  2.6125E-05  2.7222E-05  1.9420E-05  2.3446E-05  1.6365E-05  2.2808E-05  1.5026E-05
       1.4464E-05  1.7017E-05  1.9872E-05  2.0803E-05  2.8184E-05  2.1023E-05  1.9904E-05  1.9485E-05  2.2018E-05  1.4776E-05
       1.1120E-05  1.8693E-05  1.6909E-05  1.8236E-05  2.1782E-05  1.9427E-05  1.5360E-05  2.1129E-05  1.1165E-05  1.0161E-05
       9.0187E-06  1.1056E-05  1.1415E-05  1.3250E-05  1.2959E-05  1.4121E-05  7.9362E-06  1.1709E-05  9.4569E-06  7.0969E-06
       1.0088E-05  5.7018E-06  7.8487E-06  1.4423E-05  1.1554E-05  1.0851E-05  1.5386E-05  1.4827E-05  1.1198E-05  7.5610E-06
       9.7564E-06  8.5444E-06  1.0745E-05  1.6431E-05  1.4883E-05  1.4220E-05  1.7166E-05  1.4821E-05  1.2673E-05  1.1044E-05
       9.5041E-06  1.0183E-05  1.2662E-05  1.7644E-05  1.6445E-05  1.5203E-05  2.0027E-05  1.8406E-05  1.5609E-05  1.0283E-05
       8.1994E-06  1.1771E-05  1.4875E-05  1.7503E-05  1.7431E-05  2.3812E-05  1.9493E-05  1.8073E-05  1.8249E-05  9.9383E-06
       1.0853E-05  1.4037E-05  2.3059E-05  1.7178E-05  1.8015E-05  2.4834E-05  2.1875E-05  1.4817E-05  1.5193E-05  1.7364E-05
       1.4614E-05  1.7493E-05  1.8570E-05  2.0372E-05  1.9310E-05  2.0391E-05  2.1742E-05  1.1499E-05  1.4620E-05  1.2358E-05
       1.0085E-05  1.8576E-05  1.8541E-05  1.8955E-05  1.8439E-05  1.6043E-05  2.1100E-05  1.4668E-05  2.0153E-05  1.0968E-05
       1.2989E-05  1.2075E-05  1.6474E-05  1.6018E-05  1.9747E-05  1.9214E-05  2.0879E-05  1.6240E-05  1.8774E-05  1.0763E-05
       1.0678E-05  1.4062E-05  1.7951E-05  1.4554E-05  1.9296E-05  1.3734E-05  1.3738E-05  1.3852E-05  1.2488E-05  9.2908E-06
       1.0891E-05  7.1519E-06  7.9501E-06  1.2046E-05  1.1858E-05  9.5687E-06  8.5087E-06  8.7272E-06  6.5615E-06  7.8964E-06
       8.9707E-06  6.3347E-06  5.9681E-06  8.6270E-06  1.0257E-05  1.1115E-05  1.2303E-05  1.2008E-05  9.4203E-06  4.7548E-06
       9.4542E-06  7.9571E-06  1.0600E-05  8.9993E-06  9.6426E-06  1.2335E-05  9.5513E-06  1.4242E-05  1.0594E-05  7.9148E-06
       8.4036E-06  5.2383E-06  1.3414E-05  1.5839E-05  1.2158E-05  1.5044E-05  1.3932E-05  1.2300E-05  1.3605E-05  6.4213E-06
       6.4301E-06  1.1602E-05  1.2688E-05  1.2921E-05  1.3119E-05  1.8339E-05  1.6110E-05  1.5326E-05  1.4431E-05  8.6649E-06
       9.6114E-06  1.2014E-05  1.4913E-05  1.1463E-05  1.4451E-05  1.9683E-05  1.8950E-05  1.2584E-05  1.3823E-05  1.3264E-05
       1.0016E-05  1.2654E-05  2.0466E-05  1.6708E-05  1.6395E-05  1.4596E-05  2.0929E-05  1.1166E-05  1.4997E-05  1.0917E-05
       7.0358E-06  1.4005E-05  1.4600E-05  1.4423E-05  1.5952E-05  1.5674E-05  1.8113E-05  1.1812E-05  1.4972E-05  7.1050E-06
       7.7952E-06  1.0198E-05  1.3704E-05  1.1988E-05  1.2842E-05  1.8120E-05  1.6213E-05  8.3320E-06  1.4523E-05  6.4547E-06
       9.2603E-06  9.5742E-06  1.2083E-05  1.1136E-05  1.0623E-05  1.0124E-05  9.1318E-06  1.0005E-05  1.1028E-05  5.0195E-06
       5.5681E-06  4.8238E-06  5.3464E-06  7.9197E-06  9.0031E-06  6.5539E-06  7.7965E-06  7.9339E-06  7.0995E-06  5.4989E-06
       5.7774E-06  6.2732E-06  5.4602E-06  6.1812E-06  5.7202E-06  1.0258E-05  8.0259E-06  6.0297E-06  5.5226E-06  3.3276E-06
       5.5162E-06  4.9646E-06  8.4426E-06  6.4693E-06  9.9141E-06  8.4905E-06  8.2061E-06  7.8491E-06  6.4823E-06  6.7951E-06
       3.2868E-06  4.5966E-06  6.3021E-06  9.4050E-06  1.1944E-05  1.0955E-05  1.0707E-05  8.0842E-06  9.3904E-06  7.2748E-06
       4.5611E-06  8.7948E-06  8.7604E-06  1.0313E-05  1.0872E-05  9.8436E-06  9.3285E-06  7.7140E-06  9.2636E-06  8.5396E-06
       7.4603E-06  1.1196E-05  1.1541E-05  9.2463E-06  1.1850E-05  1.5007E-05  1.1487E-05  8.0558E-06  8.3064E-06  1.2418E-05
       6.6271E-06  1.1140E-05  1.3109E-05  9.5463E-06  1.1206E-05  9.5208E-06  1.3476E-05  8.5892E-06  8.0757E-06  7.0848E-06
       7.1825E-06  9.5490E-06  8.0286E-06  1.1649E-05  1.0264E-05  1.1249E-05  1.0951E-05  9.0278E-06  1.1909E-05  6.5046E-06
       6.3092E-06  7.9878E-06  8.4804E-06  9.6080E-06  7.9184E-06  8.6071E-06  1.1141E-05  6.0820E-06  9.8901E-06  3.5964E-06
       6.3831E-06  7.1614E-06  6.1085E-06  6.6766E-06  6.0902E-06  6.8931E-06  6.5958E-06  9.1015E-06  1.0539E-05  4.2156E-06
       5.8802E-06  6.2414E-06  4.4879E-06  5.3910E-06  6.4569E-06  5.6069E-06  5.3228E-06  7.0008E-06  6.3910E-06  3.4988E-06

      Percentage errors follow in a matrix A(ix,iy,iz), format (1(5x,1p,10(1x,e11.4)))

       1.3557E+01  9.5388E+00  7.8712E+00  1.1832E+01  6.1795E+00  6.2804E+00  9.0494E+00  1.1243E+01  8.3213E+00  1.1888E+01
       7.2944E+00  7.0695E+00  1.0094E+01  8.8082E+00  9.5969E+00  6.9613E+00  8.5753E+00  7.9203E+00  9.6606E+00  1.1996E+01
       1.0941E+01  8.1082E+00  8.3943E+00  7.6149E+00  7.1924E+00  8.4230E+00  7.6215E+00  6.5064E+00  7.9357E+00  1.0125E+01
       1.3573E+01  9.7368E+00  1.0336E+01  8.7588E+00  9.6714E+00  7.4492E+00  8.7256E+00  9.8184E+00  8.5009E+00  1.2424E+01
       7.9054E+00  8.8229E+00  7.2227E+00  9.6200E+00  7.1179E+00  9.0012E+00  7.8660E+00  5.3478E+00  1.1782E+01  1.0914E+01
       1.0109E+01  8.9573E+00  8.9534E+00  8.6382E+00  9.6957E+00  7.2115E+00  7.6037E+00  7.6318E+00  7.6675E+00  8.7059E+00
       1.0756E+01  8.7436E+00  1.1210E+01  8.4602E+00  7.0184E+00  6.5269E+00  7.9761E+00  6.6088E+00  8.3169E+00  6.9963E+00
       1.0836E+01  9.0427E+00  7.1142E+00  7.8157E+00  9.5641E+00  6.3510E+00  1.0929E+01  9.3183E+00  9.5326E+00  9.5367E+00
       7.7873E+00  9.5265E+00  7.7512E+00  8.3986E+00  8.4736E+00  8.1012E+00  7.1183E+00  9.1181E+00  9.8954E+00  1.1550E+01
       1.1360E+01  1.0040E+01  1.0453E+01  7.0484E+00  9.8774E+00  1.0275E+01  8.4001E+00  1.0322E+01  4.9363E+00  8.7377E+00
       1.3863E+01  1.1951E+01  6.3655E+00  1.1055E+01  6.2911E+00  8.0600E+00  9.6302E+00  1.1354E+01  1.1114E+01  1.3433E+01
       8.0918E+00  9.6636E+00  1.0615E+01  9.3001E+00  6.9392E+00  1.0933E+01  9.1227E+00  1.0782E+01  8.0366E+00  1.1397E+01
       1.2143E+01  8.1079E+00  9.5085E+00  6.4235E+00  9.1951E+00  7.8751E+00  1.0189E+01  6.5881E+00  9.3575E+00  1.0396E+01
       1.2949E+01  9.6430E+00  1.0912E+01  8.5758E+00  1.0565E+01  8.2712E+00  8.0589E+00  8.8066E+00  8.5566E+00  1.0243E+01
       1.3385E+01  6.6323E+00  8.1357E+00  1.2185E+01  5.1833E+00  1.1277E+01  9.3193E+00  8.2853E+00  1.1112E+01  1.1611E+01
       9.1180E+00  8.7229E+00  8.0028E+00  1.1478E+01  1.0437E+01  8.0454E+00  7.5468E+00  7.0180E+00  9.4967E+00  9.7150E+00
       1.1437E+01  8.7211E+00  8.4767E+00  1.0122E+01  8.3358E+00  6.3173E+00  6.3981E+00  8.8104E+00  7.5108E+00  7.0105E+00
       9.7167E+00  9.4809E+00  9.0862E+00  1.0103E+01  7.9277E+00  7.4247E+00  1.3606E+01  1.1287E+01  1.0184E+01  7.6335E+00
       9.5835E+00  1.0439E+01  1.0796E+01  9.6237E+00  8.6708E+00  8.1104E+00  8.4713E+00  1.0461E+01  1.0574E+01  1.1537E+01
       1.0511E+01  9.8448E+00  1.0136E+01  9.2165E+00  1.1339E+01  9.7543E+00  7.9190E+00  1.0661E+01  5.7413E+00  8.2272E+00
       1.3468E+01  1.2498E+01  9.0621E+00  1.0980E+01  8.6131E+00  1.0256E+01  1.2261E+01  9.4416E+00  9.6008E+00  1.2620E+01
       7.0684E+00  1.0284E+01  8.4926E+00  1.2299E+01  7.0820E+00  8.4357E+00  1.1768E+01  8.2961E+00  8.9519E+00  8.3331E+00
       1.2178E+01  1.2058E+01  1.2502E+01  6.8034E+00  9.6458E+00  6.5180E+00  8.7588E+00  8.5896E+00  1.2678E+01  1.1079E+01
       1.2987E+01  8.1152E+00  9.1963E+00  9.3380E+00  1.0246E+01  8.8950E+00  9.5627E+00  7.2858E+00  1.2992E+01  1.1337E+01
       1.0285E+01  9.7051E+00  7.7831E+00  9.4382E+00  8.8947E+00  1.0203E+01  1.0166E+01  9.6908E+00  1.1304E+01  1.2464E+01
       1.1518E+01  9.8180E+00  9.0742E+00  1.0046E+01  8.2832E+00  9.3844E+00  8.7023E+00  9.0167E+00  9.8699E+00  9.7567E+00
       1.2056E+01  9.5549E+00  6.2794E+00  1.1472E+01  7.9659E+00  7.0395E+00  1.1011E+01  9.4831E+00  1.1837E+01  1.0416E+01
       1.5324E+01  9.7700E+00  1.0024E+01  1.1058E+01  1.1433E+01  8.5262E+00  1.2300E+01  1.0448E+01  7.0074E+00  1.2090E+01
       1.0883E+01  1.2044E+01  9.8040E+00  1.0226E+01  1.0454E+01  1.0612E+01  7.1633E+00  9.0841E+00  1.2430E+01  1.7555E+01
       1.4057E+01  1.2583E+01  1.0829E+01  1.0569E+01  8.4540E+00  7.6339E+00  1.0027E+01  1.0508E+01  9.4604E+00  1.2289E+01
       1.6025E+01  1.1142E+01  8.3370E+00  8.5218E+00  1.1321E+01  1.2261E+01  1.1331E+01  1.0649E+01  1.6178E+01  1.1613E+01
       1.1262E+01  1.2998E+01  1.3585E+01  1.1989E+01  8.5632E+00  1.0209E+01  1.0193E+01  9.2487E+00  1.2296E+01  1.5179E+01
       1.0225E+01  1.2265E+01  1.1423E+01  8.3791E+00  1.1602E+01  9.5034E+00  8.7546E+00  8.7044E+00  1.1587E+01  1.3130E+01
       1.3021E+01  1.2495E+01  8.2029E+00  7.9368E+00  9.7508E+00  7.9756E+00  9.7801E+00  7.0606E+00  9.3128E+00  8.7052E+00
       8.6701E+00  1.2604E+01  9.9965E+00  8.0002E+00  9.5833E+00  8.0014E+00  1.3717E+01  1.1493E+01  7.3715E+00  1.1651E+01
       8.7768E+00  1.0488E+01  1.0726E+01  9.4030E+00  7.8209E+00  8.2560E+00  1.0954E+01  6.8248E+00  1.1288E+01  1.3759E+01
       9.7896E+00  1.0517E+01  7.8446E+00  1.2417E+01  9.5950E+00  8.5271E+00  8.6672E+00  1.0219E+01  1.3817E+01  1.4937E+01
       1.4876E+01  1.1274E+01  8.7352E+00  9.7127E+00  1.0367E+01  7.8302E+00  9.5597E+00  1.1484E+01  8.6414E+00  1.3567E+01
       1.4175E+01  9.6980E+00  1.1912E+01  9.4054E+00  1.2663E+01  9.8876E+00  8.3179E+00  1.1713E+01  1.3824E+01  1.4824E+01
       1.3374E+01  1.4588E+01  1.2873E+01  1.1407E+01  1.0607E+01  9.3749E+00  1.1302E+01  1.0443E+01  1.0289E+01  1.6104E+01
       1.3352E+01  1.5958E+01  1.3826E+01  1.0392E+01  1.0265E+01  1.5171E+01  1.1153E+01  1.0581E+01  1.4614E+01  1.9634E+01
       1.1973E+01  8.7593E+00  1.4947E+01  1.1890E+01  1.1703E+01  1.1362E+01  1.2146E+01  1.1300E+01  1.0857E+01  1.2371E+01
       9.4228E+00  1.3354E+01  1.2271E+01  9.7879E+00  1.2883E+01  8.5531E+00  8.8867E+00  9.2521E+00  1.1318E+01  1.0591E+01
       1.2124E+01  1.2021E+01  1.0295E+01  1.0732E+01  1.1088E+01  8.3031E+00  1.0794E+01  1.0272E+01  1.1812E+01  1.2710E+01
       1.1538E+01  1.0117E+01  1.0514E+01  9.4303E+00  1.0192E+01  1.0709E+01  9.3179E+00  9.7256E+00  8.0195E+00  1.1186E+01
       1.3447E+01  1.2997E+01  8.8117E+00  1.2177E+01  7.8635E+00  9.9653E+00  8.8582E+00  8.2638E+00  1.1221E+01  1.1769E+01
       9.9075E+00  1.0085E+01  8.6442E+00  9.2477E+00  9.9454E+00  1.3536E+01  8.9481E+00  1.1381E+01  1.2872E+01  1.0695E+01
       1.5192E+01  9.6156E+00  1.0025E+01  1.1652E+01  1.0830E+01  1.0400E+01  7.3765E+00  9.4971E+00  1.0030E+01  1.1446E+01
       1.1256E+01  1.0017E+01  1.2758E+01  1.1271E+01  1.2912E+01  1.0894E+01  1.5329E+01  1.1046E+01  1.3325E+01  1.4867E+01
       1.4363E+01  1.2375E+01  1.5074E+01  1.2084E+01  1.3798E+01  1.0191E+01  1.1429E+01  1.4094E+01  1.0716E+01  1.6110E+01
       1.4860E+01  1.5074E+01  1.8299E+01  1.3401E+01  1.1963E+01  1.6910E+01  1.1624E+01  1.2890E+01  1.3103E+01  2.4266E+01
       1.3110E+01  1.3519E+01  1.8505E+01  1.3125E+01  1.4679E+01  1.2894E+01  1.4868E+01  1.0246E+01  1.7482E+01  1.8403E+01
       1.3365E+01  2.0246E+01  1.2231E+01  1.1935E+01  1.2112E+01  1.2298E+01  1.0728E+01  1.2792E+01  1.6367E+01  1.6931E+01
       1.4629E+01  1.1551E+01  9.3298E+00  1.1298E+01  1.0036E+01  1.1084E+01  1.2721E+01  1.2662E+01  1.0758E+01  1.9457E+01
       1.4110E+01  1.1576E+01  8.4187E+00  9.4157E+00  9.4375E+00  1.0737E+01  9.3984E+00  9.4586E+00  1.2639E+01  1.3847E+01
       1.6427E+01  1.0508E+01  8.0125E+00  9.9850E+00  1.1958E+01  1.1916E+01  8.6417E+00  1.2084E+01  1.2940E+01  1.4379E+01
       1.6478E+01  1.3275E+01  1.0475E+01  8.6554E+00  9.7584E+00  1.2281E+01  1.2238E+01  1.0338E+01  1.1742E+01  1.3420E+01
       1.7044E+01  1.0214E+01  1.1553E+01  9.2972E+00  8.6151E+00  7.0818E+00  1.2709E+01  1.1366E+01  1.2354E+01  9.1042E+00
       1.3575E+01  9.9707E+00  1.4793E+01  1.2244E+01  1.1284E+01  1.2734E+01  1.7500E+01  1.4262E+01  1.7953E+01  1.6610E+01
       1.7075E+01  1.4292E+01  1.4015E+01  1.1546E+01  1.4864E+01  1.4649E+01  1.6298E+01  1.7234E+01  1.7348E+01  1.9012E+01
       1.3873E+01  1.6479E+01  1.5378E+01  1.4799E+01  1.2467E+01  1.5673E+01  1.9518E+01  1.2883E+01  1.4076E+01  2.0266E+01
       2.7607E+01  1.5174E+01  1.8296E+01  1.4324E+01  1.2634E+01  1.1907E+01  1.1680E+01  1.5214E+01  2.0076E+01  1.6778E+01
       2.1212E+01  1.6645E+01  1.3523E+01  1.2955E+01  1.4325E+01  1.5166E+01  1.0914E+01  1.3643E+01  1.3698E+01  2.1559E+01
       1.2368E+01  1.4918E+01  1.2961E+01  1.1305E+01  1.2075E+01  1.1184E+01  1.0427E+01  1.5462E+01  1.4139E+01  1.7633E+01
       1.6324E+01  1.1879E+01  1.1511E+01  1.2511E+01  7.9730E+00  1.1989E+01  1.2952E+01  1.3565E+01  1.5041E+01  1.5939E+01
       1.9950E+01  1.0842E+01  1.0999E+01  1.0199E+01  1.0111E+01  1.1799E+01  7.6907E+00  1.3109E+01  1.6470E+01  1.5638E+01
       1.4085E+01  1.5310E+01  1.6271E+01  9.9688E+00  9.8469E+00  1.4957E+01  1.2130E+01  1.5012E+01  1.2365E+01  1.3704E+01
       1.4930E+01  1.0616E+01  9.5177E+00  1.3896E+01  9.8148E+00  1.0244E+01  1.1251E+01  1.7309E+01  1.4291E+01  9.4124E+00
       1.8436E+01  1.2555E+01  1.8379E+01  1.0137E+01  1.0910E+01  1.4787E+01  1.2089E+01  1.4368E+01  1.2348E+01  1.5149E+01
       1.6690E+01  1.8108E+01  1.2901E+01  1.4933E+01  1.5323E+01  1.4753E+01  2.4966E+01  1.5982E+01  1.9195E+01  2.0981E+01
       1.8458E+01  2.3551E+01  2.2394E+01  1.4679E+01  1.2664E+01  2.0979E+01  1.4975E+01  1.2596E+01  1.2033E+01  2.9083E+01
       1.9784E+01  1.8795E+01  1.5755E+01  1.8505E+01  1.2550E+01  1.4621E+01  1.1568E+01  1.4881E+01  1.4116E+01  2.3432E+01
       1.7691E+01  2.0475E+01  1.4574E+01  1.3388E+01  1.6238E+01  1.4552E+01  1.1234E+01  1.3488E+01  1.4220E+01  2.0096E+01
       1.6618E+01  1.4367E+01  1.8283E+01  1.4410E+01  1.0801E+01  1.2232E+01  1.2254E+01  1.6447E+01  1.3903E+01  1.6994E+01
       1.3181E+01  1.5630E+01  1.1929E+01  1.5768E+01  1.4444E+01  1.2807E+01  1.0266E+01  1.2508E+01  1.8396E+01  1.7109E+01
       1.8268E+01  1.5369E+01  1.2532E+01  1.3687E+01  1.3466E+01  1.3165E+01  1.0569E+01  1.4771E+01  1.4625E+01  1.5118E+01
       1.6416E+01  1.5307E+01  1.5573E+01  1.1309E+01  1.0198E+01  1.4901E+01  1.5450E+01  1.5127E+01  9.8010E+00  1.0149E+01
       1.6714E+01  1.3188E+01  1.3315E+01  1.4160E+01  1.3431E+01  1.4058E+01  1.3255E+01  1.4050E+01  1.2263E+01  1.6762E+01
       1.3115E+01  1.0063E+01  1.2001E+01  1.2813E+01  1.2756E+01  1.6209E+01  1.5312E+01  1.5672E+01  1.3003E+01  1.8232E+01
       1.5443E+01  2.5215E+01  1.4028E+01  1.5160E+01  1.7389E+01  2.4688E+01  1.9993E+01  1.8908E+01  1.8345E+01  2.4479E+01
       1.7987E+01  2.1900E+01  2.0674E+01  1.9436E+01  1.6934E+01  1.6778E+01  1.7101E+01  1.3279E+01  1.5656E+01  2.3974E+01
       2.6234E+01  1.6805E+01  1.5482E+01  1.8147E+01  1.4004E+01  1.9168E+01  2.0147E+01  1.7981E+01  1.4340E+01  2.0664E+01
       1.7348E+01  2.0915E+01  1.3229E+01  1.2579E+01  1.7765E+01  1.6432E+01  1.4884E+01  1.1661E+01  1.8685E+01  2.1055E+01
       2.1361E+01  1.3485E+01  1.8188E+01  1.3921E+01  1.5327E+01  1.5023E+01  1.3058E+01  1.8457E+01  1.5814E+01  1.7309E+01
       2.0326E+01  1.8805E+01  1.3842E+01  2.0107E+01  1.2868E+01  9.9350E+00  1.4785E+01  1.3841E+01  1.6494E+01  1.4814E+01
       1.5702E+01  1.4924E+01  1.2288E+01  1.0633E+01  1.5678E+01  1.6106E+01  1.2458E+01  2.1930E+01  1.6375E+01  2.4351E+01
       1.8032E+01  1.2701E+01  1.5380E+01  1.6109E+01  1.6417E+01  1.6732E+01  1.4285E+01  1.6326E+01  1.4180E+01  1.8368E+01
       2.1852E+01  1.9650E+01  1.6425E+01  1.2455E+01  1.4811E+01  1.4668E+01  1.2984E+01  2.1734E+01  1.6302E+01  2.3224E+01
       1.6314E+01  1.8083E+01  1.6185E+01  1.2238E+01  1.3602E+01  1.6537E+01  2.0438E+01  1.8293E+01  1.1827E+01  2.3843E+01
       2.3735E+01  2.4758E+01  2.2178E+01  1.9921E+01  1.3676E+01  1.6002E+01  2.1964E+01  1.9157E+01  1.9217E+01  2.2717E+01
       3.6523E+01  2.0011E+01  1.9785E+01  3.0067E+01  2.0636E+01  1.6188E+01  1.7290E+01  1.6375E+01  2.2545E+01  2.8920E+01
       2.8005E+01  1.9729E+01  2.0415E+01  2.0211E+01  1.3693E+01  1.8645E+01  2.1079E+01  2.0405E+01  2.0399E+01  2.4413E+01
       2.5819E+01  3.2181E+01  2.0837E+01  1.2928E+01  1.2216E+01  1.2562E+01  1.6079E+01  1.2420E+01  1.9621E+01  2.2922E+01
       2.3266E+01  1.6185E+01  2.0090E+01  1.1907E+01  1.2036E+01  1.6671E+01  1.6492E+01  1.4462E+01  1.9605E+01  2.3544E+01
       1.7075E+01  1.7399E+01  1.5870E+01  2.0240E+01  1.2696E+01  1.4693E+01  1.6498E+01  1.6118E+01  1.8443E+01  2.0716E+01
       1.9673E+01  1.5741E+01  1.4461E+01  1.6685E+01  1.8742E+01  1.6309E+01  1.9397E+01  2.2060E+01  1.8348E+01  2.5082E+01
       2.5668E+01  1.6332E+01  2.4208E+01  1.7359E+01  2.6520E+01  1.7697E+01  1.3467E+01  1.9910E+01  1.5370E+01  1.9082E+01
       2.2595E+01  2.0614E+01  2.0052E+01  1.4641E+01  1.7777E+01  1.5765E+01  1.1988E+01  2.4479E+01  1.7549E+01  3.0101E+01
       1.8531E+01  2.1360E+01  2.4259E+01  1.9157E+01  1.7715E+01  1.6286E+01  2.0711E+01  1.2657E+01  1.6695E+01  1.9822E+01
       1.9496E+01  2.4851E+01  2.5597E+01  1.6701E+01  1.7373E+01  3.1469E+01  2.3125E+01  2.3605E+01  2.2861E+01  2.2399E+01
