1
   Cartesian binning n.   1  "DoseEq    " , generalized particle n.  240
      X coordinate: from -8.5000E+01 to  8.5000E+01 cm,    10 bins ( 1.7000E+01 cm wide)
      Y coordinate: from -2.5000E+01 to  2.5000E+01 cm,    10 bins ( 5.0000E+00 cm wide)
      Z coordinate: from  2.2500E+02 to  2.7500E+02 cm,    10 bins ( 5.0000E+00 cm wide)
      Data follow in a matrix A(ix,iy,iz), format (1(5x,1p,10(1x,e11.4)))

      accurate deposition along the tracks requested
      this is a track-length binning
       5.4497E-05  7.6616E-05  8.0917E-05  8.1526E-05  9.3834E-05  7.8074E-05  9.1326E-05  8.4193E-05  7.5500E-05  5.6194E-05
       6.5980E-05  7.4180E-05  9.5539E-05  1.0228E-04  1.0531E-04  1.0299E-04  1.0374E-04  9.3448E-05  7.3875E-05  6.0773E-05
       6.4138E-05  8.2396E-05  1.0089E-04  1.1175E-04  1.1551E-04  1.1192E-04  1.0091E-04  9.9632E-05  7.9298E-05  7.1923E-05
       6.8776E-05  9.2605E-05  1.0609E-04  1.0826E-04  1.1826E-04  1.1365E-04  1.0404E-04  9.7731E-05  8.1695E-05  6.9389E-05
       6.9925E-05  9.6030E-05  9.2628E-05  1.1211E-04  1.2134E-04  1.0208E-04  1.0810E-04  9.4221E-05  8.2405E-05  7.9628E-05
       6.3821E-05  7.9340E-05  9.8935E-05  1.1168E-04  1.1153E-04  1.0961E-04  1.0365E-04  9.1400E-05  9.2857E-05  7.2863E-05
       6.3803E-05  7.9399E-05  1.0467E-04  1.0466E-04  1.0976E-04  1.1494E-04  1.1271E-04  9.7006E-05  9.2121E-05  7.4402E-05
       6.7421E-05  8.6442E-05  1.1081E-04  1.0678E-04  1.1231E-04  1.1294E-04  1.0220E-04  9.6194E-05  8.7929E-05  6.8386E-05
       6.1114E-05  7.5689E-05  9.3550E-05  1.0813E-04  1.0212E-04  1.0691E-04  9.2500E-05  8.9870E-05  7.1667E-05  6.6122E-05
       6.4619E-05  7.6006E-05  7.8644E-05  8.1461E-05  8.9735E-05  9.8301E-05  8.4311E-05  7.6206E-05  6.3098E-05  5.8789E-05
       5.3602E-05  6.4494E-05  6.6620E-05  7.6931E-05  8.9809E-05  8.3421E-05  8.5961E-05  7.8512E-05  6.3644E-05  5.0445E-05
       6.6325E-05  6.8646E-05  9.2136E-05  1.0242E-04  9.7159E-05  1.0057E-04  9.8820E-05  9.3691E-05  7.6676E-05  5.8608E-05
       5.9772E-05  8.5842E-05  1.0584E-04  1.1474E-04  1.1571E-04  1.1113E-04  9.8650E-05  9.9388E-05  8.0768E-05  6.9541E-05
       6.5169E-05  8.5600E-05  1.0500E-04  1.0991E-04  1.1751E-04  1.1241E-04  1.0419E-04  9.9864E-05  9.3685E-05  6.6154E-05
       6.5686E-05  9.0633E-05  1.0179E-04  1.1610E-04  1.3086E-04  1.0226E-04  1.0517E-04  1.0403E-04  8.6873E-05  7.5106E-05
       6.2538E-05  8.3201E-05  9.9895E-05  1.0966E-04  1.1572E-04  1.1418E-04  1.1231E-04  9.7683E-05  9.2067E-05  7.5550E-05
       6.2120E-05  7.7095E-05  9.7278E-05  1.0035E-04  1.0899E-04  1.0753E-04  1.0428E-04  9.9974E-05  8.7283E-05  6.9394E-05
       6.5340E-05  8.6760E-05  1.0794E-04  1.0441E-04  1.1486E-04  1.1385E-04  8.9225E-05  8.8008E-05  8.7115E-05  6.3727E-05
       5.9053E-05  7.5080E-05  9.6323E-05  1.0228E-04  1.0787E-04  1.0131E-04  9.6054E-05  9.1975E-05  7.2968E-05  6.1222E-05
       5.4121E-05  6.6359E-05  7.3244E-05  7.3648E-05  7.8010E-05  8.4022E-05  7.8056E-05  7.3219E-05  5.8786E-05  5.1892E-05
       4.2435E-05  5.5280E-05  6.2426E-05  6.0140E-05  7.3118E-05  6.5431E-05  6.7608E-05  5.9932E-05  5.7961E-05  4.1425E-05
       5.8222E-05  6.4766E-05  8.0188E-05  9.4567E-05  8.5549E-05  8.3572E-05  8.8431E-05  9.1997E-05  7.2244E-05  4.8529E-05
       5.4483E-05  6.9746E-05  8.9144E-05  9.6863E-05  8.8137E-05  9.5072E-05  8.9763E-05  9.7460E-05  7.4534E-05  5.4735E-05
       6.0041E-05  7.1626E-05  9.6784E-05  1.0659E-04  1.0517E-04  9.6893E-05  9.1048E-05  8.9059E-05  8.1566E-05  5.3576E-05
       6.0438E-05  7.8924E-05  1.0578E-04  1.0873E-04  1.2218E-04  1.0015E-04  9.4090E-05  9.2611E-05  7.5076E-05  6.8787E-05
       5.2905E-05  7.3243E-05  9.8459E-05  9.3379E-05  1.0745E-04  1.0731E-04  1.0121E-04  8.8732E-05  7.6862E-05  6.5794E-05
       5.2119E-05  7.4500E-05  8.8708E-05  9.3869E-05  9.8867E-05  9.5284E-05  9.3647E-05  9.6269E-05  8.0365E-05  6.9006E-05
       6.1117E-05  7.5678E-05  9.0369E-05  8.3628E-05  9.0321E-05  9.8500E-05  9.0104E-05  8.4923E-05  7.9613E-05  6.1825E-05
       5.4299E-05  6.7663E-05  7.6889E-05  8.2478E-05  9.8660E-05  9.6344E-05  9.4656E-05  7.3181E-05  6.1544E-05  5.9567E-05
       4.1145E-05  4.8299E-05  5.4430E-05  6.4896E-05  6.9246E-05  6.8223E-05  5.9344E-05  6.3643E-05  5.0061E-05  4.2080E-05
       3.8510E-05  4.6151E-05  5.3163E-05  5.3502E-05  6.7299E-05  5.3565E-05  5.5858E-05  5.3265E-05  5.0928E-05  3.3877E-05
       4.3622E-05  5.7778E-05  7.0820E-05  7.8818E-05  7.4072E-05  6.6825E-05  7.4970E-05  7.6482E-05  6.3958E-05  4.1220E-05
       4.1252E-05  6.8665E-05  7.9195E-05  8.3914E-05  7.2185E-05  7.5628E-05  7.1448E-05  7.5333E-05  6.5769E-05  4.5745E-05
       5.0074E-05  7.7586E-05  8.3020E-05  9.1696E-05  8.9587E-05  8.5123E-05  8.2358E-05  8.1297E-05  6.9408E-05  4.9030E-05
       4.9804E-05  7.3947E-05  8.5402E-05  9.9973E-05  1.0203E-04  9.0992E-05  8.2151E-05  8.1868E-05  6.8889E-05  5.5164E-05
       4.6179E-05  6.5335E-05  9.2207E-05  9.2020E-05  9.4907E-05  9.7291E-05  8.4428E-05  7.1258E-05  7.8486E-05  5.7253E-05
       4.7944E-05  5.6745E-05  7.4714E-05  8.0821E-05  9.8455E-05  8.9238E-05  8.6110E-05  7.9743E-05  6.8493E-05  5.6911E-05
       4.9953E-05  6.4151E-05  7.1329E-05  8.0978E-05  8.2259E-05  8.4867E-05  8.2635E-05  6.7552E-05  7.4904E-05  4.8379E-05
       4.4735E-05  5.6378E-05  6.3781E-05  7.6315E-05  8.5087E-05  8.1342E-05  7.5600E-05  6.6780E-05  5.1033E-05  4.9522E-05
       3.4087E-05  4.6234E-05  4.9496E-05  5.0922E-05  5.5842E-05  5.6986E-05  4.7491E-05  4.4733E-05  3.9927E-05  3.4971E-05
       2.9861E-05  3.8535E-05  4.2197E-05  4.7498E-05  5.3812E-05  4.5986E-05  4.4863E-05  4.2708E-05  3.5312E-05  2.7213E-05
       4.0101E-05  4.2988E-05  6.2086E-05  6.7419E-05  6.3278E-05  5.3240E-05  6.0060E-05  6.1503E-05  4.8282E-05  3.4631E-05
       3.9932E-05  5.4316E-05  6.9410E-05  7.2766E-05  7.4061E-05  7.1724E-05  6.4119E-05  6.7391E-05  5.9744E-05  4.0599E-05
       4.3199E-05  5.9337E-05  7.2127E-05  7.8659E-05  7.8611E-05  7.6658E-05  6.5843E-05  7.2072E-05  5.8516E-05  4.2076E-05
       4.1715E-05  5.9639E-05  6.4169E-05  7.7963E-05  7.9717E-05  7.5303E-05  7.5775E-05  5.7812E-05  6.6733E-05  4.2419E-05
       4.1970E-05  5.9890E-05  6.9736E-05  7.6303E-05  7.8180E-05  9.1391E-05  7.4414E-05  5.6479E-05  5.9764E-05  4.6033E-05
       3.6073E-05  5.3222E-05  6.8419E-05  7.6241E-05  8.4703E-05  8.5339E-05  7.5284E-05  6.7597E-05  5.4694E-05  4.1856E-05
       4.0500E-05  5.7614E-05  6.3350E-05  6.7923E-05  7.2094E-05  7.9842E-05  6.1506E-05  6.7303E-05  6.0783E-05  3.6020E-05
       3.7706E-05  5.0534E-05  5.3179E-05  5.9550E-05  7.0581E-05  6.8382E-05  6.1870E-05  5.1593E-05  5.0100E-05  3.5266E-05
       2.9323E-05  3.6842E-05  3.9327E-05  4.3971E-05  4.7770E-05  4.9766E-05  4.1432E-05  3.6294E-05  2.9060E-05  2.8766E-05
       1.9349E-05  2.7346E-05  3.1688E-05  3.6202E-05  4.3331E-05  3.7737E-05  3.4610E-05  3.6023E-05  2.5307E-05  2.2951E-05
       3.3978E-05  3.7490E-05  4.2222E-05  5.5063E-05  5.2447E-05  4.4849E-05  5.1342E-05  5.6077E-05  3.4882E-05  2.6408E-05
       3.3547E-05  4.0936E-05  4.9972E-05  5.9785E-05  6.2936E-05  5.0776E-05  5.3444E-05  6.3107E-05  4.2719E-05  3.2018E-05
       4.1148E-05  4.8938E-05  5.5049E-05  6.3279E-05  6.1622E-05  6.4294E-05  5.9120E-05  5.3382E-05  4.7082E-05  3.5303E-05
       3.2855E-05  4.7001E-05  5.2019E-05  6.2128E-05  6.1843E-05  6.0462E-05  6.0652E-05  4.3424E-05  5.0101E-05  3.4380E-05
       3.3387E-05  5.3483E-05  5.8813E-05  5.8125E-05  6.2918E-05  7.0597E-05  6.2907E-05  4.4997E-05  4.4970E-05  3.9481E-05
       2.5927E-05  4.7322E-05  5.4223E-05  5.6062E-05  6.1220E-05  6.7717E-05  6.2290E-05  5.7501E-05  4.7006E-05  3.5614E-05
       2.8135E-05  4.4001E-05  5.8318E-05  5.4642E-05  5.5089E-05  6.2340E-05  5.4266E-05  5.3092E-05  4.4249E-05  3.1481E-05
       2.0829E-05  3.7816E-05  3.9235E-05  4.9237E-05  6.0163E-05  5.5722E-05  4.9678E-05  4.1714E-05  3.5679E-05  2.7945E-05
       2.1276E-05  2.7504E-05  3.0909E-05  3.5943E-05  4.3639E-05  3.8053E-05  3.7295E-05  3.0160E-05  2.6865E-05  2.4299E-05
       1.4700E-05  2.1901E-05  2.4542E-05  3.0570E-05  3.2785E-05  3.0521E-05  2.9666E-05  3.0373E-05  2.3610E-05  1.8739E-05
       2.5850E-05  2.6658E-05  2.9299E-05  4.4356E-05  3.7950E-05  3.4916E-05  4.4132E-05  4.7359E-05  3.6871E-05  2.2479E-05
       2.3245E-05  3.6996E-05  3.9462E-05  4.4171E-05  4.3022E-05  3.8428E-05  4.5219E-05  4.0529E-05  4.2026E-05  2.9412E-05
       2.6643E-05  4.0016E-05  4.3752E-05  4.8027E-05  4.8247E-05  5.0218E-05  5.3281E-05  4.9999E-05  4.0939E-05  2.3927E-05
       2.6722E-05  4.3080E-05  4.7686E-05  5.6385E-05  4.7843E-05  4.8603E-05  5.2514E-05  4.4692E-05  3.3543E-05  3.1966E-05
       2.5595E-05  4.0626E-05  4.4247E-05  5.6482E-05  4.8274E-05  5.1582E-05  4.5559E-05  3.5740E-05  3.6905E-05  2.7721E-05
       1.8390E-05  3.7063E-05  4.3473E-05  4.2254E-05  4.7081E-05  5.5266E-05  5.0554E-05  4.7334E-05  4.1540E-05  2.6883E-05
       2.3556E-05  3.0765E-05  3.6444E-05  4.2299E-05  4.8109E-05  4.8114E-05  4.6401E-05  4.2230E-05  3.9835E-05  2.6884E-05
       1.9162E-05  3.1530E-05  3.1768E-05  4.1326E-05  3.9272E-05  4.3656E-05  3.7586E-05  4.0751E-05  3.0357E-05  2.5429E-05
       1.7523E-05  2.6864E-05  2.8064E-05  3.2331E-05  3.1248E-05  2.6059E-05  3.0636E-05  2.3673E-05  2.3003E-05  2.0185E-05
       1.1502E-05  1.7862E-05  2.1866E-05  2.2011E-05  2.7413E-05  2.3143E-05  2.6983E-05  2.2294E-05  1.9498E-05  1.3777E-05
       1.6153E-05  2.4768E-05  2.5005E-05  2.9798E-05  3.0894E-05  3.1074E-05  3.2092E-05  3.2128E-05  3.6461E-05  1.8191E-05
       2.0465E-05  3.5077E-05  3.6647E-05  3.9425E-05  3.9017E-05  3.5970E-05  3.4315E-05  3.1780E-05  2.7892E-05  2.3727E-05
       1.9226E-05  3.8907E-05  3.5549E-05  3.5782E-05  4.4481E-05  4.4234E-05  4.2957E-05  3.6694E-05  2.8617E-05  2.0827E-05
       2.0380E-05  4.0761E-05  3.4843E-05  3.7587E-05  3.9203E-05  4.0721E-05  4.5826E-05  3.7359E-05  3.1790E-05  2.6431E-05
       2.2085E-05  3.3285E-05  3.5629E-05  4.5411E-05  3.1581E-05  4.3327E-05  4.0370E-05  2.8150E-05  2.9283E-05  2.2940E-05
       1.4975E-05  2.7411E-05  3.8022E-05  3.7669E-05  3.7223E-05  4.1917E-05  4.0788E-05  3.4391E-05  3.4823E-05  2.4278E-05
       2.0225E-05  2.4378E-05  3.0863E-05  3.2397E-05  3.6898E-05  3.8220E-05  3.9051E-05  2.9809E-05  2.8055E-05  2.2612E-05
       1.6254E-05  2.7280E-05  2.7896E-05  3.3307E-05  2.9549E-05  3.2443E-05  3.3165E-05  2.8981E-05  2.7196E-05  2.3553E-05
       1.0937E-05  2.0786E-05  2.1007E-05  2.2469E-05  2.0674E-05  2.5823E-05  2.6828E-05  1.9155E-05  1.6132E-05  1.4968E-05
       9.7644E-06  1.7896E-05  1.5017E-05  1.7922E-05  2.0710E-05  1.6083E-05  1.7369E-05  1.6423E-05  2.0020E-05  1.0860E-05
       1.4415E-05  1.4540E-05  2.2910E-05  2.9270E-05  2.6686E-05  2.7238E-05  2.0661E-05  2.6653E-05  2.5216E-05  1.2781E-05
       1.6205E-05  2.4334E-05  3.0230E-05  3.1661E-05  2.9910E-05  2.6134E-05  2.3531E-05  3.2731E-05  2.3578E-05  1.5897E-05
       1.6516E-05  2.9566E-05  2.9387E-05  3.2853E-05  3.4438E-05  3.2884E-05  2.5872E-05  2.3743E-05  2.6531E-05  1.5168E-05
       1.2259E-05  3.3167E-05  2.8278E-05  3.0013E-05  2.8871E-05  2.9803E-05  2.8016E-05  2.9285E-05  2.6486E-05  1.8059E-05
       1.7504E-05  2.5093E-05  2.9139E-05  3.0458E-05  2.7395E-05  3.1492E-05  3.2826E-05  3.1745E-05  2.2623E-05  1.9484E-05
       1.1703E-05  2.1517E-05  3.0533E-05  2.7602E-05  3.0006E-05  3.0780E-05  2.8311E-05  2.7186E-05  2.4531E-05  2.7096E-05
       1.3260E-05  1.5986E-05  2.4617E-05  2.5227E-05  2.8029E-05  3.2351E-05  3.0238E-05  2.6374E-05  2.5531E-05  2.1464E-05
       1.1836E-05  1.7405E-05  2.2467E-05  2.6075E-05  2.3368E-05  2.6894E-05  2.3253E-05  2.3721E-05  2.3963E-05  1.4497E-05
       9.2338E-06  1.2911E-05  1.5224E-05  1.4479E-05  1.5270E-05  1.8319E-05  2.0685E-05  1.5851E-05  1.7638E-05  9.2331E-06
       5.8162E-06  1.3280E-05  1.1117E-05  1.0578E-05  1.4754E-05  1.0589E-05  1.0153E-05  1.2397E-05  1.2744E-05  7.7222E-06
       9.3835E-06  1.1962E-05  1.8068E-05  1.7241E-05  2.2914E-05  1.7826E-05  1.3254E-05  1.9350E-05  1.4011E-05  9.6322E-06
       9.5822E-06  1.4496E-05  1.8991E-05  2.1537E-05  1.8703E-05  2.5695E-05  1.5294E-05  1.7624E-05  1.6195E-05  1.1872E-05
       1.3930E-05  1.7799E-05  2.3045E-05  2.0457E-05  2.1653E-05  2.3307E-05  1.8456E-05  2.0016E-05  1.8567E-05  1.5120E-05
       1.0101E-05  1.8870E-05  2.0453E-05  1.7988E-05  1.9071E-05  2.0797E-05  1.9087E-05  2.1850E-05  1.5822E-05  9.6964E-06
       1.3316E-05  1.8441E-05  2.1119E-05  2.2658E-05  1.9443E-05  2.4471E-05  1.6498E-05  1.8346E-05  1.5669E-05  1.5817E-05
       8.3310E-06  1.5870E-05  2.1714E-05  1.8224E-05  2.2290E-05  1.6995E-05  2.2007E-05  2.2118E-05  1.4546E-05  1.4053E-05
       1.1886E-05  1.1626E-05  2.2095E-05  1.7900E-05  2.3912E-05  2.2644E-05  1.9087E-05  2.0325E-05  1.8227E-05  1.3441E-05
       8.2683E-06  1.2382E-05  1.5987E-05  1.8055E-05  1.8614E-05  2.1041E-05  1.7580E-05  1.8874E-05  1.5744E-05  1.0158E-05
       6.7992E-06  8.2263E-06  1.3932E-05  9.0490E-06  1.1198E-05  1.3546E-05  1.3447E-05  1.2177E-05  1.5615E-05  8.9754E-06

      Percentage errors follow in a matrix A(ix,iy,iz), format (1(5x,1p,10(1x,e11.4)))

       8.7607E+00  5.5482E+00  7.7413E+00  5.2575E+00  6.9208E+00  7.1659E+00  6.0825E+00  6.8427E+00  8.3557E+00  7.1309E+00
       5.0706E+00  6.4518E+00  4.5211E+00  5.5902E+00  5.7334E+00  3.6340E+00  4.3535E+00  6.1196E+00  6.7821E+00  6.6756E+00
       4.1275E+00  5.8237E+00  5.5357E+00  7.9627E+00  5.8680E+00  4.9332E+00  5.7090E+00  7.3865E+00  6.5918E+00  6.6491E+00
       8.0638E+00  6.4572E+00  5.0241E+00  3.1778E+00  3.6954E+00  5.3505E+00  5.0831E+00  5.7010E+00  5.5235E+00  7.9914E+00
       7.0094E+00  7.8100E+00  4.9523E+00  4.5556E+00  5.4670E+00  5.9417E+00  4.6355E+00  6.0509E+00  5.6988E+00  4.9662E+00
       4.3577E+00  5.2231E+00  5.3228E+00  6.0263E+00  3.8250E+00  5.6623E+00  4.8510E+00  6.2118E+00  7.2054E+00  7.1353E+00
       7.2252E+00  7.1407E+00  5.6446E+00  6.1189E+00  3.8709E+00  4.1236E+00  5.6561E+00  4.3075E+00  5.3207E+00  6.8243E+00
       7.6035E+00  5.7334E+00  3.9265E+00  5.6294E+00  4.6503E+00  6.1542E+00  4.1805E+00  4.9780E+00  6.2925E+00  7.1067E+00
       7.2049E+00  6.0941E+00  5.6766E+00  5.7275E+00  5.1317E+00  5.7588E+00  6.1256E+00  5.2620E+00  6.9592E+00  4.3123E+00
       6.7258E+00  5.8418E+00  6.4831E+00  4.9240E+00  5.9577E+00  5.1790E+00  4.7096E+00  5.7205E+00  7.1686E+00  8.7230E+00
       9.0815E+00  5.9841E+00  7.1453E+00  5.7181E+00  7.2273E+00  5.8800E+00  6.5303E+00  6.1392E+00  6.7196E+00  6.2691E+00
       6.5414E+00  7.1463E+00  6.4188E+00  7.0749E+00  7.8091E+00  5.3073E+00  5.1173E+00  4.1666E+00  7.1916E+00  8.1414E+00
       4.8538E+00  7.0165E+00  6.8066E+00  6.8835E+00  5.7796E+00  6.0482E+00  7.6805E+00  5.8122E+00  7.0165E+00  6.2569E+00
       7.1216E+00  6.6985E+00  6.2771E+00  4.3473E+00  4.9225E+00  5.4277E+00  5.7280E+00  6.5132E+00  6.7362E+00  5.2090E+00
       7.1028E+00  5.9551E+00  4.6755E+00  4.7281E+00  4.1806E+00  5.4948E+00  4.6292E+00  6.4806E+00  6.9484E+00  4.8387E+00
       5.9837E+00  7.2451E+00  5.4614E+00  4.9146E+00  5.6796E+00  5.2720E+00  5.4891E+00  5.5765E+00  6.9296E+00  7.6837E+00
       7.0807E+00  6.9193E+00  5.8333E+00  7.3336E+00  5.7988E+00  4.0181E+00  5.1772E+00  5.3135E+00  5.0121E+00  7.9632E+00
       6.7370E+00  4.3817E+00  4.1055E+00  6.2716E+00  4.6868E+00  6.6272E+00  5.7838E+00  4.2502E+00  5.7256E+00  1.0067E+01
       6.9773E+00  8.1025E+00  5.8880E+00  6.3690E+00  5.6588E+00  5.3919E+00  5.7182E+00  6.1274E+00  5.8433E+00  5.6989E+00
       8.5086E+00  7.3582E+00  5.9599E+00  6.4931E+00  6.9141E+00  5.4358E+00  5.6967E+00  8.0994E+00  7.3178E+00  7.5034E+00
       9.2224E+00  7.4393E+00  7.7078E+00  5.7739E+00  8.3936E+00  5.2763E+00  6.9876E+00  5.5840E+00  6.3429E+00  8.0045E+00
       8.6814E+00  5.8572E+00  7.2717E+00  8.2247E+00  8.4301E+00  5.6748E+00  6.2939E+00  5.7203E+00  8.1763E+00  6.8339E+00
       7.5247E+00  6.7149E+00  7.8202E+00  7.0473E+00  4.8078E+00  5.1537E+00  5.8404E+00  6.1926E+00  8.2482E+00  7.1628E+00
       7.9189E+00  7.4840E+00  5.6151E+00  5.9779E+00  6.0231E+00  4.4263E+00  7.2558E+00  5.9375E+00  6.3826E+00  6.5685E+00
       7.4861E+00  7.0036E+00  6.8896E+00  6.3411E+00  4.6289E+00  7.3649E+00  5.9432E+00  9.4164E+00  6.6273E+00  5.5107E+00
       9.2199E+00  7.2483E+00  6.1516E+00  5.6437E+00  7.0039E+00  6.0857E+00  6.8575E+00  7.7126E+00  7.4798E+00  7.9862E+00
       7.6268E+00  6.6545E+00  7.1851E+00  8.1677E+00  5.8786E+00  5.6543E+00  5.5883E+00  5.9196E+00  6.7150E+00  6.9575E+00
       5.8175E+00  6.1775E+00  5.5424E+00  6.3274E+00  6.1054E+00  5.9522E+00  5.6177E+00  6.5216E+00  7.1422E+00  9.3911E+00
       6.7714E+00  8.3012E+00  7.4887E+00  7.4596E+00  6.7753E+00  5.9055E+00  7.2838E+00  7.0915E+00  8.5278E+00  6.2103E+00
       8.7789E+00  7.2648E+00  7.5284E+00  8.1915E+00  7.4543E+00  8.2457E+00  7.2753E+00  7.8204E+00  1.0248E+01  8.7745E+00
       1.1064E+01  8.4014E+00  8.6973E+00  6.5355E+00  5.8000E+00  6.1119E+00  5.2997E+00  8.2704E+00  7.4933E+00  6.5872E+00
       8.0020E+00  7.2582E+00  6.0906E+00  6.1368E+00  7.3096E+00  6.6290E+00  8.3306E+00  4.5936E+00  4.7583E+00  8.4509E+00
       1.0474E+01  6.1134E+00  7.1555E+00  5.7374E+00  6.1789E+00  7.4509E+00  7.0729E+00  7.8289E+00  8.8302E+00  9.2449E+00
       1.0998E+01  6.4956E+00  6.1691E+00  4.3734E+00  4.5801E+00  8.2142E+00  7.0976E+00  7.0846E+00  8.1405E+00  8.0138E+00
       8.3882E+00  7.1259E+00  6.5264E+00  6.2605E+00  6.1117E+00  6.6880E+00  7.0980E+00  9.1381E+00  6.5769E+00  8.3198E+00
       8.2748E+00  4.7774E+00  5.1699E+00  7.7655E+00  6.7201E+00  6.7717E+00  5.7491E+00  7.5882E+00  8.9745E+00  9.2084E+00
       8.2509E+00  6.7432E+00  7.1948E+00  7.0013E+00  5.9357E+00  7.8664E+00  4.6372E+00  6.8805E+00  8.0838E+00  5.3241E+00
       6.7074E+00  6.8751E+00  6.6116E+00  8.6944E+00  6.8566E+00  6.8703E+00  6.1073E+00  6.0701E+00  6.2573E+00  8.0637E+00
       7.9989E+00  7.9730E+00  7.2578E+00  9.1526E+00  6.5980E+00  4.2866E+00  8.4807E+00  7.6537E+00  7.8075E+00  9.9671E+00
       1.1626E+01  8.4728E+00  5.6502E+00  6.7134E+00  6.6494E+00  8.0283E+00  8.4839E+00  8.0529E+00  8.4001E+00  1.1419E+01
       1.1288E+01  8.2914E+00  6.8337E+00  6.8207E+00  7.6582E+00  9.7063E+00  5.7926E+00  7.3871E+00  6.7762E+00  7.2975E+00
       1.0523E+01  8.2236E+00  7.5547E+00  6.7206E+00  7.7599E+00  5.5599E+00  7.5551E+00  4.6091E+00  9.0454E+00  8.0018E+00
       1.1539E+01  7.5250E+00  7.8725E+00  4.7316E+00  7.2375E+00  5.6083E+00  7.7467E+00  7.7805E+00  6.6062E+00  1.0296E+01
       8.1154E+00  8.6749E+00  6.3105E+00  6.5897E+00  6.1210E+00  8.4819E+00  8.0641E+00  6.0107E+00  5.9577E+00  9.5370E+00
       1.0547E+01  8.6361E+00  7.5391E+00  5.7613E+00  5.1186E+00  7.0404E+00  8.1104E+00  1.0048E+01  7.2266E+00  9.0347E+00
       8.3461E+00  6.0296E+00  8.0342E+00  7.3269E+00  6.9707E+00  6.8450E+00  7.4190E+00  8.9865E+00  5.8778E+00  1.0388E+01
       7.8255E+00  9.2985E+00  6.4601E+00  5.3421E+00  6.2016E+00  7.3171E+00  6.4903E+00  6.9028E+00  6.4072E+00  7.9360E+00
       1.1136E+01  6.5360E+00  7.3863E+00  7.4173E+00  7.2066E+00  5.9535E+00  6.0635E+00  7.9951E+00  8.3849E+00  8.7492E+00
       9.4336E+00  8.3349E+00  9.1617E+00  8.8661E+00  7.0431E+00  8.8957E+00  7.1810E+00  9.9508E+00  1.1065E+01  1.0221E+01
       1.0280E+01  6.1972E+00  9.0831E+00  7.0999E+00  5.9423E+00  9.8721E+00  8.5840E+00  8.6359E+00  8.9114E+00  1.1031E+01
       1.3038E+01  7.4350E+00  1.0259E+01  9.9186E+00  7.2281E+00  1.0179E+01  1.0778E+01  7.7863E+00  9.3959E+00  1.2816E+01
       1.0023E+01  7.9465E+00  7.8793E+00  6.8395E+00  7.8354E+00  9.2212E+00  7.2377E+00  6.9549E+00  8.0236E+00  7.9274E+00
       1.0384E+01  1.1043E+01  7.4843E+00  8.2204E+00  6.6520E+00  9.7431E+00  5.3299E+00  7.4428E+00  1.1493E+01  1.1745E+01
       1.1603E+01  1.0839E+01  7.8946E+00  7.1752E+00  8.1449E+00  8.2003E+00  8.5019E+00  7.8557E+00  1.0759E+01  1.1105E+01
       1.1862E+01  8.1769E+00  7.3932E+00  7.6635E+00  8.8463E+00  8.3703E+00  8.9270E+00  1.2164E+01  6.8021E+00  8.7530E+00
       1.0138E+01  6.5713E+00  7.8377E+00  8.9490E+00  7.1417E+00  6.6426E+00  7.3830E+00  8.7334E+00  7.2590E+00  9.8277E+00
       1.0443E+01  8.0548E+00  6.1647E+00  7.9119E+00  6.8686E+00  6.9287E+00  6.2244E+00  7.9752E+00  7.5065E+00  1.1128E+01
       1.2585E+01  1.2313E+01  5.7779E+00  8.0356E+00  9.6696E+00  5.8592E+00  8.8610E+00  9.1254E+00  6.9358E+00  7.9776E+00
       1.1775E+01  9.6489E+00  9.5621E+00  7.1721E+00  1.0997E+01  6.8572E+00  7.2042E+00  1.0543E+01  8.8056E+00  9.6144E+00
       9.8904E+00  1.3571E+01  8.6483E+00  6.4193E+00  8.4359E+00  1.0688E+01  9.8235E+00  7.4256E+00  1.1361E+01  1.2757E+01
       1.5464E+01  1.3359E+01  1.0641E+01  1.0232E+01  8.6353E+00  9.6432E+00  8.8692E+00  7.3688E+00  1.2140E+01  1.5482E+01
       1.2066E+01  1.2822E+01  9.1451E+00  6.5710E+00  8.1506E+00  9.9165E+00  8.6884E+00  7.1199E+00  6.9421E+00  1.6529E+01
       9.6124E+00  1.0572E+01  1.2240E+01  8.7199E+00  8.6050E+00  1.0879E+01  9.7543E+00  1.0263E+01  1.0525E+01  1.1310E+01
       1.0792E+01  8.9083E+00  9.8900E+00  8.6494E+00  1.0410E+01  7.6525E+00  9.9841E+00  8.4107E+00  1.0099E+01  1.0134E+01
       1.1524E+01  1.2354E+01  8.2411E+00  1.0271E+01  6.7602E+00  1.0693E+01  8.7686E+00  1.3318E+01  1.0272E+01  8.0577E+00
       1.2719E+01  8.3840E+00  7.3706E+00  7.6452E+00  7.9399E+00  8.0423E+00  7.8208E+00  1.0296E+01  9.1056E+00  1.0680E+01
       1.0977E+01  8.1319E+00  9.3510E+00  9.0813E+00  7.3892E+00  7.3685E+00  8.1140E+00  1.0177E+01  9.6424E+00  1.2693E+01
       1.3078E+01  1.1007E+01  8.1575E+00  9.3055E+00  9.6968E+00  9.3468E+00  7.0732E+00  1.1482E+01  7.1518E+00  1.1902E+01
       1.1978E+01  1.0313E+01  9.9786E+00  9.9372E+00  1.1131E+01  8.7587E+00  8.7632E+00  1.0302E+01  1.2018E+01  1.1700E+01
       1.3735E+01  1.0905E+01  9.4305E+00  8.0006E+00  1.0514E+01  1.0113E+01  1.2056E+01  1.0840E+01  1.0770E+01  1.0345E+01
       1.6386E+01  1.3349E+01  1.4452E+01  1.1336E+01  8.5773E+00  1.0583E+01  1.2049E+01  1.2180E+01  1.2012E+01  1.2157E+01
       1.4665E+01  1.1883E+01  1.1854E+01  1.0157E+01  1.0147E+01  8.0813E+00  1.1032E+01  9.5222E+00  1.0367E+01  1.6779E+01
       1.0719E+01  1.0129E+01  9.2631E+00  1.1201E+01  1.0310E+01  1.1138E+01  8.7681E+00  1.4391E+01  9.4003E+00  9.3926E+00
       8.6042E+00  8.7311E+00  9.4623E+00  1.2290E+01  8.4932E+00  7.3246E+00  9.4861E+00  1.0498E+01  1.0925E+01  1.3495E+01
       1.1799E+01  1.0846E+01  1.0418E+01  9.4534E+00  9.8897E+00  1.2033E+01  1.2361E+01  1.4849E+01  1.0068E+01  1.1318E+01
       1.5528E+01  7.3522E+00  9.3950E+00  1.0613E+01  9.6139E+00  9.7278E+00  9.8752E+00  1.2583E+01  8.9634E+00  1.1151E+01
       6.8803E+00  1.1770E+01  6.7673E+00  1.1778E+01  1.0884E+01  8.9285E+00  9.1418E+00  1.0887E+01  1.2288E+01  1.2705E+01
       1.0486E+01  1.3276E+01  1.1177E+01  1.0947E+01  8.6604E+00  7.6434E+00  6.6989E+00  1.0395E+01  1.0569E+01  1.2109E+01
       1.3368E+01  1.2057E+01  1.0272E+01  1.1106E+01  9.4445E+00  8.4871E+00  9.1152E+00  1.0133E+01  1.2890E+01  1.1333E+01
       1.7451E+01  1.3948E+01  1.1895E+01  1.2913E+01  9.1404E+00  1.2041E+01  1.2546E+01  1.3743E+01  1.5877E+01  1.1449E+01
       1.8265E+01  1.2028E+01  1.2419E+01  1.0916E+01  1.3789E+01  1.3325E+01  1.3729E+01  1.2852E+01  1.4129E+01  1.8606E+01
       1.4588E+01  1.1015E+01  1.4227E+01  1.3996E+01  1.0096E+01  1.0320E+01  1.3053E+01  1.1606E+01  1.2336E+01  1.7169E+01
       1.3602E+01  1.0167E+01  1.2648E+01  9.9600E+00  1.1905E+01  1.5394E+01  9.6842E+00  1.2732E+01  1.0260E+01  1.1910E+01
       1.5723E+01  1.1868E+01  1.0159E+01  1.1133E+01  8.6705E+00  1.1354E+01  8.9718E+00  1.3619E+01  8.7659E+00  1.1399E+01
       1.6461E+01  1.1987E+01  9.2517E+00  1.2358E+01  1.1053E+01  1.1982E+01  1.4994E+01  1.8358E+01  9.7860E+00  1.3022E+01
       1.4767E+01  1.1183E+01  9.1841E+00  9.5607E+00  7.4215E+00  7.9911E+00  1.1629E+01  1.6002E+01  1.2436E+01  1.1102E+01
       1.8287E+01  1.0272E+01  1.0979E+01  1.0966E+01  8.6108E+00  1.1210E+01  1.2124E+01  1.1280E+01  1.1764E+01  1.0551E+01
       1.4489E+01  1.6897E+01  1.2477E+01  1.2233E+01  9.4913E+00  9.1649E+00  1.1327E+01  1.2385E+01  1.1020E+01  1.6374E+01
       1.9492E+01  1.3689E+01  9.5197E+00  1.1258E+01  1.5490E+01  1.3558E+01  1.1608E+01  1.1643E+01  1.1559E+01  9.3525E+00
       2.0364E+01  1.5613E+01  1.1928E+01  1.7320E+01  1.4988E+01  9.4768E+00  1.2015E+01  1.6591E+01  1.4694E+01  1.4638E+01
       2.3080E+01  1.6602E+01  1.4668E+01  1.4863E+01  1.1409E+01  1.3326E+01  1.9248E+01  1.7923E+01  1.7453E+01  1.9905E+01
       1.2836E+01  1.4920E+01  1.4567E+01  1.1585E+01  1.3575E+01  1.3466E+01  2.0207E+01  8.6073E+00  1.4202E+01  2.0354E+01
       1.4121E+01  1.4147E+01  1.1537E+01  1.2525E+01  1.1799E+01  1.0199E+01  1.1170E+01  1.2435E+01  1.1422E+01  1.4688E+01
       1.7798E+01  1.1982E+01  1.2517E+01  9.4876E+00  1.0090E+01  1.6097E+01  9.5627E+00  1.5967E+01  8.3168E+00  1.6176E+01
       1.9479E+01  1.0363E+01  1.2590E+01  1.2560E+01  1.1411E+01  1.2666E+01  1.4315E+01  2.1775E+01  1.4055E+01  1.6149E+01
       2.3923E+01  1.4237E+01  1.1618E+01  1.2962E+01  1.4274E+01  8.8935E+00  2.0101E+01  1.3791E+01  1.2379E+01  1.1550E+01
       2.0753E+01  1.7634E+01  1.1420E+01  1.1207E+01  1.1178E+01  1.2283E+01  1.1168E+01  1.5015E+01  1.2453E+01  1.2281E+01
       1.6631E+01  1.7326E+01  1.6084E+01  1.9007E+01  7.7503E+00  1.3285E+01  1.1178E+01  1.2613E+01  1.5160E+01  1.4373E+01
       1.5136E+01  9.9002E+00  1.4410E+01  1.4636E+01  1.4094E+01  1.0417E+01  1.0610E+01  1.3213E+01  1.0436E+01  1.7996E+01
       2.0270E+01  1.7764E+01  1.7029E+01  1.8700E+01  1.6163E+01  1.5393E+01  1.0494E+01  1.4577E+01  1.6286E+01  1.7067E+01
