1
   Cartesian binning n.   1  "DoseEq    " , generalized particle n.  240
      X coordinate: from -8.5000E+01 to  8.5000E+01 cm,    10 bins ( 1.7000E+01 cm wide)
      Y coordinate: from -2.5000E+01 to  2.5000E+01 cm,    10 bins ( 5.0000E+00 cm wide)
      Z coordinate: from  2.2500E+02 to  2.7500E+02 cm,    10 bins ( 5.0000E+00 cm wide)
      Data follow in a matrix A(ix,iy,iz), format (1(5x,1p,10(1x,e11.4)))

      accurate deposition along the tracks requested
      this is a track-length binning
       1.5961E-04  2.0323E-04  2.2118E-04  2.4061E-04  2.4861E-04  2.4660E-04  2.5416E-04  2.1126E-04  1.9401E-04  1.6150E-04
       1.8407E-04  2.3263E-04  2.6523E-04  2.9555E-04  2.8518E-04  2.9182E-04  2.9949E-04  2.6430E-04  2.2354E-04  1.8587E-04
       1.8471E-04  2.5105E-04  2.8540E-04  3.1354E-04  3.0735E-04  3.0447E-04  3.1069E-04  2.6916E-04  2.5387E-04  1.9422E-04
       2.0504E-04  2.5757E-04  2.7161E-04  3.3093E-04  3.0590E-04  3.1122E-04  3.0202E-04  2.9982E-04  2.6187E-04  1.8325E-04
       1.9050E-04  2.6656E-04  2.8539E-04  3.0707E-04  3.3052E-04  3.3505E-04  3.1201E-04  2.8236E-04  2.4845E-04  1.9305E-04
       1.8898E-04  2.5798E-04  2.8121E-04  3.0212E-04  3.3219E-04  3.1106E-04  3.1915E-04  2.8772E-04  2.4466E-04  1.8980E-04
       1.8719E-04  2.4096E-04  2.7421E-04  3.0484E-04  3.2667E-04  3.2633E-04  3.0073E-04  2.7012E-04  2.4058E-04  1.9725E-04
       1.9962E-04  2.3738E-04  2.6691E-04  2.9079E-04  3.1667E-04  3.2778E-04  2.8487E-04  2.9156E-04  2.4424E-04  1.8387E-04
       1.8690E-04  2.2187E-04  2.5185E-04  2.6636E-04  3.0247E-04  2.8307E-04  2.8390E-04  2.6155E-04  2.3926E-04  1.8640E-04
       1.7034E-04  1.9555E-04  2.2177E-04  2.4606E-04  2.6354E-04  2.6127E-04  2.6105E-04  2.2577E-04  1.9679E-04  1.6331E-04
       1.3926E-04  1.7673E-04  2.0623E-04  2.0020E-04  2.1921E-04  2.2290E-04  2.1086E-04  1.9633E-04  1.6884E-04  1.3084E-04
       1.5889E-04  2.2760E-04  2.5149E-04  2.6643E-04  2.6823E-04  2.6357E-04  2.5885E-04  2.4660E-04  2.0778E-04  1.5424E-04
       1.6672E-04  2.5521E-04  2.5819E-04  2.9093E-04  2.9008E-04  2.9309E-04  2.9248E-04  2.6003E-04  2.1693E-04  1.6212E-04
       1.6719E-04  2.4013E-04  2.5485E-04  3.0157E-04  3.0625E-04  3.0563E-04  2.9128E-04  2.8080E-04  2.3248E-04  1.6820E-04
       1.7249E-04  2.4626E-04  2.7258E-04  2.9822E-04  3.2219E-04  3.1830E-04  3.1317E-04  2.7517E-04  2.3697E-04  1.7977E-04
       1.7094E-04  2.4264E-04  2.6875E-04  3.0252E-04  3.2492E-04  3.1139E-04  3.0370E-04  2.7983E-04  2.3894E-04  1.7172E-04
       1.6605E-04  2.2296E-04  2.6947E-04  2.8836E-04  3.3358E-04  3.0541E-04  2.8484E-04  2.6721E-04  2.3549E-04  1.7597E-04
       1.8248E-04  2.1900E-04  2.6483E-04  2.7575E-04  3.0314E-04  3.1252E-04  2.7932E-04  2.7138E-04  2.2869E-04  1.5922E-04
       1.5986E-04  2.0889E-04  2.3674E-04  2.5381E-04  2.7326E-04  2.6643E-04  2.6236E-04  2.4362E-04  2.1643E-04  1.5732E-04
       1.4261E-04  1.6581E-04  1.9739E-04  2.1853E-04  2.1869E-04  2.1286E-04  2.2258E-04  1.8811E-04  1.7376E-04  1.3356E-04
       1.0389E-04  1.3813E-04  1.5316E-04  1.5775E-04  1.6486E-04  1.8449E-04  1.7078E-04  1.5744E-04  1.3454E-04  1.0076E-04
       1.3637E-04  1.7364E-04  2.0519E-04  2.1499E-04  2.2299E-04  2.1538E-04  2.1992E-04  2.0227E-04  1.7352E-04  1.2072E-04
       1.4417E-04  2.0779E-04  2.2920E-04  2.5053E-04  2.4375E-04  2.5189E-04  2.4588E-04  2.2591E-04  1.8732E-04  1.3067E-04
       1.3455E-04  2.0389E-04  2.4126E-04  2.6542E-04  2.6981E-04  2.8352E-04  2.5168E-04  2.3421E-04  1.9722E-04  1.4080E-04
       1.3580E-04  2.2157E-04  2.5175E-04  2.5564E-04  2.8200E-04  2.9062E-04  2.6353E-04  2.6202E-04  1.8693E-04  1.4312E-04
       1.4295E-04  2.0841E-04  2.4431E-04  2.5691E-04  2.8106E-04  2.7000E-04  2.6342E-04  2.4111E-04  2.1433E-04  1.4563E-04
       1.6112E-04  1.9799E-04  2.3366E-04  2.6532E-04  2.8848E-04  2.6861E-04  2.5849E-04  2.4824E-04  2.2068E-04  1.4186E-04
       1.4616E-04  1.8298E-04  2.1547E-04  2.4539E-04  2.5865E-04  2.7633E-04  2.6015E-04  2.2721E-04  2.1392E-04  1.4021E-04
       1.2662E-04  1.7012E-04  1.9430E-04  2.0884E-04  2.3006E-04  2.2417E-04  2.3460E-04  2.0266E-04  1.8505E-04  1.2625E-04
       1.0047E-04  1.2525E-04  1.5624E-04  1.6591E-04  1.7266E-04  1.7199E-04  1.6534E-04  1.6023E-04  1.4336E-04  1.0630E-04
       7.8177E-05  1.0334E-04  1.2349E-04  1.2393E-04  1.4310E-04  1.4175E-04  1.2423E-04  1.1238E-04  1.0439E-04  8.1737E-05
       9.9988E-05  1.3597E-04  1.6058E-04  1.7179E-04  1.8944E-04  1.7275E-04  1.8476E-04  1.4618E-04  1.4574E-04  1.0851E-04
       1.2203E-04  1.6722E-04  1.8975E-04  2.1184E-04  2.1576E-04  2.0829E-04  2.0860E-04  1.7444E-04  1.6066E-04  1.0264E-04
       1.1572E-04  1.7357E-04  1.9555E-04  2.2803E-04  2.2573E-04  2.2344E-04  2.0704E-04  1.9779E-04  1.6490E-04  1.1666E-04
       1.1153E-04  1.8179E-04  2.1198E-04  2.1418E-04  2.1763E-04  2.3772E-04  2.2420E-04  2.0331E-04  1.6038E-04  1.1171E-04
       1.1281E-04  1.7160E-04  1.8931E-04  2.0777E-04  2.2566E-04  2.1768E-04  2.3062E-04  2.0056E-04  1.8095E-04  1.1810E-04
       1.1560E-04  1.7237E-04  2.0373E-04  2.3407E-04  2.3375E-04  2.2989E-04  2.2621E-04  2.0254E-04  1.7477E-04  1.2349E-04
       1.1102E-04  1.5454E-04  1.7953E-04  2.0521E-04  2.2485E-04  2.2417E-04  2.1104E-04  1.7498E-04  1.6404E-04  1.0827E-04
       9.9363E-05  1.4788E-04  1.5973E-04  1.7733E-04  2.0501E-04  1.8650E-04  1.9675E-04  1.5887E-04  1.4135E-04  1.0188E-04
       7.2668E-05  1.0368E-04  1.2124E-04  1.3636E-04  1.4582E-04  1.3760E-04  1.3371E-04  1.1757E-04  1.1021E-04  8.1738E-05
       6.3600E-05  7.8257E-05  9.3009E-05  1.0297E-04  1.0919E-04  9.8246E-05  9.6960E-05  9.2295E-05  8.4059E-05  6.5664E-05
       8.8345E-05  1.0046E-04  1.2793E-04  1.3574E-04  1.5036E-04  1.4790E-04  1.4817E-04  1.2353E-04  1.0655E-04  7.7180E-05
       9.9436E-05  1.1949E-04  1.5282E-04  1.6715E-04  1.6917E-04  1.7105E-04  1.8983E-04  1.6333E-04  1.2359E-04  8.9538E-05
       1.0649E-04  1.3024E-04  1.7581E-04  1.7406E-04  1.9018E-04  1.8728E-04  1.9631E-04  1.7533E-04  1.4524E-04  9.2927E-05
       1.0014E-04  1.4901E-04  1.6579E-04  1.7523E-04  1.7286E-04  1.9201E-04  1.9118E-04  1.7564E-04  1.5281E-04  8.9848E-05
       9.6316E-05  1.3581E-04  1.7162E-04  1.7385E-04  1.8569E-04  1.8871E-04  2.0342E-04  1.6361E-04  1.4076E-04  9.6856E-05
       8.8809E-05  1.2959E-04  1.6972E-04  1.9262E-04  1.9627E-04  1.7697E-04  1.8658E-04  1.7649E-04  1.4617E-04  9.3430E-05
       7.9461E-05  1.3235E-04  1.4285E-04  1.6264E-04  1.9495E-04  1.8161E-04  1.6640E-04  1.4575E-04  1.2260E-04  8.1008E-05
       7.0288E-05  1.1916E-04  1.3412E-04  1.4706E-04  1.5682E-04  1.4282E-04  1.4588E-04  1.2776E-04  1.1769E-04  7.8871E-05
       5.5085E-05  7.6350E-05  1.0020E-04  1.1693E-04  1.1429E-04  1.0584E-04  1.0117E-04  9.2277E-05  8.4909E-05  6.6873E-05
       4.6971E-05  6.0469E-05  7.8117E-05  9.0357E-05  8.5332E-05  8.2296E-05  7.6561E-05  7.9806E-05  6.1491E-05  4.9646E-05
       5.8006E-05  8.6604E-05  1.0932E-04  1.1095E-04  1.2289E-04  1.2297E-04  1.2308E-04  9.8635E-05  8.4200E-05  5.9242E-05
       7.8062E-05  1.0652E-04  1.2113E-04  1.4854E-04  1.2641E-04  1.2646E-04  1.4202E-04  1.3291E-04  1.0592E-04  6.2756E-05
       7.4946E-05  1.1445E-04  1.2882E-04  1.3827E-04  1.5291E-04  1.4504E-04  1.5515E-04  1.3912E-04  1.1453E-04  7.3113E-05
       7.8297E-05  1.1134E-04  1.2975E-04  1.4611E-04  1.4033E-04  1.5415E-04  1.5737E-04  1.3739E-04  1.1751E-04  6.9780E-05
       7.2982E-05  1.0589E-04  1.2717E-04  1.5134E-04  1.4431E-04  1.4437E-04  1.6920E-04  1.4025E-04  1.2155E-04  7.6939E-05
       6.6960E-05  1.0392E-04  1.2343E-04  1.4830E-04  1.6314E-04  1.4602E-04  1.5143E-04  1.4289E-04  1.2375E-04  8.0512E-05
       6.8881E-05  1.0387E-04  1.1879E-04  1.3752E-04  1.4955E-04  1.3504E-04  1.3137E-04  1.2950E-04  1.0154E-04  7.3279E-05
       5.8342E-05  9.2293E-05  9.6341E-05  1.1188E-04  1.2415E-04  1.2689E-04  1.2377E-04  1.0824E-04  9.0842E-05  6.4355E-05
       4.4022E-05  6.9519E-05  7.0633E-05  9.3776E-05  9.8598E-05  8.7863E-05  8.6502E-05  7.1321E-05  6.3060E-05  5.1467E-05
       3.4082E-05  4.5803E-05  6.0806E-05  6.6981E-05  6.8696E-05  7.8400E-05  6.7113E-05  6.1904E-05  4.7614E-05  3.2730E-05
       4.1483E-05  7.0988E-05  8.6421E-05  9.4470E-05  1.0240E-04  1.0288E-04  9.4843E-05  8.9460E-05  7.1418E-05  4.8042E-05
       6.1416E-05  8.5684E-05  9.9518E-05  1.1544E-04  1.1212E-04  1.1466E-04  1.0680E-04  1.0631E-04  8.4101E-05  4.7792E-05
       6.0480E-05  9.2655E-05  1.0184E-04  1.1798E-04  1.1972E-04  1.1489E-04  1.1983E-04  1.0611E-04  9.2542E-05  6.0020E-05
       5.8701E-05  9.2464E-05  1.0751E-04  1.2579E-04  1.2702E-04  1.1936E-04  1.1893E-04  1.0428E-04  9.2247E-05  5.9511E-05
       5.9414E-05  8.3392E-05  1.1242E-04  1.1209E-04  1.1712E-04  1.1723E-04  1.2345E-04  1.1617E-04  1.0115E-04  6.2650E-05
       5.7788E-05  8.0833E-05  9.4075E-05  1.1364E-04  1.1590E-04  1.1787E-04  1.1831E-04  1.0957E-04  1.0095E-04  6.0086E-05
       5.0398E-05  7.3871E-05  9.0556E-05  9.8340E-05  1.2184E-04  1.1786E-04  1.0641E-04  9.1410E-05  7.3265E-05  5.3004E-05
       4.5740E-05  6.7032E-05  8.3604E-05  9.1746E-05  1.0307E-04  1.0861E-04  9.6629E-05  8.1123E-05  7.7051E-05  5.0690E-05
       3.2318E-05  4.5576E-05  6.1008E-05  6.9262E-05  7.2252E-05  7.0855E-05  7.0448E-05  6.2900E-05  5.1258E-05  4.1488E-05
       2.5484E-05  3.2347E-05  4.7993E-05  5.1257E-05  5.6987E-05  6.0527E-05  5.1243E-05  4.3219E-05  3.8980E-05  3.1681E-05
       3.7048E-05  4.6693E-05  7.4417E-05  7.5207E-05  8.4300E-05  8.2804E-05  7.0725E-05  6.8825E-05  5.6601E-05  4.1875E-05
       4.4630E-05  5.9441E-05  7.6587E-05  7.9697E-05  8.7340E-05  9.3637E-05  7.5881E-05  8.7522E-05  6.4229E-05  4.3274E-05
       4.7633E-05  7.2178E-05  8.3056E-05  9.6217E-05  9.5730E-05  8.8818E-05  9.4695E-05  8.0197E-05  7.0639E-05  5.4807E-05
       4.1318E-05  6.0636E-05  8.6087E-05  9.7585E-05  9.2004E-05  8.8031E-05  9.4056E-05  8.2769E-05  7.4125E-05  4.7690E-05
       4.8346E-05  6.4254E-05  7.6830E-05  9.2955E-05  1.0320E-04  1.0049E-04  9.7212E-05  8.4097E-05  8.0248E-05  4.7865E-05
       4.5947E-05  6.3286E-05  7.2779E-05  9.3152E-05  9.5549E-05  1.0096E-04  9.4724E-05  7.9894E-05  7.1225E-05  4.6514E-05
       4.2260E-05  5.6294E-05  7.2580E-05  8.8102E-05  9.1028E-05  9.4957E-05  7.7911E-05  7.2381E-05  6.2392E-05  3.9889E-05
       3.4309E-05  5.5198E-05  6.7674E-05  8.1100E-05  7.2297E-05  7.7602E-05  7.2408E-05  6.5380E-05  6.5173E-05  3.9455E-05
       2.7003E-05  3.4521E-05  4.5263E-05  6.0037E-05  5.2858E-05  5.8333E-05  4.9947E-05  5.1021E-05  3.7431E-05  3.3951E-05
       1.7778E-05  2.6586E-05  3.6864E-05  4.1013E-05  4.3163E-05  4.4663E-05  4.1517E-05  4.0514E-05  3.2963E-05  2.4139E-05
       2.8005E-05  4.0098E-05  5.5802E-05  5.6121E-05  6.1488E-05  6.4126E-05  5.6117E-05  5.7779E-05  4.1772E-05  3.1487E-05
       3.7697E-05  4.6227E-05  5.6778E-05  5.6671E-05  6.5414E-05  7.1244E-05  6.8585E-05  6.1952E-05  6.0357E-05  3.1125E-05
       3.0229E-05  5.4857E-05  5.8527E-05  7.5840E-05  7.3221E-05  6.4851E-05  6.9900E-05  5.2651E-05  5.4501E-05  4.0626E-05
       3.1170E-05  3.5556E-05  5.9584E-05  7.6496E-05  7.9381E-05  6.7133E-05  7.4492E-05  6.3112E-05  5.3818E-05  3.3094E-05
       3.1268E-05  4.4128E-05  5.6394E-05  7.0319E-05  8.2435E-05  7.3128E-05  7.3459E-05  6.2437E-05  6.6590E-05  3.3957E-05
       3.5476E-05  4.7736E-05  5.9367E-05  6.9415E-05  7.7745E-05  7.8383E-05  6.9266E-05  5.3666E-05  5.6785E-05  3.2650E-05
       3.2690E-05  4.2998E-05  5.3892E-05  6.2803E-05  6.1497E-05  6.6498E-05  6.0792E-05  5.3268E-05  4.5904E-05  2.6965E-05
       2.5829E-05  3.9010E-05  5.2581E-05  5.1055E-05  5.8117E-05  5.7958E-05  5.1132E-05  5.3530E-05  5.0085E-05  3.0835E-05
       2.2490E-05  2.7896E-05  3.4985E-05  3.9507E-05  4.5543E-05  4.4108E-05  3.6665E-05  4.1967E-05  3.3234E-05  2.3077E-05
       1.6852E-05  2.1159E-05  2.5942E-05  2.7578E-05  3.1490E-05  3.2327E-05  2.5327E-05  2.8610E-05  2.5765E-05  1.8447E-05
       1.8920E-05  2.7800E-05  3.7672E-05  3.3999E-05  4.2348E-05  4.1628E-05  3.9027E-05  3.3282E-05  2.7940E-05  2.3338E-05
       1.9670E-05  3.2761E-05  4.0217E-05  4.0106E-05  4.3769E-05  4.8221E-05  4.5069E-05  4.1516E-05  3.8849E-05  2.5049E-05
       1.8818E-05  3.6565E-05  3.8162E-05  4.1611E-05  4.5289E-05  4.9030E-05  4.6561E-05  3.7435E-05  3.6015E-05  2.7418E-05
       2.5088E-05  3.2862E-05  4.2369E-05  4.7729E-05  4.9466E-05  4.5858E-05  4.9737E-05  4.2435E-05  2.9256E-05  2.3251E-05
       2.5352E-05  3.2333E-05  3.6973E-05  4.6687E-05  4.8411E-05  4.5810E-05  4.6633E-05  3.9961E-05  4.0035E-05  3.1467E-05
       2.6538E-05  3.4600E-05  4.2257E-05  4.1559E-05  4.8411E-05  5.4413E-05  4.7111E-05  4.0005E-05  4.7331E-05  2.5071E-05
       2.4191E-05  3.5707E-05  4.2438E-05  4.2173E-05  4.3465E-05  4.8817E-05  4.3699E-05  4.1774E-05  3.9173E-05  2.3442E-05
       2.0765E-05  3.1195E-05  3.8462E-05  3.9086E-05  4.2061E-05  4.3762E-05  3.6346E-05  3.8085E-05  2.9628E-05  2.1628E-05
       1.7789E-05  2.3318E-05  2.4134E-05  2.5451E-05  2.8624E-05  3.4182E-05  3.2488E-05  3.2488E-05  2.6910E-05  1.9937E-05

      Percentage errors follow in a matrix A(ix,iy,iz), format (1(5x,1p,10(1x,e11.4)))

       3.3417E+00  3.9386E+00  3.0933E+00  3.6627E+00  3.3283E+00  4.6047E+00  3.7856E+00  3.8983E+00  3.8446E+00  3.5708E+00
       4.8903E+00  3.5908E+00  4.0793E+00  3.2188E+00  3.3470E+00  3.5016E+00  3.4846E+00  2.3794E+00  4.3315E+00  3.1447E+00
       5.3176E+00  4.6190E+00  4.1105E+00  2.8417E+00  2.6252E+00  3.6285E+00  3.8304E+00  4.0130E+00  3.8533E+00  4.1009E+00
       5.0481E+00  3.7644E+00  4.0511E+00  3.7125E+00  3.2736E+00  4.1439E+00  3.4824E+00  3.6889E+00  2.5817E+00  3.7207E+00
       4.0138E+00  3.9298E+00  3.4494E+00  2.5892E+00  2.5324E+00  3.3334E+00  2.4195E+00  3.7518E+00  2.7595E+00  3.2896E+00
       3.6887E+00  3.4055E+00  3.5193E+00  2.9472E+00  2.9070E+00  2.9730E+00  3.2245E+00  3.7415E+00  4.2599E+00  4.0323E+00
       4.5289E+00  5.3966E+00  3.4323E+00  3.3524E+00  3.5296E+00  2.4383E+00  3.1197E+00  2.9448E+00  4.9997E+00  4.0373E+00
       4.8921E+00  4.2733E+00  2.1054E+00  2.9866E+00  2.8228E+00  3.1397E+00  3.0034E+00  2.0317E+00  3.6201E+00  4.2556E+00
       4.3666E+00  4.0024E+00  4.4254E+00  2.8239E+00  3.0159E+00  3.8254E+00  3.5466E+00  4.3555E+00  3.5772E+00  4.3544E+00
       3.9834E+00  3.7590E+00  3.4080E+00  4.0900E+00  3.5740E+00  3.4942E+00  4.2911E+00  4.0097E+00  4.2596E+00  4.6852E+00
       5.6672E+00  5.0161E+00  3.5324E+00  2.8434E+00  4.4293E+00  4.6802E+00  3.5056E+00  3.5900E+00  4.8041E+00  5.1462E+00
       4.9919E+00  4.3575E+00  3.9957E+00  4.4286E+00  4.0729E+00  3.3217E+00  3.4728E+00  3.0369E+00  3.8829E+00  3.6917E+00
       5.7408E+00  5.0592E+00  4.4800E+00  2.9899E+00  2.9531E+00  3.2000E+00  4.5078E+00  4.7135E+00  3.4121E+00  4.6286E+00
       6.3902E+00  4.3281E+00  3.0504E+00  2.4819E+00  2.9116E+00  4.4619E+00  4.1492E+00  3.8465E+00  3.1560E+00  5.4461E+00
       4.0107E+00  4.3000E+00  3.0917E+00  5.0784E+00  2.9007E+00  3.5258E+00  3.6307E+00  3.8308E+00  3.5682E+00  4.1104E+00
       3.7163E+00  4.5235E+00  3.4007E+00  3.7953E+00  3.1740E+00  2.9113E+00  3.2560E+00  3.2093E+00  3.6792E+00  4.7586E+00
       3.7084E+00  4.1452E+00  3.4346E+00  3.4046E+00  4.3954E+00  3.3614E+00  3.7241E+00  3.1649E+00  4.1897E+00  3.7202E+00
       4.4878E+00  3.6994E+00  3.1662E+00  3.0059E+00  3.8176E+00  4.5784E+00  3.4949E+00  2.8928E+00  4.2075E+00  5.3416E+00
       4.5170E+00  4.6792E+00  4.9830E+00  3.5709E+00  3.2250E+00  4.3002E+00  3.4927E+00  3.7953E+00  2.0731E+00  4.9517E+00
       4.4460E+00  3.8463E+00  4.0110E+00  3.7263E+00  3.6792E+00  3.6634E+00  4.1968E+00  4.1654E+00  4.5073E+00  4.9336E+00
       6.7009E+00  5.4476E+00  4.2880E+00  3.6123E+00  4.8294E+00  4.1358E+00  4.7618E+00  4.3432E+00  5.9434E+00  6.7753E+00
       6.4813E+00  4.5154E+00  3.9034E+00  3.7106E+00  4.7363E+00  3.8116E+00  4.4381E+00  3.8679E+00  4.6476E+00  5.8234E+00
       4.8781E+00  5.3567E+00  3.2050E+00  3.9346E+00  3.0320E+00  4.2946E+00  3.4709E+00  4.5370E+00  3.4233E+00  4.7098E+00
       6.1496E+00  3.9213E+00  3.3795E+00  3.0339E+00  3.1329E+00  3.4785E+00  3.0540E+00  4.3024E+00  3.9864E+00  4.2255E+00
       4.9415E+00  3.8478E+00  4.0821E+00  4.4085E+00  3.2257E+00  3.4953E+00  3.6176E+00  4.2779E+00  4.3227E+00  6.5795E+00
       6.0936E+00  3.6255E+00  3.2948E+00  3.4142E+00  4.3210E+00  2.2319E+00  3.6201E+00  2.7317E+00  5.7266E+00  6.6346E+00
       3.7529E+00  3.6302E+00  3.2280E+00  5.0628E+00  3.7976E+00  2.7620E+00  4.8994E+00  3.5928E+00  4.4890E+00  4.8230E+00
       4.9718E+00  3.5816E+00  4.0794E+00  4.0760E+00  2.8347E+00  3.6584E+00  3.9944E+00  3.5123E+00  4.2424E+00  5.0035E+00
       5.1746E+00  4.0187E+00  5.1504E+00  2.9999E+00  4.0365E+00  4.9354E+00  4.5085E+00  3.7831E+00  3.4451E+00  5.7329E+00
       4.3883E+00  5.6506E+00  3.6974E+00  4.0504E+00  4.7985E+00  3.1264E+00  4.7572E+00  5.5277E+00  3.6490E+00  4.8561E+00
       5.8853E+00  5.6300E+00  4.6918E+00  5.6671E+00  5.2322E+00  4.5325E+00  5.5321E+00  4.5034E+00  6.2594E+00  7.8796E+00
       4.0556E+00  5.0261E+00  4.6831E+00  3.6717E+00  3.8783E+00  4.1230E+00  3.4749E+00  4.3663E+00  5.8365E+00  4.4296E+00
       6.3748E+00  5.5141E+00  4.6503E+00  3.3994E+00  3.9963E+00  4.2187E+00  5.2538E+00  4.0796E+00  5.6223E+00  5.8196E+00
       6.1285E+00  4.4290E+00  4.3126E+00  3.8240E+00  3.1394E+00  3.0781E+00  2.8980E+00  3.4733E+00  4.6153E+00  5.6733E+00
       7.1203E+00  4.6368E+00  4.0354E+00  3.1474E+00  4.2967E+00  4.0089E+00  3.7293E+00  4.4050E+00  4.6286E+00  5.9407E+00
       6.4428E+00  3.1191E+00  3.4933E+00  3.1483E+00  4.8590E+00  4.0330E+00  3.7155E+00  4.3277E+00  3.7651E+00  5.1388E+00
       6.6664E+00  5.5884E+00  4.3133E+00  4.4817E+00  3.7559E+00  2.9277E+00  5.9022E+00  5.2270E+00  5.6051E+00  6.1854E+00
       5.5527E+00  4.3628E+00  4.7976E+00  3.8927E+00  4.0839E+00  3.1527E+00  4.1196E+00  5.0877E+00  5.3980E+00  5.4677E+00
       5.4204E+00  5.8131E+00  5.2059E+00  5.0313E+00  4.6603E+00  5.4639E+00  5.2169E+00  5.0609E+00  5.5291E+00  8.0985E+00
       7.2969E+00  6.0909E+00  4.4917E+00  5.2584E+00  5.5752E+00  3.9312E+00  4.9417E+00  6.8562E+00  5.1460E+00  7.8988E+00
       5.9132E+00  6.1109E+00  8.0033E+00  6.7616E+00  5.3139E+00  5.3222E+00  6.5503E+00  6.5378E+00  5.2587E+00  6.6445E+00
       6.1972E+00  5.3750E+00  6.3939E+00  5.1359E+00  5.5753E+00  5.2180E+00  4.7372E+00  4.0844E+00  5.3652E+00  7.0401E+00
       5.4993E+00  6.4274E+00  4.7132E+00  4.5578E+00  3.6793E+00  5.2368E+00  5.3993E+00  4.9528E+00  6.8070E+00  5.0311E+00
       5.9926E+00  6.4592E+00  4.7305E+00  3.2425E+00  3.8528E+00  4.1869E+00  5.1525E+00  5.1075E+00  5.3879E+00  7.2036E+00
       7.9087E+00  5.9111E+00  4.3910E+00  3.7189E+00  4.4188E+00  4.3846E+00  3.7580E+00  3.7725E+00  6.3141E+00  5.2772E+00
       7.3731E+00  4.8086E+00  3.3555E+00  5.4921E+00  3.8584E+00  3.8201E+00  4.0861E+00  3.9680E+00  5.4020E+00  4.6630E+00
       6.0452E+00  4.9061E+00  4.9095E+00  4.8466E+00  4.1774E+00  3.9766E+00  4.2317E+00  4.1038E+00  5.1004E+00  7.1951E+00
       6.5892E+00  4.2319E+00  3.6303E+00  5.4223E+00  4.0278E+00  2.0087E+00  5.1557E+00  4.7146E+00  4.5489E+00  6.4674E+00
       7.3582E+00  5.2142E+00  4.6085E+00  5.6904E+00  4.8363E+00  4.6496E+00  5.9142E+00  4.8836E+00  5.4099E+00  7.2226E+00
       6.1722E+00  6.6395E+00  5.6185E+00  5.7735E+00  5.9070E+00  5.3631E+00  4.4276E+00  6.1130E+00  6.3868E+00  8.0957E+00
       7.0337E+00  8.9685E+00  9.3755E+00  5.4269E+00  6.8478E+00  4.7208E+00  6.1039E+00  4.8023E+00  9.5842E+00  9.6297E+00
       7.2970E+00  6.2048E+00  5.8442E+00  6.2305E+00  5.5456E+00  4.4584E+00  4.6701E+00  4.4422E+00  6.6655E+00  7.3930E+00
       8.0508E+00  6.3573E+00  4.7360E+00  6.0126E+00  4.6350E+00  6.3112E+00  5.1129E+00  5.5928E+00  6.5470E+00  7.0307E+00
       9.1667E+00  7.8559E+00  5.6373E+00  3.9379E+00  4.7378E+00  3.6496E+00  4.5682E+00  5.5551E+00  4.8515E+00  4.8383E+00
       9.6786E+00  6.2882E+00  6.0362E+00  4.9806E+00  5.4177E+00  4.3605E+00  4.7816E+00  4.6748E+00  7.4865E+00  5.8967E+00
       6.3113E+00  4.9682E+00  5.2945E+00  5.6500E+00  4.1852E+00  6.3065E+00  3.9464E+00  4.7444E+00  6.6765E+00  6.9053E+00
       5.8596E+00  4.8825E+00  5.4805E+00  7.8245E+00  3.8727E+00  4.0407E+00  5.7402E+00  5.0687E+00  5.8600E+00  6.4779E+00
       5.5301E+00  5.2527E+00  4.9261E+00  5.9514E+00  6.3296E+00  4.8736E+00  5.2583E+00  4.2232E+00  6.4040E+00  7.9564E+00
       1.0266E+01  6.0179E+00  4.8798E+00  5.4266E+00  4.3758E+00  5.6806E+00  6.6052E+00  5.6313E+00  6.7728E+00  6.1093E+00
       7.5324E+00  6.1379E+00  5.5300E+00  6.1483E+00  5.8767E+00  6.9260E+00  5.8123E+00  5.0031E+00  5.8646E+00  9.3727E+00
       1.0293E+01  1.1510E+01  8.4396E+00  7.4946E+00  5.9233E+00  3.6950E+00  5.9455E+00  6.2068E+00  9.1219E+00  1.0894E+01
       9.3339E+00  7.3846E+00  6.7861E+00  5.7871E+00  5.3517E+00  5.2556E+00  5.6171E+00  5.8755E+00  7.3586E+00  7.5844E+00
       7.3585E+00  7.2317E+00  5.2120E+00  5.9253E+00  5.2976E+00  5.6053E+00  5.1674E+00  5.5186E+00  6.6039E+00  6.6799E+00
       9.7167E+00  7.1975E+00  4.9361E+00  3.7637E+00  4.7332E+00  5.6418E+00  5.2384E+00  5.9502E+00  5.6079E+00  7.0817E+00
       6.0445E+00  5.4651E+00  5.2864E+00  7.7586E+00  5.5019E+00  5.1493E+00  4.3355E+00  6.8701E+00  5.8189E+00  8.2910E+00
       7.0786E+00  7.1537E+00  4.6159E+00  5.1370E+00  5.2410E+00  7.3339E+00  4.8314E+00  5.6874E+00  5.7639E+00  8.7636E+00
       7.2811E+00  5.8770E+00  6.2142E+00  6.9297E+00  4.4997E+00  6.9439E+00  6.6383E+00  5.9125E+00  7.7516E+00  6.3381E+00
       6.3906E+00  8.2135E+00  5.4187E+00  7.9498E+00  6.5510E+00  7.0498E+00  5.8784E+00  6.2381E+00  5.3079E+00  9.8044E+00
       7.4555E+00  6.4454E+00  8.5902E+00  5.4860E+00  6.2157E+00  8.6125E+00  5.1629E+00  7.4153E+00  5.1010E+00  6.6087E+00
       8.5708E+00  8.9394E+00  8.8677E+00  6.9922E+00  7.4369E+00  8.9860E+00  6.4118E+00  8.0962E+00  7.3788E+00  8.1151E+00
       9.2428E+00  9.5158E+00  9.8897E+00  9.1617E+00  7.5241E+00  6.6826E+00  7.7633E+00  8.0967E+00  8.9880E+00  8.5200E+00
       7.9049E+00  5.4123E+00  8.0127E+00  5.3195E+00  6.0939E+00  5.2354E+00  7.5177E+00  5.8152E+00  6.7680E+00  1.0510E+01
       6.5930E+00  9.2180E+00  6.6824E+00  7.9892E+00  6.7866E+00  8.8843E+00  7.3108E+00  7.4786E+00  6.5957E+00  6.7641E+00
       9.0997E+00  6.5715E+00  6.9777E+00  4.9322E+00  6.4066E+00  7.1392E+00  4.8726E+00  4.2977E+00  5.9676E+00  6.9834E+00
       9.0365E+00  7.0868E+00  8.6331E+00  7.3707E+00  5.8567E+00  5.7675E+00  3.9700E+00  6.4979E+00  8.1230E+00  7.3612E+00
       9.4467E+00  7.3564E+00  6.3373E+00  6.4610E+00  8.1964E+00  6.3002E+00  8.0325E+00  6.2196E+00  6.3268E+00  9.8940E+00
       8.0232E+00  7.2842E+00  6.3724E+00  6.9891E+00  6.4921E+00  6.2810E+00  8.2430E+00  6.0996E+00  8.6252E+00  8.3605E+00
       1.0610E+01  7.7801E+00  4.0213E+00  6.2574E+00  6.3077E+00  8.4803E+00  7.4125E+00  7.2160E+00  9.2194E+00  1.3374E+01
       8.2752E+00  9.5245E+00  5.4400E+00  6.8561E+00  4.7953E+00  7.9926E+00  6.1693E+00  5.5715E+00  9.2014E+00  9.3330E+00
       1.1280E+01  1.2033E+01  9.3193E+00  7.9150E+00  7.3407E+00  8.9508E+00  8.6089E+00  1.0639E+01  6.9505E+00  1.0214E+01
       1.2426E+01  1.2317E+01  7.8922E+00  6.4168E+00  9.1054E+00  1.0151E+01  1.1864E+01  7.6308E+00  8.5112E+00  9.9950E+00
       1.2840E+01  8.5378E+00  6.7032E+00  7.8696E+00  6.1566E+00  7.9474E+00  9.3548E+00  6.1544E+00  8.0720E+00  9.3552E+00
       9.5902E+00  7.9453E+00  5.8170E+00  7.7671E+00  6.2397E+00  6.9090E+00  8.3292E+00  8.1735E+00  6.4588E+00  6.6852E+00
       9.1502E+00  6.7384E+00  7.2587E+00  7.7408E+00  5.7546E+00  7.6180E+00  5.6373E+00  8.2117E+00  7.3330E+00  1.0765E+01
       8.4658E+00  7.9730E+00  8.7785E+00  6.8314E+00  8.0690E+00  5.5822E+00  6.1413E+00  6.0215E+00  7.4811E+00  7.5841E+00
       8.6846E+00  7.4294E+00  9.1010E+00  7.1652E+00  7.6851E+00  9.1329E+00  6.4663E+00  5.0186E+00  8.1315E+00  8.9997E+00
       8.8931E+00  8.1186E+00  7.2032E+00  7.9738E+00  5.9962E+00  7.4399E+00  8.7397E+00  7.7127E+00  9.3244E+00  1.1868E+01
       1.2341E+01  9.3324E+00  7.1771E+00  6.7420E+00  6.9324E+00  7.8907E+00  6.8260E+00  8.1341E+00  8.7751E+00  1.2187E+01
       1.1780E+01  1.0481E+01  1.0304E+01  7.9601E+00  7.6415E+00  6.1882E+00  7.8959E+00  7.8713E+00  1.0327E+01  8.3456E+00
       1.1265E+01  1.3485E+01  1.1026E+01  8.7900E+00  7.8043E+00  1.0094E+01  1.1626E+01  1.0734E+01  7.7185E+00  1.4407E+01
       1.5553E+01  8.5990E+00  1.0821E+01  8.0730E+00  9.4348E+00  1.1781E+01  1.0818E+01  7.7589E+00  1.0429E+01  1.0807E+01
       1.4007E+01  8.5810E+00  9.7788E+00  9.6151E+00  1.0567E+01  8.1237E+00  8.6131E+00  6.1783E+00  1.1253E+01  9.9682E+00
       1.3237E+01  8.0783E+00  8.6217E+00  8.8447E+00  9.8970E+00  7.6520E+00  8.2656E+00  7.9479E+00  7.0942E+00  9.9910E+00
       1.4287E+01  1.0275E+01  8.8959E+00  8.4052E+00  5.7172E+00  6.5792E+00  8.2211E+00  1.2056E+01  1.0614E+01  1.2806E+01
       8.0719E+00  9.1836E+00  7.6616E+00  7.7959E+00  7.4268E+00  8.7959E+00  9.3529E+00  7.5552E+00  9.9178E+00  1.1965E+01
       1.0735E+01  1.1286E+01  8.2684E+00  6.8241E+00  7.7641E+00  1.2700E+01  8.7749E+00  6.4259E+00  7.6860E+00  1.1890E+01
       1.1740E+01  8.2486E+00  6.2655E+00  7.6300E+00  6.8104E+00  7.5158E+00  1.0887E+01  7.2036E+00  8.7683E+00  1.1148E+01
       1.1507E+01  1.2700E+01  8.6345E+00  9.1425E+00  9.4405E+00  1.0173E+01  9.5436E+00  8.3557E+00  9.9465E+00  1.0613E+01
       9.6514E+00  1.1140E+01  1.0129E+01  9.7616E+00  7.1195E+00  8.4120E+00  1.0282E+01  7.8869E+00  1.1140E+01  9.3935E+00
       1.4795E+01  9.8405E+00  1.2072E+01  1.0051E+01  7.9655E+00  6.9891E+00  8.8425E+00  1.1506E+01  1.2851E+01  1.2696E+01
