1
   Cartesian binning n.   1  "DoseEq    " , generalized particle n.  240
      X coordinate: from -8.5000E+01 to  8.5000E+01 cm,    10 bins ( 1.7000E+01 cm wide)
      Y coordinate: from -2.5000E+01 to  2.5000E+01 cm,    10 bins ( 5.0000E+00 cm wide)
      Z coordinate: from  2.2500E+02 to  2.7500E+02 cm,    10 bins ( 5.0000E+00 cm wide)
      Data follow in a matrix A(ix,iy,iz), format (1(5x,1p,10(1x,e11.4)))

      accurate deposition along the tracks requested
      this is a track-length binning
       1.1857E-04  1.5189E-04  1.6463E-04  1.7909E-04  1.7697E-04  1.9687E-04  1.9163E-04  1.6296E-04  1.4731E-04  1.0726E-04
       1.3705E-04  1.6096E-04  1.8100E-04  2.1971E-04  2.1509E-04  2.1041E-04  2.0937E-04  1.8491E-04  1.6568E-04  1.2657E-04
       1.3522E-04  1.7494E-04  1.9116E-04  2.3024E-04  2.3471E-04  2.2273E-04  2.2460E-04  1.9146E-04  1.7477E-04  1.3351E-04
       1.3740E-04  1.7703E-04  2.0701E-04  2.1985E-04  2.4003E-04  2.1671E-04  2.2932E-04  2.1542E-04  1.6934E-04  1.4010E-04
       1.3940E-04  1.9258E-04  2.1050E-04  2.2041E-04  2.3984E-04  2.4410E-04  2.3599E-04  1.8837E-04  1.7695E-04  1.4018E-04
       1.4957E-04  1.9297E-04  2.1351E-04  2.2648E-04  2.4218E-04  2.4515E-04  2.2666E-04  2.1014E-04  1.7393E-04  1.4115E-04
       1.3413E-04  1.8775E-04  2.1180E-04  2.3389E-04  2.4506E-04  2.3046E-04  2.2557E-04  2.0400E-04  1.8144E-04  1.4176E-04
       1.4317E-04  1.8548E-04  2.2114E-04  2.1587E-04  2.4277E-04  2.4222E-04  2.1493E-04  1.8791E-04  1.7227E-04  1.4859E-04
       1.2344E-04  1.7067E-04  1.9504E-04  2.0730E-04  2.2185E-04  2.2140E-04  2.0051E-04  1.9080E-04  1.6727E-04  1.4239E-04
       1.1645E-04  1.5057E-04  1.5809E-04  1.9735E-04  1.9214E-04  1.9204E-04  1.7796E-04  1.7268E-04  1.5118E-04  1.2306E-04
       1.0141E-04  1.3015E-04  1.4822E-04  1.5650E-04  1.6558E-04  1.7152E-04  1.7075E-04  1.3858E-04  1.2384E-04  1.0544E-04
       1.1946E-04  1.5881E-04  1.7453E-04  1.9868E-04  1.9534E-04  1.9950E-04  1.8917E-04  1.6811E-04  1.4923E-04  1.1586E-04
       1.3347E-04  1.8288E-04  1.9193E-04  2.3453E-04  2.4068E-04  2.2286E-04  2.1436E-04  1.9383E-04  1.7021E-04  1.2494E-04
       1.2339E-04  1.8393E-04  2.0087E-04  2.1595E-04  2.3493E-04  2.2486E-04  2.2433E-04  2.0024E-04  1.7874E-04  1.3715E-04
       1.3008E-04  1.7915E-04  2.0939E-04  2.2967E-04  2.4150E-04  2.3731E-04  2.3807E-04  1.9894E-04  1.6561E-04  1.3383E-04
       1.4532E-04  1.7601E-04  2.1169E-04  2.2308E-04  2.4870E-04  2.3944E-04  2.2803E-04  2.0894E-04  1.6578E-04  1.3000E-04
       1.3452E-04  1.7238E-04  1.9216E-04  2.2465E-04  2.4141E-04  2.1833E-04  2.1980E-04  2.0692E-04  1.6804E-04  1.2857E-04
       1.3834E-04  1.7555E-04  2.0598E-04  1.9936E-04  2.3424E-04  2.2699E-04  2.0596E-04  1.9602E-04  1.6999E-04  1.3454E-04
       1.1177E-04  1.6286E-04  1.8258E-04  1.9959E-04  2.2208E-04  2.1918E-04  1.8916E-04  1.8597E-04  1.6634E-04  1.2294E-04
       9.6716E-05  1.3184E-04  1.3858E-04  1.7170E-04  1.6822E-04  1.6473E-04  1.5321E-04  1.5216E-04  1.2071E-04  1.0397E-04
       8.2435E-05  1.0950E-04  1.1164E-04  1.3400E-04  1.4010E-04  1.4021E-04  1.3304E-04  1.1151E-04  1.0094E-04  8.2710E-05
       1.0182E-04  1.3662E-04  1.4062E-04  1.7234E-04  1.7767E-04  1.5446E-04  1.7087E-04  1.4704E-04  1.2630E-04  9.4330E-05
       1.1619E-04  1.5434E-04  1.8538E-04  2.0155E-04  2.0810E-04  2.0553E-04  1.8728E-04  1.7658E-04  1.4360E-04  9.5928E-05
       1.1863E-04  1.5121E-04  1.8195E-04  1.9012E-04  2.0555E-04  2.0218E-04  1.9557E-04  1.7860E-04  1.5690E-04  1.1727E-04
       1.2380E-04  1.6993E-04  1.9598E-04  1.9732E-04  2.1585E-04  2.0295E-04  2.1281E-04  1.8305E-04  1.5523E-04  1.1617E-04
       1.2027E-04  1.5342E-04  1.8686E-04  2.0377E-04  2.1910E-04  2.1236E-04  2.0563E-04  1.8852E-04  1.5562E-04  1.0733E-04
       1.1553E-04  1.5182E-04  1.8009E-04  1.9474E-04  2.1521E-04  2.1212E-04  1.9647E-04  1.8072E-04  1.4832E-04  1.0013E-04
       1.2478E-04  1.4369E-04  1.6623E-04  1.7995E-04  2.0748E-04  1.9507E-04  1.7376E-04  1.6761E-04  1.4389E-04  1.0598E-04
       9.8140E-05  1.3382E-04  1.6458E-04  1.7618E-04  1.7489E-04  1.7642E-04  1.6208E-04  1.6380E-04  1.3213E-04  9.9605E-05
       6.9471E-05  1.0003E-04  1.1319E-04  1.4560E-04  1.3326E-04  1.2798E-04  1.2062E-04  1.2518E-04  9.4541E-05  7.5573E-05
       6.2158E-05  9.1768E-05  9.6057E-05  1.0597E-04  1.1895E-04  1.0378E-04  1.0535E-04  9.5427E-05  9.0638E-05  6.7682E-05
       8.7121E-05  1.0520E-04  1.2411E-04  1.5247E-04  1.5102E-04  1.3318E-04  1.4824E-04  1.1741E-04  1.0526E-04  8.4463E-05
       9.7934E-05  1.2453E-04  1.5207E-04  1.6263E-04  1.7419E-04  1.6492E-04  1.5622E-04  1.3291E-04  1.1658E-04  8.5251E-05
       9.9790E-05  1.2911E-04  1.5211E-04  1.6397E-04  1.6782E-04  1.6364E-04  1.6120E-04  1.4043E-04  1.2894E-04  9.4897E-05
       9.2757E-05  1.4484E-04  1.7050E-04  1.7183E-04  1.8937E-04  1.8580E-04  1.7500E-04  1.6585E-04  1.3322E-04  1.0258E-04
       9.0985E-05  1.3609E-04  1.6172E-04  1.6988E-04  1.8302E-04  1.7973E-04  1.8034E-04  1.5554E-04  1.2907E-04  8.6384E-05
       9.0524E-05  1.3067E-04  1.6233E-04  1.7055E-04  1.7695E-04  1.7618E-04  1.7027E-04  1.4663E-04  1.2305E-04  8.0056E-05
       8.8935E-05  1.2890E-04  1.4841E-04  1.5246E-04  1.7551E-04  1.6899E-04  1.5945E-04  1.4322E-04  1.1777E-04  8.5102E-05
       8.7701E-05  1.1121E-04  1.2444E-04  1.4538E-04  1.3608E-04  1.5394E-04  1.5172E-04  1.2855E-04  1.0694E-04  8.1730E-05
       5.8266E-05  7.9430E-05  9.7819E-05  1.1279E-04  1.0461E-04  1.1139E-04  9.6840E-05  9.6594E-05  7.3258E-05  6.0613E-05
       4.9283E-05  6.6152E-05  8.0927E-05  9.2264E-05  9.7115E-05  7.8139E-05  7.9937E-05  7.8619E-05  6.7460E-05  4.9117E-05
       7.2720E-05  9.0409E-05  1.0768E-04  1.2350E-04  1.2254E-04  1.1111E-04  1.1850E-04  1.0036E-04  8.3528E-05  6.2789E-05
       8.7774E-05  1.0137E-04  1.2445E-04  1.2616E-04  1.3582E-04  1.3598E-04  1.2740E-04  1.1715E-04  1.0222E-04  6.5001E-05
       8.4538E-05  1.1087E-04  1.2188E-04  1.3720E-04  1.4328E-04  1.3731E-04  1.3552E-04  1.0949E-04  1.0268E-04  7.2157E-05
       6.9807E-05  1.1308E-04  1.3582E-04  1.3887E-04  1.4451E-04  1.5663E-04  1.6011E-04  1.3338E-04  1.0095E-04  7.7088E-05
       7.4702E-05  1.1344E-04  1.3411E-04  1.3067E-04  1.5047E-04  1.4934E-04  1.2940E-04  1.1595E-04  1.0370E-04  7.1240E-05
       7.6542E-05  1.1242E-04  1.2289E-04  1.3603E-04  1.4567E-04  1.4859E-04  1.2882E-04  1.2557E-04  1.1587E-04  7.3240E-05
       7.5543E-05  1.0366E-04  1.1424E-04  1.1832E-04  1.3748E-04  1.3488E-04  1.2601E-04  1.1057E-04  1.0105E-04  6.8274E-05
       6.4927E-05  8.7878E-05  9.9359E-05  1.1361E-04  1.1916E-04  1.1815E-04  1.1859E-04  1.1086E-04  8.6356E-05  6.1009E-05
       5.0943E-05  7.2611E-05  8.1512E-05  9.0612E-05  8.3424E-05  8.6264E-05  7.4013E-05  8.4565E-05  6.2668E-05  5.0740E-05
       3.9687E-05  5.9082E-05  6.8849E-05  6.9817E-05  7.6291E-05  6.5922E-05  5.8163E-05  5.8030E-05  4.8352E-05  3.8492E-05
       5.8607E-05  6.6807E-05  8.0455E-05  9.4062E-05  9.4648E-05  9.5182E-05  9.2746E-05  8.1713E-05  5.9157E-05  4.5437E-05
       5.5455E-05  7.6138E-05  9.1372E-05  9.8642E-05  1.1589E-04  1.0952E-04  1.0923E-04  1.0404E-04  7.5021E-05  4.9550E-05
       6.7403E-05  7.9328E-05  1.0005E-04  1.0939E-04  1.1182E-04  1.1156E-04  1.1377E-04  8.9911E-05  8.4379E-05  5.3206E-05
       5.8824E-05  8.6286E-05  9.7075E-05  1.1090E-04  1.0785E-04  1.1689E-04  1.2700E-04  1.0323E-04  8.4488E-05  5.8503E-05
       6.3026E-05  8.7767E-05  1.0587E-04  1.1323E-04  1.1594E-04  1.2456E-04  1.1255E-04  9.8788E-05  8.4451E-05  5.3649E-05
       7.1173E-05  9.5996E-05  1.0726E-04  1.1177E-04  1.1729E-04  1.2814E-04  1.1449E-04  1.0038E-04  9.4922E-05  5.9611E-05
       5.4677E-05  8.2908E-05  8.7951E-05  8.8742E-05  1.0213E-04  1.1796E-04  1.0538E-04  8.7424E-05  8.3666E-05  5.6071E-05
       5.2123E-05  6.7906E-05  7.5293E-05  8.2585E-05  1.0621E-04  9.9074E-05  9.4945E-05  8.6860E-05  6.8233E-05  5.7349E-05
       4.0481E-05  5.8305E-05  6.3442E-05  6.7402E-05  6.4170E-05  7.5971E-05  5.7709E-05  5.4751E-05  4.4812E-05  3.9084E-05
       3.2856E-05  4.1381E-05  4.9476E-05  5.0627E-05  5.9189E-05  4.9977E-05  4.9651E-05  4.2418E-05  3.7737E-05  3.1732E-05
       4.4940E-05  5.3016E-05  7.3721E-05  7.8933E-05  6.8710E-05  7.8011E-05  7.8852E-05  5.6383E-05  4.3412E-05  3.6215E-05
       4.4189E-05  6.0902E-05  7.8981E-05  8.0858E-05  9.2110E-05  8.5090E-05  8.1132E-05  7.4671E-05  6.8901E-05  3.7143E-05
       4.7723E-05  6.9888E-05  7.8226E-05  9.6244E-05  9.6320E-05  7.9820E-05  8.4847E-05  8.5574E-05  7.1088E-05  4.1190E-05
       4.6767E-05  6.7559E-05  8.0770E-05  9.0084E-05  9.3207E-05  9.1426E-05  9.3082E-05  8.0487E-05  7.0317E-05  3.7686E-05
       5.0072E-05  7.6478E-05  7.7573E-05  9.2619E-05  9.4607E-05  9.3356E-05  9.2308E-05  8.1363E-05  6.9596E-05  3.8630E-05
       4.9038E-05  7.1414E-05  7.8927E-05  9.2850E-05  8.8565E-05  9.8126E-05  9.0397E-05  7.2935E-05  6.6948E-05  5.0337E-05
       4.3176E-05  6.9714E-05  7.4618E-05  7.8607E-05  8.1565E-05  1.0448E-04  8.1096E-05  7.2410E-05  6.6058E-05  4.9239E-05
       3.8558E-05  5.8252E-05  5.6927E-05  7.2423E-05  8.1321E-05  8.1835E-05  8.0525E-05  6.8066E-05  5.4554E-05  4.1528E-05
       2.9332E-05  4.1366E-05  5.0120E-05  6.5138E-05  5.7569E-05  6.1764E-05  5.2584E-05  4.4073E-05  4.0728E-05  2.9998E-05
       2.2593E-05  2.8959E-05  4.0419E-05  3.7601E-05  4.2083E-05  4.0571E-05  4.6013E-05  3.5994E-05  3.2640E-05  2.4411E-05
       3.3093E-05  3.8569E-05  6.1216E-05  6.6842E-05  5.6013E-05  6.0547E-05  5.3941E-05  4.6422E-05  4.2984E-05  3.0365E-05
       3.8094E-05  5.1593E-05  5.6993E-05  5.8199E-05  6.5334E-05  6.0243E-05  5.7280E-05  5.3063E-05  4.8443E-05  3.1770E-05
       3.6783E-05  4.9969E-05  5.8283E-05  7.8057E-05  7.2808E-05  6.5002E-05  7.2633E-05  6.1784E-05  5.1472E-05  3.8763E-05
       3.4567E-05  5.4637E-05  6.8197E-05  6.7752E-05  8.0375E-05  7.6149E-05  7.9030E-05  6.4121E-05  5.6088E-05  3.2275E-05
       3.5945E-05  5.2223E-05  6.9803E-05  7.5594E-05  7.2347E-05  8.2453E-05  8.5357E-05  6.0618E-05  5.4335E-05  3.2671E-05
       3.5800E-05  5.4088E-05  6.0990E-05  7.1365E-05  7.2880E-05  7.1638E-05  6.8025E-05  5.6763E-05  5.4461E-05  3.4388E-05
       3.3642E-05  5.2258E-05  6.1231E-05  6.2654E-05  6.9004E-05  8.8992E-05  6.2115E-05  5.8620E-05  5.1372E-05  3.5054E-05
       2.8821E-05  4.4452E-05  4.8861E-05  6.1564E-05  6.9118E-05  7.2750E-05  6.0568E-05  5.1748E-05  3.7960E-05  3.4296E-05
       2.2022E-05  3.2031E-05  4.0470E-05  5.1919E-05  4.0500E-05  4.9115E-05  3.9139E-05  3.1756E-05  2.8193E-05  2.2161E-05
       1.9155E-05  2.7600E-05  2.8392E-05  3.1648E-05  2.8430E-05  3.1714E-05  2.9150E-05  2.9994E-05  2.5209E-05  1.9732E-05
       2.7600E-05  3.3271E-05  4.3005E-05  4.7077E-05  4.3323E-05  3.9854E-05  4.0528E-05  3.8713E-05  3.4403E-05  2.0368E-05
       2.8758E-05  3.8380E-05  4.5395E-05  5.0118E-05  5.8564E-05  4.7008E-05  4.5822E-05  4.4113E-05  4.2377E-05  2.2519E-05
       2.8541E-05  4.0786E-05  5.0231E-05  5.9315E-05  5.8385E-05  5.2266E-05  5.4762E-05  4.7723E-05  3.6828E-05  3.0799E-05
       2.7037E-05  4.4137E-05  5.9553E-05  5.8963E-05  5.5329E-05  5.8357E-05  5.8110E-05  4.7235E-05  4.2895E-05  3.2872E-05
       3.0508E-05  4.3961E-05  5.1587E-05  5.8383E-05  6.1455E-05  5.7617E-05  6.2398E-05  4.0783E-05  3.7713E-05  2.9294E-05
       2.7288E-05  3.9538E-05  4.9594E-05  5.6638E-05  5.5717E-05  5.7470E-05  5.3644E-05  3.9139E-05  3.7507E-05  2.6642E-05
       2.6293E-05  3.5130E-05  4.6806E-05  4.7479E-05  5.2029E-05  5.7972E-05  5.0012E-05  3.9271E-05  4.0264E-05  2.5531E-05
       2.2030E-05  3.0490E-05  3.6717E-05  4.3858E-05  5.3749E-05  4.9460E-05  4.2414E-05  3.5372E-05  3.4013E-05  2.2103E-05
       1.8754E-05  2.6615E-05  2.9086E-05  3.3020E-05  3.3419E-05  3.6078E-05  2.8294E-05  2.6487E-05  2.2436E-05  1.5705E-05
       1.2600E-05  1.7583E-05  1.8246E-05  2.2811E-05  2.2949E-05  2.4818E-05  2.0969E-05  1.9601E-05  2.1106E-05  1.3652E-05
       1.7986E-05  2.3429E-05  2.9834E-05  2.9460E-05  3.5706E-05  3.2645E-05  2.5780E-05  2.5560E-05  2.5132E-05  1.9425E-05
       2.3474E-05  2.3512E-05  3.1546E-05  2.7839E-05  4.0173E-05  4.1670E-05  3.2287E-05  2.5283E-05  2.3006E-05  1.3535E-05
       2.1761E-05  2.6108E-05  3.5277E-05  3.4208E-05  4.3571E-05  4.0941E-05  4.2001E-05  2.8596E-05  2.6061E-05  2.4928E-05
       1.9696E-05  3.1611E-05  4.0360E-05  3.5425E-05  4.0440E-05  3.7224E-05  3.5503E-05  3.5664E-05  3.1602E-05  2.1495E-05
       2.0698E-05  3.0470E-05  3.7979E-05  3.9364E-05  4.1518E-05  4.3661E-05  3.7060E-05  2.9176E-05  2.6977E-05  1.9796E-05
       2.1562E-05  2.7813E-05  3.8095E-05  3.9233E-05  4.2040E-05  4.0789E-05  3.2766E-05  2.8030E-05  2.9436E-05  1.8954E-05
       2.2488E-05  2.4271E-05  3.6629E-05  2.9790E-05  3.5453E-05  4.0442E-05  3.5016E-05  3.2400E-05  2.8582E-05  1.8105E-05
       1.7723E-05  2.2118E-05  2.5501E-05  3.2574E-05  3.7557E-05  3.3406E-05  3.4800E-05  2.6403E-05  2.1953E-05  1.6364E-05
       1.5740E-05  1.8845E-05  2.1476E-05  2.1030E-05  2.4748E-05  2.6301E-05  2.2664E-05  2.2871E-05  1.9857E-05  1.4527E-05

      Percentage errors follow in a matrix A(ix,iy,iz), format (1(5x,1p,10(1x,e11.4)))

       4.4916E+00  5.3548E+00  3.9651E+00  3.4611E+00  3.5822E+00  4.0979E+00  3.4277E+00  4.4482E+00  4.0830E+00  6.3341E+00
       3.1621E+00  5.1913E+00  4.0366E+00  3.1849E+00  3.8048E+00  5.9439E+00  3.1981E+00  4.3810E+00  4.0183E+00  6.7381E+00
       4.7467E+00  4.7335E+00  5.1531E+00  4.4485E+00  4.1420E+00  4.7039E+00  3.9868E+00  4.3241E+00  4.4192E+00  4.6370E+00
       6.5308E+00  4.1248E+00  3.6078E+00  4.0449E+00  4.7737E+00  4.1845E+00  3.2503E+00  5.0889E+00  3.7741E+00  3.1110E+00
       4.7575E+00  4.4212E+00  3.3848E+00  3.7877E+00  3.6891E+00  3.0757E+00  2.4326E+00  3.4456E+00  4.4988E+00  4.0214E+00
       4.4826E+00  4.2492E+00  3.9393E+00  3.8615E+00  3.8847E+00  3.7035E+00  3.5343E+00  4.2585E+00  4.6101E+00  4.6678E+00
       5.4291E+00  3.4040E+00  4.5341E+00  2.8959E+00  3.5998E+00  2.9268E+00  4.6978E+00  4.0814E+00  3.5922E+00  4.7412E+00
       5.2708E+00  5.1606E+00  3.7029E+00  3.8802E+00  4.0900E+00  4.3586E+00  3.6008E+00  4.9037E+00  4.2537E+00  5.4061E+00
       5.3850E+00  5.0354E+00  3.1367E+00  3.2955E+00  4.0557E+00  3.1827E+00  5.4906E+00  4.4369E+00  4.3375E+00  4.5138E+00
       4.1282E+00  3.4302E+00  5.2951E+00  3.8270E+00  3.9592E+00  3.9748E+00  3.9851E+00  5.3007E+00  4.5769E+00  4.8542E+00
       5.1915E+00  5.4790E+00  3.5404E+00  3.6398E+00  4.2045E+00  3.9792E+00  4.6863E+00  4.5465E+00  4.0452E+00  5.6057E+00
       4.3693E+00  4.2323E+00  5.0138E+00  3.3315E+00  4.6781E+00  4.3909E+00  4.7883E+00  4.6543E+00  5.4674E+00  4.7978E+00
       5.2729E+00  5.2401E+00  4.6640E+00  3.5834E+00  5.6055E+00  5.2810E+00  4.9760E+00  3.9024E+00  5.4646E+00  5.1121E+00
       6.4522E+00  4.9572E+00  3.9625E+00  3.2205E+00  5.0781E+00  3.1963E+00  3.7104E+00  4.5942E+00  5.1513E+00  4.1584E+00
       5.0575E+00  4.5683E+00  3.4654E+00  4.3903E+00  3.5490E+00  5.1468E+00  3.7827E+00  4.9368E+00  4.0767E+00  4.8424E+00
       5.5341E+00  3.1346E+00  2.7460E+00  3.4310E+00  3.1533E+00  3.7931E+00  3.8376E+00  6.0714E+00  2.3872E+00  4.5000E+00
       5.9846E+00  4.0111E+00  4.1777E+00  5.1470E+00  4.5575E+00  3.6664E+00  2.7281E+00  3.6834E+00  4.4667E+00  6.2952E+00
       5.7753E+00  4.3712E+00  3.8724E+00  6.3176E+00  3.7919E+00  4.6922E+00  4.4498E+00  4.1075E+00  3.7317E+00  3.8331E+00
       5.6459E+00  5.1710E+00  4.0201E+00  3.4004E+00  3.6365E+00  4.6513E+00  5.0407E+00  4.4155E+00  5.6609E+00  5.5467E+00
       5.1077E+00  4.0775E+00  4.3271E+00  4.1105E+00  4.6749E+00  3.7158E+00  3.6837E+00  5.5430E+00  5.5620E+00  4.1340E+00
       7.0134E+00  6.1122E+00  4.6466E+00  5.1716E+00  4.6064E+00  4.9097E+00  5.6519E+00  5.1142E+00  4.4132E+00  6.8960E+00
       5.9705E+00  3.6012E+00  5.6277E+00  4.4895E+00  3.3056E+00  4.2490E+00  3.9198E+00  3.8523E+00  4.9367E+00  5.8263E+00
       6.3025E+00  4.0928E+00  5.3295E+00  4.6501E+00  3.6092E+00  3.6125E+00  5.0900E+00  3.9506E+00  5.5202E+00  5.9362E+00
       6.2671E+00  6.4454E+00  4.7397E+00  3.8931E+00  3.7549E+00  4.6676E+00  4.2540E+00  4.1908E+00  4.6959E+00  5.4674E+00
       6.1918E+00  5.7186E+00  2.6651E+00  6.1899E+00  3.6738E+00  4.6827E+00  3.2954E+00  3.5609E+00  4.2354E+00  5.8262E+00
       3.7801E+00  4.2576E+00  4.3228E+00  5.0809E+00  3.6590E+00  4.4239E+00  3.7116E+00  4.5752E+00  4.4791E+00  6.5031E+00
       7.0239E+00  6.2864E+00  5.0098E+00  4.0836E+00  3.1153E+00  5.7330E+00  3.6769E+00  4.5645E+00  4.1215E+00  6.1544E+00
       6.3958E+00  4.3466E+00  3.9200E+00  4.2944E+00  4.6154E+00  3.6057E+00  4.0724E+00  5.4172E+00  6.1918E+00  5.0770E+00
       5.5804E+00  5.7273E+00  2.9735E+00  3.0282E+00  3.6031E+00  3.9782E+00  5.4778E+00  5.5750E+00  5.1719E+00  5.9453E+00
       5.3729E+00  5.0175E+00  6.1751E+00  4.0331E+00  4.2353E+00  3.8580E+00  5.1393E+00  6.5733E+00  5.0968E+00  5.5272E+00
       7.1816E+00  6.5869E+00  5.6036E+00  6.0352E+00  4.8358E+00  5.3498E+00  4.9590E+00  4.7321E+00  5.8659E+00  9.2013E+00
       5.1334E+00  6.2885E+00  5.2769E+00  4.0297E+00  4.5418E+00  5.0245E+00  4.7488E+00  6.9552E+00  4.4932E+00  7.1630E+00
       6.6808E+00  4.5091E+00  6.1013E+00  6.7946E+00  4.8406E+00  4.1716E+00  6.2579E+00  5.3616E+00  5.2039E+00  6.2067E+00
       6.3127E+00  6.3959E+00  5.9378E+00  4.0214E+00  5.4138E+00  3.8678E+00  4.1947E+00  5.3945E+00  6.3553E+00  5.5499E+00
       6.0062E+00  5.5574E+00  5.2110E+00  5.0126E+00  3.8594E+00  4.4401E+00  3.7454E+00  4.2941E+00  5.0140E+00  4.9692E+00
       7.3821E+00  4.1758E+00  5.2072E+00  5.2699E+00  4.0932E+00  5.8415E+00  4.8405E+00  5.3995E+00  5.3261E+00  7.7272E+00
       7.8423E+00  5.9056E+00  5.2535E+00  3.9767E+00  5.3911E+00  5.3915E+00  3.9997E+00  6.0945E+00  5.9926E+00  8.0780E+00
       5.2741E+00  4.4678E+00  5.3365E+00  4.0803E+00  4.2091E+00  4.8466E+00  4.6555E+00  5.7522E+00  6.4778E+00  5.8685E+00
       7.2573E+00  6.7864E+00  5.3707E+00  4.8597E+00  3.2988E+00  5.3501E+00  4.7413E+00  5.8198E+00  5.8384E+00  5.8164E+00
       6.2032E+00  6.1504E+00  6.9138E+00  4.9898E+00  5.9030E+00  6.3985E+00  5.6429E+00  5.5317E+00  9.5477E+00  6.3040E+00
       6.8179E+00  6.5822E+00  5.8823E+00  5.5433E+00  6.1046E+00  5.6763E+00  6.2811E+00  5.4970E+00  6.7497E+00  9.2839E+00
       5.8763E+00  7.1593E+00  7.4200E+00  6.2768E+00  4.5755E+00  4.2922E+00  4.8216E+00  5.9016E+00  5.5368E+00  8.3818E+00
       8.0618E+00  5.1081E+00  7.4305E+00  6.9716E+00  4.8038E+00  4.5468E+00  6.6485E+00  6.4202E+00  4.9756E+00  7.6875E+00
       3.3416E+00  4.6023E+00  8.3434E+00  5.1656E+00  4.8098E+00  4.8404E+00  4.2420E+00  6.0583E+00  6.1945E+00  6.7983E+00
       5.6395E+00  4.8563E+00  7.4567E+00  4.4050E+00  4.2579E+00  6.0834E+00  4.4223E+00  5.4451E+00  5.4387E+00  7.4093E+00
       6.9169E+00  6.2294E+00  5.3172E+00  5.3889E+00  3.8703E+00  6.5959E+00  6.5846E+00  5.3955E+00  6.7677E+00  7.7781E+00
       6.9831E+00  4.9759E+00  5.6623E+00  4.4358E+00  4.9199E+00  5.8017E+00  5.5804E+00  5.0798E+00  6.0940E+00  9.2081E+00
       5.9848E+00  4.7455E+00  6.1209E+00  4.8503E+00  3.7865E+00  4.3993E+00  5.3725E+00  6.0198E+00  6.8664E+00  9.5058E+00
       6.5845E+00  7.6794E+00  6.0116E+00  4.6466E+00  6.5772E+00  4.9332E+00  5.9608E+00  4.7495E+00  6.5396E+00  7.7247E+00
       7.5990E+00  5.7878E+00  5.4055E+00  4.4991E+00  4.9733E+00  4.6161E+00  7.8825E+00  5.8500E+00  8.4252E+00  8.7625E+00
       7.8854E+00  6.4937E+00  7.8863E+00  4.7678E+00  6.2184E+00  6.9881E+00  8.8870E+00  6.9803E+00  9.0383E+00  9.6128E+00
       7.9719E+00  7.5130E+00  5.5645E+00  3.5854E+00  4.1385E+00  6.1241E+00  7.9643E+00  7.2156E+00  6.4684E+00  1.0257E+01
       8.9879E+00  6.3385E+00  7.1509E+00  6.1335E+00  5.3342E+00  6.6402E+00  7.7574E+00  6.4449E+00  5.7035E+00  7.7627E+00
       5.5749E+00  5.0881E+00  5.8949E+00  6.9877E+00  5.1107E+00  6.6445E+00  4.8816E+00  5.6029E+00  5.9635E+00  8.7887E+00
       7.3130E+00  5.7546E+00  8.3872E+00  6.2493E+00  5.3257E+00  7.3259E+00  6.1236E+00  5.6990E+00  4.6039E+00  6.3851E+00
       8.3410E+00  5.7073E+00  7.4335E+00  5.8052E+00  4.2593E+00  6.7829E+00  5.4070E+00  6.6699E+00  8.7415E+00  6.8215E+00
       7.2408E+00  7.7767E+00  6.3365E+00  4.6479E+00  6.6294E+00  6.2792E+00  3.5386E+00  6.8003E+00  7.5089E+00  8.4261E+00
       7.0051E+00  7.0755E+00  6.7409E+00  5.3740E+00  5.5323E+00  6.3775E+00  5.5960E+00  6.5362E+00  7.2674E+00  7.7765E+00
       8.1894E+00  6.1733E+00  6.0938E+00  6.8235E+00  6.3096E+00  9.0501E+00  4.7155E+00  4.4713E+00  7.3175E+00  6.4163E+00
       7.5221E+00  6.6045E+00  6.9215E+00  6.3022E+00  5.7394E+00  4.9080E+00  7.2432E+00  7.3793E+00  9.1858E+00  1.2584E+01
       9.4648E+00  8.9761E+00  8.7900E+00  7.4567E+00  7.5058E+00  7.1806E+00  7.3672E+00  1.0099E+01  1.2167E+01  1.4492E+01
       1.0302E+01  1.0870E+01  5.9539E+00  5.8585E+00  6.3077E+00  5.3265E+00  8.1931E+00  7.6432E+00  7.8542E+00  8.6356E+00
       1.0834E+01  5.9747E+00  7.6978E+00  5.6861E+00  6.2968E+00  5.2047E+00  8.0509E+00  6.0582E+00  6.4607E+00  1.1598E+01
       8.3259E+00  6.1462E+00  5.4331E+00  6.1483E+00  5.9447E+00  5.8852E+00  5.2241E+00  6.6283E+00  8.6105E+00  8.1720E+00
       7.0377E+00  6.7681E+00  8.1185E+00  5.1395E+00  5.3476E+00  5.9662E+00  6.0221E+00  5.5323E+00  6.9688E+00  9.6706E+00
       8.3880E+00  7.8773E+00  6.8340E+00  5.7274E+00  5.2503E+00  7.5775E+00  5.1171E+00  7.4692E+00  7.3551E+00  8.5629E+00
       5.2511E+00  6.4819E+00  5.0747E+00  7.4887E+00  6.5312E+00  5.0314E+00  6.2684E+00  5.9901E+00  6.7828E+00  1.0509E+01
       6.2303E+00  8.0621E+00  6.2360E+00  4.9856E+00  6.1824E+00  6.6519E+00  8.5834E+00  8.5913E+00  7.6596E+00  9.0891E+00
       9.2249E+00  7.3960E+00  7.8270E+00  8.8714E+00  7.5928E+00  7.9776E+00  7.4861E+00  7.5003E+00  8.7614E+00  8.6586E+00
       1.0809E+01  1.1337E+01  9.4521E+00  5.9273E+00  6.5994E+00  7.6489E+00  8.5885E+00  8.7282E+00  9.2129E+00  1.0408E+01
       1.1191E+01  9.9957E+00  8.3269E+00  7.2535E+00  9.5578E+00  8.1297E+00  1.0031E+01  8.4743E+00  1.0242E+01  1.1269E+01
       6.1399E+00  7.0459E+00  7.9108E+00  7.7562E+00  7.6719E+00  6.6210E+00  8.9783E+00  8.9465E+00  8.8664E+00  7.0294E+00
       1.2057E+01  4.7805E+00  7.9542E+00  9.8988E+00  6.6431E+00  7.3162E+00  8.7829E+00  6.5072E+00  8.8310E+00  1.1626E+01
       1.2058E+01  7.7826E+00  1.0295E+01  7.6713E+00  6.3066E+00  6.7897E+00  5.9611E+00  7.3917E+00  7.6171E+00  9.2578E+00
       8.2660E+00  9.7952E+00  6.8083E+00  7.7398E+00  8.9672E+00  5.7774E+00  6.5173E+00  8.1650E+00  9.3617E+00  9.5735E+00
       8.9454E+00  7.1643E+00  7.7551E+00  7.8125E+00  6.8944E+00  7.7317E+00  7.3532E+00  8.9833E+00  9.3807E+00  1.0358E+01
       7.3154E+00  6.6044E+00  6.0128E+00  9.0159E+00  6.6033E+00  8.1014E+00  8.0697E+00  7.8836E+00  7.9600E+00  9.6920E+00
       8.5429E+00  7.0218E+00  9.1140E+00  8.4436E+00  7.1454E+00  6.2280E+00  6.8561E+00  1.0318E+01  7.6751E+00  1.0535E+01
       1.0877E+01  9.6278E+00  7.0234E+00  1.0825E+01  9.4654E+00  7.2699E+00  6.4422E+00  9.0249E+00  7.6964E+00  9.7639E+00
       1.1625E+01  1.1481E+01  7.4561E+00  7.4135E+00  7.5085E+00  1.0466E+01  1.0116E+01  1.0320E+01  1.2005E+01  1.2703E+01
       1.4237E+01  1.1181E+01  1.1529E+01  8.7760E+00  1.2186E+01  1.1040E+01  9.7635E+00  1.2303E+01  1.1410E+01  1.3137E+01
       1.1242E+01  7.1987E+00  8.9372E+00  9.1419E+00  9.2978E+00  1.0324E+01  1.2931E+01  9.5109E+00  1.0414E+01  9.1452E+00
       1.2285E+01  1.1048E+01  9.0213E+00  1.1149E+01  8.6885E+00  8.0985E+00  8.5741E+00  7.5515E+00  8.8486E+00  1.1647E+01
       9.8247E+00  1.1269E+01  9.6490E+00  6.4497E+00  7.4747E+00  9.7219E+00  5.4191E+00  8.2302E+00  1.3374E+01  9.8057E+00
       9.5159E+00  6.5569E+00  7.5655E+00  8.2208E+00  9.1138E+00  6.3216E+00  8.7439E+00  9.6302E+00  1.0669E+01  1.4539E+01
       1.1793E+01  7.8050E+00  5.9748E+00  1.1073E+01  7.6671E+00  6.2967E+00  8.3662E+00  9.5716E+00  9.6908E+00  1.2209E+01
       1.0252E+01  9.0209E+00  8.4416E+00  9.8013E+00  8.4667E+00  6.9921E+00  7.5858E+00  7.9223E+00  9.6374E+00  1.1273E+01
       9.7027E+00  9.1625E+00  8.9946E+00  1.0438E+01  8.9521E+00  9.1528E+00  7.2424E+00  1.0110E+01  8.6450E+00  1.1501E+01
       1.1993E+01  1.0927E+01  7.4223E+00  7.9955E+00  7.9815E+00  1.0767E+01  6.8368E+00  1.4437E+01  1.3440E+01  9.4162E+00
       1.0842E+01  1.2311E+01  8.1690E+00  9.4610E+00  8.8623E+00  1.0361E+01  1.0429E+01  1.2674E+01  1.3732E+01  1.3597E+01
       1.2981E+01  1.1160E+01  1.0855E+01  1.0708E+01  1.4659E+01  1.0929E+01  1.1575E+01  9.1938E+00  1.1752E+01  1.5849E+01
       1.3509E+01  1.2676E+01  1.2586E+01  1.1365E+01  9.9649E+00  9.2510E+00  1.1972E+01  1.2005E+01  1.1201E+01  1.2239E+01
       1.2863E+01  1.3278E+01  9.4544E+00  7.9472E+00  8.5515E+00  7.7921E+00  7.9857E+00  1.0992E+01  1.2728E+01  1.3715E+01
       1.4695E+01  1.2438E+01  1.0749E+01  1.0414E+01  1.0217E+01  7.4225E+00  5.5800E+00  1.1939E+01  1.3714E+01  1.1240E+01
       1.1766E+01  8.7933E+00  7.3397E+00  8.2430E+00  1.1867E+01  6.4916E+00  8.3877E+00  1.4336E+01  1.1368E+01  1.3823E+01
       1.0683E+01  9.2723E+00  1.1064E+01  9.1646E+00  9.3344E+00  7.9704E+00  1.0980E+01  1.1727E+01  1.2148E+01  1.2878E+01
       1.0744E+01  9.8188E+00  1.1419E+01  8.7276E+00  8.9616E+00  1.0902E+01  9.4273E+00  9.4661E+00  1.0279E+01  1.0234E+01
       1.1524E+01  1.2262E+01  9.5674E+00  1.3376E+01  1.1639E+01  7.6199E+00  1.0316E+01  9.4064E+00  1.0558E+01  1.2255E+01
       9.0964E+00  9.5973E+00  1.2055E+01  8.5293E+00  8.8364E+00  9.5618E+00  7.4473E+00  1.2269E+01  1.0020E+01  1.2081E+01
       1.6658E+01  1.1506E+01  1.2999E+01  9.7122E+00  1.2613E+01  1.2140E+01  1.1517E+01  1.3594E+01  1.2378E+01  1.9220E+01
