1
   Cartesian binning n.   1  "DoseEq    " , generalized particle n.  240
      X coordinate: from -8.5000E+01 to  8.5000E+01 cm,    10 bins ( 1.7000E+01 cm wide)
      Y coordinate: from -2.5000E+01 to  2.5000E+01 cm,    10 bins ( 5.0000E+00 cm wide)
      Z coordinate: from  2.2500E+02 to  2.7500E+02 cm,    10 bins ( 5.0000E+00 cm wide)
      Data follow in a matrix A(ix,iy,iz), format (1(5x,1p,10(1x,e11.4)))

      accurate deposition along the tracks requested
      this is a track-length binning
       2.3337E-04  2.5898E-04  3.1847E-04  3.2883E-04  3.6650E-04  3.7159E-04  3.4443E-04  3.0753E-04  2.7997E-04  2.2457E-04
       2.5574E-04  3.0533E-04  3.4776E-04  3.9651E-04  4.1707E-04  4.1337E-04  4.0542E-04  3.6515E-04  3.1820E-04  2.5034E-04
       2.5836E-04  3.4731E-04  3.5907E-04  4.0093E-04  4.3008E-04  4.4768E-04  4.2190E-04  3.7012E-04  3.3846E-04  2.6215E-04
       2.8103E-04  3.4502E-04  3.8663E-04  4.1525E-04  4.5472E-04  4.4974E-04  4.2516E-04  3.9773E-04  3.5577E-04  2.5361E-04
       2.7754E-04  3.2172E-04  3.8547E-04  4.3114E-04  4.5369E-04  4.5352E-04  4.4794E-04  4.0345E-04  3.4433E-04  2.6244E-04
       2.8063E-04  3.3614E-04  3.9787E-04  4.4069E-04  4.5267E-04  4.3361E-04  4.2472E-04  3.9928E-04  3.5793E-04  2.7745E-04
       2.7298E-04  3.5706E-04  4.2109E-04  4.1652E-04  4.6628E-04  4.6714E-04  4.2460E-04  4.0398E-04  3.5073E-04  2.7229E-04
       2.6414E-04  3.3197E-04  3.9264E-04  4.1189E-04  4.2083E-04  4.4227E-04  4.2372E-04  3.7873E-04  3.3970E-04  2.6309E-04
       2.5758E-04  3.1628E-04  3.6029E-04  3.8804E-04  4.0672E-04  4.3518E-04  4.2114E-04  3.5241E-04  3.1750E-04  2.6345E-04
       2.2989E-04  2.6380E-04  3.3019E-04  3.5652E-04  3.4591E-04  3.5321E-04  3.5958E-04  2.9990E-04  2.6289E-04  2.3384E-04
       1.9427E-04  2.1891E-04  2.5437E-04  2.8670E-04  3.0400E-04  3.1296E-04  2.9058E-04  2.5538E-04  2.2405E-04  1.8669E-04
       2.2362E-04  2.6977E-04  3.0979E-04  3.5565E-04  3.6582E-04  3.6535E-04  3.6037E-04  3.4148E-04  2.8193E-04  2.3037E-04
       2.4754E-04  3.2341E-04  3.4490E-04  3.9021E-04  3.9845E-04  4.1972E-04  3.8945E-04  3.6660E-04  3.1725E-04  2.3742E-04
       2.4523E-04  3.1141E-04  3.6133E-04  4.0360E-04  4.3787E-04  4.3226E-04  3.8736E-04  3.5947E-04  3.2490E-04  2.3053E-04
       2.3687E-04  3.1162E-04  3.6318E-04  4.2382E-04  4.2624E-04  4.0762E-04  4.2020E-04  3.6364E-04  3.3165E-04  2.3586E-04
       2.4294E-04  3.2226E-04  3.9349E-04  4.1092E-04  4.1899E-04  4.1272E-04  4.0435E-04  3.7086E-04  3.2316E-04  2.3827E-04
       2.3891E-04  3.2918E-04  3.9719E-04  4.0127E-04  4.4094E-04  4.2470E-04  3.9536E-04  3.5825E-04  3.4064E-04  2.4391E-04
       2.3973E-04  3.1368E-04  3.7400E-04  3.8193E-04  4.0762E-04  3.9270E-04  3.9721E-04  3.4591E-04  3.2063E-04  2.1800E-04
       2.1290E-04  2.7838E-04  3.3132E-04  3.5661E-04  3.7649E-04  3.7904E-04  3.7642E-04  3.1191E-04  2.7799E-04  2.1950E-04
       1.9171E-04  2.2617E-04  2.5799E-04  3.0736E-04  3.0218E-04  2.9532E-04  3.0238E-04  2.7289E-04  2.2505E-04  1.8823E-04
       1.3843E-04  1.6917E-04  1.9937E-04  2.2646E-04  2.3102E-04  2.2041E-04  2.2618E-04  1.9812E-04  1.8029E-04  1.4595E-04
       1.8212E-04  2.4242E-04  2.5251E-04  2.8961E-04  2.9848E-04  2.9281E-04  2.9361E-04  2.5357E-04  2.2624E-04  1.8062E-04
       2.0893E-04  2.7053E-04  3.1077E-04  3.2597E-04  3.2646E-04  3.4272E-04  3.3079E-04  3.0080E-04  2.5564E-04  1.8656E-04
       2.0425E-04  2.6615E-04  3.0431E-04  3.4558E-04  3.5740E-04  3.5558E-04  3.4494E-04  3.0900E-04  2.6598E-04  2.0651E-04
       1.8517E-04  2.6451E-04  3.1298E-04  3.5602E-04  3.6143E-04  3.5148E-04  3.6296E-04  3.1793E-04  2.7582E-04  1.8956E-04
       2.0713E-04  2.7034E-04  3.3191E-04  3.4913E-04  3.6328E-04  3.5225E-04  3.5597E-04  3.1834E-04  2.8313E-04  1.7678E-04
       1.9362E-04  2.5386E-04  3.1349E-04  3.4877E-04  3.6238E-04  3.4172E-04  3.4232E-04  3.0479E-04  2.7596E-04  1.8508E-04
       1.8611E-04  2.6812E-04  3.0565E-04  3.1969E-04  3.4671E-04  3.3302E-04  3.3610E-04  3.0059E-04  2.6632E-04  1.7228E-04
       1.6840E-04  2.3502E-04  2.6683E-04  2.9466E-04  3.0153E-04  3.0365E-04  3.0451E-04  2.5921E-04  2.4173E-04  1.8817E-04
       1.4176E-04  1.8265E-04  1.9252E-04  2.4111E-04  2.4093E-04  2.2703E-04  2.3093E-04  2.0552E-04  1.6739E-04  1.4480E-04
       1.0618E-04  1.4555E-04  1.5133E-04  1.6146E-04  1.7539E-04  1.8334E-04  1.8191E-04  1.5251E-04  1.3527E-04  1.0979E-04
       1.3617E-04  1.8922E-04  2.1208E-04  2.2995E-04  2.4631E-04  2.4462E-04  2.2957E-04  1.8970E-04  1.7068E-04  1.3172E-04
       1.4604E-04  2.1520E-04  2.5118E-04  2.6143E-04  2.8462E-04  2.7389E-04  2.5454E-04  2.3403E-04  2.0726E-04  1.4233E-04
       1.6136E-04  2.2181E-04  2.6901E-04  2.7546E-04  2.9951E-04  2.8608E-04  2.8696E-04  2.5304E-04  2.1168E-04  1.5669E-04
       1.5161E-04  2.2262E-04  2.7284E-04  2.9410E-04  3.0028E-04  2.9436E-04  2.8963E-04  2.6031E-04  2.1995E-04  1.5274E-04
       1.4739E-04  2.1813E-04  2.6799E-04  2.8468E-04  2.9052E-04  3.1273E-04  2.9749E-04  2.5380E-04  2.1776E-04  1.4310E-04
       1.4632E-04  2.0721E-04  2.5144E-04  2.7692E-04  2.8838E-04  2.9672E-04  2.8339E-04  2.4064E-04  2.1681E-04  1.4432E-04
       1.4405E-04  2.0333E-04  2.3380E-04  2.5503E-04  2.7594E-04  2.7702E-04  2.7280E-04  2.4304E-04  2.0243E-04  1.3317E-04
       1.3017E-04  1.8522E-04  1.9830E-04  2.3640E-04  2.3701E-04  2.3833E-04  2.2346E-04  1.9845E-04  1.8116E-04  1.3405E-04
       9.9545E-05  1.4065E-04  1.5033E-04  1.7723E-04  1.9803E-04  1.7441E-04  1.7034E-04  1.5633E-04  1.3250E-04  1.0060E-04
       8.2146E-05  1.0433E-04  1.2213E-04  1.3460E-04  1.3773E-04  1.4417E-04  1.2890E-04  1.3348E-04  1.0500E-04  7.2643E-05
       1.0259E-04  1.5057E-04  1.6203E-04  1.8675E-04  1.8418E-04  1.7489E-04  1.7916E-04  1.6148E-04  1.2784E-04  9.3664E-05
       1.1357E-04  1.6783E-04  1.9457E-04  2.1041E-04  2.1437E-04  2.1720E-04  2.0488E-04  1.8357E-04  1.5741E-04  1.0523E-04
       1.3160E-04  1.7710E-04  2.1634E-04  2.1844E-04  2.3607E-04  2.2652E-04  2.2767E-04  2.0198E-04  1.7238E-04  1.2228E-04
       1.2847E-04  1.8134E-04  2.1415E-04  2.2259E-04  2.5055E-04  2.4714E-04  2.2523E-04  2.1340E-04  1.7426E-04  1.2582E-04
       1.0674E-04  1.7265E-04  2.1566E-04  2.2229E-04  2.3635E-04  2.5610E-04  2.3130E-04  2.0529E-04  1.6415E-04  1.1185E-04
       1.1508E-04  1.6194E-04  1.9659E-04  2.2470E-04  2.3479E-04  2.2905E-04  2.2294E-04  1.8340E-04  1.5909E-04  1.1024E-04
       1.0767E-04  1.5869E-04  1.7954E-04  2.0800E-04  2.2094E-04  2.0401E-04  2.1473E-04  1.8495E-04  1.6847E-04  1.0280E-04
       1.0097E-04  1.2632E-04  1.5682E-04  1.8155E-04  1.9163E-04  1.9042E-04  1.8107E-04  1.5707E-04  1.3286E-04  9.9359E-05
       8.4541E-05  9.9568E-05  1.1190E-04  1.4108E-04  1.5391E-04  1.4816E-04  1.3724E-04  1.2895E-04  1.0065E-04  7.8964E-05
       6.6386E-05  8.3136E-05  8.8735E-05  9.7318E-05  1.1242E-04  1.1180E-04  1.0051E-04  1.0187E-04  7.7020E-05  5.7266E-05
       8.1490E-05  1.1698E-04  1.2223E-04  1.3734E-04  1.5412E-04  1.4305E-04  1.3811E-04  1.2231E-04  1.0282E-04  7.7849E-05
       1.0313E-04  1.3083E-04  1.4615E-04  1.5882E-04  1.6822E-04  1.6557E-04  1.5895E-04  1.5909E-04  1.3526E-04  9.4557E-05
       1.0794E-04  1.3165E-04  1.6343E-04  1.8443E-04  1.9387E-04  1.7296E-04  1.8923E-04  1.6057E-04  1.3197E-04  1.0542E-04
       9.1321E-05  1.4009E-04  1.7747E-04  1.8154E-04  1.8735E-04  1.9283E-04  1.9322E-04  1.8377E-04  1.4032E-04  9.6999E-05
       8.5968E-05  1.4148E-04  1.7378E-04  1.7486E-04  1.8051E-04  1.9703E-04  1.9958E-04  1.6462E-04  1.3352E-04  8.7965E-05
       8.2613E-05  1.2666E-04  1.7264E-04  1.7915E-04  1.8916E-04  1.8996E-04  1.8859E-04  1.4555E-04  1.2033E-04  8.5589E-05
       8.0541E-05  1.2141E-04  1.4388E-04  1.6924E-04  1.8030E-04  1.6312E-04  1.6093E-04  1.4275E-04  1.3694E-04  7.7179E-05
       7.4122E-05  1.1173E-04  1.2663E-04  1.4523E-04  1.4228E-04  1.5481E-04  1.3149E-04  1.4063E-04  1.0938E-04  7.7358E-05
       6.3746E-05  7.6154E-05  9.0016E-05  1.0432E-04  1.1454E-04  1.1416E-04  1.0000E-04  9.6657E-05  7.2707E-05  5.8251E-05
       4.7767E-05  6.5660E-05  7.2092E-05  7.3889E-05  8.4373E-05  8.0873E-05  7.6553E-05  6.8212E-05  5.4806E-05  4.5913E-05
       6.8785E-05  8.4402E-05  9.0566E-05  1.2242E-04  1.1122E-04  1.1532E-04  1.1274E-04  9.8836E-05  8.4694E-05  6.7916E-05
       7.7368E-05  9.8392E-05  1.1875E-04  1.3691E-04  1.4769E-04  1.3914E-04  1.2337E-04  1.1189E-04  9.1460E-05  7.3219E-05
       7.5361E-05  1.1793E-04  1.2152E-04  1.4651E-04  1.4138E-04  1.3242E-04  1.4167E-04  1.2357E-04  8.9749E-05  7.8719E-05
       7.0570E-05  1.0725E-04  1.2979E-04  1.3749E-04  1.3527E-04  1.4784E-04  1.3860E-04  1.3154E-04  9.9296E-05  7.3137E-05
       7.9141E-05  1.1023E-04  1.3638E-04  1.4656E-04  1.5169E-04  1.4564E-04  1.5211E-04  1.2906E-04  1.0545E-04  6.9776E-05
       7.5513E-05  9.7731E-05  1.2516E-04  1.4140E-04  1.5376E-04  1.3456E-04  1.3380E-04  1.1723E-04  9.5104E-05  7.2480E-05
       6.9853E-05  9.1770E-05  1.2272E-04  1.2818E-04  1.5100E-04  1.3133E-04  1.3227E-04  1.0841E-04  9.9501E-05  6.4160E-05
       5.4621E-05  8.6923E-05  9.7307E-05  1.0394E-04  1.3003E-04  1.1804E-04  1.0274E-04  1.0535E-04  7.7861E-05  5.4839E-05
       4.7876E-05  5.7144E-05  7.4687E-05  8.6581E-05  8.9623E-05  8.6218E-05  7.7581E-05  7.0931E-05  5.6283E-05  4.5262E-05
       3.6825E-05  4.3526E-05  5.4938E-05  6.2975E-05  6.5358E-05  6.0231E-05  6.2965E-05  6.1243E-05  4.2726E-05  3.7627E-05
       4.7191E-05  6.3974E-05  7.3777E-05  9.1543E-05  9.6588E-05  8.6882E-05  8.5630E-05  8.5592E-05  6.0407E-05  5.0192E-05
       5.5895E-05  8.8287E-05  1.0003E-04  1.0446E-04  1.1112E-04  1.0721E-04  1.0093E-04  9.2212E-05  7.3189E-05  5.6593E-05
       5.9652E-05  8.8821E-05  1.0318E-04  1.0357E-04  1.1403E-04  1.0034E-04  1.1436E-04  1.0442E-04  7.3676E-05  5.2475E-05
       5.9980E-05  9.3442E-05  1.0706E-04  1.1034E-04  1.1141E-04  1.1178E-04  1.0526E-04  1.0132E-04  7.4227E-05  5.9226E-05
       6.4050E-05  8.0933E-05  1.0543E-04  1.1919E-04  1.1529E-04  1.1127E-04  1.1136E-04  9.5510E-05  7.5201E-05  5.3588E-05
       5.5456E-05  6.3331E-05  9.1223E-05  1.1413E-04  1.1150E-04  1.0696E-04  1.0677E-04  9.3358E-05  7.6522E-05  5.7855E-05
       5.5179E-05  6.5743E-05  9.2712E-05  9.9865E-05  1.0893E-04  1.0517E-04  1.1136E-04  9.0695E-05  6.8009E-05  5.1851E-05
       5.0136E-05  6.7251E-05  8.7190E-05  8.8671E-05  9.0333E-05  9.0913E-05  8.6119E-05  8.2449E-05  6.3976E-05  4.6070E-05
       3.6600E-05  4.0145E-05  5.8236E-05  6.2469E-05  6.7034E-05  6.7466E-05  5.8657E-05  5.5661E-05  4.3951E-05  3.5134E-05
       2.8127E-05  3.7204E-05  4.5604E-05  5.6501E-05  5.0388E-05  4.7145E-05  4.6586E-05  5.1647E-05  3.7849E-05  2.9931E-05
       3.5354E-05  5.1462E-05  5.3974E-05  6.6778E-05  7.1932E-05  6.7654E-05  5.7195E-05  5.7856E-05  4.7767E-05  3.6291E-05
       4.4652E-05  6.0105E-05  7.3459E-05  6.2326E-05  7.9495E-05  7.8321E-05  6.9977E-05  6.6632E-05  5.6884E-05  4.3914E-05
       5.3466E-05  6.5433E-05  7.5212E-05  7.6331E-05  8.4824E-05  7.9016E-05  8.6439E-05  7.3743E-05  5.8877E-05  4.6560E-05
       5.0884E-05  6.7908E-05  7.5321E-05  7.9437E-05  8.4218E-05  8.3330E-05  8.8214E-05  7.7459E-05  5.6555E-05  4.1920E-05
       4.5805E-05  6.0735E-05  7.4417E-05  9.5026E-05  9.1919E-05  8.3436E-05  8.1205E-05  7.1394E-05  6.4771E-05  3.7299E-05
       4.4959E-05  5.9820E-05  6.3388E-05  7.9404E-05  7.5220E-05  8.7151E-05  8.6773E-05  6.8350E-05  5.5502E-05  3.9972E-05
       4.0329E-05  5.7328E-05  7.6940E-05  7.5652E-05  7.7778E-05  7.8822E-05  7.4876E-05  6.1344E-05  4.7009E-05  4.3619E-05
       3.6495E-05  4.7140E-05  5.9647E-05  6.6603E-05  7.2830E-05  7.0552E-05  6.9105E-05  6.0590E-05  4.5739E-05  3.5578E-05
       2.9833E-05  3.3843E-05  5.1658E-05  5.2611E-05  5.1633E-05  5.2562E-05  4.8320E-05  4.1345E-05  3.5583E-05  2.5961E-05
       2.1765E-05  2.8016E-05  2.9753E-05  3.8507E-05  3.9532E-05  4.1099E-05  3.5521E-05  3.7432E-05  2.8985E-05  2.2270E-05
       3.0201E-05  4.0624E-05  3.6055E-05  4.0137E-05  4.3222E-05  5.0172E-05  3.9716E-05  3.7126E-05  3.4782E-05  2.7763E-05
       3.1602E-05  3.6673E-05  4.5626E-05  4.6880E-05  5.3828E-05  5.9893E-05  5.0327E-05  4.3014E-05  3.6904E-05  2.7439E-05
       3.2310E-05  4.7996E-05  5.4533E-05  6.0197E-05  5.1009E-05  5.6788E-05  5.8375E-05  4.3676E-05  4.2649E-05  3.0819E-05
       3.3410E-05  4.4084E-05  5.1139E-05  5.6784E-05  5.5338E-05  5.3420E-05  5.9977E-05  5.0235E-05  4.1639E-05  2.9735E-05
       3.2299E-05  4.3364E-05  5.8679E-05  6.3111E-05  5.8355E-05  5.6961E-05  5.6532E-05  4.5601E-05  4.8704E-05  3.0318E-05
       2.9254E-05  4.2793E-05  5.2642E-05  5.3131E-05  5.3475E-05  6.1652E-05  5.0843E-05  4.2200E-05  4.0982E-05  3.2559E-05
       2.4751E-05  4.4910E-05  5.1823E-05  5.0173E-05  5.8550E-05  5.9284E-05  5.1154E-05  4.7428E-05  3.2229E-05  2.9149E-05
       2.3409E-05  3.8624E-05  4.4932E-05  4.8848E-05  5.1940E-05  4.6566E-05  4.7837E-05  4.0536E-05  3.4928E-05  2.9709E-05
       2.1657E-05  2.7847E-05  3.5096E-05  4.0246E-05  3.2719E-05  3.7129E-05  3.6453E-05  3.2274E-05  2.3206E-05  2.0296E-05

      Percentage errors follow in a matrix A(ix,iy,iz), format (1(5x,1p,10(1x,e11.4)))

       3.6836E+00  3.7011E+00  3.8922E+00  2.6303E+00  2.0756E+00  3.3544E+00  3.7904E+00  3.4355E+00  3.9152E+00  4.6054E+00
       3.4357E+00  3.3706E+00  2.9597E+00  3.0240E+00  2.2986E+00  2.9035E+00  3.1687E+00  2.5127E+00  3.9379E+00  3.5938E+00
       2.9465E+00  2.6850E+00  2.7765E+00  3.3066E+00  3.2819E+00  2.4948E+00  2.6543E+00  3.1051E+00  3.1152E+00  2.6576E+00
       3.8073E+00  2.3293E+00  3.0014E+00  3.2134E+00  2.9225E+00  1.9868E+00  3.2284E+00  2.6686E+00  2.8649E+00  4.2486E+00
       3.6152E+00  2.4421E+00  4.4427E+00  3.0735E+00  2.6867E+00  2.7100E+00  2.7178E+00  2.8441E+00  3.5635E+00  3.3416E+00
       3.6092E+00  3.5458E+00  3.0082E+00  3.1919E+00  2.2225E+00  2.4151E+00  3.1618E+00  2.6278E+00  2.7724E+00  3.2350E+00
       3.1100E+00  2.1939E+00  2.4531E+00  2.4567E+00  2.4872E+00  3.3082E+00  2.3227E+00  2.4184E+00  2.7289E+00  3.7486E+00
       3.2820E+00  3.1224E+00  2.6363E+00  2.8266E+00  2.5382E+00  2.4942E+00  2.5032E+00  2.8254E+00  2.9563E+00  2.8980E+00
       3.0359E+00  2.8899E+00  2.6295E+00  3.2290E+00  3.2023E+00  3.0057E+00  2.6823E+00  2.3274E+00  3.8261E+00  3.1465E+00
       3.2690E+00  3.6901E+00  3.5892E+00  3.9466E+00  3.6088E+00  3.1188E+00  3.5109E+00  2.5362E+00  3.3176E+00  3.3975E+00
       4.9651E+00  2.7149E+00  3.8133E+00  3.0141E+00  2.4383E+00  2.9927E+00  2.8783E+00  3.2603E+00  3.6361E+00  4.8426E+00
       3.1534E+00  3.5934E+00  3.0398E+00  3.3538E+00  2.4998E+00  2.4026E+00  2.8486E+00  3.1585E+00  4.4203E+00  3.5632E+00
       3.2140E+00  2.7721E+00  2.5303E+00  3.4169E+00  3.1675E+00  2.2999E+00  2.7635E+00  3.2615E+00  4.2399E+00  3.0806E+00
       3.1012E+00  3.0630E+00  2.3465E+00  3.6446E+00  2.9517E+00  2.6445E+00  2.5695E+00  2.2128E+00  3.5285E+00  4.3490E+00
       4.7287E+00  3.4965E+00  2.6992E+00  3.1003E+00  2.6095E+00  2.7270E+00  2.5444E+00  2.8309E+00  3.9076E+00  4.3887E+00
       4.3562E+00  3.4675E+00  2.8877E+00  3.6220E+00  2.2512E+00  3.1743E+00  3.2476E+00  3.1319E+00  2.8759E+00  3.5961E+00
       3.4862E+00  2.4367E+00  2.7649E+00  2.0091E+00  3.0012E+00  3.6346E+00  3.1043E+00  3.4417E+00  2.9610E+00  4.1319E+00
       3.9852E+00  3.1526E+00  3.7887E+00  2.9060E+00  3.0210E+00  3.1163E+00  2.2809E+00  3.3376E+00  3.5056E+00  2.9309E+00
       3.6209E+00  2.9361E+00  2.2669E+00  2.7283E+00  3.4503E+00  3.4651E+00  3.7238E+00  3.1220E+00  3.1509E+00  4.0923E+00
       5.4819E+00  4.4668E+00  4.9475E+00  3.2543E+00  4.4747E+00  3.0193E+00  3.1638E+00  3.0410E+00  3.0598E+00  3.5642E+00
       4.0311E+00  4.2178E+00  4.5150E+00  3.1624E+00  3.0593E+00  4.3724E+00  2.9062E+00  3.7853E+00  4.8418E+00  4.1864E+00
       4.8004E+00  4.3458E+00  4.3382E+00  3.6500E+00  2.9941E+00  2.2583E+00  2.9913E+00  4.1066E+00  4.2023E+00  4.5376E+00
       2.9299E+00  3.4074E+00  3.7655E+00  3.5133E+00  3.8074E+00  2.4767E+00  2.3709E+00  3.8172E+00  3.5043E+00  5.8280E+00
       4.1031E+00  3.5757E+00  2.9105E+00  3.9734E+00  3.4600E+00  3.2980E+00  3.2944E+00  3.2447E+00  4.4601E+00  4.2768E+00
       4.6529E+00  5.0872E+00  3.6851E+00  3.4447E+00  2.5519E+00  2.5589E+00  1.5803E+00  2.7307E+00  3.2797E+00  5.2769E+00
       3.9161E+00  4.3953E+00  2.7997E+00  3.7557E+00  2.5126E+00  3.0615E+00  4.4425E+00  4.0738E+00  2.7719E+00  3.6729E+00
       4.2383E+00  3.9061E+00  3.5959E+00  2.9637E+00  2.8227E+00  3.8324E+00  4.0858E+00  3.4412E+00  2.9586E+00  4.3688E+00
       5.0087E+00  3.7245E+00  3.6868E+00  3.0711E+00  2.6962E+00  2.9281E+00  3.8695E+00  2.8419E+00  4.1704E+00  4.7853E+00
       4.8571E+00  3.4142E+00  3.1833E+00  4.3175E+00  3.7032E+00  3.8721E+00  3.9063E+00  4.2612E+00  3.5924E+00  5.1546E+00
       5.7440E+00  6.1170E+00  4.5968E+00  4.2081E+00  4.0524E+00  3.1705E+00  4.9136E+00  3.1548E+00  3.0869E+00  4.0173E+00
       4.3828E+00  4.3926E+00  5.0895E+00  3.9687E+00  3.0624E+00  4.3215E+00  3.7473E+00  4.5075E+00  6.6313E+00  4.6066E+00
       4.2989E+00  4.9975E+00  3.6144E+00  3.2208E+00  3.5603E+00  3.4191E+00  3.3655E+00  4.2799E+00  4.3789E+00  5.4441E+00
       5.2604E+00  2.9329E+00  4.5588E+00  4.1653E+00  4.1320E+00  3.9628E+00  4.3371E+00  3.4481E+00  4.4882E+00  5.1098E+00
       5.4669E+00  3.6774E+00  3.6460E+00  3.2621E+00  3.9534E+00  3.6431E+00  4.2832E+00  3.3751E+00  3.9561E+00  4.7584E+00
       5.4655E+00  3.7531E+00  3.7369E+00  3.9804E+00  3.1952E+00  3.5020E+00  4.5587E+00  4.3176E+00  4.2266E+00  5.1745E+00
       4.5212E+00  5.1440E+00  3.3364E+00  3.6004E+00  2.9674E+00  3.3130E+00  4.3681E+00  2.7914E+00  3.9722E+00  4.2052E+00
       4.8089E+00  4.0824E+00  3.0336E+00  3.3222E+00  3.4315E+00  3.8755E+00  5.3980E+00  2.7311E+00  4.8240E+00  4.4748E+00
       4.1400E+00  4.1008E+00  3.9705E+00  3.2427E+00  3.8392E+00  3.6409E+00  3.9724E+00  2.9809E+00  5.0113E+00  4.6554E+00
       3.8794E+00  3.4632E+00  5.1204E+00  5.2241E+00  3.5847E+00  3.4264E+00  3.3602E+00  4.1816E+00  3.3977E+00  5.8783E+00
       6.2097E+00  5.8822E+00  6.1989E+00  3.7326E+00  4.2200E+00  3.7962E+00  6.3634E+00  4.6947E+00  4.6407E+00  6.0244E+00
       5.6871E+00  6.1333E+00  6.1489E+00  4.4442E+00  3.8609E+00  4.2322E+00  3.5645E+00  4.9345E+00  5.5820E+00  7.5076E+00
       5.9301E+00  4.8492E+00  3.2970E+00  4.5781E+00  3.6656E+00  4.5133E+00  2.5937E+00  4.4848E+00  3.4523E+00  6.4987E+00
       6.0488E+00  4.0856E+00  3.5288E+00  4.5432E+00  4.1130E+00  4.7960E+00  4.3913E+00  4.5089E+00  3.3373E+00  5.3259E+00
       5.3687E+00  5.9913E+00  5.3484E+00  4.8799E+00  3.9652E+00  3.2774E+00  4.2113E+00  3.8398E+00  4.8177E+00  5.1019E+00
       5.3597E+00  4.7844E+00  4.4620E+00  3.6760E+00  3.5151E+00  4.5881E+00  4.0577E+00  3.9019E+00  4.7112E+00  4.3094E+00
       4.2508E+00  4.7970E+00  3.6660E+00  3.9884E+00  3.2868E+00  3.7983E+00  5.6743E+00  3.3924E+00  4.5601E+00  5.5445E+00
       6.3175E+00  5.5881E+00  3.3146E+00  4.1326E+00  2.6604E+00  4.8668E+00  3.6213E+00  3.9749E+00  3.9834E+00  6.1732E+00
       6.9586E+00  5.4618E+00  3.3139E+00  4.0990E+00  3.7344E+00  4.7385E+00  4.2034E+00  4.0979E+00  4.0424E+00  7.9520E+00
       6.3867E+00  5.0959E+00  5.1223E+00  4.6033E+00  3.4397E+00  3.1848E+00  3.7672E+00  4.3497E+00  5.3399E+00  4.3229E+00
       6.1162E+00  6.7825E+00  7.4643E+00  4.4223E+00  4.6992E+00  5.2131E+00  6.3876E+00  5.6651E+00  5.8755E+00  6.3235E+00
       5.0528E+00  5.6763E+00  6.2117E+00  5.8261E+00  5.9689E+00  6.7969E+00  6.3745E+00  5.5001E+00  6.0543E+00  5.9884E+00
       6.0036E+00  6.6614E+00  7.9537E+00  4.1684E+00  5.0693E+00  3.7405E+00  4.2939E+00  3.4827E+00  7.0543E+00  5.8667E+00
       5.1683E+00  4.7153E+00  4.7659E+00  4.5151E+00  3.8345E+00  4.3797E+00  5.7678E+00  4.3259E+00  5.9025E+00  7.5609E+00
       6.0703E+00  6.4132E+00  5.4301E+00  4.6641E+00  4.5589E+00  4.3768E+00  5.2224E+00  4.1560E+00  4.7527E+00  6.8236E+00
       5.6244E+00  4.0012E+00  5.7982E+00  4.9284E+00  5.0776E+00  3.4734E+00  3.5810E+00  4.5969E+00  5.8142E+00  5.6505E+00
       6.3704E+00  4.9312E+00  4.9229E+00  6.1880E+00  4.8891E+00  3.9817E+00  5.1046E+00  4.2884E+00  4.5224E+00  7.4438E+00
       5.8076E+00  6.2055E+00  5.3584E+00  4.7968E+00  4.6641E+00  5.1307E+00  5.2705E+00  5.4175E+00  4.9224E+00  7.8931E+00
       5.3290E+00  4.6699E+00  5.5297E+00  5.0573E+00  5.6186E+00  3.4393E+00  4.9050E+00  5.7818E+00  5.3135E+00  5.9885E+00
       6.5292E+00  6.4003E+00  6.2059E+00  5.6889E+00  4.1803E+00  4.4477E+00  4.6153E+00  4.3288E+00  5.3083E+00  7.0310E+00
       5.8427E+00  5.4169E+00  5.2321E+00  5.5193E+00  5.4530E+00  4.0074E+00  6.2081E+00  4.0570E+00  6.1498E+00  6.2769E+00
       6.5228E+00  8.8680E+00  7.3332E+00  6.7643E+00  6.7441E+00  6.4180E+00  5.9327E+00  6.6083E+00  7.4837E+00  9.3603E+00
       6.8407E+00  7.1556E+00  5.6620E+00  6.4286E+00  5.7671E+00  5.6901E+00  6.5704E+00  5.9223E+00  8.3144E+00  7.1784E+00
       5.7178E+00  6.1883E+00  5.3725E+00  4.3200E+00  4.7760E+00  6.2999E+00  4.2914E+00  5.2487E+00  7.2130E+00  6.4274E+00
       6.9629E+00  5.2900E+00  5.9823E+00  3.8976E+00  4.5559E+00  5.3371E+00  4.6863E+00  4.4264E+00  5.6161E+00  7.5599E+00
       8.6261E+00  6.1380E+00  5.5324E+00  5.2748E+00  5.5141E+00  4.6370E+00  4.7145E+00  6.9222E+00  6.5839E+00  7.3078E+00
       7.6000E+00  4.0853E+00  6.5617E+00  5.2040E+00  4.7032E+00  6.0625E+00  3.6953E+00  4.8347E+00  5.1165E+00  5.9304E+00
       5.6691E+00  5.1550E+00  4.9333E+00  6.5581E+00  5.1637E+00  6.4221E+00  5.2567E+00  5.3063E+00  6.8539E+00  5.9864E+00
       7.1395E+00  6.4608E+00  6.8791E+00  5.9153E+00  4.5201E+00  4.8674E+00  5.8975E+00  5.8021E+00  6.0924E+00  6.5898E+00
       7.9556E+00  6.6137E+00  4.2877E+00  4.8990E+00  5.5004E+00  5.1838E+00  5.4761E+00  6.8981E+00  5.1480E+00  6.3705E+00
       8.8257E+00  7.0085E+00  5.1724E+00  7.6816E+00  4.5032E+00  5.4338E+00  8.2522E+00  6.8058E+00  5.2389E+00  8.6558E+00
       7.2185E+00  9.5290E+00  7.4702E+00  9.8350E+00  7.0149E+00  7.7095E+00  7.6290E+00  6.9800E+00  6.9477E+00  1.0158E+01
       6.9422E+00  8.0285E+00  5.4276E+00  7.6296E+00  7.1685E+00  7.1371E+00  5.4756E+00  6.5367E+00  4.3022E+00  8.2857E+00
       6.9119E+00  6.5408E+00  7.0768E+00  6.1952E+00  4.1363E+00  5.6088E+00  6.5064E+00  7.2668E+00  6.5787E+00  9.4992E+00
       8.3924E+00  7.4464E+00  5.5594E+00  5.5492E+00  5.6339E+00  5.6468E+00  5.1866E+00  5.8598E+00  5.4731E+00  8.1806E+00
       8.7201E+00  6.3206E+00  6.7791E+00  6.3006E+00  7.3525E+00  5.9164E+00  4.0930E+00  6.4549E+00  6.7271E+00  8.0510E+00
       9.3132E+00  6.0568E+00  6.8907E+00  6.0241E+00  4.5411E+00  5.9494E+00  3.2279E+00  6.4502E+00  5.9781E+00  6.3415E+00
       7.2665E+00  8.4601E+00  6.1304E+00  5.5826E+00  6.1722E+00  5.6561E+00  5.9548E+00  5.5414E+00  8.9530E+00  7.9350E+00
       5.5330E+00  6.7909E+00  6.9683E+00  6.0349E+00  4.6978E+00  6.0815E+00  5.9869E+00  6.8999E+00  8.7657E+00  7.0248E+00
       9.1244E+00  7.7936E+00  5.4795E+00  7.5970E+00  7.8403E+00  6.8783E+00  6.4059E+00  7.3741E+00  8.3377E+00  8.7536E+00
       1.1174E+01  9.7617E+00  5.1468E+00  6.1962E+00  8.7257E+00  5.9295E+00  6.0155E+00  7.3732E+00  8.5279E+00  1.2593E+01
       9.3865E+00  6.3632E+00  7.4985E+00  8.4901E+00  9.1774E+00  6.6124E+00  9.2157E+00  7.4219E+00  9.1534E+00  1.2769E+01
       1.1412E+01  9.9151E+00  6.4749E+00  7.1548E+00  7.2125E+00  6.8643E+00  5.9152E+00  6.8781E+00  7.2106E+00  9.7164E+00
       7.5880E+00  7.5617E+00  7.9812E+00  7.0683E+00  6.1869E+00  7.2138E+00  6.1401E+00  6.9241E+00  8.6010E+00  9.8210E+00
       1.0408E+01  9.1507E+00  5.0948E+00  6.2590E+00  7.8317E+00  6.5357E+00  7.2960E+00  7.4049E+00  6.9037E+00  1.1266E+01
       1.0185E+01  6.5093E+00  6.3501E+00  6.3431E+00  8.5535E+00  4.5170E+00  5.2467E+00  6.6791E+00  5.4071E+00  8.1164E+00
       7.5491E+00  8.5255E+00  7.0742E+00  8.1184E+00  5.5449E+00  5.5489E+00  5.3288E+00  6.8743E+00  7.5917E+00  9.5646E+00
       6.8367E+00  9.1338E+00  6.2897E+00  6.7552E+00  5.3467E+00  5.5644E+00  6.4590E+00  6.7914E+00  7.3341E+00  8.8411E+00
       9.1989E+00  7.2895E+00  9.0008E+00  8.8959E+00  5.6198E+00  5.8570E+00  5.8708E+00  7.0263E+00  9.8859E+00  6.3899E+00
       9.3342E+00  7.5149E+00  7.4926E+00  7.9352E+00  5.6035E+00  7.0594E+00  6.4452E+00  4.9698E+00  8.2390E+00  6.5269E+00
       1.1139E+01  1.2939E+01  7.7127E+00  7.7037E+00  9.3737E+00  7.5403E+00  5.7870E+00  9.1145E+00  1.0957E+01  1.0198E+01
       1.2377E+01  1.0589E+01  1.1487E+01  9.0718E+00  6.6577E+00  9.3276E+00  6.5606E+00  1.0894E+01  9.2166E+00  1.1692E+01
       1.0866E+01  1.0693E+01  8.9998E+00  1.0579E+01  9.3682E+00  6.6074E+00  6.2579E+00  8.9294E+00  1.0633E+01  1.1375E+01
       6.0617E+00  1.0674E+01  5.8504E+00  8.4653E+00  5.4194E+00  6.9971E+00  7.5577E+00  7.6609E+00  8.8658E+00  1.1387E+01
       1.1175E+01  9.9128E+00  7.8916E+00  6.8383E+00  1.0426E+01  8.6444E+00  6.9928E+00  1.0002E+01  5.1792E+00  9.4513E+00
       7.9962E+00  7.7078E+00  8.8717E+00  5.9297E+00  8.9189E+00  5.5638E+00  7.2519E+00  8.5245E+00  8.0143E+00  1.1672E+01
       7.2193E+00  9.7464E+00  7.4069E+00  7.4777E+00  9.8708E+00  7.9028E+00  8.5454E+00  7.3074E+00  6.0805E+00  1.0196E+01
       8.4500E+00  1.1636E+01  9.0937E+00  6.5378E+00  5.3491E+00  5.7124E+00  9.5154E+00  1.0277E+01  1.0400E+01  9.8209E+00
       9.9358E+00  8.3892E+00  8.7690E+00  8.8222E+00  6.2861E+00  7.3958E+00  9.5077E+00  8.1050E+00  8.5769E+00  9.5243E+00
       8.7968E+00  8.4723E+00  9.5374E+00  7.4602E+00  6.2569E+00  5.7979E+00  7.8279E+00  6.9393E+00  8.4693E+00  9.1556E+00
       9.3528E+00  8.7272E+00  9.5127E+00  9.6848E+00  9.1006E+00  7.4610E+00  8.5785E+00  9.0698E+00  8.3869E+00  1.5394E+01
