1
   Cartesian binning n.   1  "DoseEq    " , generalized particle n.  240
      X coordinate: from -8.5000E+01 to  8.5000E+01 cm,    10 bins ( 1.7000E+01 cm wide)
      Y coordinate: from -2.5000E+01 to  2.5000E+01 cm,    10 bins ( 5.0000E+00 cm wide)
      Z coordinate: from  2.2500E+02 to  2.7500E+02 cm,    10 bins ( 5.0000E+00 cm wide)
      Data follow in a matrix A(ix,iy,iz), format (1(5x,1p,10(1x,e11.4)))

      accurate deposition along the tracks requested
      this is a track-length binning
       1.4537E-04  1.8224E-04  2.1196E-04  2.1297E-04  2.2153E-04  2.2878E-04  2.1777E-04  2.0989E-04  1.7981E-04  1.6854E-04
       1.6282E-04  1.8163E-04  2.3528E-04  2.5070E-04  2.6268E-04  2.5275E-04  2.5787E-04  2.3417E-04  1.9634E-04  1.5887E-04
       1.7086E-04  1.9714E-04  2.5447E-04  2.6864E-04  2.9993E-04  2.9024E-04  2.6994E-04  2.6797E-04  2.1470E-04  1.7311E-04
       1.7265E-04  2.1582E-04  2.5845E-04  2.8995E-04  3.0599E-04  3.0599E-04  2.8395E-04  2.5589E-04  2.2362E-04  1.8132E-04
       1.8505E-04  2.1398E-04  2.6388E-04  2.8588E-04  3.0267E-04  3.0446E-04  2.8043E-04  2.5958E-04  2.2797E-04  1.8210E-04
       1.7993E-04  2.2853E-04  2.5104E-04  2.6446E-04  2.9021E-04  2.9378E-04  2.7998E-04  2.5749E-04  2.2771E-04  1.7971E-04
       1.7331E-04  2.2212E-04  2.4282E-04  2.8501E-04  2.8661E-04  2.9412E-04  2.7241E-04  2.4569E-04  2.1858E-04  1.7574E-04
       1.7322E-04  2.1007E-04  2.4198E-04  2.6128E-04  2.7882E-04  2.7128E-04  2.5850E-04  2.3560E-04  2.0409E-04  1.6622E-04
       1.7428E-04  2.1289E-04  2.2499E-04  2.4484E-04  2.6823E-04  2.6076E-04  2.4679E-04  2.4454E-04  1.9860E-04  1.6578E-04
       1.5243E-04  1.7784E-04  1.9573E-04  2.2307E-04  2.3488E-04  2.1991E-04  2.3077E-04  2.0882E-04  1.9305E-04  1.4414E-04
       1.1857E-04  1.5112E-04  1.8055E-04  1.8977E-04  1.9515E-04  2.0420E-04  1.8419E-04  1.8751E-04  1.5226E-04  1.2661E-04
       1.3846E-04  1.7431E-04  2.2055E-04  2.5069E-04  2.5058E-04  2.2440E-04  2.4025E-04  2.2637E-04  1.7666E-04  1.3763E-04
       1.5261E-04  2.0545E-04  2.3699E-04  2.5672E-04  2.8470E-04  2.6555E-04  2.8198E-04  2.4554E-04  1.9433E-04  1.5033E-04
       1.7023E-04  2.2056E-04  2.3824E-04  2.8646E-04  2.8754E-04  2.9554E-04  2.8114E-04  2.5479E-04  2.1955E-04  1.6309E-04
       1.6578E-04  2.1161E-04  2.6227E-04  2.6937E-04  2.9713E-04  2.8328E-04  2.6957E-04  2.5323E-04  2.2001E-04  1.6569E-04
       1.6586E-04  2.1145E-04  2.5317E-04  2.7156E-04  2.8958E-04  2.8030E-04  2.8315E-04  2.4635E-04  2.2013E-04  1.5881E-04
       1.6321E-04  2.0899E-04  2.4959E-04  2.5745E-04  2.7177E-04  2.6882E-04  2.6460E-04  2.5474E-04  2.3046E-04  1.6032E-04
       1.5141E-04  2.0355E-04  2.2940E-04  2.4982E-04  2.6613E-04  2.5452E-04  2.5168E-04  2.3097E-04  2.0473E-04  1.4806E-04
       1.5393E-04  1.9471E-04  2.0660E-04  2.2804E-04  2.5115E-04  2.4202E-04  2.3317E-04  2.1726E-04  1.7888E-04  1.4438E-04
       1.2857E-04  1.4639E-04  1.6807E-04  1.8728E-04  2.0572E-04  2.0700E-04  1.9748E-04  1.8612E-04  1.5561E-04  1.1870E-04
       8.7766E-05  1.2945E-04  1.5409E-04  1.6174E-04  1.6182E-04  1.6406E-04  1.5139E-04  1.4885E-04  1.2544E-04  9.7262E-05
       1.0562E-04  1.5812E-04  1.8745E-04  2.0239E-04  2.1826E-04  2.0439E-04  2.1412E-04  1.8880E-04  1.7157E-04  1.1336E-04
       1.2346E-04  1.8252E-04  1.9930E-04  2.2891E-04  2.4417E-04  2.3588E-04  2.5244E-04  2.0230E-04  1.6613E-04  1.2792E-04
       1.3654E-04  1.8417E-04  2.0615E-04  2.5884E-04  2.5171E-04  2.5133E-04  2.5254E-04  2.1313E-04  1.9289E-04  1.3134E-04
       1.3365E-04  1.8360E-04  2.2303E-04  2.3885E-04  2.5128E-04  2.5304E-04  2.4097E-04  2.2735E-04  1.8761E-04  1.3241E-04
       1.4364E-04  1.9360E-04  2.2965E-04  2.4510E-04  2.6677E-04  2.3558E-04  2.4227E-04  2.2502E-04  1.8814E-04  1.4518E-04
       1.4248E-04  1.7337E-04  2.3871E-04  2.4217E-04  2.4756E-04  2.5892E-04  2.2916E-04  2.2320E-04  1.9672E-04  1.4344E-04
       1.2775E-04  1.7526E-04  2.0513E-04  2.2537E-04  2.3597E-04  2.3094E-04  2.2544E-04  1.9981E-04  1.7720E-04  1.2395E-04
       1.1701E-04  1.6226E-04  1.7547E-04  1.9616E-04  2.1764E-04  2.0120E-04  2.0215E-04  1.7893E-04  1.6008E-04  1.0895E-04
       9.3398E-05  1.1643E-04  1.4315E-04  1.5987E-04  1.6840E-04  1.5953E-04  1.5022E-04  1.4470E-04  1.3348E-04  9.2940E-05
       7.1933E-05  1.0089E-04  1.1924E-04  1.3168E-04  1.2660E-04  1.3504E-04  1.1593E-04  1.1933E-04  1.0663E-04  7.7622E-05
       8.5228E-05  1.2297E-04  1.5268E-04  1.7314E-04  1.8234E-04  1.7615E-04  1.7325E-04  1.4939E-04  1.4275E-04  9.2288E-05
       1.0083E-04  1.6041E-04  1.7012E-04  1.9398E-04  2.0228E-04  1.9918E-04  1.8496E-04  1.7862E-04  1.4010E-04  1.0036E-04
       1.1229E-04  1.5389E-04  1.7399E-04  2.0464E-04  2.0887E-04  2.1227E-04  1.9484E-04  1.9045E-04  1.4794E-04  1.0485E-04
       1.1407E-04  1.6670E-04  1.9527E-04  2.0459E-04  2.2461E-04  2.2301E-04  2.0102E-04  1.9569E-04  1.5962E-04  1.0991E-04
       1.1915E-04  1.6130E-04  1.8875E-04  2.1333E-04  2.2383E-04  2.0620E-04  2.1439E-04  1.8717E-04  1.5267E-04  1.0976E-04
       1.0826E-04  1.5543E-04  1.7629E-04  2.0225E-04  2.2049E-04  2.1240E-04  2.0015E-04  1.7791E-04  1.4800E-04  1.1537E-04
       1.0618E-04  1.3499E-04  1.7901E-04  1.9628E-04  2.0271E-04  1.9308E-04  2.0009E-04  1.8004E-04  1.4758E-04  9.8925E-05
       9.4226E-05  1.3035E-04  1.4157E-04  1.5810E-04  1.8645E-04  1.7905E-04  1.6632E-04  1.4512E-04  1.3230E-04  8.5181E-05
       7.2390E-05  9.7439E-05  1.1854E-04  1.1946E-04  1.4371E-04  1.3623E-04  1.1101E-04  1.1018E-04  1.0058E-04  6.9317E-05
       5.2980E-05  8.2128E-05  8.9410E-05  1.0218E-04  1.0288E-04  1.0216E-04  9.5681E-05  9.3203E-05  8.7320E-05  5.6253E-05
       8.0591E-05  1.0832E-04  1.2799E-04  1.4277E-04  1.4595E-04  1.4113E-04  1.3492E-04  1.2683E-04  1.0880E-04  7.0352E-05
       8.4467E-05  1.2791E-04  1.2856E-04  1.6035E-04  1.5113E-04  1.6016E-04  1.4619E-04  1.4393E-04  1.2522E-04  8.7687E-05
       8.8953E-05  1.3051E-04  1.5301E-04  1.7866E-04  1.8170E-04  1.7221E-04  1.5674E-04  1.5273E-04  1.2311E-04  8.1259E-05
       9.2233E-05  1.3543E-04  1.5767E-04  1.7576E-04  1.9807E-04  1.7037E-04  1.6840E-04  1.5692E-04  1.2509E-04  9.6397E-05
       9.4573E-05  1.3815E-04  1.5351E-04  1.6963E-04  1.9380E-04  1.7449E-04  1.5780E-04  1.5808E-04  1.3004E-04  8.9248E-05
       8.2954E-05  1.2789E-04  1.4991E-04  1.6754E-04  1.8552E-04  1.7906E-04  1.6788E-04  1.5464E-04  1.3159E-04  9.4579E-05
       8.5576E-05  1.0837E-04  1.3690E-04  1.6593E-04  1.6998E-04  1.6370E-04  1.5736E-04  1.4980E-04  1.1687E-04  8.3757E-05
       7.5725E-05  1.0740E-04  1.1649E-04  1.4064E-04  1.4007E-04  1.3574E-04  1.3326E-04  1.2528E-04  1.0759E-04  7.2678E-05
       5.4426E-05  7.7893E-05  9.0793E-05  8.9773E-05  1.0285E-04  1.1745E-04  9.7580E-05  8.5806E-05  7.6233E-05  5.6225E-05
       4.5141E-05  6.2947E-05  7.4194E-05  7.5960E-05  8.4350E-05  7.6171E-05  7.4632E-05  6.4240E-05  6.5403E-05  4.1983E-05
       5.5333E-05  8.5016E-05  1.0189E-04  1.0989E-04  1.1654E-04  1.0970E-04  1.1527E-04  9.7932E-05  8.7759E-05  5.9149E-05
       6.1004E-05  9.6390E-05  1.1267E-04  1.3577E-04  1.2603E-04  1.2202E-04  1.1985E-04  1.1845E-04  1.0489E-04  6.7243E-05
       6.6996E-05  1.0670E-04  1.2071E-04  1.4555E-04  1.3879E-04  1.3902E-04  1.3140E-04  1.2123E-04  1.0388E-04  6.9513E-05
       7.1202E-05  1.0566E-04  1.3099E-04  1.3872E-04  1.5104E-04  1.5108E-04  1.4355E-04  1.2057E-04  1.0782E-04  6.9198E-05
       7.2400E-05  1.0102E-04  1.2012E-04  1.3531E-04  1.5737E-04  1.4992E-04  1.3740E-04  1.3598E-04  1.0945E-04  7.2762E-05
       7.1856E-05  1.0662E-04  1.1579E-04  1.2720E-04  1.3884E-04  1.3394E-04  1.2555E-04  1.2977E-04  1.0471E-04  7.3468E-05
       6.2381E-05  8.8324E-05  1.1342E-04  1.2631E-04  1.3260E-04  1.2799E-04  1.2001E-04  1.1618E-04  9.4383E-05  6.8418E-05
       5.7952E-05  8.2944E-05  9.8050E-05  1.0519E-04  1.1505E-04  1.1400E-04  1.1506E-04  9.7955E-05  8.4256E-05  6.0574E-05
       4.1002E-05  5.9523E-05  6.7346E-05  7.7509E-05  8.4631E-05  8.8178E-05  8.5853E-05  6.7264E-05  6.5490E-05  4.5608E-05
       3.2951E-05  4.5950E-05  5.7644E-05  5.7071E-05  7.0283E-05  5.9928E-05  6.2516E-05  6.1574E-05  5.1360E-05  3.4828E-05
       4.4620E-05  6.4067E-05  7.4825E-05  8.7556E-05  8.7179E-05  9.0310E-05  9.2554E-05  7.4648E-05  7.3576E-05  4.9489E-05
       4.7950E-05  7.8591E-05  8.7257E-05  1.0468E-04  1.0870E-04  1.0363E-04  1.0341E-04  1.0352E-04  8.9726E-05  5.2754E-05
       5.0128E-05  7.6765E-05  9.4302E-05  1.1840E-04  1.2073E-04  1.2086E-04  1.0352E-04  1.0194E-04  8.6726E-05  6.3185E-05
       5.2643E-05  7.7222E-05  1.0423E-04  1.1607E-04  1.2975E-04  1.1773E-04  1.1965E-04  1.0126E-04  8.3600E-05  5.0927E-05
       5.3809E-05  7.7744E-05  1.0351E-04  1.0797E-04  1.2805E-04  1.2072E-04  1.1537E-04  9.8443E-05  8.4491E-05  5.6868E-05
       5.2152E-05  7.1158E-05  9.7415E-05  1.0390E-04  1.0695E-04  1.0467E-04  1.0116E-04  1.0104E-04  7.9652E-05  6.1140E-05
       4.7471E-05  7.0856E-05  9.1069E-05  8.9722E-05  1.1040E-04  9.7761E-05  1.0257E-04  9.2957E-05  7.5879E-05  5.5877E-05
       4.6154E-05  6.0457E-05  8.1296E-05  8.1893E-05  9.1272E-05  8.2598E-05  8.5317E-05  7.9848E-05  6.5357E-05  4.6599E-05
       3.1016E-05  4.4048E-05  5.2010E-05  5.7861E-05  6.9450E-05  7.0563E-05  6.5839E-05  5.2825E-05  4.6418E-05  3.4520E-05
       2.7254E-05  3.5360E-05  4.2149E-05  5.0514E-05  5.1855E-05  4.8497E-05  5.4003E-05  4.9995E-05  4.3180E-05  3.1070E-05
       3.7087E-05  5.7274E-05  5.7920E-05  6.7459E-05  7.1363E-05  7.0228E-05  7.3497E-05  6.2427E-05  5.9375E-05  4.0712E-05
       4.5180E-05  6.5527E-05  6.9343E-05  8.6379E-05  9.0154E-05  7.8278E-05  8.3654E-05  8.1724E-05  6.0760E-05  3.6522E-05
       4.3375E-05  6.1399E-05  8.0661E-05  9.7520E-05  9.6204E-05  9.2999E-05  8.7198E-05  8.1891E-05  6.6027E-05  4.6529E-05
       4.5453E-05  5.5356E-05  8.4842E-05  9.3649E-05  1.0393E-04  9.7084E-05  9.0503E-05  8.1973E-05  6.1791E-05  4.0936E-05
       4.5891E-05  6.6310E-05  8.1786E-05  8.7025E-05  9.6261E-05  8.8870E-05  8.9720E-05  8.7225E-05  7.0842E-05  4.8164E-05
       4.8926E-05  5.2616E-05  8.0752E-05  7.7014E-05  8.4016E-05  8.4668E-05  8.3498E-05  7.8444E-05  6.0120E-05  4.4441E-05
       4.3938E-05  5.1082E-05  7.1298E-05  7.3244E-05  8.7544E-05  8.3939E-05  6.7531E-05  7.1544E-05  5.9291E-05  4.1322E-05
       3.5217E-05  5.3663E-05  6.7941E-05  7.0919E-05  6.9290E-05  6.6429E-05  6.8912E-05  6.7365E-05  5.2043E-05  3.5011E-05
       2.5735E-05  3.5779E-05  4.9206E-05  4.9019E-05  5.2774E-05  5.8304E-05  5.1759E-05  4.6075E-05  3.6311E-05  2.9694E-05
       2.7307E-05  3.0378E-05  3.2106E-05  4.2832E-05  4.4250E-05  3.7227E-05  4.1565E-05  3.4356E-05  3.0599E-05  2.2128E-05
       3.3468E-05  4.2552E-05  4.2509E-05  5.7818E-05  5.4266E-05  5.0375E-05  4.8506E-05  4.0826E-05  3.9205E-05  2.2389E-05
       3.8511E-05  4.5099E-05  5.0282E-05  6.7924E-05  6.5270E-05  6.2283E-05  6.2577E-05  5.7480E-05  4.2101E-05  2.5718E-05
       3.9121E-05  5.4474E-05  5.5912E-05  6.9603E-05  6.9302E-05  7.4265E-05  6.7187E-05  6.3289E-05  5.3038E-05  3.1227E-05
       3.7072E-05  4.3328E-05  5.8073E-05  7.2036E-05  7.8849E-05  7.8309E-05  6.5981E-05  5.5859E-05  5.0637E-05  3.5427E-05
       3.1702E-05  5.0259E-05  5.9672E-05  6.4987E-05  7.5993E-05  7.5606E-05  6.5966E-05  6.6218E-05  5.5764E-05  3.3354E-05
       2.8512E-05  4.1267E-05  6.0195E-05  6.0622E-05  6.3994E-05  6.9060E-05  6.3284E-05  5.2709E-05  4.4518E-05  3.8198E-05
       3.2009E-05  4.2862E-05  5.5406E-05  5.9632E-05  6.7154E-05  6.3318E-05  5.3172E-05  4.9064E-05  4.5157E-05  3.6496E-05
       3.0223E-05  4.6748E-05  4.9423E-05  5.2346E-05  5.2446E-05  5.4664E-05  6.5566E-05  5.3720E-05  3.8912E-05  3.4976E-05
       1.8151E-05  2.6164E-05  3.6310E-05  3.3475E-05  4.0670E-05  4.0613E-05  4.2660E-05  3.8101E-05  2.4859E-05  1.8277E-05
       1.7598E-05  2.2987E-05  2.2782E-05  2.9080E-05  2.9350E-05  2.7415E-05  3.1069E-05  2.5120E-05  1.7958E-05  1.4841E-05
       2.0245E-05  2.6076E-05  3.0545E-05  3.5522E-05  3.5967E-05  3.7341E-05  3.0099E-05  3.0001E-05  2.3764E-05  2.2035E-05
       2.7481E-05  3.1558E-05  3.7362E-05  4.5349E-05  4.4073E-05  4.6516E-05  3.9108E-05  3.9585E-05  3.1276E-05  1.7236E-05
       2.4815E-05  3.2158E-05  3.8960E-05  4.4312E-05  4.6851E-05  4.9076E-05  4.7523E-05  4.1783E-05  2.8660E-05  1.9459E-05
       2.9543E-05  3.0206E-05  4.8940E-05  4.3200E-05  4.9208E-05  5.2229E-05  4.4622E-05  4.2020E-05  3.9394E-05  2.5358E-05
       2.2294E-05  3.4409E-05  4.4114E-05  4.4810E-05  4.9907E-05  4.5704E-05  4.3778E-05  4.9899E-05  3.9091E-05  2.5938E-05
       2.4731E-05  2.7876E-05  3.9787E-05  4.4385E-05  4.1427E-05  4.5275E-05  4.0773E-05  4.2321E-05  3.4560E-05  2.4380E-05
       2.4616E-05  3.4521E-05  3.4686E-05  3.6752E-05  4.5780E-05  4.1204E-05  3.7421E-05  4.0295E-05  3.2097E-05  2.5063E-05
       1.9138E-05  3.3818E-05  3.3641E-05  3.7514E-05  3.5688E-05  3.5395E-05  4.0040E-05  3.9251E-05  3.1950E-05  1.8668E-05
       1.3117E-05  1.9890E-05  2.4424E-05  2.8157E-05  2.9139E-05  2.5198E-05  2.7871E-05  3.0893E-05  2.0572E-05  1.4358E-05

      Percentage errors follow in a matrix A(ix,iy,iz), format (1(5x,1p,10(1x,e11.4)))

       4.6693E+00  4.5338E+00  4.0183E+00  3.3591E+00  3.8282E+00  3.1211E+00  3.6046E+00  4.1989E+00  4.3656E+00  5.5727E+00
       3.7392E+00  6.2702E+00  3.4227E+00  3.9397E+00  2.6021E+00  3.3782E+00  4.0884E+00  4.2770E+00  3.4973E+00  4.7310E+00
       5.0483E+00  4.3644E+00  2.7959E+00  3.3846E+00  3.0646E+00  3.7496E+00  3.7460E+00  3.4685E+00  3.9024E+00  5.0156E+00
       3.9925E+00  2.6460E+00  3.4541E+00  3.4691E+00  2.8977E+00  3.8459E+00  2.6800E+00  4.0611E+00  4.5367E+00  4.6019E+00
       5.8288E+00  3.7769E+00  3.2871E+00  3.8713E+00  3.1141E+00  2.7936E+00  3.1279E+00  3.8771E+00  4.2102E+00  3.7782E+00
       4.3598E+00  4.1257E+00  3.0706E+00  3.6561E+00  2.7685E+00  3.9969E+00  3.9123E+00  3.0672E+00  4.3731E+00  4.7049E+00
       3.6145E+00  4.8817E+00  3.8803E+00  3.4352E+00  2.6298E+00  4.0605E+00  3.6531E+00  3.4874E+00  3.7076E+00  5.0049E+00
       5.4364E+00  3.6133E+00  3.3058E+00  3.6684E+00  2.9837E+00  3.4036E+00  3.6827E+00  4.0994E+00  3.0027E+00  3.6726E+00
       4.1303E+00  4.6292E+00  5.3045E+00  3.5098E+00  3.2452E+00  3.7036E+00  3.4697E+00  3.9927E+00  3.5486E+00  5.2232E+00
       5.5223E+00  5.6510E+00  4.3969E+00  3.5884E+00  4.1748E+00  4.4843E+00  3.2205E+00  3.3176E+00  4.0955E+00  5.4867E+00
       5.2621E+00  4.8906E+00  3.8591E+00  4.4083E+00  4.4400E+00  3.2042E+00  3.5942E+00  3.7556E+00  4.6794E+00  7.0487E+00
       4.8556E+00  6.6748E+00  3.8575E+00  4.7164E+00  3.2112E+00  5.2449E+00  3.4671E+00  4.3268E+00  3.8289E+00  4.1412E+00
       5.3890E+00  4.4917E+00  3.1476E+00  3.8180E+00  3.5986E+00  3.9022E+00  3.5744E+00  3.6308E+00  4.1628E+00  5.4854E+00
       4.4216E+00  3.3301E+00  3.1382E+00  3.8305E+00  3.2661E+00  3.3517E+00  3.4346E+00  4.4478E+00  3.0570E+00  4.6988E+00
       4.8060E+00  4.9996E+00  3.1138E+00  3.3812E+00  3.6857E+00  2.9274E+00  3.4576E+00  3.4828E+00  4.2265E+00  4.7925E+00
       4.4914E+00  4.4020E+00  3.9565E+00  3.1105E+00  3.3119E+00  4.2928E+00  4.2309E+00  3.9632E+00  4.6664E+00  5.6792E+00
       5.6384E+00  3.5523E+00  3.6937E+00  2.9220E+00  3.2645E+00  3.6254E+00  3.5383E+00  3.7027E+00  4.1814E+00  5.4018E+00
       5.7612E+00  4.4996E+00  4.4016E+00  4.1512E+00  3.7406E+00  3.9736E+00  4.0673E+00  4.7186E+00  4.2797E+00  4.7545E+00
       3.4030E+00  4.6088E+00  5.0614E+00  3.8626E+00  3.4198E+00  5.0224E+00  2.4072E+00  4.0760E+00  4.6564E+00  4.7313E+00
       5.4958E+00  4.1889E+00  4.3978E+00  4.9103E+00  4.0947E+00  4.3320E+00  3.1929E+00  4.6723E+00  4.5892E+00  5.0312E+00
       5.3784E+00  4.6640E+00  3.1512E+00  5.3949E+00  5.3087E+00  3.2021E+00  6.1548E+00  3.5688E+00  4.9838E+00  5.3544E+00
       4.6148E+00  7.3624E+00  4.3120E+00  3.3536E+00  3.5366E+00  3.9702E+00  4.7700E+00  4.7431E+00  4.9112E+00  6.6691E+00
       5.6027E+00  2.4530E+00  3.0834E+00  2.6308E+00  4.7926E+00  3.9396E+00  4.4055E+00  3.0973E+00  3.7064E+00  4.9084E+00
       5.6975E+00  4.1865E+00  3.4671E+00  2.7426E+00  3.1539E+00  4.1227E+00  3.0463E+00  4.1450E+00  4.9716E+00  5.9512E+00
       5.0775E+00  4.4193E+00  2.4096E+00  2.5972E+00  4.1663E+00  2.8280E+00  3.3774E+00  3.1779E+00  3.7300E+00  4.4888E+00
       5.7988E+00  4.2871E+00  4.5372E+00  3.4041E+00  3.2879E+00  4.7134E+00  3.8037E+00  4.4531E+00  4.3869E+00  3.7255E+00
       6.3972E+00  4.6082E+00  4.3558E+00  4.6904E+00  3.5344E+00  3.0981E+00  3.5051E+00  3.4103E+00  4.9436E+00  5.2630E+00
       5.5279E+00  5.0484E+00  3.5633E+00  3.6774E+00  4.4100E+00  4.0702E+00  5.2450E+00  5.0464E+00  5.4511E+00  5.8403E+00
       5.9640E+00  4.7608E+00  4.3194E+00  4.1068E+00  3.7941E+00  3.7264E+00  3.7850E+00  4.9076E+00  4.8852E+00  5.9196E+00
       5.1614E+00  3.9600E+00  6.2506E+00  6.2598E+00  4.4417E+00  4.2938E+00  4.6141E+00  5.3076E+00  3.9259E+00  2.9348E+00
       6.1032E+00  5.6826E+00  4.6649E+00  5.2250E+00  5.8743E+00  6.9980E+00  3.9705E+00  3.8794E+00  6.9579E+00  5.6014E+00
       4.5942E+00  6.3646E+00  5.5141E+00  4.9536E+00  4.1399E+00  5.3077E+00  5.0263E+00  4.2074E+00  6.3943E+00  5.5316E+00
       6.1424E+00  4.2316E+00  5.0944E+00  3.9707E+00  3.8198E+00  5.0913E+00  4.3689E+00  3.5020E+00  6.3553E+00  7.1995E+00
       4.8423E+00  3.8943E+00  4.9713E+00  3.7081E+00  3.2736E+00  4.3970E+00  4.6093E+00  4.0103E+00  5.3076E+00  6.9902E+00
       5.9933E+00  3.8234E+00  3.6465E+00  3.6276E+00  3.7737E+00  3.8449E+00  4.6012E+00  4.7043E+00  4.2644E+00  5.0621E+00
       5.1848E+00  3.4706E+00  5.0569E+00  5.5612E+00  3.4583E+00  4.4123E+00  3.4499E+00  3.7728E+00  5.6882E+00  5.1041E+00
       6.0598E+00  6.4294E+00  5.1750E+00  5.3334E+00  3.7842E+00  4.9872E+00  3.8417E+00  5.1595E+00  4.9228E+00  5.4433E+00
       4.8733E+00  5.6854E+00  4.9041E+00  4.2577E+00  3.2627E+00  3.0993E+00  3.4828E+00  4.8485E+00  4.8551E+00  6.2122E+00
       5.3394E+00  5.3265E+00  4.8311E+00  4.6456E+00  4.5699E+00  4.0194E+00  4.6614E+00  6.1503E+00  5.2490E+00  5.2333E+00
       5.8689E+00  5.4908E+00  6.2740E+00  5.9159E+00  4.1245E+00  5.0277E+00  5.4719E+00  5.2383E+00  5.7920E+00  6.7799E+00
       6.8494E+00  8.0801E+00  6.0830E+00  5.5874E+00  5.1231E+00  7.0825E+00  6.2642E+00  5.1041E+00  4.9202E+00  7.6460E+00
       7.9208E+00  5.8849E+00  5.5256E+00  4.1751E+00  5.6459E+00  6.0173E+00  6.2638E+00  4.9724E+00  6.8438E+00  5.5983E+00
       5.5923E+00  5.8240E+00  5.1165E+00  5.1696E+00  4.2412E+00  5.0546E+00  5.9816E+00  5.2413E+00  6.3104E+00  5.4609E+00
       5.8641E+00  5.1345E+00  4.8686E+00  4.0151E+00  4.7141E+00  3.9475E+00  4.4833E+00  5.8950E+00  5.3384E+00  7.0682E+00
       8.3882E+00  5.4696E+00  4.3893E+00  5.1741E+00  3.7399E+00  4.0206E+00  4.5546E+00  4.7535E+00  5.2887E+00  5.5861E+00
       4.5645E+00  3.8802E+00  4.6965E+00  5.1966E+00  4.0080E+00  4.7737E+00  5.1032E+00  5.5407E+00  5.9000E+00  5.6574E+00
       6.4112E+00  4.8186E+00  5.5492E+00  4.3771E+00  4.7151E+00  3.0444E+00  4.2105E+00  5.2958E+00  6.7309E+00  6.9389E+00
       6.6278E+00  5.4536E+00  4.9672E+00  5.0706E+00  3.2008E+00  3.7669E+00  4.5932E+00  3.7904E+00  7.3871E+00  8.3415E+00
       6.6779E+00  4.9821E+00  4.6396E+00  4.2454E+00  4.9578E+00  3.2406E+00  5.5473E+00  4.0823E+00  7.0850E+00  4.9429E+00
       8.8989E+00  5.5121E+00  7.8230E+00  6.8290E+00  6.8721E+00  5.1681E+00  6.4815E+00  8.5382E+00  6.5999E+00  4.7848E+00
       6.2593E+00  6.0169E+00  5.3062E+00  5.7737E+00  5.5285E+00  9.3600E+00  5.7997E+00  7.2449E+00  7.0313E+00  7.4334E+00
       9.3680E+00  6.1775E+00  6.1563E+00  7.1766E+00  5.4619E+00  6.3053E+00  5.3304E+00  6.1147E+00  6.6637E+00  8.0802E+00
       8.2760E+00  6.8106E+00  5.1298E+00  4.5468E+00  5.4241E+00  5.3307E+00  5.0275E+00  5.3676E+00  6.3695E+00  6.0450E+00
       8.3645E+00  6.2969E+00  5.9061E+00  5.1477E+00  4.5536E+00  4.9200E+00  5.0965E+00  5.6514E+00  5.2364E+00  5.6595E+00
       8.1443E+00  5.7533E+00  4.7819E+00  4.3496E+00  4.3939E+00  5.9230E+00  4.1564E+00  7.1414E+00  5.9429E+00  9.7344E+00
       5.5388E+00  4.5996E+00  5.8599E+00  5.4271E+00  4.1663E+00  3.2736E+00  4.2412E+00  5.8819E+00  6.5115E+00  8.8186E+00
       7.4991E+00  5.3094E+00  4.9402E+00  4.6158E+00  4.8705E+00  5.0876E+00  6.4860E+00  4.4562E+00  4.5148E+00  8.9338E+00
       8.9586E+00  5.6946E+00  6.1832E+00  5.8537E+00  5.3699E+00  5.4357E+00  4.5796E+00  5.9200E+00  5.7857E+00  7.0673E+00
       6.6859E+00  5.9726E+00  6.9141E+00  5.8478E+00  5.5187E+00  4.6919E+00  6.6938E+00  6.5547E+00  6.7825E+00  8.0791E+00
       8.8922E+00  6.4869E+00  8.0258E+00  5.9153E+00  6.9520E+00  5.3208E+00  6.2311E+00  7.9484E+00  8.4233E+00  7.5878E+00
       1.1571E+01  9.9815E+00  7.9134E+00  6.7050E+00  6.0055E+00  7.7750E+00  7.0989E+00  7.6715E+00  9.7298E+00  8.0976E+00
       6.7480E+00  8.6761E+00  6.1832E+00  6.1194E+00  6.1746E+00  6.8055E+00  5.7401E+00  5.2526E+00  7.4234E+00  9.1326E+00
       8.8310E+00  5.7961E+00  6.7583E+00  5.3277E+00  5.2540E+00  5.1872E+00  6.0625E+00  6.0411E+00  7.1345E+00  6.3544E+00
       9.6543E+00  7.0615E+00  6.0207E+00  4.4390E+00  3.9619E+00  6.2711E+00  5.7236E+00  5.2735E+00  7.5033E+00  7.2323E+00
       7.2670E+00  7.2483E+00  5.2119E+00  6.7163E+00  3.5405E+00  5.7254E+00  5.7910E+00  6.1851E+00  6.4239E+00  8.3039E+00
       8.5039E+00  7.5469E+00  5.5261E+00  6.3972E+00  7.2995E+00  4.5523E+00  5.7170E+00  5.3656E+00  6.9835E+00  9.4813E+00
       8.5330E+00  5.7388E+00  4.5743E+00  5.1430E+00  5.6347E+00  4.4607E+00  4.4317E+00  6.3955E+00  5.8158E+00  7.5932E+00
       7.3820E+00  7.7069E+00  5.2962E+00  5.5651E+00  5.5143E+00  4.4554E+00  5.3164E+00  6.6393E+00  5.4901E+00  7.9454E+00
       6.8953E+00  6.9141E+00  5.9119E+00  6.9929E+00  6.7547E+00  6.7268E+00  6.1962E+00  6.0440E+00  7.5955E+00  8.8930E+00
       7.2015E+00  8.2508E+00  7.7894E+00  7.1985E+00  7.7240E+00  8.6150E+00  6.2514E+00  7.5966E+00  6.0553E+00  1.1453E+01
       1.4405E+01  1.1177E+01  8.6954E+00  7.3117E+00  7.4744E+00  8.3929E+00  6.7253E+00  8.5925E+00  7.3968E+00  8.7087E+00
       7.8637E+00  6.7238E+00  5.6414E+00  7.5330E+00  8.0951E+00  5.9690E+00  4.9605E+00  6.4842E+00  7.2345E+00  8.3111E+00
       6.1975E+00  6.8224E+00  7.3340E+00  6.1948E+00  7.3538E+00  6.1062E+00  5.8489E+00  6.5261E+00  1.0482E+01  9.1004E+00
       8.8735E+00  7.7153E+00  7.3371E+00  5.9919E+00  6.3852E+00  5.7384E+00  5.0565E+00  6.6170E+00  7.5430E+00  8.3004E+00
       8.9231E+00  8.9497E+00  5.7635E+00  7.0270E+00  4.5771E+00  5.2411E+00  5.7926E+00  8.5686E+00  4.4038E+00  1.1770E+01
       8.0789E+00  6.3930E+00  7.0474E+00  8.6416E+00  5.2372E+00  6.8756E+00  6.7481E+00  8.1357E+00  8.0533E+00  9.2872E+00
       1.0694E+01  7.9749E+00  7.7529E+00  7.0773E+00  9.0217E+00  6.0103E+00  5.3249E+00  5.6219E+00  4.8663E+00  8.1079E+00
       8.6047E+00  6.7689E+00  8.3013E+00  5.2482E+00  5.6301E+00  6.2065E+00  7.5933E+00  5.5814E+00  5.8981E+00  1.1840E+01
       8.9978E+00  1.0694E+01  8.8532E+00  7.8266E+00  6.7679E+00  6.5855E+00  7.3606E+00  8.2439E+00  1.0690E+01  1.0811E+01
       1.0670E+01  8.9691E+00  7.3590E+00  9.1691E+00  6.7987E+00  8.4818E+00  7.7596E+00  6.4789E+00  6.6621E+00  1.3839E+01
       1.3264E+01  1.2616E+01  8.2281E+00  9.0309E+00  1.0908E+01  1.0246E+01  8.9471E+00  7.9823E+00  1.1038E+01  9.8411E+00
       9.4532E+00  8.1699E+00  8.0930E+00  6.4342E+00  9.9486E+00  7.2650E+00  7.3011E+00  9.1314E+00  1.0347E+01  8.5833E+00
       9.7946E+00  8.5438E+00  1.0015E+01  6.2362E+00  7.4845E+00  6.5277E+00  8.3623E+00  6.1238E+00  1.2857E+01  1.2741E+01
       6.5269E+00  9.5239E+00  6.7697E+00  7.5372E+00  7.7414E+00  6.4833E+00  7.5408E+00  8.6788E+00  9.0035E+00  1.1195E+01
       1.0754E+01  7.7013E+00  7.7116E+00  9.2420E+00  7.8231E+00  8.0585E+00  7.5089E+00  1.0151E+01  6.8221E+00  9.8333E+00
       1.0493E+01  8.8241E+00  9.0804E+00  9.9039E+00  9.3788E+00  8.3763E+00  6.9299E+00  6.7103E+00  8.3283E+00  1.0739E+01
       1.1969E+01  6.3135E+00  8.0412E+00  7.7261E+00  8.5868E+00  7.7585E+00  7.3495E+00  6.7597E+00  6.7886E+00  8.9026E+00
       1.2209E+01  9.3140E+00  9.0310E+00  6.0502E+00  6.5967E+00  7.9723E+00  6.9382E+00  8.2844E+00  9.4658E+00  1.3722E+01
       1.0583E+01  1.0125E+01  8.4591E+00  8.0285E+00  9.3575E+00  8.9560E+00  8.1376E+00  7.4191E+00  6.1843E+00  1.2052E+01
       1.5304E+01  1.4367E+01  9.8799E+00  9.2583E+00  8.4289E+00  9.5538E+00  1.1354E+01  8.9885E+00  9.0813E+00  1.1756E+01
       1.5317E+01  9.6841E+00  1.1943E+01  7.8500E+00  1.1446E+01  8.3727E+00  8.7320E+00  9.6641E+00  1.0396E+01  1.2774E+01
       1.1378E+01  5.7342E+00  9.7660E+00  8.3465E+00  1.1462E+01  1.1250E+01  1.0304E+01  9.6237E+00  9.3487E+00  1.0107E+01
       1.0416E+01  8.3853E+00  1.0133E+01  7.0029E+00  5.4186E+00  8.1410E+00  6.7734E+00  9.2976E+00  1.1281E+01  1.3798E+01
       1.0259E+01  8.8998E+00  1.1116E+01  7.8964E+00  7.4770E+00  6.8970E+00  9.1107E+00  8.8797E+00  1.0939E+01  1.1046E+01
       1.4083E+01  8.1539E+00  6.9045E+00  1.0788E+01  9.8999E+00  9.7563E+00  1.1737E+01  1.1490E+01  6.2583E+00  1.1067E+01
       1.4409E+01  1.2277E+01  9.8758E+00  9.0145E+00  1.0989E+01  7.2717E+00  9.5509E+00  7.7150E+00  7.8368E+00  1.1977E+01
       1.1485E+01  1.0937E+01  8.1685E+00  7.8819E+00  9.1379E+00  9.3366E+00  8.3920E+00  8.2097E+00  8.6264E+00  1.3167E+01
       1.2363E+01  1.0327E+01  9.4010E+00  1.0649E+01  9.0855E+00  7.2259E+00  9.6845E+00  7.5612E+00  1.0382E+01  1.2521E+01
       1.2549E+01  9.6743E+00  1.3331E+01  1.0148E+01  8.4538E+00  9.7751E+00  1.1144E+01  8.7141E+00  9.8270E+00  1.3234E+01
       1.2188E+01  1.1929E+01  1.1716E+01  1.1587E+01  9.8133E+00  1.4782E+01  1.1120E+01  1.0573E+01  1.1298E+01  1.5467E+01
