1
   Cartesian binning n.   1  "DoseEq    " , generalized particle n.  240
      X coordinate: from -8.5000E+01 to  8.5000E+01 cm,    10 bins ( 1.7000E+01 cm wide)
      Y coordinate: from -2.5000E+01 to  2.5000E+01 cm,    10 bins ( 5.0000E+00 cm wide)
      Z coordinate: from  2.2500E+02 to  2.7500E+02 cm,    10 bins ( 5.0000E+00 cm wide)
      Data follow in a matrix A(ix,iy,iz), format (1(5x,1p,10(1x,e11.4)))

      accurate deposition along the tracks requested
      this is a track-length binning
       1.8031E-04  2.0934E-04  2.3703E-04  2.6963E-04  2.7430E-04  2.8282E-04  2.6697E-04  2.3072E-04  2.1354E-04  1.7293E-04
       1.7104E-04  2.3100E-04  2.7521E-04  3.1021E-04  3.2635E-04  3.1847E-04  2.9624E-04  2.6768E-04  2.3894E-04  1.9746E-04
       1.9806E-04  2.6197E-04  2.9755E-04  2.8999E-04  3.3898E-04  3.1522E-04  3.2492E-04  2.9819E-04  2.6589E-04  1.9742E-04
       1.9731E-04  2.4531E-04  2.9367E-04  3.0534E-04  3.3382E-04  3.3366E-04  3.2984E-04  3.0210E-04  2.7438E-04  2.1814E-04
       1.9921E-04  2.6754E-04  3.0029E-04  3.4866E-04  3.6118E-04  3.3955E-04  3.2021E-04  2.9331E-04  2.6818E-04  2.0060E-04
       2.1160E-04  2.7534E-04  3.0071E-04  3.2649E-04  3.4645E-04  3.2215E-04  3.2679E-04  3.1277E-04  2.6676E-04  1.9632E-04
       1.9897E-04  2.5419E-04  3.1165E-04  3.2680E-04  3.3012E-04  3.2756E-04  3.3373E-04  2.7731E-04  2.3426E-04  2.1376E-04
       1.9232E-04  2.6394E-04  2.8976E-04  3.1704E-04  3.1482E-04  3.1398E-04  3.1722E-04  2.6675E-04  2.4027E-04  1.9487E-04
       1.9238E-04  2.3824E-04  2.8134E-04  3.0054E-04  3.1928E-04  3.1483E-04  2.9841E-04  2.7697E-04  2.2286E-04  1.8429E-04
       1.7364E-04  2.0616E-04  2.2913E-04  2.6914E-04  2.7201E-04  2.6293E-04  2.6152E-04  2.3346E-04  2.0435E-04  1.7437E-04
       1.4881E-04  1.7815E-04  1.9854E-04  2.2302E-04  2.3247E-04  2.4346E-04  2.3509E-04  2.0226E-04  1.7835E-04  1.4402E-04
       1.6775E-04  2.1828E-04  2.4907E-04  2.7698E-04  2.8906E-04  2.6228E-04  2.7408E-04  2.4900E-04  2.0254E-04  1.6276E-04
       1.9235E-04  2.4799E-04  2.7694E-04  2.8997E-04  3.1520E-04  3.0478E-04  2.9935E-04  2.7576E-04  2.3284E-04  1.6981E-04
       1.8443E-04  2.4668E-04  2.6500E-04  3.0861E-04  3.2107E-04  3.3185E-04  3.2457E-04  2.9577E-04  2.5980E-04  1.7549E-04
       1.8093E-04  2.5689E-04  2.9952E-04  3.2994E-04  3.4275E-04  3.2105E-04  3.2312E-04  2.8257E-04  2.5226E-04  1.8779E-04
       1.9704E-04  2.5768E-04  3.0494E-04  3.2491E-04  3.2168E-04  3.3038E-04  3.0928E-04  2.8896E-04  2.5805E-04  1.8338E-04
       1.9111E-04  2.4823E-04  2.9886E-04  3.0315E-04  3.0437E-04  3.1841E-04  3.1253E-04  2.6619E-04  2.4025E-04  1.9813E-04
       1.7742E-04  2.4009E-04  2.7457E-04  2.8576E-04  2.9554E-04  3.0603E-04  3.0639E-04  2.4764E-04  2.4220E-04  1.7769E-04
       1.6812E-04  2.2882E-04  2.4176E-04  2.8980E-04  2.9775E-04  2.9098E-04  2.6796E-04  2.4937E-04  2.1260E-04  1.6364E-04
       1.3976E-04  1.7912E-04  1.9464E-04  2.2915E-04  2.3540E-04  2.3141E-04  2.1898E-04  1.9820E-04  1.6912E-04  1.3214E-04
       1.0659E-04  1.4001E-04  1.5773E-04  1.9203E-04  1.8750E-04  1.8797E-04  1.8994E-04  1.5850E-04  1.4462E-04  1.0755E-04
       1.2358E-04  1.7942E-04  2.1045E-04  2.4859E-04  2.4546E-04  2.2593E-04  2.3300E-04  2.0451E-04  1.8321E-04  1.3088E-04
       1.5162E-04  2.0709E-04  2.1914E-04  2.4189E-04  2.7757E-04  2.5830E-04  2.5211E-04  2.3227E-04  2.1169E-04  1.4267E-04
       1.5791E-04  2.0784E-04  2.2706E-04  2.6346E-04  2.8487E-04  2.8689E-04  2.8255E-04  2.4624E-04  2.0491E-04  1.4544E-04
       1.4935E-04  2.1547E-04  2.5180E-04  2.8601E-04  3.0063E-04  2.8209E-04  2.7354E-04  2.5237E-04  2.1178E-04  1.5660E-04
       1.6146E-04  2.3211E-04  2.6454E-04  2.7715E-04  3.0214E-04  2.7326E-04  2.5645E-04  2.6591E-04  2.0640E-04  1.5203E-04
       1.4503E-04  2.0249E-04  2.5470E-04  2.5331E-04  2.7612E-04  2.8286E-04  2.7245E-04  2.3272E-04  2.1189E-04  1.6180E-04
       1.4417E-04  2.0319E-04  2.4082E-04  2.4561E-04  2.6682E-04  2.8358E-04  2.5544E-04  2.2270E-04  2.0514E-04  1.4821E-04
       1.2669E-04  1.8414E-04  2.1164E-04  2.4253E-04  2.5521E-04  2.5992E-04  2.2295E-04  2.1060E-04  1.7759E-04  1.3476E-04
       1.0942E-04  1.3761E-04  1.7396E-04  1.8494E-04  1.9383E-04  1.9370E-04  1.8119E-04  1.5058E-04  1.3593E-04  9.5300E-05
       8.4494E-05  1.1364E-04  1.2488E-04  1.5243E-04  1.5660E-04  1.5172E-04  1.5386E-04  1.2195E-04  1.2040E-04  7.3554E-05
       1.0363E-04  1.4429E-04  1.5448E-04  1.8532E-04  2.0510E-04  2.0189E-04  1.9139E-04  1.5843E-04  1.5812E-04  1.0715E-04
       1.2139E-04  1.5771E-04  1.6936E-04  2.0849E-04  2.3616E-04  2.2074E-04  2.1954E-04  1.8698E-04  1.7710E-04  1.1259E-04
       1.1822E-04  1.6891E-04  1.9028E-04  2.0984E-04  2.4042E-04  2.3480E-04  2.3888E-04  2.0733E-04  1.5766E-04  1.0470E-04
       1.1705E-04  1.7503E-04  2.0809E-04  2.4086E-04  2.5537E-04  2.3187E-04  2.3493E-04  2.1380E-04  1.7625E-04  1.3150E-04
       1.2898E-04  1.8938E-04  2.0639E-04  2.3178E-04  2.5966E-04  2.3860E-04  2.3432E-04  2.0541E-04  1.6226E-04  1.3038E-04
       1.2070E-04  1.6466E-04  2.1876E-04  2.1735E-04  2.4220E-04  2.2216E-04  2.3647E-04  1.9647E-04  1.6642E-04  1.2755E-04
       1.2174E-04  1.8034E-04  1.9745E-04  2.0453E-04  2.2726E-04  2.3230E-04  2.1937E-04  1.8659E-04  1.5977E-04  1.1090E-04
       1.0527E-04  1.5085E-04  1.5835E-04  1.9057E-04  2.0079E-04  2.1631E-04  1.8371E-04  1.5991E-04  1.4243E-04  1.0823E-04
       7.6781E-05  1.0611E-04  1.3390E-04  1.3719E-04  1.5871E-04  1.5810E-04  1.3497E-04  1.2218E-04  1.1280E-04  7.7260E-05
       6.9457E-05  8.7904E-05  9.5870E-05  1.1354E-04  1.1904E-04  1.2598E-04  1.1134E-04  9.8395E-05  1.0401E-04  5.7764E-05
       8.6835E-05  1.1340E-04  1.3414E-04  1.5617E-04  1.5916E-04  1.4990E-04  1.5928E-04  1.2280E-04  1.3049E-04  9.1439E-05
       9.5130E-05  1.2147E-04  1.4968E-04  1.6968E-04  1.8286E-04  1.8234E-04  1.7562E-04  1.5627E-04  1.4017E-04  9.5112E-05
       9.3182E-05  1.4552E-04  1.7457E-04  1.8057E-04  2.0418E-04  1.9147E-04  1.8900E-04  1.6718E-04  1.3691E-04  9.0280E-05
       9.5986E-05  1.5061E-04  1.7133E-04  1.8782E-04  2.1117E-04  2.0031E-04  1.9559E-04  1.7081E-04  1.3875E-04  9.6658E-05
       9.9568E-05  1.4610E-04  1.6794E-04  1.9065E-04  2.0320E-04  2.0042E-04  1.8638E-04  1.7315E-04  1.3705E-04  1.1073E-04
       9.9237E-05  1.2584E-04  1.7718E-04  1.7778E-04  1.9685E-04  1.8676E-04  2.0320E-04  1.7050E-04  1.2621E-04  1.0592E-04
       9.3703E-05  1.3346E-04  1.7146E-04  1.6366E-04  1.8057E-04  1.8084E-04  1.7354E-04  1.6077E-04  1.1342E-04  9.8547E-05
       8.4000E-05  1.2623E-04  1.3778E-04  1.5968E-04  1.5788E-04  1.6565E-04  1.6001E-04  1.3163E-04  1.1198E-04  9.1707E-05
       5.9577E-05  9.1211E-05  1.0225E-04  1.1312E-04  1.1655E-04  1.2977E-04  1.0661E-04  9.5359E-05  8.5126E-05  5.9348E-05
       5.3537E-05  6.5117E-05  7.6431E-05  8.9737E-05  1.0206E-04  1.0083E-04  8.2291E-05  8.3611E-05  7.8856E-05  4.7517E-05
       6.0022E-05  8.7337E-05  9.8769E-05  1.2477E-04  1.3197E-04  1.2583E-04  1.2872E-04  1.0350E-04  9.6988E-05  6.9359E-05
       7.5528E-05  9.1670E-05  1.2342E-04  1.3764E-04  1.4802E-04  1.3871E-04  1.3198E-04  1.2350E-04  1.1640E-04  6.9388E-05
       7.8480E-05  1.0978E-04  1.4310E-04  1.5315E-04  1.5288E-04  1.6284E-04  1.5402E-04  1.2934E-04  1.0874E-04  7.6434E-05
       7.9056E-05  1.1916E-04  1.3373E-04  1.4124E-04  1.6296E-04  1.6565E-04  1.6163E-04  1.3518E-04  1.1747E-04  7.2033E-05
       7.2256E-05  1.2267E-04  1.3951E-04  1.3982E-04  1.5810E-04  1.6465E-04  1.5910E-04  1.3366E-04  1.1316E-04  8.9588E-05
       7.4208E-05  1.0635E-04  1.3366E-04  1.4074E-04  1.5151E-04  1.5752E-04  1.5651E-04  1.2708E-04  1.0490E-04  7.2539E-05
       7.1671E-05  9.6955E-05  1.2678E-04  1.3539E-04  1.4844E-04  1.3950E-04  1.3829E-04  1.2790E-04  9.4288E-05  7.7005E-05
       7.2829E-05  9.1317E-05  1.0885E-04  1.3109E-04  1.2647E-04  1.3475E-04  1.1690E-04  1.1495E-04  9.0364E-05  6.6035E-05
       4.0954E-05  6.3821E-05  8.0787E-05  8.9015E-05  9.8971E-05  9.6184E-05  8.6335E-05  8.3615E-05  7.2502E-05  4.9272E-05
       3.6840E-05  4.6891E-05  6.0628E-05  6.6506E-05  7.8763E-05  7.7329E-05  6.2959E-05  6.1704E-05  5.6528E-05  3.7661E-05
       4.3735E-05  6.7476E-05  8.0132E-05  9.1811E-05  1.1211E-04  9.6632E-05  9.6037E-05  7.6558E-05  7.3815E-05  5.1768E-05
       4.8937E-05  7.9972E-05  9.2496E-05  1.1016E-04  1.1890E-04  1.1866E-04  1.1685E-04  9.4466E-05  9.2605E-05  5.4168E-05
       6.2739E-05  8.0783E-05  1.0478E-04  1.2466E-04  1.2645E-04  1.2960E-04  1.2210E-04  1.0414E-04  8.5924E-05  5.6812E-05
       6.7054E-05  9.8885E-05  1.0710E-04  1.2181E-04  1.2088E-04  1.3106E-04  1.2535E-04  1.0093E-04  9.4756E-05  5.0721E-05
       6.8068E-05  8.8257E-05  1.0726E-04  1.1507E-04  1.1543E-04  1.3673E-04  1.2662E-04  1.0581E-04  8.6763E-05  6.8057E-05
       6.1928E-05  7.9109E-05  9.9118E-05  1.1453E-04  1.1797E-04  1.2577E-04  1.3258E-04  9.7817E-05  7.9407E-05  6.1954E-05
       5.6787E-05  7.6873E-05  1.0294E-04  1.1506E-04  1.1631E-04  1.1709E-04  1.1432E-04  9.7218E-05  8.1811E-05  6.1858E-05
       5.7360E-05  6.7216E-05  8.7710E-05  9.7989E-05  1.0196E-04  9.6788E-05  9.2610E-05  8.7156E-05  7.3123E-05  4.8596E-05
       3.5543E-05  5.0789E-05  6.0804E-05  7.4223E-05  7.5307E-05  7.0799E-05  6.7695E-05  6.4273E-05  5.4392E-05  3.5333E-05
       2.9967E-05  3.3920E-05  4.8127E-05  5.7204E-05  5.7299E-05  5.7582E-05  5.1978E-05  5.0853E-05  4.0083E-05  2.7606E-05
       4.0548E-05  5.8545E-05  7.1565E-05  6.9994E-05  8.3224E-05  7.8589E-05  7.4736E-05  6.3761E-05  6.2855E-05  3.9887E-05
       4.1286E-05  6.9488E-05  7.7453E-05  8.1407E-05  8.2090E-05  8.4831E-05  8.5600E-05  8.5607E-05  7.1171E-05  4.0920E-05
       4.6913E-05  6.2417E-05  8.7998E-05  9.2466E-05  9.5575E-05  9.2470E-05  9.1578E-05  8.7479E-05  6.2549E-05  4.8062E-05
       4.9973E-05  7.0654E-05  8.8231E-05  1.0241E-04  9.6312E-05  9.7657E-05  1.0008E-04  7.9919E-05  7.2315E-05  4.8079E-05
       5.3975E-05  6.8936E-05  8.6325E-05  9.7774E-05  9.1572E-05  1.0696E-04  1.0282E-04  8.9118E-05  6.8335E-05  5.0271E-05
       4.7240E-05  6.0623E-05  8.7445E-05  9.7378E-05  9.5046E-05  9.6427E-05  1.0042E-04  8.9111E-05  6.9832E-05  4.7063E-05
       5.6944E-05  6.1195E-05  7.1109E-05  9.3532E-05  9.7298E-05  8.6023E-05  8.8361E-05  8.0541E-05  6.2372E-05  4.3323E-05
       4.5494E-05  4.9438E-05  6.5283E-05  7.4862E-05  8.4548E-05  7.9899E-05  6.7123E-05  6.9165E-05  5.0482E-05  4.3109E-05
       3.3041E-05  3.2477E-05  4.7036E-05  5.6806E-05  5.7068E-05  5.5866E-05  5.3651E-05  4.7692E-05  4.1046E-05  2.5109E-05
       2.4681E-05  2.7151E-05  4.1136E-05  4.4501E-05  4.4559E-05  4.2135E-05  4.3711E-05  3.6149E-05  2.9788E-05  2.3934E-05
       2.5077E-05  4.4669E-05  5.7292E-05  5.5762E-05  5.6229E-05  5.4927E-05  5.6088E-05  4.6436E-05  4.5680E-05  2.7647E-05
       3.3088E-05  5.1736E-05  6.1744E-05  6.9573E-05  5.9915E-05  5.7490E-05  6.3619E-05  5.8482E-05  5.1926E-05  2.7255E-05
       3.9204E-05  5.4719E-05  6.7500E-05  7.8988E-05  7.1646E-05  7.4210E-05  6.8175E-05  6.0109E-05  4.7072E-05  3.6655E-05
       3.8493E-05  5.0389E-05  5.9217E-05  8.1047E-05  7.1664E-05  8.4744E-05  7.7133E-05  6.1421E-05  5.0725E-05  3.6347E-05
       3.6728E-05  4.9242E-05  5.7823E-05  6.6450E-05  6.7561E-05  7.7729E-05  7.9775E-05  6.6865E-05  5.6284E-05  4.1375E-05
       3.1162E-05  4.5326E-05  6.2648E-05  6.8839E-05  6.8469E-05  7.3441E-05  7.8687E-05  6.0810E-05  5.2110E-05  3.1250E-05
       3.5094E-05  4.4059E-05  5.6879E-05  6.6697E-05  6.5629E-05  7.1799E-05  6.9843E-05  6.0668E-05  4.9717E-05  2.9418E-05
       3.2153E-05  4.0652E-05  4.4584E-05  6.3821E-05  6.5760E-05  6.2545E-05  5.7764E-05  4.9386E-05  3.9877E-05  3.4677E-05
       2.8548E-05  2.9480E-05  3.3341E-05  4.9968E-05  4.6948E-05  4.3652E-05  4.0972E-05  4.0232E-05  3.0865E-05  2.3002E-05
       1.7622E-05  2.3466E-05  2.6673E-05  2.9145E-05  3.0128E-05  3.4385E-05  3.3250E-05  3.0685E-05  1.9942E-05  2.1706E-05
       2.2096E-05  3.1119E-05  3.7015E-05  3.9339E-05  3.9481E-05  4.2443E-05  3.9767E-05  3.5288E-05  2.7148E-05  2.0604E-05
       2.5495E-05  3.1011E-05  3.8349E-05  4.4947E-05  4.3629E-05  4.8208E-05  3.5381E-05  3.4868E-05  3.6546E-05  2.0805E-05
       2.6025E-05  3.5481E-05  4.8247E-05  5.3955E-05  5.1086E-05  5.2196E-05  4.5443E-05  4.0190E-05  3.4927E-05  2.6332E-05
       2.4293E-05  3.9340E-05  4.2236E-05  5.2869E-05  5.5426E-05  5.8316E-05  4.8971E-05  4.3055E-05  3.6593E-05  2.4400E-05
       2.0826E-05  3.1408E-05  4.1139E-05  5.3013E-05  4.9447E-05  5.3809E-05  4.9813E-05  4.1573E-05  3.7287E-05  2.7294E-05
       2.4205E-05  3.5685E-05  4.7333E-05  4.4548E-05  4.6172E-05  5.3055E-05  4.8167E-05  4.7443E-05  3.7975E-05  2.2812E-05
       2.2822E-05  3.6215E-05  4.3849E-05  4.2389E-05  4.2791E-05  5.1826E-05  4.6253E-05  4.1970E-05  3.5194E-05  2.4151E-05
       2.3571E-05  3.0723E-05  3.1377E-05  4.0527E-05  3.9609E-05  3.7472E-05  3.9133E-05  3.0901E-05  2.7251E-05  2.5085E-05
       2.2638E-05  2.0820E-05  2.9076E-05  3.2686E-05  3.3721E-05  2.6043E-05  3.1086E-05  2.5058E-05  2.3629E-05  2.1734E-05

      Percentage errors follow in a matrix A(ix,iy,iz), format (1(5x,1p,10(1x,e11.4)))

       3.3513E+00  3.5474E+00  2.5641E+00  3.7021E+00  3.0768E+00  3.2880E+00  4.0157E+00  3.8274E+00  3.4335E+00  4.6236E+00
       4.7367E+00  3.8199E+00  3.0594E+00  3.2317E+00  2.8599E+00  2.2734E+00  3.6747E+00  3.2455E+00  4.1112E+00  5.3437E+00
       4.0549E+00  3.6042E+00  3.9344E+00  3.2014E+00  3.7855E+00  2.9584E+00  2.9053E+00  3.3829E+00  4.2030E+00  3.2202E+00
       4.4467E+00  2.7841E+00  2.1877E+00  3.2629E+00  2.7752E+00  2.9227E+00  3.0305E+00  4.0964E+00  4.2038E+00  3.6489E+00
       4.3998E+00  4.3605E+00  2.9352E+00  3.1962E+00  3.8937E+00  3.2101E+00  2.9797E+00  3.4885E+00  3.5630E+00  4.0646E+00
       3.6672E+00  4.1593E+00  3.8648E+00  2.3662E+00  3.8065E+00  3.0897E+00  1.9164E+00  3.8112E+00  3.7979E+00  3.3418E+00
       4.0260E+00  4.3445E+00  2.8586E+00  2.5890E+00  2.8280E+00  3.8166E+00  2.6857E+00  3.1747E+00  3.2549E+00  4.2948E+00
       2.9316E+00  3.9244E+00  3.4546E+00  2.6859E+00  2.7755E+00  3.3666E+00  2.7989E+00  3.0984E+00  3.8058E+00  4.6002E+00
       3.7723E+00  4.1587E+00  3.1348E+00  3.0914E+00  2.5784E+00  2.4807E+00  2.6555E+00  3.3299E+00  3.9446E+00  3.3031E+00
       4.5599E+00  4.1516E+00  3.3047E+00  3.4013E+00  2.9489E+00  3.5154E+00  2.8553E+00  3.3682E+00  3.7473E+00  3.7942E+00
       4.7023E+00  4.1494E+00  5.3237E+00  4.5548E+00  3.1064E+00  3.4636E+00  4.2888E+00  5.8386E+00  3.3550E+00  5.0518E+00
       5.5103E+00  4.1220E+00  4.6382E+00  3.4738E+00  2.7820E+00  2.7144E+00  3.4803E+00  3.7315E+00  3.7346E+00  4.9205E+00
       4.0443E+00  3.2011E+00  4.4137E+00  3.2015E+00  4.4799E+00  2.8141E+00  2.9252E+00  3.3501E+00  2.7593E+00  4.5785E+00
       3.5705E+00  3.2821E+00  3.7221E+00  3.3676E+00  4.8934E+00  3.0385E+00  2.8659E+00  3.8990E+00  4.4957E+00  4.5612E+00
       4.9125E+00  3.7262E+00  3.5896E+00  2.4862E+00  3.6374E+00  3.8415E+00  3.9358E+00  3.0232E+00  4.1761E+00  4.5058E+00
       3.8840E+00  4.2657E+00  2.9572E+00  3.8252E+00  3.5701E+00  3.5199E+00  2.7802E+00  3.8703E+00  3.6755E+00  4.4848E+00
       4.8263E+00  4.0301E+00  3.0157E+00  2.9446E+00  3.0311E+00  3.8961E+00  2.9829E+00  3.7341E+00  3.6183E+00  3.7593E+00
       5.3137E+00  4.3880E+00  3.6484E+00  2.5575E+00  3.1938E+00  2.8363E+00  3.5350E+00  3.9256E+00  2.8587E+00  3.7552E+00
       4.4846E+00  3.5647E+00  4.1939E+00  3.6272E+00  3.1590E+00  3.3301E+00  3.6447E+00  3.4260E+00  3.7281E+00  4.1884E+00
       5.2273E+00  4.5819E+00  4.2898E+00  3.4664E+00  4.5159E+00  5.2321E+00  4.0767E+00  3.4137E+00  4.2811E+00  3.9473E+00
       4.8092E+00  6.2576E+00  5.3169E+00  3.7680E+00  4.4271E+00  4.8412E+00  4.3197E+00  5.8214E+00  4.9704E+00  5.5224E+00
       4.2234E+00  3.8261E+00  5.8522E+00  3.8659E+00  4.1500E+00  4.0332E+00  3.7067E+00  4.5346E+00  5.6649E+00  5.5593E+00
       3.8469E+00  3.2638E+00  4.4179E+00  3.5365E+00  3.8697E+00  3.3471E+00  3.6203E+00  3.6792E+00  4.0601E+00  4.8985E+00
       4.2124E+00  3.8096E+00  3.6237E+00  4.0711E+00  4.6033E+00  3.7807E+00  3.4243E+00  3.7086E+00  5.3394E+00  4.4995E+00
       4.8299E+00  4.2231E+00  4.3137E+00  2.5060E+00  4.1388E+00  4.5795E+00  3.7101E+00  4.9246E+00  4.8142E+00  5.2815E+00
       4.6783E+00  4.5648E+00  4.8096E+00  4.0256E+00  3.0147E+00  4.0164E+00  3.7965E+00  3.7940E+00  5.4300E+00  5.0142E+00
       5.4426E+00  3.6549E+00  3.6982E+00  3.1937E+00  5.0363E+00  3.6763E+00  2.7930E+00  3.7082E+00  3.6019E+00  4.2619E+00
       5.4319E+00  4.9843E+00  3.1670E+00  2.5672E+00  4.3546E+00  3.1198E+00  4.2731E+00  2.9000E+00  3.3955E+00  5.1535E+00
       5.4179E+00  5.2073E+00  3.7244E+00  3.4313E+00  3.6674E+00  3.4696E+00  3.6162E+00  2.5338E+00  4.0717E+00  5.4570E+00
       5.7146E+00  5.6116E+00  3.5198E+00  2.9477E+00  5.0794E+00  3.7712E+00  5.1307E+00  4.1482E+00  4.2929E+00  6.2421E+00
       5.8169E+00  5.7291E+00  5.7891E+00  4.9918E+00  5.4356E+00  4.9670E+00  3.7388E+00  6.6970E+00  5.3778E+00  7.3485E+00
       4.4662E+00  4.5627E+00  4.5646E+00  4.2329E+00  4.2542E+00  4.8058E+00  4.4904E+00  4.7567E+00  4.7380E+00  4.6852E+00
       4.1643E+00  3.4592E+00  4.7362E+00  3.2391E+00  3.9054E+00  4.1017E+00  4.2161E+00  3.2868E+00  5.1382E+00  5.6980E+00
       5.4798E+00  3.9653E+00  4.3014E+00  4.3055E+00  5.5854E+00  3.0933E+00  4.2612E+00  4.3913E+00  6.5495E+00  5.3647E+00
       5.1925E+00  4.0250E+00  4.1046E+00  3.2091E+00  4.5968E+00  3.8332E+00  2.8820E+00  4.1361E+00  3.2570E+00  5.2215E+00
       4.0671E+00  4.4874E+00  5.2685E+00  4.9512E+00  4.1663E+00  3.0308E+00  4.3914E+00  3.8009E+00  4.5523E+00  5.6019E+00
       4.6058E+00  3.5535E+00  3.7146E+00  3.6835E+00  4.2271E+00  3.6253E+00  3.6996E+00  4.1366E+00  3.0855E+00  3.7024E+00
       4.2333E+00  4.7666E+00  2.4051E+00  3.6245E+00  3.9458E+00  3.7013E+00  4.1919E+00  4.8831E+00  3.5938E+00  5.6369E+00
       6.4146E+00  4.6863E+00  4.8734E+00  4.6596E+00  3.2273E+00  2.9134E+00  3.8926E+00  4.7377E+00  6.0618E+00  5.7693E+00
       7.3420E+00  6.5039E+00  4.1072E+00  3.6861E+00  4.7614E+00  4.2859E+00  4.3780E+00  5.4151E+00  5.7966E+00  6.0604E+00
       6.1071E+00  5.2230E+00  5.4986E+00  6.7230E+00  5.9103E+00  4.1740E+00  5.7662E+00  4.7223E+00  5.3842E+00  9.2230E+00
       5.3643E+00  5.2329E+00  5.1435E+00  4.9300E+00  5.3441E+00  4.9550E+00  5.5247E+00  3.6668E+00  6.5532E+00  5.9625E+00
       7.1214E+00  4.3304E+00  3.7216E+00  4.2223E+00  3.6157E+00  4.4708E+00  6.3978E+00  5.1774E+00  5.4017E+00  6.1568E+00
       5.9741E+00  4.3717E+00  6.5203E+00  5.6444E+00  4.3875E+00  3.9538E+00  4.3417E+00  3.5290E+00  5.4974E+00  6.7100E+00
       4.7902E+00  4.5668E+00  6.4556E+00  5.3568E+00  4.9053E+00  3.3210E+00  4.3345E+00  4.8738E+00  3.4071E+00  6.2788E+00
       4.8717E+00  5.9776E+00  5.9100E+00  5.1671E+00  4.6751E+00  4.3018E+00  5.2432E+00  5.3776E+00  3.4180E+00  6.2095E+00
       6.0836E+00  5.1654E+00  3.1961E+00  3.6615E+00  6.6106E+00  3.6400E+00  2.7449E+00  4.0858E+00  4.8338E+00  5.2049E+00
       6.3204E+00  5.6912E+00  3.4748E+00  4.9817E+00  4.1312E+00  4.5006E+00  3.9458E+00  5.5504E+00  3.9885E+00  6.0255E+00
       6.6301E+00  4.9636E+00  6.4104E+00  4.8846E+00  4.4415E+00  3.3950E+00  4.9904E+00  6.7101E+00  5.8798E+00  6.1151E+00
       7.5377E+00  7.4713E+00  5.4435E+00  5.2934E+00  5.7693E+00  4.0246E+00  4.6832E+00  5.3436E+00  4.8983E+00  7.2183E+00
       6.0998E+00  6.2367E+00  5.6022E+00  6.0961E+00  6.5311E+00  6.8005E+00  5.6102E+00  5.9031E+00  8.5212E+00  9.6017E+00
       7.0412E+00  7.1311E+00  6.1955E+00  5.0834E+00  4.7887E+00  6.7261E+00  4.5035E+00  6.5097E+00  6.6518E+00  6.5083E+00
       5.4246E+00  7.7257E+00  4.3917E+00  5.2861E+00  4.8412E+00  4.4726E+00  6.3997E+00  5.7564E+00  5.6550E+00  7.5753E+00
       7.8728E+00  4.4149E+00  5.5632E+00  4.0140E+00  4.0375E+00  4.1399E+00  5.8095E+00  3.8004E+00  5.1001E+00  7.6350E+00
       6.8721E+00  5.3409E+00  5.9641E+00  4.5032E+00  5.3489E+00  3.9450E+00  3.1403E+00  3.6200E+00  4.9383E+00  7.4942E+00
       5.6182E+00  5.6880E+00  6.8288E+00  5.1045E+00  5.9925E+00  5.8233E+00  3.5061E+00  6.4212E+00  6.4808E+00  5.3325E+00
       7.3947E+00  6.9200E+00  4.5606E+00  4.0727E+00  4.6303E+00  4.2980E+00  5.4359E+00  5.7384E+00  5.9539E+00  6.1962E+00
       7.7575E+00  5.6736E+00  3.2975E+00  5.8588E+00  3.5548E+00  5.1043E+00  6.6874E+00  6.1870E+00  5.9967E+00  7.3418E+00
       8.5194E+00  7.1250E+00  4.0274E+00  5.0806E+00  5.6206E+00  4.7381E+00  5.7866E+00  5.6668E+00  7.0741E+00  7.4769E+00
       1.0185E+01  8.2173E+00  7.2784E+00  6.0058E+00  5.1809E+00  6.1687E+00  6.1767E+00  6.3412E+00  5.4648E+00  7.8809E+00
       9.9009E+00  8.3392E+00  7.8198E+00  4.7561E+00  5.7179E+00  6.0746E+00  5.3758E+00  6.7808E+00  8.7543E+00  8.5844E+00
       8.1354E+00  8.4676E+00  7.2149E+00  6.5077E+00  6.9190E+00  5.9841E+00  6.5807E+00  6.1268E+00  7.2015E+00  7.5153E+00
       6.3367E+00  6.7154E+00  5.1951E+00  6.9331E+00  5.1772E+00  5.4977E+00  6.9738E+00  5.9346E+00  6.8116E+00  7.1089E+00
       8.4107E+00  5.3625E+00  6.7725E+00  4.7884E+00  4.3307E+00  4.6861E+00  6.2209E+00  7.5393E+00  7.2825E+00  8.9240E+00
       5.1691E+00  6.8544E+00  5.7721E+00  3.6595E+00  5.6619E+00  6.2293E+00  3.5505E+00  5.4423E+00  4.8671E+00  8.0204E+00
       6.6950E+00  4.8087E+00  4.8337E+00  4.5434E+00  4.9220E+00  6.0799E+00  5.6280E+00  6.6043E+00  6.1705E+00  7.4505E+00
       8.1252E+00  6.2029E+00  5.7670E+00  5.8263E+00  4.9861E+00  6.2821E+00  4.8741E+00  5.8970E+00  6.4467E+00  1.0085E+01
       7.3252E+00  7.0602E+00  4.3697E+00  6.4822E+00  5.0601E+00  4.7961E+00  5.6440E+00  6.5269E+00  6.9910E+00  8.6513E+00
       7.7826E+00  7.4311E+00  5.3133E+00  6.9108E+00  6.8938E+00  4.3977E+00  7.9062E+00  7.4397E+00  9.6329E+00  5.9106E+00
       9.2195E+00  6.7901E+00  8.3303E+00  7.0426E+00  5.9532E+00  6.2571E+00  7.2500E+00  6.8014E+00  7.4599E+00  8.4047E+00
       9.3348E+00  9.5471E+00  7.8755E+00  7.0911E+00  7.6049E+00  6.4962E+00  6.6757E+00  1.0367E+01  9.0651E+00  1.4517E+01
       8.3664E+00  9.7945E+00  7.2899E+00  5.9912E+00  5.7378E+00  7.0286E+00  8.1857E+00  8.5527E+00  9.4195E+00  1.0528E+01
       9.0451E+00  7.2017E+00  6.6741E+00  7.1177E+00  5.6514E+00  5.5654E+00  4.9366E+00  7.3231E+00  6.7361E+00  8.8884E+00
       8.0184E+00  6.3229E+00  7.5498E+00  5.3372E+00  6.7547E+00  6.0852E+00  6.8019E+00  7.8201E+00  7.0951E+00  9.2428E+00
       7.5315E+00  5.4975E+00  6.2833E+00  5.6117E+00  7.6281E+00  7.4386E+00  6.0903E+00  6.5645E+00  6.0190E+00  7.6845E+00
       7.6330E+00  5.7076E+00  5.4226E+00  6.0826E+00  6.0616E+00  7.8090E+00  6.7056E+00  6.6995E+00  1.0696E+01  9.1359E+00
       9.7785E+00  9.9986E+00  7.3523E+00  5.8861E+00  5.3976E+00  6.7601E+00  6.4714E+00  7.7128E+00  6.8824E+00  1.1317E+01
       7.1756E+00  8.1164E+00  7.5385E+00  8.4803E+00  8.4339E+00  6.8030E+00  8.1305E+00  9.2252E+00  5.5529E+00  9.0523E+00
       1.0585E+01  7.4905E+00  5.1906E+00  7.8417E+00  7.4863E+00  6.4323E+00  7.8385E+00  7.5644E+00  8.5955E+00  7.9284E+00
       8.6885E+00  6.5520E+00  8.3754E+00  5.8088E+00  6.8569E+00  6.4105E+00  7.1915E+00  8.2691E+00  9.7725E+00  9.1304E+00
       1.4769E+01  9.0527E+00  1.0398E+01  5.8852E+00  8.5045E+00  9.0400E+00  8.3380E+00  8.2211E+00  1.0500E+01  1.3387E+01
       1.2219E+01  9.6325E+00  7.9706E+00  7.3409E+00  6.2370E+00  7.7371E+00  8.7522E+00  8.2605E+00  8.1946E+00  1.2807E+01
       1.2102E+01  9.7450E+00  1.0223E+01  9.3611E+00  7.5232E+00  7.0910E+00  8.2834E+00  8.6045E+00  8.1223E+00  9.5056E+00
       1.1603E+01  8.4842E+00  7.2096E+00  7.2432E+00  7.2283E+00  6.0722E+00  5.1275E+00  9.0068E+00  8.2363E+00  1.0038E+01
       1.0133E+01  6.5505E+00  8.4040E+00  6.9109E+00  6.9106E+00  7.3779E+00  4.8713E+00  9.2447E+00  8.4177E+00  9.7206E+00
       7.8399E+00  9.8416E+00  6.7757E+00  6.1601E+00  9.8203E+00  7.2980E+00  7.3351E+00  9.3026E+00  8.5287E+00  8.8464E+00
       1.0368E+01  8.9853E+00  7.9237E+00  5.0009E+00  7.2045E+00  5.9520E+00  7.1946E+00  6.9741E+00  1.0620E+01  1.0401E+01
       1.0018E+01  8.4435E+00  7.9718E+00  6.1636E+00  7.9802E+00  7.3859E+00  7.0459E+00  7.3986E+00  7.4728E+00  1.0481E+01
       8.9727E+00  9.8663E+00  6.3923E+00  7.2420E+00  8.4079E+00  6.0563E+00  1.1278E+01  7.1960E+00  1.0652E+01  1.0580E+01
       9.6728E+00  8.4377E+00  8.6958E+00  8.5179E+00  9.9796E+00  9.6844E+00  1.0417E+01  7.3533E+00  1.2456E+01  1.2190E+01
       1.2540E+01  9.3350E+00  1.2287E+01  9.0866E+00  8.8210E+00  9.0879E+00  7.9283E+00  9.6431E+00  1.1630E+01  9.0730E+00
       1.4416E+01  1.2713E+01  8.1410E+00  1.0288E+01  7.3554E+00  5.3926E+00  1.1797E+01  8.2029E+00  9.1099E+00  1.3493E+01
       1.0690E+01  6.9422E+00  9.9219E+00  1.0183E+01  9.1337E+00  8.1865E+00  9.7966E+00  7.4332E+00  9.4607E+00  1.0550E+01
       9.8256E+00  7.8737E+00  9.1327E+00  8.9131E+00  5.9974E+00  8.0579E+00  5.7685E+00  7.2194E+00  7.0732E+00  9.7714E+00
       1.2205E+01  6.6749E+00  9.3197E+00  8.2217E+00  9.2558E+00  8.3762E+00  6.3082E+00  9.1232E+00  7.3004E+00  1.0420E+01
       9.7621E+00  9.2085E+00  8.6897E+00  7.3058E+00  7.9811E+00  6.3010E+00  6.3137E+00  1.1377E+01  7.9501E+00  9.9568E+00
       1.0988E+01  1.0336E+01  5.9129E+00  7.8930E+00  1.1240E+01  8.2648E+00  8.1102E+00  5.7397E+00  6.9007E+00  9.2496E+00
       1.3124E+01  7.5564E+00  7.1848E+00  8.2953E+00  9.1001E+00  6.5004E+00  4.9768E+00  6.8659E+00  8.8046E+00  1.1141E+01
       1.0016E+01  9.2952E+00  7.2001E+00  7.7306E+00  9.3512E+00  7.4919E+00  1.0454E+01  1.3082E+01  1.1974E+01  1.0330E+01
       1.2542E+01  1.2665E+01  1.2865E+01  9.7582E+00  8.7837E+00  9.1759E+00  1.1730E+01  1.1584E+01  1.1980E+01  8.9492E+00
