1
   Cartesian binning n.   1  "DoseEq    " , generalized particle n.  240
      X coordinate: from -8.5000E+01 to  8.5000E+01 cm,    10 bins ( 1.7000E+01 cm wide)
      Y coordinate: from -2.5000E+01 to  2.5000E+01 cm,    10 bins ( 5.0000E+00 cm wide)
      Z coordinate: from  2.2500E+02 to  2.7500E+02 cm,    10 bins ( 5.0000E+00 cm wide)
      Data follow in a matrix A(ix,iy,iz), format (1(5x,1p,10(1x,e11.4)))

      accurate deposition along the tracks requested
      this is a track-length binning
       2.0605E-04  2.5090E-04  2.9750E-04  3.1568E-04  3.3180E-04  3.4614E-04  3.1697E-04  2.8884E-04  2.7740E-04  2.1762E-04
       2.2321E-04  2.9916E-04  3.5582E-04  3.6535E-04  3.9261E-04  3.9708E-04  3.5770E-04  3.3944E-04  3.0342E-04  2.4023E-04
       2.3364E-04  3.1778E-04  3.7906E-04  4.0977E-04  4.1798E-04  4.2259E-04  4.0756E-04  3.6987E-04  3.2050E-04  2.4926E-04
       2.6062E-04  3.2921E-04  3.9201E-04  4.3769E-04  4.1543E-04  4.2746E-04  3.9309E-04  3.6206E-04  3.1755E-04  2.5010E-04
       2.6762E-04  3.3052E-04  3.8027E-04  4.3419E-04  4.5261E-04  4.2122E-04  4.0644E-04  3.7470E-04  3.2212E-04  2.6379E-04
       2.7724E-04  3.4043E-04  3.7028E-04  4.2869E-04  4.3823E-04  4.2632E-04  3.8875E-04  3.8064E-04  3.2209E-04  2.6691E-04
       2.4618E-04  3.3348E-04  3.7285E-04  4.2363E-04  4.4687E-04  4.2769E-04  4.1666E-04  3.7764E-04  3.2357E-04  2.5064E-04
       2.5602E-04  3.3812E-04  3.4572E-04  4.0681E-04  4.1004E-04  4.3662E-04  3.7891E-04  3.6628E-04  3.1933E-04  2.6000E-04
       2.3637E-04  2.9734E-04  3.3810E-04  3.4972E-04  3.6634E-04  3.7700E-04  3.7294E-04  3.2416E-04  2.9406E-04  2.4256E-04
       2.1066E-04  2.5314E-04  2.9142E-04  3.1049E-04  3.0995E-04  3.2351E-04  3.3090E-04  2.8238E-04  2.5987E-04  2.0690E-04
       1.6623E-04  2.1618E-04  2.5606E-04  2.7206E-04  2.9678E-04  2.9101E-04  2.6140E-04  2.2703E-04  2.2169E-04  1.8326E-04
       1.9812E-04  2.7926E-04  3.0211E-04  3.4682E-04  3.6481E-04  3.7573E-04  3.4354E-04  3.1316E-04  2.7164E-04  2.0587E-04
       2.1373E-04  2.8624E-04  3.4028E-04  3.8553E-04  3.9588E-04  3.9558E-04  3.7704E-04  3.4086E-04  2.8694E-04  2.1809E-04
       2.3751E-04  3.2132E-04  3.5320E-04  3.9806E-04  3.9393E-04  4.0318E-04  3.7970E-04  3.3012E-04  2.8450E-04  2.1866E-04
       2.5013E-04  3.0972E-04  3.5518E-04  3.9730E-04  4.0891E-04  3.9679E-04  3.8742E-04  3.5599E-04  2.8519E-04  2.4079E-04
       2.2963E-04  3.0731E-04  3.7020E-04  3.7651E-04  4.1266E-04  3.9891E-04  3.8001E-04  3.5382E-04  3.1573E-04  2.3501E-04
       2.2610E-04  3.1380E-04  3.5715E-04  3.9324E-04  4.1034E-04  4.1471E-04  3.8457E-04  3.6554E-04  3.0070E-04  2.1388E-04
       2.2786E-04  3.0398E-04  3.1827E-04  3.6837E-04  3.8950E-04  3.9154E-04  3.4939E-04  3.3840E-04  2.9232E-04  2.2159E-04
       2.0398E-04  2.7302E-04  3.1448E-04  3.4048E-04  3.5033E-04  3.4360E-04  3.2706E-04  3.0087E-04  2.7592E-04  2.0754E-04
       1.7206E-04  2.2104E-04  2.5029E-04  2.7604E-04  2.7573E-04  2.7241E-04  2.8759E-04  2.3221E-04  2.3008E-04  1.6638E-04
       1.2434E-04  1.6245E-04  2.0223E-04  2.2405E-04  2.1804E-04  2.2594E-04  2.1036E-04  1.8704E-04  1.7035E-04  1.2327E-04
       1.6032E-04  2.1945E-04  2.4268E-04  2.7730E-04  2.9114E-04  3.1105E-04  2.7685E-04  2.6927E-04  2.3406E-04  1.6822E-04
       1.8531E-04  2.4666E-04  2.9467E-04  3.2479E-04  3.4552E-04  3.2140E-04  3.1633E-04  3.0042E-04  2.5022E-04  1.8691E-04
       1.9696E-04  2.5976E-04  2.9551E-04  3.5891E-04  3.3844E-04  3.5409E-04  3.1889E-04  2.8338E-04  2.4421E-04  1.7732E-04
       1.8767E-04  2.6890E-04  3.0437E-04  3.4990E-04  3.5949E-04  3.4661E-04  3.3993E-04  2.8830E-04  2.4151E-04  1.9976E-04
       1.8283E-04  2.7022E-04  3.0658E-04  3.3658E-04  3.5993E-04  3.5465E-04  3.3160E-04  3.0439E-04  2.5522E-04  1.8811E-04
       1.8529E-04  2.7233E-04  2.9960E-04  3.4362E-04  3.4593E-04  3.4346E-04  3.1672E-04  2.9823E-04  2.4677E-04  1.7906E-04
       1.8015E-04  2.4338E-04  2.8224E-04  3.1413E-04  3.2676E-04  3.4327E-04  3.0103E-04  2.7419E-04  2.6258E-04  1.7618E-04
       1.5506E-04  2.3159E-04  2.5761E-04  2.7835E-04  2.9536E-04  2.8193E-04  2.7890E-04  2.4055E-04  2.1001E-04  1.6894E-04
       1.2650E-04  1.7836E-04  1.9479E-04  2.1342E-04  2.1977E-04  2.1054E-04  2.1859E-04  1.9280E-04  1.8363E-04  1.2560E-04
       8.7383E-05  1.2491E-04  1.5725E-04  1.8296E-04  1.6342E-04  1.8714E-04  1.6714E-04  1.4930E-04  1.3070E-04  9.6106E-05
       1.1867E-04  1.8033E-04  1.9362E-04  2.3294E-04  2.3752E-04  2.6043E-04  2.2009E-04  2.0963E-04  1.7376E-04  1.3405E-04
       1.4582E-04  2.0131E-04  2.3030E-04  2.6710E-04  2.7702E-04  2.6684E-04  2.7554E-04  2.4472E-04  2.0985E-04  1.5410E-04
       1.5641E-04  2.1957E-04  2.4283E-04  2.7697E-04  2.6980E-04  2.8557E-04  2.6194E-04  2.3665E-04  1.9407E-04  1.4525E-04
       1.4300E-04  2.1949E-04  2.4743E-04  2.9452E-04  2.8654E-04  2.9376E-04  2.9230E-04  2.4491E-04  1.9370E-04  1.4927E-04
       1.4638E-04  2.1921E-04  2.4056E-04  2.8883E-04  2.9161E-04  2.9661E-04  2.7197E-04  2.5191E-04  2.1151E-04  1.5354E-04
       1.5492E-04  2.0696E-04  2.5313E-04  2.8004E-04  2.9580E-04  2.8372E-04  2.7453E-04  2.4395E-04  1.9984E-04  1.6168E-04
       1.3209E-04  2.0110E-04  2.3433E-04  2.6508E-04  2.6627E-04  2.7380E-04  2.4676E-04  2.2448E-04  2.0289E-04  1.4762E-04
       1.3118E-04  1.9114E-04  2.0350E-04  2.3394E-04  2.5878E-04  2.3521E-04  2.2649E-04  1.8817E-04  1.7459E-04  1.3923E-04
       9.4728E-05  1.3188E-04  1.6182E-04  1.6574E-04  1.7098E-04  1.7090E-04  1.7576E-04  1.4352E-04  1.3216E-04  1.0840E-04
       7.1881E-05  9.9895E-05  1.2333E-04  1.3224E-04  1.2964E-04  1.4135E-04  1.3436E-04  1.2538E-04  1.0121E-04  8.2781E-05
       9.2735E-05  1.3596E-04  1.6255E-04  1.8818E-04  1.9616E-04  2.0362E-04  1.7804E-04  1.6239E-04  1.3887E-04  1.0833E-04
       1.0900E-04  1.5501E-04  1.8171E-04  2.1493E-04  2.2127E-04  2.2250E-04  2.2376E-04  1.7899E-04  1.5378E-04  1.1653E-04
       1.1410E-04  1.8506E-04  1.8989E-04  2.1122E-04  2.2641E-04  2.2949E-04  2.2821E-04  1.8121E-04  1.5541E-04  1.1028E-04
       1.0543E-04  1.6618E-04  1.9806E-04  2.3936E-04  2.3695E-04  2.3219E-04  2.3404E-04  1.9051E-04  1.6244E-04  1.1512E-04
       1.1643E-04  1.6926E-04  2.0097E-04  2.3336E-04  2.3234E-04  2.3041E-04  2.2048E-04  2.0879E-04  1.6335E-04  1.2158E-04
       1.1912E-04  1.6573E-04  1.9595E-04  2.2187E-04  2.2899E-04  2.3604E-04  2.2328E-04  1.9503E-04  1.5995E-04  1.1918E-04
       1.0454E-04  1.5957E-04  1.8905E-04  2.2193E-04  2.2060E-04  2.2367E-04  2.0119E-04  1.8218E-04  1.6322E-04  1.0810E-04
       1.1459E-04  1.4305E-04  1.7015E-04  1.7140E-04  2.0433E-04  1.8864E-04  1.7779E-04  1.4715E-04  1.3503E-04  1.0235E-04
       7.4650E-05  1.0192E-04  1.2172E-04  1.3620E-04  1.3921E-04  1.3276E-04  1.3028E-04  1.1317E-04  1.0502E-04  8.3703E-05
       5.5928E-05  8.1706E-05  1.0005E-04  1.0558E-04  1.0598E-04  1.1230E-04  1.0032E-04  9.7349E-05  8.4780E-05  6.2151E-05
       7.0959E-05  1.0880E-04  1.2130E-04  1.4694E-04  1.5227E-04  1.5102E-04  1.3418E-04  1.3012E-04  1.1817E-04  8.1316E-05
       7.9166E-05  1.1927E-04  1.3604E-04  1.6194E-04  1.8306E-04  1.7098E-04  1.6832E-04  1.4574E-04  1.3043E-04  9.0809E-05
       8.9959E-05  1.3326E-04  1.5347E-04  1.8378E-04  1.8952E-04  1.8321E-04  1.7937E-04  1.4924E-04  1.2893E-04  1.0101E-04
       8.4387E-05  1.4306E-04  1.5350E-04  1.8237E-04  1.9219E-04  1.9645E-04  1.8110E-04  1.6102E-04  1.4647E-04  9.1051E-05
       9.0357E-05  1.3332E-04  1.4977E-04  1.9124E-04  1.7802E-04  1.9667E-04  1.7143E-04  1.6475E-04  1.3177E-04  9.4235E-05
       8.9819E-05  1.1830E-04  1.4235E-04  1.7923E-04  1.7834E-04  1.8974E-04  1.6263E-04  1.5080E-04  1.4165E-04  9.7619E-05
       9.1951E-05  1.3007E-04  1.4314E-04  1.7799E-04  1.7882E-04  1.7186E-04  1.6781E-04  1.4737E-04  1.4240E-04  8.7142E-05
       8.2578E-05  1.1486E-04  1.2950E-04  1.3529E-04  1.5687E-04  1.4275E-04  1.4015E-04  1.1818E-04  1.0894E-04  7.7566E-05
       4.9437E-05  8.3885E-05  9.7089E-05  1.0661E-04  1.1007E-04  1.0406E-04  9.6199E-05  7.9967E-05  8.1563E-05  6.0711E-05
       4.2952E-05  6.1770E-05  7.4953E-05  8.0412E-05  8.6178E-05  7.1499E-05  7.0178E-05  7.2633E-05  7.1036E-05  4.3530E-05
       5.4648E-05  8.3685E-05  9.2669E-05  1.1461E-04  1.1280E-04  1.2000E-04  1.0530E-04  1.0328E-04  9.2155E-05  5.9285E-05
       7.1520E-05  9.1410E-05  1.0391E-04  1.2400E-04  1.3176E-04  1.3188E-04  1.3028E-04  1.2306E-04  9.8251E-05  7.2516E-05
       7.3115E-05  1.0262E-04  1.1756E-04  1.4626E-04  1.5775E-04  1.4652E-04  1.3139E-04  1.1705E-04  1.0468E-04  8.0878E-05
       7.5444E-05  1.0538E-04  1.2600E-04  1.3704E-04  1.6109E-04  1.5386E-04  1.4283E-04  1.3521E-04  1.2341E-04  7.2654E-05
       7.2906E-05  1.1211E-04  1.2333E-04  1.3634E-04  1.5186E-04  1.5093E-04  1.4636E-04  1.3064E-04  1.0691E-04  7.6291E-05
       7.0965E-05  9.7245E-05  1.1339E-04  1.3687E-04  1.3740E-04  1.3898E-04  1.2929E-04  1.3157E-04  1.0866E-04  7.4497E-05
       6.6850E-05  9.8332E-05  1.0694E-04  1.2904E-04  1.4271E-04  1.3843E-04  1.1952E-04  1.1484E-04  1.0190E-04  7.0591E-05
       6.0984E-05  8.6306E-05  8.9772E-05  1.0384E-04  1.1650E-04  1.1207E-04  1.0905E-04  1.0425E-04  8.4504E-05  5.3996E-05
       4.2696E-05  6.0415E-05  6.8877E-05  7.6993E-05  8.1061E-05  7.4972E-05  7.4958E-05  6.5425E-05  5.7032E-05  5.2123E-05
       3.4565E-05  4.6499E-05  5.6703E-05  5.8035E-05  6.5361E-05  6.0959E-05  5.9869E-05  6.6086E-05  4.9534E-05  3.3399E-05
       5.3124E-05  6.8098E-05  7.8435E-05  8.1306E-05  8.7044E-05  8.6362E-05  7.6635E-05  7.7787E-05  6.0131E-05  4.7711E-05
       5.0541E-05  7.2849E-05  8.2283E-05  8.9161E-05  1.0331E-04  1.0151E-04  9.7302E-05  1.0099E-04  7.6262E-05  6.0255E-05
       5.7469E-05  7.4580E-05  9.3720E-05  1.0588E-04  1.2936E-04  1.2299E-04  9.9162E-05  9.2293E-05  8.6972E-05  5.9149E-05
       5.2653E-05  6.9792E-05  9.7105E-05  1.1293E-04  1.2709E-04  1.1506E-04  1.1640E-04  9.6071E-05  9.3726E-05  5.2523E-05
       6.2090E-05  7.9008E-05  9.1477E-05  1.1957E-04  1.1471E-04  1.1664E-04  1.1760E-04  9.3627E-05  8.2263E-05  5.9955E-05
       5.3888E-05  7.3918E-05  9.0704E-05  9.5884E-05  1.1198E-04  1.1814E-04  1.0067E-04  1.0174E-04  8.2223E-05  5.6874E-05
       5.6029E-05  6.8698E-05  8.7792E-05  1.0223E-04  1.1450E-04  1.0386E-04  8.6387E-05  9.2787E-05  7.2530E-05  5.8254E-05
       4.7930E-05  5.9949E-05  6.6719E-05  8.7354E-05  1.0122E-04  9.2109E-05  8.7775E-05  8.4376E-05  6.3676E-05  4.4314E-05
       3.3073E-05  4.6010E-05  5.1040E-05  5.8959E-05  6.6809E-05  6.1700E-05  6.1051E-05  5.6249E-05  4.6921E-05  3.1455E-05
       3.5059E-05  3.9024E-05  4.7854E-05  4.9567E-05  4.8100E-05  4.3610E-05  4.2879E-05  5.1932E-05  3.7761E-05  2.8782E-05
       4.2568E-05  4.6299E-05  5.6329E-05  5.9533E-05  6.2822E-05  6.7919E-05  6.1931E-05  6.1214E-05  4.5806E-05  4.1227E-05
       3.9034E-05  4.8714E-05  6.4368E-05  7.5152E-05  7.2801E-05  7.7579E-05  7.2251E-05  7.2480E-05  5.5534E-05  4.0263E-05
       3.7644E-05  5.3506E-05  7.1543E-05  7.8750E-05  9.1766E-05  8.4644E-05  7.9114E-05  6.9969E-05  5.9657E-05  4.3730E-05
       4.5570E-05  5.2159E-05  6.7983E-05  8.5498E-05  8.6623E-05  7.7967E-05  8.4010E-05  6.8148E-05  6.1533E-05  4.4424E-05
       4.4023E-05  5.6454E-05  6.9925E-05  8.1348E-05  9.0383E-05  8.1096E-05  8.9883E-05  8.1677E-05  6.2326E-05  4.9723E-05
       3.9415E-05  5.8504E-05  6.8357E-05  8.4106E-05  8.0411E-05  8.4181E-05  8.6915E-05  6.7785E-05  6.0746E-05  4.3964E-05
       3.5634E-05  4.8393E-05  6.4563E-05  7.3401E-05  7.6033E-05  8.2029E-05  7.7867E-05  6.8431E-05  5.6868E-05  3.8810E-05
       3.8432E-05  4.3429E-05  4.6570E-05  6.5229E-05  7.4663E-05  6.5748E-05  6.1886E-05  5.4571E-05  5.3435E-05  3.2798E-05
       2.3995E-05  4.2075E-05  3.8483E-05  5.4569E-05  5.2077E-05  4.5136E-05  4.8436E-05  3.5800E-05  3.5811E-05  2.7079E-05
       2.6943E-05  2.9230E-05  3.3240E-05  4.0926E-05  3.9590E-05  3.2086E-05  3.3776E-05  3.6662E-05  2.9022E-05  2.1548E-05
       2.4851E-05  3.3260E-05  4.0803E-05  3.9930E-05  4.2746E-05  4.6369E-05  4.9145E-05  4.3237E-05  3.8041E-05  2.7219E-05
       3.0050E-05  3.6450E-05  4.1596E-05  4.7172E-05  5.2506E-05  4.7926E-05  4.7933E-05  4.7179E-05  4.1801E-05  2.6599E-05
       2.7174E-05  3.3857E-05  5.4883E-05  5.6675E-05  5.9593E-05  5.8533E-05  5.6214E-05  5.2112E-05  4.3059E-05  3.2219E-05
       2.9769E-05  3.4678E-05  4.6173E-05  5.2505E-05  6.5118E-05  5.6034E-05  6.5341E-05  4.3989E-05  4.7306E-05  3.2688E-05
       2.9466E-05  3.9471E-05  5.1614E-05  6.2875E-05  6.2116E-05  6.3385E-05  5.5714E-05  5.1053E-05  4.2335E-05  3.2144E-05
       3.2655E-05  4.1518E-05  4.8100E-05  6.2220E-05  5.6557E-05  5.3069E-05  6.2091E-05  5.1689E-05  4.5679E-05  3.2705E-05
       3.0505E-05  3.9692E-05  4.9330E-05  5.4762E-05  5.4560E-05  5.5708E-05  5.1804E-05  4.6959E-05  4.4230E-05  2.6696E-05
       3.1952E-05  3.6217E-05  4.3752E-05  4.8567E-05  4.8155E-05  4.2683E-05  4.6192E-05  3.7077E-05  3.4355E-05  2.9470E-05
       1.9123E-05  2.7419E-05  3.1970E-05  4.1436E-05  3.6753E-05  3.4414E-05  3.5644E-05  2.7053E-05  2.5297E-05  2.2266E-05

      Percentage errors follow in a matrix A(ix,iy,iz), format (1(5x,1p,10(1x,e11.4)))

       3.4006E+00  4.0672E+00  4.3774E+00  3.2438E+00  2.4767E+00  2.7223E+00  3.0326E+00  2.3887E+00  4.4421E+00  3.1026E+00
       3.9970E+00  2.9779E+00  3.1480E+00  3.1208E+00  2.9936E+00  3.8545E+00  2.8900E+00  2.3691E+00  3.0376E+00  3.5417E+00
       3.0380E+00  3.0988E+00  2.9626E+00  2.8686E+00  2.1683E+00  2.9569E+00  3.3182E+00  1.8558E+00  3.6670E+00  4.2890E+00
       2.7219E+00  3.8360E+00  2.8750E+00  2.3413E+00  2.5205E+00  2.3496E+00  2.4929E+00  2.6732E+00  3.0671E+00  3.2830E+00
       2.3383E+00  3.3384E+00  2.9456E+00  2.7186E+00  2.1700E+00  2.8990E+00  2.1677E+00  2.8174E+00  2.2390E+00  4.5889E+00
       3.9173E+00  3.2686E+00  2.7701E+00  2.6426E+00  2.8671E+00  2.0817E+00  2.8659E+00  2.6537E+00  3.0755E+00  3.9591E+00
       3.0463E+00  3.1508E+00  2.5432E+00  2.7274E+00  2.7568E+00  2.8038E+00  2.6283E+00  2.5338E+00  2.7696E+00  4.3018E+00
       3.0632E+00  3.4506E+00  2.2464E+00  2.6193E+00  2.6230E+00  2.5832E+00  2.2385E+00  2.9633E+00  3.0310E+00  3.9569E+00
       3.3440E+00  4.1273E+00  3.7582E+00  2.8662E+00  1.9696E+00  3.0617E+00  2.7843E+00  2.6662E+00  3.6267E+00  3.7902E+00
       3.6789E+00  2.5113E+00  3.0285E+00  3.3429E+00  3.2327E+00  3.7628E+00  3.0591E+00  3.9365E+00  3.3415E+00  4.8141E+00
       5.2638E+00  4.3777E+00  4.2130E+00  3.2739E+00  2.8197E+00  3.3279E+00  2.9628E+00  3.6060E+00  5.0238E+00  3.9945E+00
       4.6519E+00  3.1364E+00  3.9872E+00  3.1944E+00  2.5410E+00  3.8788E+00  2.7497E+00  3.3209E+00  4.2600E+00  3.5274E+00
       2.1602E+00  3.1454E+00  3.0156E+00  3.2752E+00  2.9221E+00  2.8547E+00  4.2440E+00  3.0909E+00  3.4508E+00  4.8838E+00
       3.4909E+00  3.3643E+00  2.9523E+00  3.1573E+00  2.7695E+00  2.6816E+00  3.0533E+00  3.7823E+00  2.8964E+00  4.2874E+00
       3.3802E+00  3.2012E+00  3.1046E+00  2.9825E+00  2.8505E+00  2.7512E+00  3.7041E+00  2.3620E+00  3.3403E+00  4.2358E+00
       4.5102E+00  2.7516E+00  2.2112E+00  2.1751E+00  3.1444E+00  2.5208E+00  2.3145E+00  2.1354E+00  3.4352E+00  4.2695E+00
       5.1054E+00  3.1638E+00  3.7074E+00  2.5847E+00  2.3055E+00  2.5760E+00  3.1259E+00  2.4897E+00  3.2399E+00  3.4293E+00
       2.8023E+00  3.3825E+00  3.7054E+00  2.8229E+00  2.1953E+00  2.9517E+00  3.3453E+00  2.4551E+00  4.0623E+00  3.3427E+00
       5.0923E+00  3.0699E+00  3.0602E+00  2.9159E+00  3.1403E+00  2.5584E+00  2.7978E+00  2.5653E+00  3.4761E+00  4.3088E+00
       4.7645E+00  4.5281E+00  3.9610E+00  3.4292E+00  3.7454E+00  3.1860E+00  3.5036E+00  4.2299E+00  3.1725E+00  4.5625E+00
       4.1887E+00  3.9659E+00  4.8156E+00  3.1196E+00  4.0628E+00  3.0990E+00  3.5472E+00  3.4729E+00  5.3995E+00  5.0510E+00
       4.4990E+00  3.0698E+00  3.1553E+00  4.0735E+00  3.6372E+00  4.4970E+00  3.3722E+00  4.0866E+00  4.9086E+00  3.7310E+00
       4.3671E+00  2.9372E+00  3.1615E+00  3.3386E+00  3.6797E+00  2.8271E+00  3.9094E+00  3.8577E+00  4.2360E+00  3.2722E+00
       3.7810E+00  4.6551E+00  2.4288E+00  3.1129E+00  3.1620E+00  2.9749E+00  3.8442E+00  2.9575E+00  3.6911E+00  3.2437E+00
       3.3006E+00  3.5726E+00  3.9941E+00  2.8615E+00  3.5636E+00  4.0292E+00  4.0354E+00  3.4151E+00  3.8297E+00  4.0313E+00
       4.7525E+00  3.5795E+00  3.2928E+00  2.9243E+00  3.3945E+00  3.8093E+00  2.6336E+00  3.2912E+00  3.4210E+00  4.5010E+00
       4.2531E+00  3.6760E+00  2.8079E+00  2.9791E+00  3.4413E+00  3.0788E+00  2.7842E+00  2.4333E+00  4.8757E+00  4.9561E+00
       4.6853E+00  4.6927E+00  3.4686E+00  2.7650E+00  2.7535E+00  2.6224E+00  4.3296E+00  3.5525E+00  3.6184E+00  3.9294E+00
       5.1821E+00  3.7741E+00  4.3764E+00  3.2424E+00  3.5072E+00  4.2501E+00  3.0761E+00  3.3120E+00  4.1651E+00  4.5408E+00
       5.8394E+00  5.1258E+00  4.5854E+00  3.2471E+00  3.2916E+00  3.4574E+00  3.0398E+00  4.0903E+00  4.5447E+00  4.4639E+00
       6.0317E+00  3.5847E+00  4.6709E+00  3.8852E+00  5.2162E+00  4.4717E+00  4.2558E+00  3.7364E+00  4.1038E+00  4.6615E+00
       4.4013E+00  3.2631E+00  3.5970E+00  3.4085E+00  4.0249E+00  4.0330E+00  3.8866E+00  5.1865E+00  4.3867E+00  4.2454E+00
       3.6276E+00  2.9663E+00  3.2770E+00  4.8519E+00  3.2764E+00  3.4784E+00  3.3517E+00  3.6636E+00  4.9217E+00  4.5303E+00
       4.1969E+00  4.3444E+00  3.8364E+00  3.4188E+00  4.0405E+00  3.8175E+00  4.3523E+00  4.1299E+00  3.2279E+00  6.0773E+00
       5.3984E+00  4.2913E+00  2.5840E+00  3.8243E+00  3.3781E+00  3.8389E+00  3.6769E+00  3.3209E+00  3.1067E+00  5.4809E+00
       4.9365E+00  4.7298E+00  3.0409E+00  2.1958E+00  3.6652E+00  3.7326E+00  3.3720E+00  3.6058E+00  3.8441E+00  5.8397E+00
       5.9077E+00  4.4796E+00  3.3180E+00  3.6848E+00  3.4197E+00  4.0498E+00  3.3106E+00  3.2969E+00  5.4081E+00  3.8948E+00
       5.3332E+00  5.5211E+00  3.4880E+00  3.1766E+00  3.7123E+00  2.7338E+00  3.0861E+00  4.3051E+00  4.8106E+00  4.7409E+00
       4.0332E+00  3.8899E+00  3.9198E+00  4.0303E+00  4.3314E+00  4.5159E+00  4.5953E+00  4.0619E+00  4.9584E+00  5.6630E+00
       6.3949E+00  6.4223E+00  3.2403E+00  3.5668E+00  3.4786E+00  5.4635E+00  3.7418E+00  5.2360E+00  5.2043E+00  6.7479E+00
       5.2294E+00  6.3744E+00  5.8823E+00  5.5421E+00  4.1742E+00  4.6335E+00  5.5865E+00  5.2175E+00  4.6173E+00  4.6602E+00
       4.9305E+00  3.8287E+00  4.7035E+00  2.9148E+00  4.9641E+00  5.8188E+00  4.0387E+00  4.1971E+00  4.2817E+00  5.6156E+00
       5.1939E+00  5.3178E+00  4.1361E+00  3.5755E+00  5.0532E+00  3.8032E+00  3.4304E+00  4.0667E+00  3.7342E+00  5.9565E+00
       5.6662E+00  4.2652E+00  3.6869E+00  4.2985E+00  4.2061E+00  4.2553E+00  4.3539E+00  3.5854E+00  5.0068E+00  5.1737E+00
       4.7422E+00  5.8411E+00  4.2757E+00  3.4958E+00  3.7102E+00  3.7988E+00  3.8430E+00  4.4667E+00  4.9845E+00  6.2233E+00
       4.6587E+00  4.4136E+00  5.1872E+00  2.7853E+00  3.1800E+00  5.1510E+00  3.3094E+00  3.3847E+00  3.6302E+00  5.9180E+00
       6.6963E+00  4.0273E+00  5.5260E+00  2.9929E+00  4.1096E+00  4.3775E+00  4.3473E+00  4.6760E+00  4.9855E+00  4.6787E+00
       4.6606E+00  3.4765E+00  5.3422E+00  4.6672E+00  3.1809E+00  3.5834E+00  3.2288E+00  3.6997E+00  4.6152E+00  6.0904E+00
       4.9300E+00  5.0106E+00  4.2391E+00  4.9249E+00  5.1230E+00  4.2012E+00  4.9438E+00  6.7900E+00  5.3604E+00  5.0564E+00
       4.9171E+00  7.3130E+00  3.2921E+00  6.1220E+00  4.0150E+00  5.2649E+00  4.4485E+00  7.9589E+00  5.0717E+00  7.3908E+00
       9.2368E+00  5.6260E+00  5.8428E+00  7.0495E+00  4.8916E+00  6.3830E+00  6.1822E+00  8.9664E+00  6.8428E+00  5.5413E+00
       6.9963E+00  6.5522E+00  3.8387E+00  4.7569E+00  6.0375E+00  5.2427E+00  6.0856E+00  4.7054E+00  4.4687E+00  5.2254E+00
       6.2955E+00  5.8433E+00  4.5017E+00  4.6018E+00  3.9363E+00  4.9005E+00  3.7418E+00  4.9194E+00  5.9871E+00  4.9511E+00
       4.8174E+00  4.7640E+00  4.5269E+00  4.0813E+00  4.0665E+00  4.7277E+00  3.7311E+00  4.8710E+00  5.3036E+00  5.9483E+00
       4.4401E+00  5.0651E+00  5.1208E+00  5.4319E+00  5.4033E+00  4.6376E+00  4.0924E+00  4.9441E+00  4.4127E+00  5.5377E+00
       5.0993E+00  5.4987E+00  5.0745E+00  3.6211E+00  3.5954E+00  3.1656E+00  3.8498E+00  4.6660E+00  5.5090E+00  3.9662E+00
       7.0552E+00  4.3906E+00  5.7489E+00  4.8981E+00  3.4672E+00  4.6205E+00  4.7940E+00  4.4563E+00  4.3582E+00  5.1727E+00
       5.7619E+00  5.3156E+00  4.4118E+00  5.1554E+00  4.4294E+00  3.9815E+00  4.3029E+00  4.5580E+00  5.9452E+00  4.8301E+00
       5.1581E+00  4.7430E+00  5.6505E+00  4.3529E+00  4.0291E+00  4.0729E+00  4.9410E+00  3.4794E+00  5.2559E+00  5.8123E+00
       8.5638E+00  5.8354E+00  4.3503E+00  5.0946E+00  5.2906E+00  7.1815E+00  4.6029E+00  6.3722E+00  7.6212E+00  8.2636E+00
       8.0846E+00  7.0330E+00  5.2793E+00  7.4282E+00  5.8398E+00  5.9462E+00  6.8890E+00  6.7539E+00  6.1665E+00  7.7160E+00
       8.5552E+00  6.7052E+00  5.4643E+00  6.5411E+00  6.1980E+00  6.1086E+00  7.6893E+00  5.2368E+00  5.9030E+00  4.8149E+00
       7.1602E+00  7.2841E+00  7.5191E+00  4.9465E+00  4.9052E+00  5.9396E+00  4.6618E+00  5.0514E+00  5.0423E+00  5.8748E+00
       8.6626E+00  5.2948E+00  5.2481E+00  5.6556E+00  4.1772E+00  5.2920E+00  7.2526E+00  4.9276E+00  5.1036E+00  6.2423E+00
       6.7797E+00  5.8130E+00  5.0892E+00  4.7574E+00  4.4433E+00  5.1103E+00  4.8415E+00  5.2816E+00  5.7320E+00  6.0049E+00
       6.3701E+00  4.8859E+00  5.9589E+00  4.5491E+00  4.4545E+00  3.9196E+00  5.6242E+00  5.4177E+00  4.9022E+00  6.5383E+00
       6.9562E+00  5.1136E+00  4.9382E+00  5.8783E+00  5.4438E+00  6.5778E+00  5.9744E+00  4.7391E+00  6.1889E+00  5.1502E+00
       7.5203E+00  5.1825E+00  4.8937E+00  5.6679E+00  6.1300E+00  4.5369E+00  5.2733E+00  4.3667E+00  7.3017E+00  6.6442E+00
       9.3646E+00  6.7889E+00  6.7276E+00  6.3783E+00  4.8955E+00  5.4303E+00  5.9106E+00  5.2623E+00  6.2871E+00  7.9137E+00
       1.4295E+01  6.5939E+00  6.9687E+00  6.9438E+00  5.6682E+00  6.4205E+00  5.9625E+00  6.7709E+00  6.4700E+00  6.5462E+00
       8.4847E+00  6.6583E+00  5.3178E+00  7.7110E+00  6.1324E+00  6.2616E+00  6.3292E+00  5.5263E+00  8.7353E+00  9.8663E+00
       7.6363E+00  5.7396E+00  6.5528E+00  7.3856E+00  6.3194E+00  6.0713E+00  6.0895E+00  5.9056E+00  7.5181E+00  6.1038E+00
       7.5271E+00  7.0749E+00  6.7837E+00  4.8248E+00  7.0864E+00  6.7929E+00  7.4087E+00  6.5428E+00  5.3931E+00  7.6435E+00
       9.8619E+00  6.9965E+00  4.1483E+00  6.2552E+00  4.5110E+00  4.3710E+00  4.4874E+00  6.1504E+00  6.2963E+00  8.2238E+00
       9.0293E+00  7.8029E+00  6.9915E+00  5.8803E+00  6.0030E+00  5.8430E+00  5.7768E+00  6.3039E+00  6.9239E+00  8.3132E+00
       8.0521E+00  8.3488E+00  6.8784E+00  4.3810E+00  4.9912E+00  5.4000E+00  4.1903E+00  5.5084E+00  6.5142E+00  5.9400E+00
       7.3608E+00  6.1043E+00  6.1057E+00  5.4378E+00  6.2610E+00  6.8000E+00  6.0436E+00  4.7352E+00  8.3232E+00  8.0558E+00
       8.7723E+00  6.1361E+00  4.7643E+00  9.3845E+00  7.2416E+00  4.9643E+00  5.1653E+00  5.3696E+00  7.0306E+00  6.4697E+00
       1.0198E+01  8.8787E+00  6.2850E+00  7.0761E+00  5.9511E+00  7.2514E+00  6.8248E+00  6.1687E+00  8.9014E+00  7.9573E+00
       1.0611E+01  9.9274E+00  6.5698E+00  8.6567E+00  8.0380E+00  7.9972E+00  5.0558E+00  8.7582E+00  9.4887E+00  1.0028E+01
       6.9090E+00  6.4408E+00  7.1697E+00  8.3977E+00  9.4737E+00  9.0566E+00  9.7029E+00  5.9371E+00  8.8660E+00  1.0362E+01
       9.8988E+00  9.3351E+00  8.7887E+00  6.5869E+00  7.5459E+00  5.3354E+00  8.2867E+00  8.7301E+00  7.4513E+00  8.0579E+00
       1.1441E+01  8.4603E+00  6.6183E+00  4.5754E+00  5.3720E+00  6.8228E+00  8.2035E+00  6.6563E+00  9.7813E+00  1.1064E+01
       9.2758E+00  9.1433E+00  5.3582E+00  6.4070E+00  6.3570E+00  5.6626E+00  7.8900E+00  8.2813E+00  6.8521E+00  8.9786E+00
       1.0319E+01  5.9235E+00  7.9173E+00  6.5236E+00  6.0260E+00  4.9720E+00  7.3211E+00  6.2179E+00  6.1013E+00  7.5351E+00
       1.0108E+01  6.4306E+00  7.4290E+00  5.1391E+00  6.2204E+00  7.1088E+00  6.2699E+00  4.8293E+00  6.4694E+00  8.9682E+00
       1.0587E+01  1.0966E+01  8.7154E+00  6.5237E+00  5.5435E+00  7.9593E+00  5.9792E+00  7.6965E+00  7.8013E+00  8.4735E+00
       1.0050E+01  7.8627E+00  7.6942E+00  6.4354E+00  6.2422E+00  5.3975E+00  5.0772E+00  7.7821E+00  6.7496E+00  1.1164E+01
       1.2800E+01  6.6350E+00  7.1567E+00  6.4253E+00  6.8748E+00  8.0179E+00  6.4789E+00  5.2338E+00  9.1790E+00  1.0458E+01
       1.0341E+01  1.2524E+01  7.2681E+00  1.1009E+01  7.8875E+00  7.6896E+00  8.5070E+00  8.8926E+00  7.8464E+00  1.0942E+01
       1.1340E+01  1.3083E+01  7.2837E+00  9.7239E+00  9.3332E+00  1.0420E+01  1.0319E+01  1.0277E+01  1.0719E+01  1.2452E+01
       1.0175E+01  1.1175E+01  1.0052E+01  7.5545E+00  6.1564E+00  6.9311E+00  9.0803E+00  9.4812E+00  1.2190E+01  7.4374E+00
       1.0644E+01  9.5233E+00  8.8060E+00  8.9453E+00  7.2408E+00  8.9301E+00  8.4463E+00  7.0396E+00  1.0661E+01  1.1780E+01
       1.0676E+01  8.2057E+00  7.3328E+00  7.8928E+00  5.9659E+00  6.7885E+00  6.9830E+00  7.6913E+00  8.6040E+00  9.7307E+00
       1.1013E+01  7.2495E+00  8.7805E+00  6.1782E+00  7.9244E+00  7.3003E+00  9.0980E+00  8.4290E+00  8.0812E+00  1.2322E+01
       9.7298E+00  9.0404E+00  8.5062E+00  5.5064E+00  7.0640E+00  6.4715E+00  7.5293E+00  1.0314E+01  7.2360E+00  1.0701E+01
       1.1868E+01  1.0271E+01  8.7544E+00  7.1413E+00  6.5624E+00  7.8700E+00  7.2509E+00  7.5656E+00  9.6226E+00  1.3181E+01
       9.8721E+00  9.6643E+00  7.1258E+00  7.0669E+00  7.9220E+00  7.0902E+00  8.3431E+00  8.4738E+00  6.1402E+00  1.1429E+01
       9.4186E+00  9.9089E+00  7.2130E+00  6.3298E+00  8.0874E+00  7.1876E+00  8.1518E+00  9.1528E+00  9.6759E+00  7.7815E+00
       1.1311E+01  1.3937E+01  9.0376E+00  7.5176E+00  1.0911E+01  1.0896E+01  8.7417E+00  8.9277E+00  1.0094E+01  1.2741E+01
