1
   Cartesian binning n.   1  "DoseEq    " , generalized particle n.  240
      X coordinate: from -8.5000E+01 to  8.5000E+01 cm,    10 bins ( 1.7000E+01 cm wide)
      Y coordinate: from -2.5000E+01 to  2.5000E+01 cm,    10 bins ( 5.0000E+00 cm wide)
      Z coordinate: from  2.2500E+02 to  2.7500E+02 cm,    10 bins ( 5.0000E+00 cm wide)
      Data follow in a matrix A(ix,iy,iz), format (1(5x,1p,10(1x,e11.4)))

      accurate deposition along the tracks requested
      this is a track-length binning
       4.8870E-05  5.8604E-05  7.1539E-05  8.7240E-05  7.3546E-05  7.3970E-05  7.8840E-05  6.9939E-05  6.9474E-05  4.7265E-05
       5.7010E-05  7.5890E-05  8.1280E-05  9.0155E-05  9.4311E-05  8.7089E-05  9.1655E-05  7.7012E-05  7.7977E-05  5.1128E-05
       5.6700E-05  7.6258E-05  8.3135E-05  9.0967E-05  9.7086E-05  9.0700E-05  8.7824E-05  1.0092E-04  7.3338E-05  5.6568E-05
       5.8074E-05  8.4477E-05  9.2175E-05  8.3454E-05  9.7466E-05  9.3655E-05  9.9739E-05  8.9818E-05  7.9776E-05  6.0057E-05
       5.2949E-05  1.0104E-04  9.5667E-05  9.4990E-05  9.5993E-05  9.3690E-05  8.6474E-05  8.9168E-05  8.0406E-05  5.6408E-05
       6.2344E-05  8.4265E-05  8.9642E-05  9.1010E-05  9.9392E-05  9.8868E-05  9.6637E-05  8.7818E-05  7.4326E-05  5.4897E-05
       6.5089E-05  8.2948E-05  8.8668E-05  9.1474E-05  9.5005E-05  8.9321E-05  9.9394E-05  8.2353E-05  7.8081E-05  6.3266E-05
       6.2970E-05  8.0149E-05  7.2495E-05  1.0117E-04  9.1429E-05  7.9572E-05  9.1902E-05  8.0331E-05  7.6378E-05  6.3810E-05
       5.6693E-05  7.9859E-05  7.4284E-05  9.2982E-05  9.6081E-05  8.9214E-05  8.2184E-05  8.2508E-05  7.0493E-05  4.8222E-05
       5.6944E-05  6.0583E-05  6.5802E-05  7.4889E-05  7.5658E-05  8.7319E-05  7.6800E-05  5.8560E-05  5.9935E-05  4.7816E-05
       4.5185E-05  5.5103E-05  6.3505E-05  7.5795E-05  6.5960E-05  6.7512E-05  7.4067E-05  7.3526E-05  6.7091E-05  4.6069E-05
       5.4721E-05  7.4592E-05  7.4423E-05  8.4674E-05  9.5081E-05  8.4231E-05  9.1561E-05  7.2495E-05  7.0671E-05  5.0855E-05
       5.2046E-05  8.2732E-05  8.2932E-05  8.8684E-05  9.1325E-05  1.0249E-04  8.7844E-05  9.2572E-05  7.2859E-05  5.6913E-05
       6.1420E-05  8.2622E-05  8.7376E-05  8.9342E-05  9.3682E-05  9.5384E-05  1.0369E-04  9.0568E-05  7.7623E-05  5.7542E-05
       6.0713E-05  9.0295E-05  9.4433E-05  1.0096E-04  9.8414E-05  1.0280E-04  8.8984E-05  9.4102E-05  8.3577E-05  5.7268E-05
       5.9942E-05  8.4079E-05  9.3766E-05  8.9837E-05  9.9996E-05  9.8127E-05  9.2750E-05  9.4921E-05  8.0600E-05  5.6481E-05
       5.9844E-05  8.1655E-05  9.6471E-05  9.0736E-05  9.3175E-05  9.8189E-05  9.6025E-05  8.6755E-05  8.1161E-05  6.1609E-05
       5.9022E-05  7.0404E-05  7.3907E-05  9.7271E-05  1.0663E-04  8.9061E-05  9.0415E-05  8.1203E-05  6.9096E-05  5.7979E-05
       5.2456E-05  7.4910E-05  6.7455E-05  8.8209E-05  9.5813E-05  7.5649E-05  8.5785E-05  7.7636E-05  6.7923E-05  4.6486E-05
       5.0558E-05  5.4318E-05  5.8574E-05  7.0809E-05  6.9113E-05  7.2943E-05  7.3987E-05  5.2983E-05  5.1913E-05  3.8347E-05
       4.0152E-05  4.9077E-05  4.8879E-05  6.3230E-05  6.0773E-05  5.4849E-05  5.7391E-05  6.2765E-05  4.8779E-05  3.4459E-05
       4.7679E-05  6.4406E-05  6.5020E-05  7.6368E-05  7.6351E-05  8.0178E-05  7.6443E-05  7.5140E-05  6.7784E-05  4.4123E-05
       4.8325E-05  6.5601E-05  7.9198E-05  8.2088E-05  8.8727E-05  9.0952E-05  8.1363E-05  7.6223E-05  6.4131E-05  5.6555E-05
       5.8531E-05  7.5542E-05  8.1854E-05  8.4682E-05  8.5963E-05  8.2656E-05  8.7231E-05  7.5136E-05  6.6723E-05  4.8247E-05
       4.7594E-05  7.8718E-05  8.8816E-05  9.2323E-05  8.8555E-05  8.4092E-05  8.4046E-05  7.7556E-05  7.8384E-05  5.0653E-05
       5.6379E-05  8.5048E-05  7.8422E-05  9.1158E-05  9.7042E-05  8.7995E-05  8.2739E-05  7.4933E-05  7.3433E-05  5.0775E-05
       5.1199E-05  7.4787E-05  7.8274E-05  7.8880E-05  9.2786E-05  8.8918E-05  8.9912E-05  7.6513E-05  6.7403E-05  5.1798E-05
       4.9349E-05  6.4372E-05  6.5388E-05  7.7012E-05  8.7951E-05  8.4799E-05  8.8371E-05  7.0296E-05  6.6399E-05  5.4588E-05
       4.7465E-05  6.0138E-05  6.7622E-05  7.5271E-05  8.4129E-05  7.0918E-05  7.5366E-05  7.0409E-05  6.5786E-05  4.1839E-05
       3.7938E-05  5.0998E-05  5.1898E-05  6.4612E-05  5.9405E-05  5.7990E-05  5.9841E-05  4.9019E-05  4.6706E-05  3.1235E-05
       3.4448E-05  3.7864E-05  3.9647E-05  4.4598E-05  5.5377E-05  5.5986E-05  4.9573E-05  4.3858E-05  4.3511E-05  2.8777E-05
       4.2476E-05  5.4850E-05  5.2069E-05  6.8849E-05  6.6053E-05  6.7022E-05  6.4887E-05  5.9616E-05  5.2039E-05  4.1202E-05
       5.0658E-05  6.0696E-05  7.2835E-05  7.6369E-05  7.3539E-05  7.7701E-05  7.2641E-05  6.4281E-05  6.3333E-05  4.5310E-05
       5.1588E-05  6.5287E-05  8.2306E-05  7.4510E-05  7.8671E-05  7.5018E-05  8.4892E-05  6.7059E-05  6.4804E-05  4.0336E-05
       4.3443E-05  6.6141E-05  8.2410E-05  8.6183E-05  7.4053E-05  7.3690E-05  7.3338E-05  6.4234E-05  7.2697E-05  4.2487E-05
       4.3692E-05  8.0456E-05  7.0416E-05  7.3996E-05  8.3731E-05  7.6036E-05  7.5806E-05  6.7593E-05  6.0080E-05  4.7880E-05
       4.3259E-05  6.7050E-05  6.7403E-05  7.3714E-05  7.7462E-05  7.6765E-05  7.7630E-05  6.6563E-05  5.8592E-05  4.3622E-05
       4.1260E-05  5.6287E-05  5.8828E-05  6.5255E-05  7.4621E-05  7.1967E-05  8.4614E-05  6.4574E-05  5.7889E-05  4.1023E-05
       4.0668E-05  4.8366E-05  5.4737E-05  5.2656E-05  6.8027E-05  6.5767E-05  6.4198E-05  5.3803E-05  4.9193E-05  3.7154E-05
       3.1755E-05  3.7603E-05  4.8678E-05  5.5881E-05  5.3338E-05  4.9455E-05  4.9177E-05  4.4592E-05  3.5788E-05  2.3193E-05
       2.6323E-05  3.0299E-05  3.2140E-05  3.5095E-05  4.3997E-05  4.6376E-05  3.8350E-05  4.1223E-05  2.7901E-05  1.9166E-05
       3.1540E-05  4.7361E-05  5.1622E-05  6.1765E-05  6.1984E-05  5.4370E-05  5.5000E-05  5.0586E-05  4.1061E-05  3.2398E-05
       3.7767E-05  5.3989E-05  6.2418E-05  6.5048E-05  6.5021E-05  6.8537E-05  7.1265E-05  5.5823E-05  5.2369E-05  3.5422E-05
       4.5796E-05  6.1434E-05  7.1166E-05  6.7939E-05  6.1431E-05  6.3974E-05  6.7596E-05  5.5038E-05  5.5660E-05  3.7807E-05
       4.0842E-05  6.0722E-05  6.7133E-05  6.9663E-05  6.5278E-05  6.8460E-05  5.5924E-05  5.5794E-05  6.1563E-05  3.3372E-05
       4.1395E-05  6.1155E-05  6.1173E-05  6.3499E-05  6.3653E-05  6.8907E-05  6.2849E-05  5.1438E-05  5.3916E-05  4.5105E-05
       3.5959E-05  4.8950E-05  5.8016E-05  6.2428E-05  6.9584E-05  6.6640E-05  6.1013E-05  5.7753E-05  5.4827E-05  3.6919E-05
       4.0107E-05  4.8129E-05  5.4525E-05  5.5129E-05  6.2693E-05  6.4540E-05  6.2379E-05  5.8557E-05  5.4812E-05  3.4544E-05
       3.0461E-05  3.6293E-05  4.6880E-05  4.7303E-05  6.0829E-05  5.8318E-05  4.4748E-05  4.4839E-05  3.9156E-05  3.0037E-05
       2.8119E-05  2.9772E-05  3.5775E-05  4.5896E-05  4.5853E-05  4.0966E-05  3.5281E-05  3.1116E-05  2.8583E-05  2.4108E-05
       2.3524E-05  2.4821E-05  2.8782E-05  3.6539E-05  3.7675E-05  3.9260E-05  3.3228E-05  3.3115E-05  2.2306E-05  1.7050E-05
       2.1893E-05  4.2195E-05  4.0366E-05  4.6876E-05  4.9398E-05  3.8397E-05  4.7106E-05  4.2365E-05  3.3068E-05  2.5165E-05
       2.8542E-05  5.0323E-05  5.2297E-05  4.7827E-05  5.5838E-05  5.5756E-05  5.7918E-05  4.8835E-05  4.0570E-05  3.2386E-05
       3.3912E-05  5.1226E-05  5.6013E-05  6.0014E-05  4.9955E-05  6.1246E-05  5.4736E-05  4.7611E-05  4.6558E-05  2.6699E-05
       3.2993E-05  4.7693E-05  5.5957E-05  5.9188E-05  5.7729E-05  6.3622E-05  4.8231E-05  4.5050E-05  5.0054E-05  3.1602E-05
       3.7201E-05  5.2716E-05  4.5254E-05  4.9969E-05  5.7159E-05  5.3604E-05  5.1077E-05  4.4597E-05  4.1220E-05  3.7324E-05
       2.8128E-05  4.4105E-05  4.2648E-05  5.2573E-05  5.6822E-05  5.3567E-05  4.9381E-05  4.8868E-05  4.2364E-05  2.6831E-05
       2.6771E-05  3.7241E-05  4.5737E-05  5.0912E-05  4.9625E-05  5.5697E-05  4.6422E-05  4.1560E-05  3.5958E-05  2.9203E-05
       2.5473E-05  2.6117E-05  4.2685E-05  4.2114E-05  3.9918E-05  4.6025E-05  4.0219E-05  2.9218E-05  3.6586E-05  2.3131E-05
       2.1581E-05  2.4547E-05  2.9217E-05  3.2884E-05  3.2435E-05  3.1807E-05  3.1042E-05  2.6462E-05  2.3367E-05  2.1571E-05
       1.8212E-05  2.2192E-05  2.3946E-05  2.9494E-05  2.9306E-05  2.7241E-05  2.4408E-05  2.5260E-05  1.8250E-05  1.5767E-05
       1.9413E-05  2.9531E-05  3.7642E-05  3.9816E-05  3.6771E-05  3.3180E-05  3.8250E-05  3.6439E-05  2.8592E-05  1.7872E-05
       2.4708E-05  2.9159E-05  4.1424E-05  4.8588E-05  3.4798E-05  4.6616E-05  4.6975E-05  3.5805E-05  3.6648E-05  2.4944E-05
       2.3122E-05  3.6776E-05  4.0270E-05  4.7789E-05  4.3721E-05  4.7087E-05  4.3508E-05  3.8724E-05  3.9681E-05  2.1997E-05
       2.7237E-05  3.2928E-05  4.2934E-05  4.9128E-05  5.2526E-05  5.3028E-05  4.2112E-05  4.6936E-05  4.4430E-05  1.8499E-05
       2.9516E-05  4.2868E-05  3.8341E-05  4.6534E-05  4.8849E-05  5.0624E-05  4.4007E-05  3.4859E-05  3.7418E-05  2.9364E-05
       2.9925E-05  3.3230E-05  3.4723E-05  4.2616E-05  4.5473E-05  5.0258E-05  4.4193E-05  3.8955E-05  3.3809E-05  2.3601E-05
       2.2520E-05  2.6533E-05  3.8157E-05  4.3936E-05  4.0390E-05  3.6652E-05  3.8187E-05  3.4057E-05  3.3919E-05  2.1234E-05
       2.1296E-05  2.1130E-05  3.4853E-05  3.2411E-05  3.1871E-05  3.3220E-05  3.8302E-05  2.6313E-05  2.8193E-05  2.1158E-05
       1.3917E-05  1.6959E-05  2.3117E-05  2.5800E-05  2.0452E-05  2.3582E-05  2.3268E-05  2.3582E-05  1.7730E-05  1.6280E-05
       1.3157E-05  1.6966E-05  1.8227E-05  2.1566E-05  1.7095E-05  1.6320E-05  2.4792E-05  2.0048E-05  1.4525E-05  1.4087E-05
       2.0476E-05  1.9297E-05  2.8140E-05  2.7305E-05  2.6451E-05  2.1293E-05  2.7097E-05  2.8441E-05  2.0692E-05  1.6971E-05
       2.4826E-05  2.2257E-05  3.0138E-05  3.1577E-05  2.9636E-05  2.8150E-05  3.3264E-05  2.5582E-05  2.3367E-05  1.5590E-05
       1.9721E-05  2.4819E-05  2.8267E-05  3.6068E-05  3.8900E-05  3.2649E-05  3.5267E-05  3.2273E-05  3.1933E-05  1.6123E-05
       1.9900E-05  2.5236E-05  3.4175E-05  3.9248E-05  4.0354E-05  4.5657E-05  3.4887E-05  2.8554E-05  3.2855E-05  1.7076E-05
       2.7667E-05  2.6768E-05  3.7460E-05  3.4574E-05  3.8629E-05  3.6811E-05  3.6887E-05  2.6222E-05  2.7704E-05  1.9239E-05
       2.3375E-05  2.6377E-05  3.0550E-05  3.2099E-05  3.6485E-05  3.5843E-05  3.5253E-05  2.9563E-05  2.4980E-05  1.9022E-05
       1.9645E-05  2.7807E-05  3.3769E-05  3.2600E-05  3.6757E-05  2.9319E-05  3.2847E-05  2.6182E-05  2.9785E-05  1.7726E-05
       1.5979E-05  1.6446E-05  2.7738E-05  3.3974E-05  2.5147E-05  2.8941E-05  2.4602E-05  2.8665E-05  2.0448E-05  2.0033E-05
       1.2056E-05  1.2962E-05  1.8609E-05  2.3837E-05  1.8172E-05  1.9247E-05  1.8381E-05  1.9964E-05  1.3408E-05  1.3548E-05
       9.8713E-06  1.0382E-05  1.0905E-05  1.4767E-05  1.4460E-05  1.2858E-05  1.7307E-05  1.5051E-05  1.4161E-05  1.2341E-05
       1.3923E-05  1.4503E-05  1.9116E-05  2.0294E-05  1.9830E-05  1.5757E-05  2.2733E-05  1.9565E-05  1.4943E-05  1.3141E-05
       1.7725E-05  1.8536E-05  2.1381E-05  2.4653E-05  2.3699E-05  2.3083E-05  2.2585E-05  1.8480E-05  1.9721E-05  1.3338E-05
       1.7588E-05  1.8217E-05  2.4952E-05  3.1091E-05  2.8386E-05  2.4085E-05  2.6536E-05  2.6818E-05  2.4434E-05  1.2914E-05
       1.2986E-05  2.0459E-05  2.6712E-05  2.7159E-05  3.4267E-05  3.3740E-05  2.4611E-05  2.8466E-05  2.8190E-05  1.3004E-05
       1.4950E-05  2.3212E-05  2.3623E-05  3.4247E-05  2.9069E-05  3.2053E-05  2.6040E-05  2.5296E-05  1.9001E-05  1.4047E-05
       1.9020E-05  2.1616E-05  2.6386E-05  3.1962E-05  3.2410E-05  2.7309E-05  2.7373E-05  2.3305E-05  2.4196E-05  1.6788E-05
       1.3580E-05  1.7983E-05  2.4711E-05  2.2491E-05  3.2357E-05  2.6411E-05  2.8504E-05  1.7986E-05  2.2768E-05  1.0351E-05
       1.1664E-05  1.2418E-05  2.0274E-05  2.4999E-05  2.6121E-05  2.5819E-05  1.6383E-05  1.9326E-05  1.4633E-05  1.1856E-05
       1.0353E-05  8.7726E-06  1.1060E-05  2.0646E-05  1.5052E-05  1.3912E-05  1.0732E-05  1.4138E-05  1.0681E-05  1.5147E-05
       7.2001E-06  9.1397E-06  8.4629E-06  9.7735E-06  7.7534E-06  1.1072E-05  1.4657E-05  1.2037E-05  1.1840E-05  8.3269E-06
       8.3668E-06  1.2449E-05  1.6086E-05  1.3115E-05  1.6041E-05  1.2772E-05  1.5615E-05  1.4334E-05  1.1224E-05  7.6094E-06
       1.3456E-05  9.6334E-06  1.5486E-05  1.6608E-05  1.5326E-05  1.7586E-05  1.4735E-05  1.9743E-05  1.5891E-05  9.8627E-06
       1.1608E-05  1.4257E-05  1.6441E-05  1.6177E-05  2.0462E-05  1.4941E-05  2.0698E-05  2.2447E-05  1.9471E-05  1.0117E-05
       8.7672E-06  1.6724E-05  2.3849E-05  1.9452E-05  2.3797E-05  1.8277E-05  1.7177E-05  1.9486E-05  1.7949E-05  1.0715E-05
       1.2528E-05  1.5373E-05  2.1548E-05  2.1522E-05  2.1668E-05  2.1775E-05  2.0158E-05  1.8388E-05  1.3021E-05  1.2373E-05
       9.0690E-06  1.5453E-05  2.0129E-05  2.1441E-05  2.1489E-05  2.0729E-05  2.0291E-05  1.8138E-05  1.7038E-05  1.1994E-05
       9.8138E-06  1.2050E-05  1.5617E-05  1.7689E-05  1.6977E-05  1.8974E-05  2.0703E-05  1.7981E-05  1.3329E-05  9.8242E-06
       7.8486E-06  1.1138E-05  1.3430E-05  1.4814E-05  1.8119E-05  1.6318E-05  1.1600E-05  1.2677E-05  9.9521E-06  9.9866E-06
       7.2467E-06  8.7378E-06  1.0526E-05  1.3227E-05  1.0638E-05  1.1198E-05  1.0792E-05  9.2651E-06  5.6040E-06  9.6539E-06

      Percentage errors follow in a matrix A(ix,iy,iz), format (1(5x,1p,10(1x,e11.4)))

       8.4237E+00  5.4322E+00  5.8690E+00  5.8539E+00  5.7879E+00  5.7633E+00  5.6662E+00  6.8205E+00  5.1968E+00  8.5859E+00
       6.9842E+00  6.3428E+00  5.4217E+00  5.7470E+00  6.4384E+00  6.4680E+00  6.8073E+00  6.0319E+00  5.4429E+00  1.0410E+01
       5.4773E+00  4.6226E+00  5.9730E+00  5.2550E+00  4.7645E+00  7.2025E+00  4.8452E+00  5.0137E+00  7.1415E+00  7.4487E+00
       6.2486E+00  7.7448E+00  6.3441E+00  6.2107E+00  4.2253E+00  6.0773E+00  3.8259E+00  5.8214E+00  4.5065E+00  5.7142E+00
       7.3611E+00  6.4106E+00  5.2806E+00  5.0461E+00  5.2929E+00  6.7962E+00  7.3700E+00  5.5832E+00  4.1347E+00  8.8379E+00
       8.2239E+00  5.8415E+00  3.8139E+00  6.1997E+00  5.4884E+00  6.4297E+00  6.1505E+00  7.5170E+00  7.5507E+00  6.2455E+00
       6.0226E+00  7.2383E+00  6.4918E+00  4.6354E+00  5.1939E+00  5.4982E+00  5.4617E+00  5.2956E+00  6.7441E+00  8.1111E+00
       7.5238E+00  7.6359E+00  6.9874E+00  6.1377E+00  4.8758E+00  5.6987E+00  6.8095E+00  6.2323E+00  5.8129E+00  8.8456E+00
       8.1205E+00  5.9784E+00  6.6917E+00  5.8727E+00  6.3355E+00  6.0454E+00  6.2216E+00  4.4334E+00  6.9611E+00  7.3108E+00
       7.2919E+00  7.8372E+00  7.3855E+00  6.1877E+00  4.6124E+00  5.3744E+00  7.5944E+00  5.3971E+00  7.6914E+00  7.7056E+00
       1.1057E+01  7.1073E+00  7.4419E+00  7.0861E+00  5.7425E+00  5.3564E+00  5.8699E+00  7.7937E+00  4.3308E+00  8.6725E+00
       8.4768E+00  7.2429E+00  6.7560E+00  5.6751E+00  5.1738E+00  7.6296E+00  7.3273E+00  5.7085E+00  5.4665E+00  9.3541E+00
       5.5716E+00  3.8624E+00  6.3094E+00  5.3377E+00  6.3815E+00  6.3462E+00  6.7737E+00  6.6257E+00  6.6755E+00  6.0259E+00
       8.3022E+00  6.5572E+00  6.5258E+00  7.1500E+00  4.3221E+00  5.7315E+00  5.3526E+00  5.7444E+00  4.1516E+00  6.0523E+00
       7.1172E+00  6.3893E+00  4.1993E+00  5.0416E+00  5.9992E+00  6.9190E+00  5.6890E+00  5.6761E+00  6.3019E+00  8.5292E+00
       9.1124E+00  5.8415E+00  5.1124E+00  4.5668E+00  4.9035E+00  6.6179E+00  6.0411E+00  6.1115E+00  6.8488E+00  5.2570E+00
       7.7324E+00  8.5012E+00  7.1230E+00  5.4213E+00  7.5035E+00  6.9399E+00  4.8420E+00  6.1821E+00  8.9357E+00  8.1123E+00
       8.0490E+00  5.9718E+00  6.7880E+00  5.9999E+00  5.7426E+00  6.2569E+00  7.1559E+00  6.9525E+00  6.4051E+00  6.9360E+00
       9.9898E+00  7.2771E+00  7.4155E+00  6.3742E+00  6.1072E+00  6.7617E+00  7.0080E+00  4.9273E+00  7.2884E+00  1.0162E+01
       9.9168E+00  8.2515E+00  8.5166E+00  6.1034E+00  5.7913E+00  5.9282E+00  7.1045E+00  5.6362E+00  9.4807E+00  8.3140E+00
       9.1254E+00  7.1036E+00  7.9116E+00  6.7123E+00  5.5897E+00  7.2600E+00  7.5534E+00  6.2507E+00  8.3427E+00  1.2201E+01
       9.9109E+00  7.5597E+00  6.0954E+00  6.6645E+00  7.9650E+00  7.4354E+00  5.7282E+00  7.4146E+00  6.6025E+00  6.8751E+00
       5.9838E+00  4.6001E+00  6.8337E+00  6.6468E+00  5.5574E+00  6.8320E+00  5.6324E+00  6.3910E+00  8.1294E+00  7.0068E+00
       6.8851E+00  8.7719E+00  6.8264E+00  5.4648E+00  5.9553E+00  5.7365E+00  4.1350E+00  6.8331E+00  7.0764E+00  8.3326E+00
       8.2901E+00  7.4278E+00  5.7773E+00  5.9936E+00  4.7431E+00  5.2221E+00  7.2062E+00  7.9604E+00  6.5952E+00  9.0361E+00
       8.9476E+00  8.7008E+00  5.3465E+00  6.0046E+00  5.7330E+00  6.6277E+00  4.6606E+00  7.5165E+00  5.8481E+00  8.5668E+00
       7.1195E+00  5.9552E+00  5.7442E+00  5.9326E+00  7.7445E+00  6.2815E+00  4.8727E+00  6.0134E+00  7.7756E+00  6.6792E+00
       9.0041E+00  6.0341E+00  8.0376E+00  5.9638E+00  6.7203E+00  7.9226E+00  6.7166E+00  5.9834E+00  8.2513E+00  5.5107E+00
       9.7035E+00  8.7311E+00  6.8458E+00  7.6078E+00  5.4636E+00  7.4804E+00  6.8282E+00  7.1008E+00  1.0122E+01  9.7301E+00
       9.8236E+00  1.1096E+01  9.2983E+00  7.0766E+00  6.3239E+00  6.2480E+00  4.4641E+00  6.2061E+00  6.9927E+00  9.5206E+00
       9.8137E+00  7.7584E+00  9.2258E+00  1.0023E+01  6.5054E+00  9.6192E+00  7.7516E+00  7.7728E+00  7.7128E+00  1.1583E+01
       8.2701E+00  7.8993E+00  5.9481E+00  5.9419E+00  6.0945E+00  7.5666E+00  8.0203E+00  1.0027E+01  6.1540E+00  1.0730E+01
       9.2494E+00  7.2050E+00  7.3501E+00  7.3664E+00  6.9013E+00  5.1351E+00  5.1706E+00  5.2612E+00  7.7470E+00  5.5685E+00
       6.1955E+00  6.3683E+00  8.4893E+00  8.0261E+00  7.3773E+00  5.8391E+00  4.2443E+00  6.5230E+00  8.7306E+00  8.5738E+00
       8.7568E+00  7.8374E+00  6.7145E+00  7.5588E+00  6.8140E+00  5.2606E+00  5.6393E+00  9.3436E+00  7.2091E+00  8.6478E+00
       8.1349E+00  8.5635E+00  7.2371E+00  7.1225E+00  6.9060E+00  5.8555E+00  5.7657E+00  9.8482E+00  9.4872E+00  7.3074E+00
       8.2381E+00  1.1507E+01  7.8844E+00  4.1137E+00  7.0835E+00  6.3130E+00  4.4219E+00  7.5334E+00  7.2729E+00  7.9125E+00
       6.2758E+00  7.0692E+00  7.2322E+00  8.7475E+00  6.4336E+00  6.7938E+00  6.8461E+00  6.4041E+00  6.5399E+00  1.0398E+01
       1.0815E+01  7.9732E+00  7.8789E+00  5.5791E+00  7.1933E+00  4.5497E+00  7.7193E+00  9.6937E+00  1.1156E+01  7.5931E+00
       1.0315E+01  8.3767E+00  7.5606E+00  8.0107E+00  6.4826E+00  8.8538E+00  6.6365E+00  7.0882E+00  1.0096E+01  8.4096E+00
       1.0727E+01  7.9827E+00  1.0084E+01  9.1904E+00  7.9258E+00  8.9249E+00  7.9630E+00  9.1675E+00  1.1588E+01  1.0561E+01
       1.0541E+01  9.8831E+00  7.5075E+00  5.9637E+00  8.1175E+00  8.0981E+00  7.1431E+00  8.8285E+00  9.1808E+00  8.9111E+00
       1.0411E+01  4.8787E+00  6.8703E+00  9.0730E+00  8.7875E+00  6.8420E+00  8.3084E+00  7.0333E+00  7.8007E+00  9.7677E+00
       9.8732E+00  8.0020E+00  7.5642E+00  9.4440E+00  6.7850E+00  7.9634E+00  6.5545E+00  8.5046E+00  6.9968E+00  9.3170E+00
       8.8963E+00  8.1847E+00  5.3962E+00  7.7153E+00  8.0044E+00  6.5579E+00  6.6749E+00  8.9740E+00  5.9161E+00  1.0595E+01
       9.5099E+00  7.2028E+00  8.0842E+00  7.3567E+00  8.4321E+00  6.0355E+00  8.0693E+00  9.2079E+00  7.0862E+00  9.0988E+00
       8.2418E+00  9.0003E+00  7.8648E+00  7.1537E+00  6.9053E+00  6.3877E+00  5.2337E+00  9.3786E+00  9.0954E+00  1.1102E+01
       9.3350E+00  8.3167E+00  9.0335E+00  8.9763E+00  7.0350E+00  7.5273E+00  6.1794E+00  7.6085E+00  7.0091E+00  1.1569E+01
       7.3748E+00  1.2067E+01  8.9676E+00  8.3550E+00  7.5984E+00  7.0121E+00  8.0151E+00  9.7179E+00  1.0966E+01  1.1821E+01
       1.0648E+01  1.1189E+01  1.0702E+01  8.7447E+00  6.0215E+00  6.5223E+00  9.5670E+00  9.0525E+00  1.0195E+01  9.1798E+00
       1.7867E+01  1.2147E+01  1.1392E+01  1.0276E+01  1.0471E+01  1.1103E+01  1.0808E+01  1.1278E+01  1.5369E+01  1.1113E+01
       1.2222E+01  9.8581E+00  8.8420E+00  7.1370E+00  9.9930E+00  8.6012E+00  7.1071E+00  8.9866E+00  8.5432E+00  1.2201E+01
       1.1240E+01  7.5435E+00  7.1602E+00  8.7607E+00  1.0449E+01  8.4159E+00  8.0985E+00  8.0570E+00  8.7834E+00  7.9127E+00
       1.1115E+01  1.0589E+01  5.6177E+00  8.4431E+00  6.5982E+00  8.3293E+00  7.9578E+00  7.7288E+00  1.0442E+01  9.8427E+00
       8.1221E+00  1.0267E+01  7.4203E+00  9.2916E+00  6.5481E+00  7.6071E+00  7.0008E+00  9.2061E+00  7.2219E+00  8.9020E+00
       1.0608E+01  6.2035E+00  9.8945E+00  5.9699E+00  9.3971E+00  4.7478E+00  7.1971E+00  1.0432E+01  7.2487E+00  1.1735E+01
       1.2867E+01  8.7024E+00  6.8839E+00  5.9719E+00  8.6363E+00  8.2299E+00  6.3564E+00  1.1146E+01  1.1065E+01  1.2842E+01
       8.2572E+00  8.6466E+00  7.1948E+00  6.4865E+00  4.9019E+00  6.4882E+00  6.0598E+00  7.7110E+00  1.0943E+01  1.1919E+01
       1.4264E+01  8.7529E+00  8.5025E+00  8.0814E+00  7.7279E+00  9.7989E+00  9.3896E+00  1.2437E+01  1.2471E+01  1.2212E+01
       1.1022E+01  7.9935E+00  1.4511E+01  9.2075E+00  6.7765E+00  9.0882E+00  8.2294E+00  8.4081E+00  1.0157E+01  9.4949E+00
       1.4270E+01  1.4287E+01  1.2907E+01  7.4344E+00  1.2508E+01  9.9079E+00  1.0200E+01  9.2681E+00  1.5075E+01  1.4094E+01
       1.4258E+01  1.3388E+01  8.5475E+00  8.3556E+00  8.2953E+00  8.8467E+00  8.7315E+00  7.3762E+00  1.0809E+01  1.3930E+01
       1.1463E+01  1.0811E+01  6.7251E+00  1.2162E+01  1.2952E+01  9.9397E+00  1.0058E+01  1.0667E+01  9.9184E+00  1.2817E+01
       1.3508E+01  1.4191E+01  8.5018E+00  1.0495E+01  7.5369E+00  6.3729E+00  8.4529E+00  9.3269E+00  9.1690E+00  1.1424E+01
       1.2665E+01  8.3082E+00  6.8353E+00  1.1275E+01  7.9062E+00  7.2162E+00  7.5949E+00  1.0126E+01  8.0201E+00  1.0593E+01
       1.1409E+01  7.9152E+00  9.4075E+00  1.2493E+01  8.1053E+00  8.8268E+00  7.0179E+00  1.1074E+01  1.0446E+01  9.5478E+00
       1.3750E+01  7.8012E+00  9.2425E+00  6.7855E+00  8.5555E+00  8.4499E+00  7.4782E+00  1.1211E+01  1.1553E+01  1.1799E+01
       9.2888E+00  1.2893E+01  1.0213E+01  6.3136E+00  6.4083E+00  9.8124E+00  9.6747E+00  9.1977E+00  1.2335E+01  1.0992E+01
       1.3019E+01  9.7014E+00  9.4449E+00  7.7634E+00  9.7292E+00  1.0548E+01  7.1390E+00  1.1965E+01  9.6319E+00  1.2515E+01
       1.5911E+01  1.0983E+01  1.2059E+01  1.1037E+01  1.2286E+01  1.1587E+01  1.1123E+01  8.3250E+00  1.4139E+01  1.6092E+01
       1.7305E+01  1.0643E+01  1.2985E+01  1.1949E+01  1.3796E+01  9.5593E+00  1.2630E+01  1.4387E+01  9.9377E+00  1.5939E+01
       1.5027E+01  1.5541E+01  1.0439E+01  1.1459E+01  6.7577E+00  1.2821E+01  1.5712E+01  1.0077E+01  1.5086E+01  1.4562E+01
       1.2454E+01  1.5390E+01  1.3842E+01  1.2083E+01  1.3756E+01  9.5294E+00  1.3224E+01  1.3544E+01  8.3702E+00  1.1268E+01
       1.4052E+01  1.0354E+01  7.5691E+00  1.0386E+01  8.3179E+00  9.7148E+00  8.3625E+00  9.0065E+00  9.3623E+00  1.5045E+01
       1.4658E+01  1.1660E+01  7.4711E+00  9.7446E+00  8.7475E+00  1.0006E+01  1.0958E+01  1.2853E+01  1.2016E+01  1.1459E+01
       8.6495E+00  8.7838E+00  1.2450E+01  1.1468E+01  1.0122E+01  8.3434E+00  9.1186E+00  1.0802E+01  1.0880E+01  9.7909E+00
       1.4779E+01  9.8429E+00  1.1415E+01  7.7627E+00  9.2714E+00  1.1553E+01  9.8579E+00  1.2631E+01  7.7477E+00  1.3866E+01
       1.1856E+01  1.4397E+01  1.1499E+01  9.5916E+00  8.6037E+00  1.0489E+01  9.0223E+00  1.3648E+01  1.1778E+01  1.8355E+01
       1.2698E+01  1.0847E+01  9.9093E+00  7.8251E+00  1.4131E+01  1.2574E+01  8.8227E+00  1.1015E+01  1.5676E+01  1.1397E+01
       1.9402E+01  1.7889E+01  1.2540E+01  1.3919E+01  1.3556E+01  1.2088E+01  1.3417E+01  1.1111E+01  1.8681E+01  1.6911E+01
       1.7528E+01  1.6074E+01  1.7766E+01  1.5809E+01  1.5379E+01  1.1134E+01  7.2990E+00  1.8392E+01  1.1277E+01  1.8724E+01
       1.1946E+01  1.5976E+01  1.1248E+01  1.8216E+01  1.0091E+01  1.0079E+01  1.0132E+01  1.3548E+01  1.1645E+01  2.0115E+01
       1.6095E+01  1.6482E+01  1.6024E+01  8.3800E+00  1.2905E+01  1.0855E+01  1.2894E+01  1.7186E+01  1.5343E+01  1.3629E+01
       1.1919E+01  1.3901E+01  1.1757E+01  1.2196E+01  1.0960E+01  1.1044E+01  1.3353E+01  1.1860E+01  8.8592E+00  1.5656E+01
       1.5689E+01  1.1220E+01  1.1818E+01  9.4342E+00  8.3707E+00  1.1396E+01  1.3729E+01  9.9587E+00  9.5350E+00  1.3569E+01
       1.3874E+01  1.0754E+01  9.8813E+00  9.5330E+00  8.5966E+00  1.1873E+01  1.1422E+01  1.2691E+01  1.2452E+01  1.5159E+01
       1.3693E+01  1.1254E+01  1.3628E+01  7.3235E+00  1.3379E+01  1.0925E+01  1.2430E+01  1.2589E+01  1.2484E+01  1.3853E+01
       1.7265E+01  1.1764E+01  1.1143E+01  1.1544E+01  1.1933E+01  1.2016E+01  8.5277E+00  1.1984E+01  1.5490E+01  1.8115E+01
       1.8202E+01  1.5756E+01  1.2726E+01  1.3992E+01  1.0735E+01  1.3711E+01  1.4603E+01  1.4388E+01  1.2281E+01  1.4165E+01
       1.6855E+01  1.4228E+01  1.6376E+01  1.4754E+01  1.4997E+01  1.5237E+01  1.4227E+01  1.3197E+01  1.7662E+01  1.6577E+01
       2.0976E+01  2.1984E+01  1.9554E+01  2.3087E+01  1.8415E+01  1.1596E+01  1.0941E+01  1.4580E+01  1.8908E+01  2.1450E+01
       1.7987E+01  1.6257E+01  1.0101E+01  1.6027E+01  1.2701E+01  1.2780E+01  1.7017E+01  1.4815E+01  1.6644E+01  1.8113E+01
       1.4875E+01  1.8651E+01  1.4228E+01  1.2188E+01  1.4811E+01  1.3398E+01  1.3760E+01  1.7305E+01  1.8072E+01  1.5674E+01
       1.4753E+01  1.9306E+01  1.4488E+01  1.3926E+01  8.8668E+00  1.3914E+01  1.4382E+01  1.3679E+01  1.1072E+01  2.2233E+01
       1.8780E+01  9.6851E+00  1.2997E+01  1.2979E+01  1.0751E+01  1.5359E+01  1.4313E+01  1.4278E+01  1.5375E+01  2.0064E+01
       1.4995E+01  8.8297E+00  1.1004E+01  1.4358E+01  9.7084E+00  1.1812E+01  1.0129E+01  1.2937E+01  1.8595E+01  1.7019E+01
       1.5752E+01  1.0915E+01  1.4674E+01  1.3329E+01  1.4390E+01  1.2076E+01  1.3277E+01  1.0711E+01  1.2412E+01  1.5365E+01
       2.2094E+01  1.5896E+01  1.2349E+01  1.1613E+01  1.3194E+01  1.3726E+01  1.1004E+01  1.4800E+01  1.5988E+01  1.9089E+01
       1.9310E+01  1.5494E+01  1.3074E+01  1.4490E+01  1.0481E+01  1.3425E+01  1.5288E+01  1.3872E+01  1.1525E+01  1.5987E+01
       1.8385E+01  1.6128E+01  2.1519E+01  1.7040E+01  1.8638E+01  2.2042E+01  1.7183E+01  1.6593E+01  2.0068E+01  2.0531E+01
