1
   Cartesian binning n.   1  "DoseEq    " , generalized particle n.  240
      X coordinate: from -8.5000E+01 to  8.5000E+01 cm,    10 bins ( 1.7000E+01 cm wide)
      Y coordinate: from -2.5000E+01 to  2.5000E+01 cm,    10 bins ( 5.0000E+00 cm wide)
      Z coordinate: from  2.2500E+02 to  2.7500E+02 cm,    10 bins ( 5.0000E+00 cm wide)
      Data follow in a matrix A(ix,iy,iz), format (1(5x,1p,10(1x,e11.4)))

      accurate deposition along the tracks requested
      this is a track-length binning
       2.3985E-04  2.7629E-04  3.2066E-04  3.5261E-04  3.6389E-04  3.6688E-04  3.4366E-04  3.1753E-04  2.8140E-04  2.1877E-04
       2.5907E-04  3.4265E-04  3.7402E-04  3.9618E-04  4.3282E-04  4.0112E-04  4.0915E-04  3.7081E-04  3.2564E-04  2.6809E-04
       2.8026E-04  3.4121E-04  3.8117E-04  4.0961E-04  4.3598E-04  4.3812E-04  4.3207E-04  4.0340E-04  3.5058E-04  2.7069E-04
       2.7672E-04  3.5293E-04  4.1327E-04  4.1490E-04  4.5139E-04  4.6418E-04  4.7381E-04  4.1002E-04  3.5049E-04  2.7704E-04
       2.7418E-04  3.6117E-04  4.1023E-04  4.2586E-04  4.6742E-04  4.6914E-04  4.6279E-04  4.1521E-04  3.5254E-04  2.8131E-04
       2.9611E-04  3.5241E-04  3.9855E-04  4.2399E-04  4.4288E-04  4.6180E-04  4.3840E-04  4.0981E-04  3.3644E-04  2.8731E-04
       2.8311E-04  3.5767E-04  4.2343E-04  4.4286E-04  4.6616E-04  4.5937E-04  4.4422E-04  3.9277E-04  3.6113E-04  2.7992E-04
       2.7133E-04  3.4070E-04  3.8710E-04  4.0868E-04  4.4859E-04  4.4239E-04  4.2695E-04  3.7185E-04  3.4790E-04  2.8506E-04
       2.7187E-04  3.2434E-04  3.6262E-04  4.0764E-04  4.2700E-04  4.0765E-04  4.1091E-04  3.6898E-04  3.1667E-04  2.6320E-04
       2.3482E-04  2.7316E-04  3.0902E-04  3.3400E-04  3.4708E-04  3.5981E-04  3.5064E-04  3.2218E-04  2.7288E-04  2.2704E-04
       1.8380E-04  2.2672E-04  2.6933E-04  2.7826E-04  3.0904E-04  3.0890E-04  2.9200E-04  2.6100E-04  2.3079E-04  1.7565E-04
       2.2200E-04  2.9268E-04  3.2880E-04  3.4804E-04  3.9672E-04  3.6831E-04  3.7679E-04  3.2762E-04  2.8624E-04  2.1409E-04
       2.4246E-04  3.1114E-04  3.6466E-04  3.9429E-04  4.2113E-04  4.2208E-04  4.0877E-04  3.5968E-04  3.1501E-04  2.4322E-04
       2.3997E-04  3.2532E-04  3.9008E-04  3.9505E-04  4.2367E-04  4.1876E-04  4.2994E-04  3.7785E-04  3.1943E-04  2.4384E-04
       2.4207E-04  3.3480E-04  3.7346E-04  4.1898E-04  4.2500E-04  4.4323E-04  4.4415E-04  3.9210E-04  3.3719E-04  2.4768E-04
       2.5964E-04  3.3507E-04  3.7256E-04  4.2221E-04  4.2886E-04  4.2868E-04  4.2537E-04  3.7549E-04  3.0995E-04  2.4162E-04
       2.4625E-04  3.2829E-04  3.8286E-04  3.9918E-04  4.3525E-04  4.2696E-04  4.1436E-04  3.6518E-04  3.2511E-04  2.3134E-04
       2.3942E-04  3.0220E-04  3.7560E-04  3.8736E-04  4.1713E-04  4.0524E-04  3.8597E-04  3.4106E-04  3.2927E-04  2.3664E-04
       2.3411E-04  2.8383E-04  3.3271E-04  3.6161E-04  3.8325E-04  3.7000E-04  3.6138E-04  3.2353E-04  2.9223E-04  2.2131E-04
       1.8073E-04  2.3090E-04  2.6154E-04  2.8567E-04  2.9683E-04  2.9858E-04  3.0183E-04  2.5412E-04  2.2520E-04  1.7667E-04
       1.3723E-04  1.7261E-04  2.1684E-04  2.2829E-04  2.4443E-04  2.3510E-04  2.4326E-04  2.0594E-04  1.8064E-04  1.2436E-04
       1.6393E-04  2.4617E-04  2.8277E-04  2.9963E-04  3.1580E-04  3.1790E-04  3.1078E-04  2.6479E-04  2.3982E-04  1.5890E-04
       1.7844E-04  2.6587E-04  3.0696E-04  3.4872E-04  3.6157E-04  3.6878E-04  3.3261E-04  3.0174E-04  2.6751E-04  1.8119E-04
       1.8493E-04  2.8243E-04  3.3723E-04  3.4412E-04  3.5677E-04  3.5676E-04  3.4877E-04  3.1016E-04  2.6362E-04  1.9137E-04
       1.9269E-04  2.9619E-04  3.2772E-04  3.6118E-04  3.4420E-04  3.7442E-04  3.6767E-04  3.3183E-04  2.8685E-04  1.8829E-04
       2.0605E-04  2.8010E-04  3.2297E-04  3.3627E-04  3.5876E-04  3.7969E-04  3.6909E-04  3.1785E-04  2.6758E-04  1.8648E-04
       2.0940E-04  2.6634E-04  3.2604E-04  3.3434E-04  3.3439E-04  3.6585E-04  3.5204E-04  3.1651E-04  2.7980E-04  1.9693E-04
       2.0113E-04  2.4467E-04  3.1906E-04  3.3287E-04  3.3923E-04  3.5726E-04  3.3171E-04  2.9273E-04  2.7264E-04  1.9479E-04
       1.8327E-04  2.3235E-04  2.6965E-04  2.9618E-04  3.1812E-04  2.9121E-04  2.9045E-04  2.6221E-04  2.3624E-04  1.8558E-04
       1.4945E-04  1.8284E-04  2.1606E-04  2.2953E-04  2.3937E-04  2.2893E-04  2.3026E-04  2.0109E-04  1.8482E-04  1.2684E-04
       9.9148E-05  1.3402E-04  1.5638E-04  1.8392E-04  1.8327E-04  1.9204E-04  1.8554E-04  1.5471E-04  1.4602E-04  1.0857E-04
       1.2596E-04  1.8169E-04  2.2405E-04  2.2673E-04  2.4981E-04  2.5752E-04  2.5179E-04  1.9901E-04  1.7891E-04  1.2458E-04
       1.3917E-04  2.1733E-04  2.4385E-04  2.6857E-04  2.8843E-04  2.8322E-04  2.6723E-04  2.4960E-04  2.0236E-04  1.3711E-04
       1.4817E-04  2.3127E-04  2.7339E-04  2.7130E-04  3.0318E-04  2.9616E-04  2.7706E-04  2.5412E-04  2.1142E-04  1.4623E-04
       1.5320E-04  2.2541E-04  2.7581E-04  2.8717E-04  2.8457E-04  3.2590E-04  2.9832E-04  2.6927E-04  2.3342E-04  1.5075E-04
       1.6763E-04  2.2917E-04  2.7699E-04  2.7479E-04  2.9615E-04  3.1272E-04  3.0073E-04  2.7774E-04  2.2911E-04  1.6023E-04
       1.6593E-04  2.1971E-04  2.6083E-04  2.8394E-04  2.9465E-04  3.0221E-04  2.9315E-04  2.6876E-04  2.2960E-04  1.5878E-04
       1.4403E-04  1.8507E-04  2.6133E-04  2.7601E-04  2.8358E-04  2.8439E-04  2.7916E-04  2.3229E-04  2.2034E-04  1.6041E-04
       1.4468E-04  1.7919E-04  2.1048E-04  2.3742E-04  2.5254E-04  2.5262E-04  2.4231E-04  2.0895E-04  1.9170E-04  1.4031E-04
       1.0530E-04  1.4385E-04  1.6914E-04  1.7511E-04  1.7236E-04  1.9220E-04  1.9068E-04  1.5370E-04  1.4778E-04  9.8760E-05
       7.6220E-05  9.6741E-05  1.2859E-04  1.3700E-04  1.4073E-04  1.5513E-04  1.4463E-04  1.1246E-04  1.0681E-04  8.0445E-05
       9.8207E-05  1.4100E-04  1.7489E-04  1.9241E-04  1.9255E-04  2.0776E-04  1.9220E-04  1.6469E-04  1.4867E-04  1.1076E-04
       1.0057E-04  1.5404E-04  1.9703E-04  2.1613E-04  2.3835E-04  2.1809E-04  2.0821E-04  1.9430E-04  1.6359E-04  1.1292E-04
       1.2700E-04  1.8161E-04  2.1568E-04  2.2970E-04  2.5746E-04  2.3665E-04  2.2517E-04  2.1334E-04  1.7220E-04  1.2625E-04
       1.1472E-04  1.8863E-04  2.1843E-04  2.1855E-04  2.3968E-04  2.5539E-04  2.4077E-04  2.1548E-04  1.7878E-04  1.2348E-04
       1.2010E-04  1.7940E-04  2.2073E-04  2.2761E-04  2.4065E-04  2.5162E-04  2.5231E-04  2.2535E-04  1.8262E-04  1.2948E-04
       1.1825E-04  1.6621E-04  2.2237E-04  2.3614E-04  2.3971E-04  2.3562E-04  2.4990E-04  2.1182E-04  1.7665E-04  1.1469E-04
       1.1127E-04  1.6479E-04  2.0153E-04  2.2434E-04  2.2810E-04  2.2174E-04  2.3151E-04  1.7572E-04  1.6304E-04  1.1944E-04
       1.0929E-04  1.4077E-04  1.6583E-04  1.8616E-04  1.9747E-04  2.0947E-04  1.9388E-04  1.7490E-04  1.4674E-04  1.1163E-04
       8.1903E-05  1.0758E-04  1.2685E-04  1.3110E-04  1.2944E-04  1.5781E-04  1.4269E-04  1.2584E-04  1.1039E-04  8.1843E-05
       5.7569E-05  7.9596E-05  1.0084E-04  1.1032E-04  1.0869E-04  1.2294E-04  1.0891E-04  9.8782E-05  8.7342E-05  6.4405E-05
       7.1928E-05  1.1212E-04  1.4076E-04  1.5143E-04  1.6561E-04  1.5062E-04  1.5326E-04  1.3000E-04  1.3075E-04  8.3506E-05
       7.5662E-05  1.1751E-04  1.6200E-04  1.6858E-04  1.8194E-04  1.8146E-04  1.6822E-04  1.4978E-04  1.3010E-04  9.6613E-05
       9.0765E-05  1.3630E-04  1.7603E-04  1.8199E-04  2.1368E-04  2.0756E-04  1.8963E-04  1.6224E-04  1.4383E-04  1.0726E-04
       8.5015E-05  1.3338E-04  1.7620E-04  1.8833E-04  2.1561E-04  2.0783E-04  2.0367E-04  1.7108E-04  1.4549E-04  1.0541E-04
       8.9283E-05  1.4963E-04  1.6359E-04  1.8114E-04  1.9880E-04  2.0631E-04  1.9553E-04  1.7708E-04  1.4228E-04  1.0170E-04
       8.8765E-05  1.3095E-04  1.6865E-04  1.7423E-04  1.9522E-04  1.9568E-04  1.9245E-04  1.6866E-04  1.5313E-04  9.4762E-05
       9.1745E-05  1.3159E-04  1.5544E-04  1.6472E-04  1.7154E-04  1.8834E-04  1.7918E-04  1.5088E-04  1.2266E-04  8.8016E-05
       7.8463E-05  1.1047E-04  1.3005E-04  1.5367E-04  1.4046E-04  1.6535E-04  1.5690E-04  1.3987E-04  1.1111E-04  8.4906E-05
       6.0464E-05  8.5637E-05  9.8410E-05  1.1241E-04  1.0014E-04  1.2130E-04  1.1146E-04  9.7557E-05  7.5380E-05  6.7862E-05
       4.5057E-05  6.1423E-05  7.7359E-05  8.1081E-05  8.8668E-05  8.8147E-05  8.2050E-05  7.5068E-05  6.6090E-05  4.4743E-05
       6.1376E-05  8.6727E-05  1.1277E-04  1.0940E-04  1.3212E-04  1.2121E-04  1.2672E-04  1.0611E-04  9.4033E-05  7.0370E-05
       6.7879E-05  8.7008E-05  1.3432E-04  1.3577E-04  1.3373E-04  1.4075E-04  1.3835E-04  1.1884E-04  1.0225E-04  7.4072E-05
       6.9293E-05  1.0836E-04  1.2243E-04  1.4791E-04  1.5827E-04  1.5705E-04  1.4396E-04  1.1674E-04  1.0924E-04  8.6338E-05
       7.3394E-05  1.0465E-04  1.4144E-04  1.5127E-04  1.7146E-04  1.7375E-04  1.5735E-04  1.4161E-04  1.0895E-04  7.3895E-05
       7.3643E-05  1.0941E-04  1.2934E-04  1.4684E-04  1.6674E-04  1.8435E-04  1.6829E-04  1.3630E-04  1.1900E-04  8.0786E-05
       6.9101E-05  1.0349E-04  1.3032E-04  1.4736E-04  1.5949E-04  1.5689E-04  1.4921E-04  1.3219E-04  1.0707E-04  7.2033E-05
       6.9670E-05  1.0286E-04  1.1476E-04  1.4084E-04  1.3816E-04  1.4841E-04  1.3016E-04  1.1917E-04  9.4075E-05  7.3268E-05
       6.0848E-05  8.9314E-05  9.3989E-05  1.2615E-04  1.1357E-04  1.2786E-04  1.2235E-04  1.1752E-04  8.9652E-05  6.3877E-05
       4.1623E-05  6.3289E-05  6.9717E-05  9.4158E-05  8.2458E-05  8.7933E-05  8.9387E-05  7.8876E-05  7.0856E-05  5.1624E-05
       3.5802E-05  4.4274E-05  5.5676E-05  6.5868E-05  6.5840E-05  7.1291E-05  7.1684E-05  5.1876E-05  5.3445E-05  3.7472E-05
       4.4624E-05  6.2062E-05  8.5517E-05  8.6049E-05  1.0563E-04  9.4671E-05  9.5609E-05  8.0358E-05  6.0162E-05  5.9191E-05
       5.0423E-05  7.4110E-05  1.0349E-04  1.1292E-04  1.1332E-04  1.1082E-04  1.0932E-04  9.8283E-05  6.9809E-05  5.7360E-05
       6.0619E-05  8.2244E-05  9.6208E-05  1.1922E-04  1.2030E-04  1.2046E-04  1.1250E-04  9.3101E-05  8.8139E-05  6.3551E-05
       6.5258E-05  8.1386E-05  1.0443E-04  1.1469E-04  1.3143E-04  1.3572E-04  1.3252E-04  1.0604E-04  8.1151E-05  5.9828E-05
       5.8099E-05  8.4022E-05  1.0831E-04  1.1962E-04  1.2006E-04  1.4111E-04  1.1832E-04  1.0626E-04  8.7721E-05  6.2260E-05
       5.6919E-05  7.5850E-05  9.9184E-05  9.7867E-05  1.2363E-04  1.2579E-04  1.0889E-04  1.0365E-04  8.0084E-05  6.2593E-05
       5.7010E-05  8.2180E-05  9.2618E-05  1.0211E-04  1.1506E-04  1.1468E-04  1.0176E-04  9.2689E-05  7.6231E-05  5.5151E-05
       4.3014E-05  6.5419E-05  7.1336E-05  8.5782E-05  9.4981E-05  9.9473E-05  9.1668E-05  8.4420E-05  6.2819E-05  4.7758E-05
       3.4879E-05  5.1391E-05  5.4565E-05  5.9228E-05  6.0951E-05  6.9450E-05  6.8419E-05  5.9870E-05  4.9417E-05  3.5888E-05
       2.6604E-05  3.6014E-05  4.7026E-05  4.7462E-05  4.9300E-05  5.6167E-05  5.1686E-05  4.1110E-05  3.8991E-05  2.8134E-05
       3.8304E-05  5.2786E-05  6.1380E-05  6.9247E-05  7.7530E-05  7.0017E-05  7.3422E-05  5.6868E-05  4.4019E-05  4.0158E-05
       3.7439E-05  6.4358E-05  6.7891E-05  8.3214E-05  8.2574E-05  8.3614E-05  7.9725E-05  6.9368E-05  5.4164E-05  4.6996E-05
       4.9527E-05  7.1556E-05  7.2528E-05  8.2422E-05  9.0191E-05  8.7934E-05  8.8778E-05  7.5133E-05  6.5575E-05  4.1904E-05
       4.6970E-05  6.6109E-05  7.3409E-05  8.4709E-05  9.6519E-05  9.6301E-05  9.9483E-05  7.9447E-05  6.1574E-05  4.8690E-05
       4.6288E-05  6.7449E-05  7.5610E-05  8.5216E-05  9.1183E-05  9.4952E-05  9.1069E-05  6.9015E-05  6.4532E-05  5.3494E-05
       4.3252E-05  5.5304E-05  7.3634E-05  8.3673E-05  9.5934E-05  7.8929E-05  8.0848E-05  7.2026E-05  5.8828E-05  4.6825E-05
       4.1533E-05  6.7117E-05  6.6008E-05  7.8285E-05  8.9929E-05  8.1414E-05  8.2475E-05  6.3923E-05  5.6475E-05  4.3794E-05
       3.5786E-05  5.5297E-05  5.5458E-05  6.6993E-05  6.8673E-05  6.9163E-05  7.0005E-05  6.3334E-05  5.9600E-05  3.5704E-05
       2.8954E-05  3.6341E-05  4.5641E-05  5.0731E-05  5.5292E-05  4.9966E-05  5.3951E-05  3.9634E-05  3.8367E-05  2.9059E-05
       2.0517E-05  3.0352E-05  3.5884E-05  3.9076E-05  3.6180E-05  4.5567E-05  3.8662E-05  3.1782E-05  2.8922E-05  2.2268E-05
       3.1096E-05  3.9169E-05  4.5464E-05  4.3477E-05  5.5187E-05  5.3082E-05  4.9798E-05  4.5695E-05  3.5103E-05  3.0935E-05
       3.3679E-05  5.0766E-05  4.5699E-05  5.5556E-05  5.6276E-05  5.5455E-05  5.9382E-05  4.7051E-05  4.4168E-05  3.0400E-05
       2.6086E-05  4.4813E-05  5.1355E-05  5.9746E-05  6.0876E-05  6.6636E-05  6.1909E-05  5.4597E-05  4.6387E-05  3.1809E-05
       2.7575E-05  4.5421E-05  5.2935E-05  5.6081E-05  6.1451E-05  5.9700E-05  6.2199E-05  5.0044E-05  4.3836E-05  3.6534E-05
       2.7937E-05  4.7414E-05  5.0657E-05  5.5511E-05  6.6973E-05  5.5913E-05  5.4350E-05  4.8164E-05  4.3189E-05  3.9561E-05
       3.6179E-05  4.3522E-05  4.6396E-05  5.3845E-05  6.3865E-05  5.1577E-05  5.8400E-05  4.0593E-05  4.4442E-05  3.5369E-05
       3.5981E-05  4.8548E-05  4.8037E-05  5.6324E-05  5.8460E-05  5.1907E-05  5.4270E-05  4.5024E-05  4.1236E-05  3.2668E-05
       2.6894E-05  3.9001E-05  3.9327E-05  4.6441E-05  5.1009E-05  4.6962E-05  4.7118E-05  4.8953E-05  3.8592E-05  2.8512E-05
       2.3641E-05  2.5390E-05  2.8189E-05  3.7950E-05  4.2738E-05  3.6176E-05  3.3552E-05  3.4189E-05  3.0172E-05  2.4335E-05

      Percentage errors follow in a matrix A(ix,iy,iz), format (1(5x,1p,10(1x,e11.4)))

       2.9487E+00  3.1474E+00  2.9294E+00  3.0923E+00  1.9167E+00  3.3572E+00  2.5425E+00  2.8380E+00  3.2715E+00  3.3535E+00
       2.9219E+00  2.6580E+00  2.3517E+00  3.1093E+00  3.4845E+00  2.8488E+00  3.0871E+00  2.9660E+00  3.2943E+00  5.0318E+00
       2.5178E+00  2.8575E+00  2.5445E+00  2.5460E+00  2.1721E+00  3.7812E+00  3.0939E+00  2.9255E+00  3.0784E+00  4.2152E+00
       3.3579E+00  2.7331E+00  2.5687E+00  2.3637E+00  2.7084E+00  2.4045E+00  3.3220E+00  3.1558E+00  3.1215E+00  3.9194E+00
       2.5912E+00  3.1595E+00  3.2425E+00  2.5997E+00  2.0252E+00  3.3965E+00  1.7630E+00  3.2486E+00  3.2429E+00  3.3916E+00
       3.7531E+00  2.8867E+00  3.2352E+00  2.1852E+00  2.8691E+00  1.6489E+00  3.1712E+00  2.3521E+00  2.9129E+00  3.7534E+00
       3.3112E+00  3.0981E+00  2.9738E+00  3.5220E+00  1.5946E+00  1.9140E+00  2.1360E+00  4.0363E+00  3.3674E+00  3.3725E+00
       4.4498E+00  4.0113E+00  2.4575E+00  2.6967E+00  2.1067E+00  2.9115E+00  2.9406E+00  2.2669E+00  2.6002E+00  3.3546E+00
       3.6265E+00  3.3189E+00  3.6199E+00  2.4172E+00  3.1887E+00  2.0160E+00  2.4152E+00  2.9112E+00  3.4035E+00  4.0124E+00
       3.9707E+00  3.5185E+00  2.2912E+00  2.8046E+00  3.0375E+00  3.0870E+00  2.8503E+00  3.1254E+00  4.2436E+00  3.9682E+00
       4.8158E+00  3.3800E+00  2.5356E+00  4.2971E+00  2.5568E+00  3.6890E+00  3.3184E+00  2.5837E+00  4.1877E+00  4.0439E+00
       3.0119E+00  3.3460E+00  3.7812E+00  3.1671E+00  3.5022E+00  2.9114E+00  3.0669E+00  4.8904E+00  3.7829E+00  4.4384E+00
       3.1595E+00  2.8146E+00  2.9920E+00  2.8086E+00  3.1903E+00  3.2813E+00  3.7565E+00  2.9071E+00  2.9695E+00  3.8793E+00
       3.1761E+00  3.8903E+00  2.7000E+00  2.1874E+00  2.4538E+00  2.5040E+00  3.3062E+00  3.6608E+00  3.0543E+00  4.3916E+00
       3.7825E+00  3.3372E+00  2.4616E+00  3.2544E+00  2.5313E+00  2.7685E+00  3.1314E+00  3.3463E+00  3.3251E+00  3.6712E+00
       4.1044E+00  3.6997E+00  2.5095E+00  2.3750E+00  2.5397E+00  2.1663E+00  4.0083E+00  3.1116E+00  3.9267E+00  4.3949E+00
       3.9824E+00  3.7338E+00  2.7719E+00  2.5280E+00  2.7319E+00  2.5153E+00  2.6015E+00  4.0033E+00  3.8616E+00  2.7822E+00
       5.0382E+00  4.0699E+00  2.7543E+00  2.3189E+00  2.2620E+00  2.5010E+00  2.7128E+00  2.6343E+00  4.4289E+00  3.9906E+00
       4.3090E+00  3.4042E+00  3.0981E+00  2.0053E+00  3.4673E+00  2.8662E+00  1.9079E+00  3.2412E+00  4.2815E+00  3.9448E+00
       5.6060E+00  2.7967E+00  3.3388E+00  3.2977E+00  3.9072E+00  2.7878E+00  3.7910E+00  3.9228E+00  4.2675E+00  4.9541E+00
       4.3574E+00  4.0698E+00  2.8049E+00  4.8267E+00  4.6637E+00  4.1126E+00  3.6367E+00  3.6960E+00  4.9239E+00  4.6781E+00
       4.0233E+00  4.1102E+00  3.8366E+00  3.8219E+00  4.1065E+00  3.7106E+00  4.0726E+00  4.8950E+00  3.9957E+00  3.2125E+00
       5.0194E+00  3.0795E+00  3.4319E+00  3.1769E+00  3.2509E+00  2.5513E+00  2.9292E+00  3.5683E+00  3.7059E+00  3.4425E+00
       5.4879E+00  4.3007E+00  2.9686E+00  3.0531E+00  2.9609E+00  2.8478E+00  4.1166E+00  3.4720E+00  4.2494E+00  4.1877E+00
       3.2306E+00  3.7458E+00  2.6824E+00  2.6207E+00  3.6409E+00  2.5716E+00  2.8196E+00  3.8844E+00  4.3242E+00  4.5150E+00
       5.2958E+00  4.1739E+00  3.7774E+00  2.9248E+00  2.7561E+00  2.7913E+00  2.9902E+00  3.2371E+00  4.8521E+00  4.7095E+00
       4.6128E+00  4.2040E+00  3.8378E+00  3.8927E+00  2.9128E+00  3.7702E+00  3.3481E+00  3.3720E+00  4.0568E+00  3.0919E+00
       4.8580E+00  3.7590E+00  4.8398E+00  3.5105E+00  3.2211E+00  3.5807E+00  2.9547E+00  3.9596E+00  4.1806E+00  4.8951E+00
       4.8407E+00  4.7838E+00  3.3438E+00  2.9405E+00  3.5921E+00  3.2654E+00  3.7123E+00  4.2642E+00  4.9035E+00  4.1633E+00
       4.8735E+00  3.6142E+00  4.8867E+00  2.6602E+00  2.9795E+00  3.9254E+00  3.0633E+00  3.6590E+00  4.1206E+00  6.6619E+00
       4.7390E+00  4.6683E+00  4.3753E+00  4.5053E+00  5.7202E+00  4.1746E+00  4.3766E+00  5.2892E+00  5.1433E+00  3.9580E+00
       6.1274E+00  3.6304E+00  3.4188E+00  3.4905E+00  4.3017E+00  2.4516E+00  3.8067E+00  3.8207E+00  4.8735E+00  4.2981E+00
       6.6216E+00  4.3626E+00  2.9425E+00  3.6118E+00  3.9629E+00  4.1504E+00  2.8859E+00  4.4943E+00  3.7525E+00  3.1033E+00
       6.3340E+00  4.0566E+00  3.4279E+00  3.2258E+00  4.2184E+00  3.1248E+00  3.5485E+00  3.5241E+00  3.6579E+00  5.6203E+00
       4.4500E+00  3.5080E+00  3.2053E+00  3.0885E+00  2.8071E+00  3.1964E+00  4.2171E+00  4.2037E+00  3.6487E+00  4.7280E+00
       4.0831E+00  4.2110E+00  3.9277E+00  3.5310E+00  3.1695E+00  2.9984E+00  4.1437E+00  3.4663E+00  3.8424E+00  3.6380E+00
       3.1707E+00  4.3607E+00  3.5022E+00  4.6054E+00  2.4732E+00  4.0160E+00  2.9838E+00  2.7686E+00  3.1375E+00  3.2102E+00
       4.4126E+00  4.3200E+00  5.1434E+00  4.3131E+00  3.8337E+00  4.4121E+00  3.7589E+00  3.5686E+00  3.6264E+00  5.2304E+00
       4.6575E+00  4.5896E+00  3.4483E+00  3.4097E+00  4.1740E+00  4.6281E+00  4.9679E+00  5.7274E+00  4.3542E+00  4.4157E+00
       5.7008E+00  5.9075E+00  5.5334E+00  3.3335E+00  3.8477E+00  5.8450E+00  5.2096E+00  3.6802E+00  4.0602E+00  4.6119E+00
       6.5022E+00  4.2143E+00  4.5943E+00  4.7892E+00  4.8374E+00  4.5925E+00  4.2029E+00  6.2841E+00  5.7644E+00  5.9189E+00
       6.3142E+00  4.3665E+00  3.5049E+00  4.4495E+00  5.2129E+00  4.0673E+00  5.0740E+00  5.8374E+00  3.4325E+00  5.4032E+00
       7.2684E+00  4.9876E+00  3.5082E+00  3.4082E+00  3.8516E+00  4.5063E+00  3.7054E+00  4.5054E+00  3.5813E+00  5.4545E+00
       7.3957E+00  4.7354E+00  4.9548E+00  3.9034E+00  4.4466E+00  3.8916E+00  3.4568E+00  4.4313E+00  5.2216E+00  6.3728E+00
       6.2331E+00  4.1135E+00  4.7367E+00  3.2456E+00  3.5355E+00  3.1862E+00  3.7007E+00  4.1751E+00  3.8414E+00  7.0165E+00
       4.3712E+00  4.5518E+00  4.0761E+00  3.4610E+00  3.7588E+00  4.2135E+00  3.8680E+00  4.2875E+00  4.4593E+00  3.3676E+00
       5.0071E+00  5.3466E+00  5.0209E+00  5.0585E+00  3.6992E+00  5.0634E+00  4.7674E+00  5.1889E+00  3.3545E+00  5.4135E+00
       4.0621E+00  5.1789E+00  5.4561E+00  3.9311E+00  3.4978E+00  4.9379E+00  3.4159E+00  5.9387E+00  4.4307E+00  5.8744E+00
       3.8367E+00  4.1327E+00  4.9592E+00  3.9040E+00  4.4055E+00  3.7792E+00  4.0969E+00  6.2020E+00  6.2009E+00  5.8597E+00
       6.3208E+00  4.9936E+00  5.7175E+00  4.6292E+00  4.7305E+00  5.5931E+00  5.2894E+00  5.7034E+00  6.4331E+00  7.1082E+00
       6.9006E+00  7.4624E+00  6.6914E+00  6.2418E+00  5.3256E+00  5.7847E+00  7.2710E+00  5.6321E+00  3.6101E+00  3.8390E+00
       8.4387E+00  6.8159E+00  4.5525E+00  5.2677E+00  4.9574E+00  4.0427E+00  4.8729E+00  5.5878E+00  5.5444E+00  6.2559E+00
       6.0417E+00  4.5675E+00  4.3125E+00  3.9491E+00  3.0559E+00  5.5087E+00  4.6165E+00  4.4540E+00  5.7117E+00  6.1952E+00
       5.7370E+00  6.0509E+00  5.9653E+00  4.2007E+00  3.9625E+00  5.6146E+00  4.6392E+00  5.2282E+00  6.3676E+00  6.1690E+00
       6.0826E+00  5.6442E+00  4.9109E+00  3.3619E+00  4.9448E+00  3.9938E+00  3.4596E+00  5.5197E+00  5.4000E+00  6.9489E+00
       5.3619E+00  4.5010E+00  3.5837E+00  4.6898E+00  4.4745E+00  4.0601E+00  4.4622E+00  5.6915E+00  5.2361E+00  7.3753E+00
       5.6634E+00  5.9461E+00  3.6503E+00  5.7105E+00  4.2113E+00  5.3711E+00  4.1045E+00  6.0490E+00  5.4003E+00  7.1021E+00
       6.6953E+00  4.4751E+00  3.8913E+00  4.4671E+00  3.2291E+00  4.0685E+00  4.4282E+00  6.2092E+00  5.2931E+00  4.7392E+00
       4.2633E+00  4.8627E+00  5.2977E+00  4.5353E+00  5.8319E+00  4.7739E+00  4.9625E+00  6.0870E+00  7.0148E+00  7.5236E+00
       6.7374E+00  4.6512E+00  7.5042E+00  5.0936E+00  4.4102E+00  5.0274E+00  5.3222E+00  5.9922E+00  5.9325E+00  7.0136E+00
       8.7379E+00  1.0590E+01  5.1268E+00  5.7007E+00  6.0770E+00  6.0372E+00  6.3878E+00  5.5333E+00  7.1419E+00  6.5685E+00
       7.1239E+00  7.3776E+00  6.5251E+00  5.7245E+00  5.8916E+00  5.4957E+00  3.6726E+00  5.5176E+00  7.4023E+00  7.0485E+00
       5.3001E+00  4.6886E+00  5.5746E+00  5.7709E+00  4.8206E+00  5.9122E+00  3.7657E+00  5.1281E+00  5.2848E+00  8.0181E+00
       6.2589E+00  5.7371E+00  5.3227E+00  4.2689E+00  4.1945E+00  5.3382E+00  5.8463E+00  6.4610E+00  6.6245E+00  5.0452E+00
       5.6219E+00  5.5579E+00  5.6892E+00  3.7208E+00  4.2266E+00  3.9755E+00  4.4565E+00  4.8442E+00  6.3817E+00  6.8557E+00
       6.4050E+00  5.6511E+00  5.8641E+00  4.8482E+00  3.5535E+00  4.2841E+00  4.7689E+00  6.2846E+00  6.9575E+00  7.0193E+00
       8.3509E+00  5.6584E+00  6.2177E+00  6.0964E+00  3.8184E+00  5.0426E+00  5.1884E+00  5.5817E+00  4.9051E+00  5.1842E+00
       7.2844E+00  6.5898E+00  4.6904E+00  5.7308E+00  3.7929E+00  4.6101E+00  3.9100E+00  4.2744E+00  8.2263E+00  5.0051E+00
       9.5928E+00  5.0533E+00  7.6526E+00  5.4318E+00  4.7420E+00  4.7792E+00  5.3186E+00  6.2963E+00  8.7333E+00  8.5584E+00
       7.3799E+00  6.9969E+00  5.6983E+00  4.6549E+00  6.0884E+00  5.8533E+00  5.8152E+00  5.9183E+00  7.4279E+00  8.6828E+00
       9.8769E+00  8.1145E+00  6.6613E+00  5.7708E+00  6.2480E+00  7.2710E+00  6.1092E+00  6.8760E+00  7.5824E+00  9.1268E+00
       8.7997E+00  9.3942E+00  5.5726E+00  6.6740E+00  7.1293E+00  6.3230E+00  7.1345E+00  5.7108E+00  8.2037E+00  6.5835E+00
       8.0173E+00  7.8028E+00  5.2694E+00  5.6901E+00  6.0373E+00  6.8343E+00  5.9563E+00  5.9022E+00  6.3596E+00  7.0819E+00
       8.4716E+00  5.0947E+00  6.3994E+00  5.0257E+00  3.9707E+00  6.0363E+00  5.5867E+00  4.8954E+00  5.2358E+00  8.5778E+00
       7.7071E+00  7.2281E+00  8.2033E+00  5.0557E+00  4.9903E+00  5.2110E+00  5.5707E+00  5.6745E+00  5.7559E+00  8.0426E+00
       7.6747E+00  7.0940E+00  7.5816E+00  5.5094E+00  4.7423E+00  4.3604E+00  6.4541E+00  5.7197E+00  6.6570E+00  7.2213E+00
       9.0935E+00  6.7446E+00  5.1637E+00  6.1507E+00  5.9307E+00  5.6337E+00  5.4449E+00  6.7004E+00  4.7327E+00  6.7639E+00
       7.9738E+00  6.7135E+00  4.8433E+00  6.9369E+00  7.0284E+00  5.6949E+00  6.0979E+00  5.8836E+00  6.9902E+00  7.9515E+00
       1.0848E+01  9.5561E+00  9.0727E+00  5.7324E+00  5.4632E+00  4.7427E+00  7.0232E+00  6.4743E+00  6.9894E+00  9.4927E+00
       8.2422E+00  6.9724E+00  7.3350E+00  7.7358E+00  5.2905E+00  6.3630E+00  7.7330E+00  8.6000E+00  8.9295E+00  8.9557E+00
       1.0133E+01  1.0135E+01  7.2568E+00  7.1042E+00  9.4912E+00  8.2890E+00  6.0608E+00  9.6043E+00  9.8871E+00  1.0511E+01
       7.2171E+00  1.0380E+01  6.9290E+00  9.6091E+00  7.4767E+00  4.9112E+00  8.2352E+00  6.9073E+00  8.8817E+00  9.6324E+00
       6.6265E+00  7.2787E+00  6.8938E+00  7.8874E+00  5.1554E+00  7.3935E+00  6.6877E+00  8.7495E+00  7.7151E+00  1.0463E+01
       9.9135E+00  5.6729E+00  7.7091E+00  6.1506E+00  6.9124E+00  5.3421E+00  4.9905E+00  6.5009E+00  7.6570E+00  7.9057E+00
       8.5271E+00  6.9486E+00  7.5400E+00  5.5854E+00  6.0585E+00  5.9455E+00  4.8756E+00  5.8422E+00  7.7212E+00  9.5240E+00
       6.9279E+00  5.9884E+00  7.5491E+00  6.3362E+00  4.5266E+00  5.1110E+00  7.3487E+00  6.7455E+00  6.1328E+00  1.0064E+01
       8.5841E+00  7.6729E+00  7.6205E+00  6.1248E+00  5.0756E+00  7.1855E+00  5.4808E+00  4.9987E+00  5.1810E+00  8.8789E+00
       1.1469E+01  8.4297E+00  4.2622E+00  6.0404E+00  6.1404E+00  7.0842E+00  6.0211E+00  7.9119E+00  8.6089E+00  1.0683E+01
       1.0496E+01  9.7389E+00  8.6124E+00  8.0808E+00  4.5053E+00  7.4756E+00  7.1052E+00  7.7866E+00  8.6619E+00  1.0234E+01
       1.0161E+01  8.6791E+00  8.9580E+00  8.4397E+00  5.9696E+00  8.4801E+00  8.0192E+00  8.6718E+00  1.0493E+01  1.0706E+01
       8.4231E+00  1.0227E+01  9.1869E+00  9.8417E+00  9.4367E+00  7.6071E+00  9.0977E+00  1.3754E+01  1.2413E+01  1.1302E+01
       8.3945E+00  9.8047E+00  9.6452E+00  1.0405E+01  6.6521E+00  7.1702E+00  8.3034E+00  7.6680E+00  1.0748E+01  8.2250E+00
       8.1482E+00  9.5491E+00  9.6181E+00  7.9976E+00  5.4507E+00  7.9075E+00  5.1947E+00  9.0991E+00  9.5781E+00  9.8086E+00
       1.2941E+01  7.1253E+00  8.0843E+00  7.5697E+00  6.5968E+00  5.4327E+00  7.1990E+00  6.3573E+00  9.6926E+00  6.8275E+00
       1.1483E+01  7.0679E+00  7.2625E+00  6.7717E+00  6.1551E+00  7.1162E+00  6.6746E+00  6.8106E+00  5.1362E+00  7.8024E+00
       8.1179E+00  5.8634E+00  8.9376E+00  7.7290E+00  6.1966E+00  6.3329E+00  8.4396E+00  8.7911E+00  8.3175E+00  8.5759E+00
       8.3383E+00  7.6708E+00  9.1438E+00  6.7102E+00  7.3257E+00  6.0560E+00  5.4630E+00  5.7786E+00  7.0833E+00  9.5099E+00
       1.0652E+01  9.2401E+00  1.0708E+01  8.5196E+00  7.7548E+00  7.3913E+00  9.6525E+00  7.6414E+00  8.5097E+00  1.2672E+01
       8.8274E+00  1.2068E+01  5.4574E+00  8.4689E+00  6.6866E+00  9.2294E+00  1.0317E+01  6.4070E+00  9.6910E+00  1.2886E+01
       9.3813E+00  7.8537E+00  9.7223E+00  9.9068E+00  9.0170E+00  9.7113E+00  8.7647E+00  1.0197E+01  1.0859E+01  1.4403E+01
