1
   Cartesian binning n.   1  "DoseEq    " , generalized particle n.  240
      X coordinate: from -8.5000E+01 to  8.5000E+01 cm,    10 bins ( 1.7000E+01 cm wide)
      Y coordinate: from -2.5000E+01 to  2.5000E+01 cm,    10 bins ( 5.0000E+00 cm wide)
      Z coordinate: from  2.2500E+02 to  2.7500E+02 cm,    10 bins ( 5.0000E+00 cm wide)
      Data follow in a matrix A(ix,iy,iz), format (1(5x,1p,10(1x,e11.4)))

      accurate deposition along the tracks requested
      this is a track-length binning
       9.1502E-05  1.1303E-04  1.3540E-04  1.3116E-04  1.3491E-04  1.4535E-04  1.3270E-04  1.3689E-04  1.1716E-04  8.6205E-05
       1.0047E-04  1.3439E-04  1.4573E-04  1.5981E-04  1.6260E-04  1.6506E-04  1.5733E-04  1.3650E-04  1.3706E-04  9.5242E-05
       1.0414E-04  1.3104E-04  1.5482E-04  1.7009E-04  1.7558E-04  1.6646E-04  1.6767E-04  1.4529E-04  1.4498E-04  9.4484E-05
       1.1566E-04  1.5038E-04  1.5616E-04  1.7092E-04  1.8623E-04  1.6112E-04  1.5856E-04  1.5790E-04  1.3552E-04  1.1091E-04
       1.1124E-04  1.4334E-04  1.5591E-04  1.7712E-04  1.7851E-04  1.6185E-04  1.6190E-04  1.5038E-04  1.3851E-04  1.0835E-04
       1.1914E-04  1.4007E-04  1.5641E-04  1.7025E-04  1.8356E-04  1.7357E-04  1.7527E-04  1.5487E-04  1.4391E-04  1.1356E-04
       1.0968E-04  1.3185E-04  1.5866E-04  1.7234E-04  1.8426E-04  1.8682E-04  1.8282E-04  1.5326E-04  1.3431E-04  1.0055E-04
       1.0707E-04  1.2450E-04  1.6709E-04  1.5942E-04  1.7120E-04  1.6629E-04  1.6829E-04  1.6393E-04  1.2631E-04  9.8553E-05
       1.0896E-04  1.3280E-04  1.4830E-04  1.6293E-04  1.5991E-04  1.5572E-04  1.6089E-04  1.5179E-04  1.2854E-04  9.9067E-05
       9.1478E-05  1.0661E-04  1.2796E-04  1.3840E-04  1.4025E-04  1.1767E-04  1.3402E-04  1.2449E-04  1.2146E-04  8.7739E-05
       7.9192E-05  1.0788E-04  1.2369E-04  1.2773E-04  1.2739E-04  1.2814E-04  1.2470E-04  1.1687E-04  1.1228E-04  7.0933E-05
       9.1377E-05  1.2109E-04  1.3166E-04  1.5886E-04  1.6337E-04  1.6022E-04  1.4840E-04  1.2845E-04  1.2910E-04  9.2473E-05
       1.0008E-04  1.2441E-04  1.4874E-04  1.7374E-04  1.7870E-04  1.7206E-04  1.6523E-04  1.3659E-04  1.3104E-04  8.9835E-05
       1.1532E-04  1.4054E-04  1.5771E-04  1.7543E-04  1.9544E-04  1.6608E-04  1.7784E-04  1.4929E-04  1.2468E-04  9.8635E-05
       1.1094E-04  1.3830E-04  1.6081E-04  1.7425E-04  1.8968E-04  1.7345E-04  1.7121E-04  1.6403E-04  1.2993E-04  9.7227E-05
       1.0567E-04  1.4379E-04  1.8026E-04  1.6959E-04  1.8038E-04  1.8194E-04  1.7766E-04  1.5155E-04  1.4310E-04  1.0261E-04
       1.1123E-04  1.3183E-04  1.5950E-04  1.5812E-04  1.8314E-04  1.9385E-04  1.7477E-04  1.4065E-04  1.3124E-04  9.3948E-05
       9.9095E-05  1.3078E-04  1.6412E-04  1.5158E-04  1.8088E-04  1.6692E-04  1.6165E-04  1.5277E-04  1.2836E-04  9.3600E-05
       9.7019E-05  1.1718E-04  1.4653E-04  1.5445E-04  1.6947E-04  1.4455E-04  1.5112E-04  1.3323E-04  1.2544E-04  9.3037E-05
       7.4329E-05  9.3289E-05  1.1621E-04  1.3217E-04  1.2329E-04  1.0952E-04  1.3264E-04  1.0648E-04  1.1281E-04  7.1870E-05
       6.1500E-05  9.1987E-05  8.8636E-05  1.0614E-04  1.0928E-04  1.0621E-04  1.0378E-04  9.1056E-05  8.8797E-05  5.9216E-05
       7.4846E-05  9.8804E-05  1.2447E-04  1.3127E-04  1.3809E-04  1.3689E-04  1.2475E-04  1.1204E-04  1.0335E-04  6.5321E-05
       8.8656E-05  1.1505E-04  1.4179E-04  1.5732E-04  1.5240E-04  1.6520E-04  1.5258E-04  1.2164E-04  1.1532E-04  8.5066E-05
       9.5596E-05  1.2606E-04  1.4346E-04  1.5373E-04  1.6818E-04  1.5375E-04  1.6416E-04  1.2713E-04  1.2638E-04  9.1507E-05
       9.6874E-05  1.2778E-04  1.4387E-04  1.6749E-04  1.6869E-04  1.5774E-04  1.5990E-04  1.4710E-04  1.2047E-04  8.6062E-05
       9.6077E-05  1.3138E-04  1.5147E-04  1.5877E-04  1.6276E-04  1.5319E-04  1.6364E-04  1.4528E-04  1.2359E-04  9.0334E-05
       9.1642E-05  1.1834E-04  1.4187E-04  1.5469E-04  1.6265E-04  1.6266E-04  1.6331E-04  1.3290E-04  1.1977E-04  8.7798E-05
       8.9077E-05  1.1424E-04  1.3527E-04  1.3337E-04  1.5394E-04  1.4606E-04  1.4669E-04  1.3261E-04  1.1670E-04  8.1535E-05
       7.4744E-05  1.0434E-04  1.1138E-04  1.3123E-04  1.3713E-04  1.2092E-04  1.2944E-04  1.2425E-04  9.7637E-05  8.2040E-05
       6.2222E-05  7.8419E-05  9.3429E-05  1.0595E-04  1.0751E-04  1.0147E-04  1.0507E-04  8.6122E-05  8.4955E-05  5.9548E-05
       4.9276E-05  6.9234E-05  7.3762E-05  9.0310E-05  7.8049E-05  9.1878E-05  8.4311E-05  7.1841E-05  7.7785E-05  4.9107E-05
       5.7990E-05  8.6381E-05  1.0431E-04  1.1664E-04  1.1826E-04  1.1520E-04  1.1391E-04  9.9112E-05  9.3651E-05  6.3232E-05
       7.1596E-05  9.5403E-05  1.1414E-04  1.3557E-04  1.3258E-04  1.3657E-04  1.1796E-04  1.0754E-04  1.0206E-04  7.4119E-05
       7.9885E-05  9.8828E-05  1.1906E-04  1.4648E-04  1.3856E-04  1.2166E-04  1.3319E-04  1.1033E-04  1.1241E-04  7.6688E-05
       8.0222E-05  1.1381E-04  1.2595E-04  1.4392E-04  1.3823E-04  1.2496E-04  1.3127E-04  1.2293E-04  1.2197E-04  8.3008E-05
       8.1982E-05  1.1384E-04  1.2775E-04  1.3967E-04  1.3851E-04  1.3345E-04  1.4666E-04  1.2166E-04  1.0226E-04  8.8042E-05
       7.5099E-05  1.0026E-04  1.1663E-04  1.3813E-04  1.4925E-04  1.3862E-04  1.4465E-04  1.1577E-04  1.0659E-04  6.7974E-05
       7.0525E-05  8.8009E-05  1.1804E-04  1.2672E-04  1.3175E-04  1.2454E-04  1.3040E-04  1.1846E-04  1.0698E-04  6.6775E-05
       5.7862E-05  9.7888E-05  8.9926E-05  1.1360E-04  1.2389E-04  1.1375E-04  1.1556E-04  9.8157E-05  9.1033E-05  6.5621E-05
       4.6746E-05  6.4332E-05  6.7260E-05  9.0538E-05  9.3804E-05  8.4375E-05  8.7841E-05  7.6858E-05  6.8967E-05  4.8757E-05
       4.0689E-05  6.3408E-05  5.8362E-05  7.1774E-05  6.8727E-05  6.9468E-05  6.5829E-05  5.5914E-05  6.3516E-05  4.3129E-05
       4.2319E-05  7.2354E-05  7.6727E-05  9.7717E-05  1.0387E-04  9.2271E-05  9.5092E-05  7.7768E-05  7.4989E-05  5.4846E-05
       6.0318E-05  7.9489E-05  9.6676E-05  1.0822E-04  1.1476E-04  9.7281E-05  9.8042E-05  9.6469E-05  8.8065E-05  6.8754E-05
       5.9781E-05  8.3851E-05  9.9277E-05  1.1851E-04  1.2193E-04  1.0754E-04  1.1566E-04  1.0465E-04  9.1253E-05  6.7155E-05
       5.5366E-05  9.8108E-05  1.1036E-04  1.1019E-04  1.1413E-04  1.0596E-04  1.1219E-04  1.0968E-04  8.7957E-05  6.1013E-05
       6.1812E-05  9.8747E-05  9.9605E-05  1.2221E-04  1.1354E-04  1.1834E-04  1.1139E-04  1.1321E-04  9.9156E-05  6.2788E-05
       6.1155E-05  9.4185E-05  9.5315E-05  1.1882E-04  1.1422E-04  1.2048E-04  1.1479E-04  1.0185E-04  8.4210E-05  5.9528E-05
       6.3771E-05  8.0956E-05  9.6728E-05  1.1164E-04  1.0670E-04  9.9266E-05  1.0093E-04  1.0487E-04  8.6084E-05  5.3836E-05
       5.3288E-05  7.5946E-05  7.8569E-05  9.4421E-05  9.7510E-05  9.7878E-05  9.3909E-05  9.1861E-05  7.1384E-05  5.6954E-05
       4.1935E-05  5.3464E-05  5.8048E-05  7.4778E-05  7.2724E-05  6.7615E-05  7.5613E-05  6.2061E-05  5.1688E-05  3.8610E-05
       3.4819E-05  4.5703E-05  4.4501E-05  6.0552E-05  6.3348E-05  6.0928E-05  5.6620E-05  4.6423E-05  5.2077E-05  3.3244E-05
       3.0871E-05  6.2364E-05  6.6659E-05  8.5290E-05  9.1032E-05  7.4488E-05  7.8782E-05  6.4952E-05  6.5008E-05  4.4802E-05
       4.4351E-05  6.6477E-05  7.6074E-05  8.8686E-05  9.1534E-05  8.1243E-05  8.1384E-05  7.7902E-05  6.9138E-05  5.3434E-05
       4.9840E-05  8.1328E-05  9.0363E-05  9.3400E-05  1.0450E-04  9.3672E-05  9.5372E-05  9.1593E-05  6.7701E-05  5.1220E-05
       4.5171E-05  8.3917E-05  9.3052E-05  9.5961E-05  1.0324E-04  9.6150E-05  8.9800E-05  8.9736E-05  7.3845E-05  4.5942E-05
       4.8092E-05  8.2381E-05  8.1590E-05  8.5175E-05  1.0333E-04  1.0011E-04  9.7736E-05  8.0292E-05  8.3760E-05  3.9659E-05
       4.3061E-05  8.1134E-05  7.1179E-05  9.8136E-05  8.7066E-05  9.8911E-05  9.4986E-05  8.4101E-05  7.6439E-05  4.8570E-05
       5.2784E-05  6.8597E-05  7.2153E-05  9.1786E-05  7.9230E-05  8.7804E-05  8.4815E-05  9.1512E-05  6.9176E-05  4.5823E-05
       3.7864E-05  5.6382E-05  6.6913E-05  7.6893E-05  7.2256E-05  7.9629E-05  6.9463E-05  6.8029E-05  5.9884E-05  4.0928E-05
       3.3640E-05  3.9061E-05  4.9765E-05  5.9790E-05  5.9543E-05  5.3830E-05  5.5855E-05  5.1329E-05  4.2480E-05  3.0773E-05
       2.3191E-05  3.6298E-05  3.7773E-05  4.2030E-05  5.0658E-05  3.9418E-05  4.1987E-05  3.7159E-05  3.5697E-05  2.3811E-05
       2.5773E-05  4.9501E-05  5.0182E-05  6.8548E-05  6.6549E-05  5.7264E-05  6.6928E-05  5.2666E-05  6.0159E-05  3.9332E-05
       3.5143E-05  5.3958E-05  6.3458E-05  7.8144E-05  7.7512E-05  6.9341E-05  6.9587E-05  6.6354E-05  5.6780E-05  3.8499E-05
       4.4840E-05  6.7294E-05  6.4033E-05  8.6143E-05  7.9738E-05  7.1978E-05  7.1195E-05  7.1655E-05  6.4313E-05  4.0799E-05
       3.7103E-05  6.5114E-05  7.9449E-05  7.8851E-05  8.1146E-05  7.7289E-05  7.5508E-05  6.9932E-05  5.7300E-05  3.1809E-05
       3.6902E-05  6.8097E-05  6.7292E-05  7.1556E-05  8.8408E-05  7.3257E-05  7.9563E-05  6.3823E-05  6.2100E-05  3.1278E-05
       3.4548E-05  6.1959E-05  5.8648E-05  7.6755E-05  6.5153E-05  8.0171E-05  8.0153E-05  6.8272E-05  6.1329E-05  3.8407E-05
       3.6687E-05  4.6218E-05  6.4142E-05  7.3608E-05  6.0562E-05  7.2336E-05  7.2765E-05  6.1988E-05  5.6019E-05  3.5267E-05
       3.1969E-05  3.7332E-05  5.1485E-05  5.7801E-05  5.7060E-05  6.4818E-05  5.7780E-05  5.3434E-05  4.8602E-05  3.0794E-05
       2.4746E-05  2.9778E-05  3.2926E-05  4.4020E-05  4.1286E-05  4.4854E-05  4.4360E-05  4.2900E-05  3.4032E-05  3.0025E-05
       1.8774E-05  2.6901E-05  3.0761E-05  3.1083E-05  3.8362E-05  3.0405E-05  3.9573E-05  2.6634E-05  3.0763E-05  2.1712E-05
       2.4403E-05  3.9968E-05  4.3021E-05  4.7462E-05  5.2041E-05  4.9802E-05  4.8630E-05  3.7997E-05  4.0110E-05  3.3178E-05
       3.1784E-05  4.7139E-05  4.9910E-05  6.4580E-05  5.9581E-05  5.0690E-05  5.4690E-05  5.2705E-05  4.6515E-05  3.3185E-05
       3.2401E-05  4.9952E-05  5.8277E-05  6.5175E-05  5.9719E-05  5.7650E-05  5.5791E-05  5.5129E-05  4.2677E-05  2.9218E-05
       3.3092E-05  5.5974E-05  5.7017E-05  7.0979E-05  5.8217E-05  5.8511E-05  5.4588E-05  5.3458E-05  4.9822E-05  2.5350E-05
       2.8203E-05  5.0380E-05  5.1441E-05  5.5803E-05  6.6327E-05  5.8391E-05  5.7067E-05  5.3173E-05  4.7080E-05  2.5436E-05
       3.0102E-05  4.3311E-05  4.6183E-05  6.3645E-05  5.4867E-05  6.6410E-05  5.8344E-05  5.2930E-05  4.1517E-05  2.9529E-05
       3.2662E-05  3.5877E-05  4.7389E-05  6.0345E-05  4.9250E-05  5.7342E-05  5.5517E-05  4.7227E-05  3.9568E-05  3.5928E-05
       2.1694E-05  3.2785E-05  4.3805E-05  4.8958E-05  4.6338E-05  4.4584E-05  4.3093E-05  3.7757E-05  3.2825E-05  2.7967E-05
       1.9458E-05  2.0958E-05  2.5177E-05  3.4750E-05  3.0662E-05  3.3604E-05  3.7304E-05  3.5989E-05  3.0145E-05  1.6628E-05
       1.4344E-05  1.9605E-05  2.4501E-05  2.5165E-05  2.8810E-05  2.4654E-05  2.5891E-05  1.6843E-05  2.2267E-05  1.7791E-05
       1.9183E-05  2.6668E-05  3.8601E-05  3.8878E-05  3.1354E-05  3.3182E-05  3.4609E-05  3.1371E-05  2.9074E-05  2.1615E-05
       2.3411E-05  3.2133E-05  4.1164E-05  4.7947E-05  4.2010E-05  4.2294E-05  4.2214E-05  3.4080E-05  3.6388E-05  2.6947E-05
       2.4682E-05  3.4552E-05  4.0709E-05  4.4072E-05  4.7136E-05  4.2347E-05  4.3119E-05  3.6522E-05  4.1819E-05  1.6011E-05
       2.4239E-05  3.6929E-05  4.0933E-05  5.5661E-05  4.1480E-05  4.0910E-05  4.1840E-05  4.1945E-05  3.7463E-05  1.8049E-05
       2.2662E-05  3.4934E-05  3.9770E-05  5.0555E-05  4.8875E-05  4.9285E-05  4.3743E-05  4.3889E-05  3.5259E-05  2.3211E-05
       2.1259E-05  3.6934E-05  3.5026E-05  4.2683E-05  4.2317E-05  4.8487E-05  4.3078E-05  4.0645E-05  3.0467E-05  2.0785E-05
       2.3119E-05  3.0774E-05  4.0377E-05  4.3072E-05  4.2025E-05  4.5755E-05  4.2854E-05  4.1787E-05  3.0459E-05  2.1716E-05
       1.9667E-05  3.0230E-05  3.2356E-05  3.4942E-05  3.1899E-05  3.7172E-05  2.9373E-05  3.1302E-05  2.6991E-05  2.1985E-05
       1.4718E-05  1.9456E-05  2.2356E-05  2.2548E-05  2.3352E-05  2.7352E-05  2.5787E-05  2.4037E-05  1.9890E-05  1.5005E-05
       1.0066E-05  1.6268E-05  1.7168E-05  1.8701E-05  2.0441E-05  1.8548E-05  2.0646E-05  1.6404E-05  1.4680E-05  1.2747E-05
       1.3480E-05  1.9105E-05  2.1906E-05  2.4702E-05  2.4973E-05  2.4707E-05  2.1477E-05  2.1885E-05  1.5304E-05  1.4784E-05
       1.7546E-05  2.1493E-05  2.4473E-05  3.2201E-05  2.8874E-05  3.1952E-05  2.7546E-05  2.2559E-05  2.1330E-05  1.6739E-05
       1.7177E-05  2.1530E-05  2.4413E-05  3.3221E-05  3.1515E-05  3.0411E-05  3.0431E-05  2.9849E-05  2.2656E-05  1.5910E-05
       1.4683E-05  2.6934E-05  2.8909E-05  3.3427E-05  3.2674E-05  3.0685E-05  3.1305E-05  2.9084E-05  2.8186E-05  1.7324E-05
       1.7698E-05  2.1420E-05  2.6494E-05  3.4588E-05  3.8279E-05  3.2543E-05  2.6961E-05  3.1185E-05  2.4186E-05  1.8425E-05
       1.8658E-05  2.1730E-05  2.9431E-05  2.6706E-05  2.9613E-05  3.1866E-05  3.2413E-05  2.6140E-05  1.8726E-05  1.7358E-05
       1.1037E-05  2.2195E-05  2.7909E-05  2.6425E-05  2.7883E-05  3.0061E-05  2.9275E-05  2.7204E-05  2.1370E-05  1.5710E-05
       1.8513E-05  2.0003E-05  2.2436E-05  2.5267E-05  2.4146E-05  2.2976E-05  2.4438E-05  2.3056E-05  1.8619E-05  1.3851E-05
       1.4006E-05  1.5392E-05  1.4315E-05  1.9975E-05  1.7742E-05  1.9007E-05  2.0001E-05  1.6868E-05  1.4956E-05  1.2301E-05

      Percentage errors follow in a matrix A(ix,iy,iz), format (1(5x,1p,10(1x,e11.4)))

       6.3469E+00  4.7291E+00  4.3292E+00  5.4364E+00  4.8808E+00  4.7965E+00  4.3236E+00  4.6728E+00  5.3523E+00  5.5600E+00
       5.1826E+00  5.1367E+00  6.4299E+00  5.0476E+00  5.3922E+00  4.3620E+00  4.2353E+00  4.4062E+00  5.5586E+00  4.9509E+00
       3.7031E+00  4.2579E+00  4.4020E+00  4.9273E+00  5.7861E+00  4.8745E+00  4.3559E+00  3.6980E+00  5.2735E+00  5.8136E+00
       4.9164E+00  4.6071E+00  4.2941E+00  3.9950E+00  4.1270E+00  4.5033E+00  4.3078E+00  4.4595E+00  4.1778E+00  3.8244E+00
       6.2971E+00  5.2447E+00  4.7549E+00  4.2007E+00  3.4685E+00  4.4030E+00  3.9031E+00  3.3975E+00  5.7232E+00  7.0970E+00
       6.0579E+00  5.4169E+00  5.0065E+00  5.0487E+00  4.8562E+00  4.8062E+00  3.6010E+00  4.0674E+00  6.6822E+00  4.4782E+00
       6.1382E+00  5.3583E+00  4.8489E+00  4.5673E+00  4.3923E+00  5.6407E+00  3.4771E+00  5.1262E+00  4.4791E+00  5.6958E+00
       5.9504E+00  6.7255E+00  4.1334E+00  6.0884E+00  4.2386E+00  6.3872E+00  5.4630E+00  4.1617E+00  4.1937E+00  5.7291E+00
       6.0232E+00  5.2075E+00  4.3465E+00  5.2756E+00  4.6031E+00  4.6733E+00  4.9210E+00  5.4793E+00  4.1753E+00  6.7556E+00
       5.8700E+00  6.6252E+00  5.7139E+00  3.9453E+00  4.6921E+00  6.3584E+00  3.8048E+00  4.6244E+00  4.0423E+00  6.1044E+00
       7.0770E+00  5.7166E+00  4.7790E+00  5.1095E+00  5.0090E+00  5.1938E+00  6.7330E+00  6.2198E+00  5.9438E+00  5.5186E+00
       4.4444E+00  4.5661E+00  6.2887E+00  4.4984E+00  6.2320E+00  6.0610E+00  3.0728E+00  6.0731E+00  4.8858E+00  6.9074E+00
       5.4614E+00  3.5703E+00  4.6187E+00  4.8136E+00  5.5173E+00  5.3765E+00  4.3811E+00  6.0033E+00  5.4934E+00  6.1821E+00
       4.4007E+00  4.9058E+00  3.8228E+00  3.6568E+00  4.5833E+00  5.1471E+00  3.7351E+00  5.8771E+00  4.5873E+00  5.1015E+00
       6.3490E+00  4.9891E+00  4.8641E+00  4.6860E+00  4.4785E+00  3.9903E+00  5.4148E+00  3.8695E+00  6.8126E+00  8.5647E+00
       5.9855E+00  4.8581E+00  4.5423E+00  5.4903E+00  3.8965E+00  5.6754E+00  4.2871E+00  4.9413E+00  5.7646E+00  4.6114E+00
       5.7872E+00  4.8207E+00  5.2912E+00  4.6416E+00  3.3970E+00  4.6142E+00  5.5617E+00  4.8572E+00  3.5651E+00  5.4798E+00
       5.3901E+00  6.0420E+00  5.4714E+00  4.7881E+00  4.0832E+00  5.5020E+00  4.8593E+00  6.3138E+00  5.2293E+00  6.8649E+00
       6.5524E+00  6.2173E+00  6.0241E+00  5.6503E+00  5.6694E+00  5.6614E+00  4.3887E+00  4.6539E+00  4.2282E+00  7.1030E+00
       7.3164E+00  5.9975E+00  6.9797E+00  7.0428E+00  4.5741E+00  5.3588E+00  4.7807E+00  7.3858E+00  5.2221E+00  6.6487E+00
       6.3087E+00  5.0846E+00  6.9993E+00  6.3981E+00  7.0580E+00  4.3325E+00  4.2809E+00  7.7045E+00  6.1585E+00  8.0143E+00
       6.3606E+00  5.3456E+00  6.0649E+00  6.3454E+00  7.4517E+00  4.6531E+00  5.9036E+00  7.1768E+00  5.3090E+00  8.5708E+00
       7.2365E+00  5.9735E+00  2.9046E+00  6.1633E+00  5.1219E+00  5.1357E+00  4.2822E+00  5.6792E+00  5.3680E+00  6.4709E+00
       7.0828E+00  4.7083E+00  5.1527E+00  4.2243E+00  4.8329E+00  5.7315E+00  4.4114E+00  5.3812E+00  4.0773E+00  4.7943E+00
       6.6139E+00  4.2098E+00  4.6010E+00  4.4785E+00  3.6236E+00  5.4000E+00  4.8398E+00  5.7926E+00  4.9004E+00  5.8188E+00
       4.8102E+00  3.3203E+00  4.8381E+00  4.9465E+00  3.9593E+00  6.0034E+00  4.5040E+00  5.6340E+00  6.2390E+00  6.5440E+00
       5.1304E+00  4.4334E+00  3.5546E+00  5.4063E+00  3.8701E+00  4.6037E+00  5.5695E+00  5.5544E+00  5.7234E+00  5.7115E+00
       6.2120E+00  4.8174E+00  6.5896E+00  5.1822E+00  4.0658E+00  5.3977E+00  5.4213E+00  6.0348E+00  5.2385E+00  5.9170E+00
       6.4477E+00  5.8333E+00  6.7589E+00  5.1758E+00  4.5101E+00  5.8207E+00  5.7079E+00  5.4830E+00  6.4923E+00  6.4199E+00
       7.5912E+00  6.1053E+00  5.9937E+00  5.5417E+00  3.9594E+00  6.4636E+00  5.6311E+00  8.6217E+00  5.2864E+00  7.5111E+00
       4.9253E+00  7.0755E+00  6.9977E+00  7.1004E+00  7.3377E+00  6.1183E+00  6.8222E+00  7.7808E+00  7.3986E+00  8.7611E+00
       7.7411E+00  4.7834E+00  5.3232E+00  5.9555E+00  5.4278E+00  4.8186E+00  5.5362E+00  7.4523E+00  5.9992E+00  9.5494E+00
       7.5550E+00  5.4177E+00  4.5493E+00  6.6038E+00  5.3393E+00  5.3200E+00  5.1194E+00  6.3911E+00  6.6681E+00  5.1042E+00
       7.1386E+00  6.8533E+00  5.1144E+00  3.9996E+00  5.7062E+00  6.2078E+00  3.3400E+00  4.5042E+00  5.5330E+00  5.9747E+00
       5.7673E+00  5.3052E+00  5.9381E+00  4.6689E+00  4.8240E+00  4.6773E+00  4.2031E+00  6.5243E+00  5.1335E+00  5.8352E+00
       6.0567E+00  4.9340E+00  4.4767E+00  5.6527E+00  5.2955E+00  6.0983E+00  3.1951E+00  5.5871E+00  6.4860E+00  6.8156E+00
       6.9071E+00  4.9826E+00  4.5112E+00  4.8479E+00  5.8111E+00  5.3226E+00  6.0376E+00  5.1343E+00  6.4287E+00  5.9902E+00
       8.3709E+00  6.4243E+00  5.6317E+00  5.7489E+00  4.6666E+00  5.8467E+00  5.7043E+00  5.0627E+00  5.3550E+00  7.0623E+00
       8.5181E+00  6.4438E+00  8.3418E+00  6.8866E+00  6.9216E+00  6.9226E+00  6.0989E+00  5.6673E+00  6.9292E+00  6.1859E+00
       6.3053E+00  8.3600E+00  6.6217E+00  6.4813E+00  4.2833E+00  5.1220E+00  5.8986E+00  7.2296E+00  7.2682E+00  8.7783E+00
       7.0050E+00  6.5206E+00  5.5412E+00  6.8505E+00  8.1758E+00  8.0662E+00  6.1295E+00  8.6510E+00  5.0307E+00  1.1062E+01
       9.0539E+00  6.5148E+00  6.1137E+00  6.9138E+00  5.1577E+00  7.4702E+00  5.4160E+00  6.7004E+00  5.6276E+00  8.4291E+00
       8.0742E+00  7.9093E+00  5.4485E+00  6.9743E+00  5.3018E+00  6.6611E+00  5.9427E+00  6.9654E+00  7.5980E+00  7.4050E+00
       7.0950E+00  6.4609E+00  5.9453E+00  6.4134E+00  4.6278E+00  4.1637E+00  5.4087E+00  5.2322E+00  5.9646E+00  7.2867E+00
       7.9857E+00  4.9909E+00  6.0912E+00  6.2810E+00  5.6871E+00  3.9609E+00  6.1938E+00  7.4044E+00  6.4954E+00  8.3564E+00
       7.9136E+00  5.3381E+00  4.1618E+00  5.2789E+00  4.9997E+00  5.2130E+00  3.7201E+00  5.6703E+00  6.4505E+00  8.2761E+00
       7.1088E+00  5.0312E+00  4.9680E+00  5.2316E+00  5.6411E+00  7.4163E+00  6.8020E+00  7.2513E+00  5.9522E+00  6.7028E+00
       8.0767E+00  6.7280E+00  5.1185E+00  5.7997E+00  6.2666E+00  5.6515E+00  6.2333E+00  7.0046E+00  2.5097E+00  9.7341E+00
       1.0843E+01  7.8429E+00  5.3582E+00  6.5441E+00  7.0794E+00  4.9879E+00  5.5864E+00  6.1227E+00  7.2190E+00  6.6648E+00
       1.0286E+01  8.9403E+00  7.5001E+00  7.2514E+00  7.8148E+00  6.9143E+00  5.8938E+00  6.5765E+00  6.4711E+00  1.0090E+01
       9.3340E+00  6.4025E+00  9.4452E+00  5.7603E+00  8.6511E+00  6.2087E+00  6.8913E+00  1.0460E+01  7.2385E+00  1.2539E+01
       1.0200E+01  8.1017E+00  7.8016E+00  7.6867E+00  5.7653E+00  6.9268E+00  7.2920E+00  8.4938E+00  6.9118E+00  1.1624E+01
       7.8192E+00  7.4411E+00  6.3187E+00  6.9900E+00  4.4396E+00  6.0290E+00  6.1941E+00  7.2482E+00  7.0521E+00  1.2508E+01
       7.4124E+00  6.0653E+00  7.2104E+00  7.2365E+00  6.4213E+00  6.3522E+00  5.8287E+00  6.3223E+00  6.6556E+00  8.7091E+00
       6.7017E+00  5.7132E+00  5.8502E+00  7.2904E+00  5.4486E+00  4.2747E+00  6.4032E+00  6.1949E+00  6.1675E+00  9.4767E+00
       7.7238E+00  5.5995E+00  6.8542E+00  6.1063E+00  6.4581E+00  5.5068E+00  4.7545E+00  7.3070E+00  6.2350E+00  7.0171E+00
       9.5134E+00  4.2863E+00  6.8552E+00  5.3607E+00  5.6785E+00  7.0065E+00  6.3334E+00  6.2291E+00  7.8238E+00  8.5375E+00
       7.8343E+00  7.8371E+00  6.2204E+00  4.4402E+00  4.8892E+00  7.6423E+00  6.0097E+00  5.2153E+00  4.7907E+00  9.9366E+00
       1.0116E+01  7.8571E+00  6.8151E+00  7.4196E+00  7.9285E+00  6.6921E+00  7.0049E+00  7.4164E+00  7.3981E+00  9.0612E+00
       6.8181E+00  1.0037E+01  7.2755E+00  9.2979E+00  6.9667E+00  8.7752E+00  7.6988E+00  8.8949E+00  8.2397E+00  8.7459E+00
       1.0144E+01  7.7650E+00  1.2441E+01  8.5063E+00  9.5415E+00  9.3855E+00  9.4444E+00  1.3105E+01  9.6649E+00  1.5655E+01
       1.0451E+01  6.7532E+00  7.7549E+00  6.6818E+00  9.0505E+00  8.6481E+00  5.7969E+00  8.3375E+00  6.3953E+00  1.0657E+01
       7.4626E+00  7.3433E+00  9.0528E+00  6.7506E+00  6.0991E+00  6.3107E+00  6.3962E+00  9.2476E+00  8.6858E+00  9.1779E+00
       1.1206E+01  7.5938E+00  8.8917E+00  9.2596E+00  6.0479E+00  8.2933E+00  7.7272E+00  7.7387E+00  1.0503E+01  6.9007E+00
       9.2111E+00  6.1739E+00  6.7826E+00  8.3564E+00  8.1327E+00  5.8393E+00  6.4972E+00  7.5004E+00  7.3659E+00  1.1703E+01
       1.0398E+01  7.0134E+00  8.6856E+00  8.0900E+00  8.4326E+00  7.4791E+00  6.6866E+00  6.4686E+00  7.8955E+00  9.2678E+00
       9.7228E+00  6.5383E+00  8.2649E+00  6.2873E+00  4.7881E+00  5.2295E+00  5.2127E+00  5.5167E+00  9.5136E+00  1.0344E+01
       9.3073E+00  9.2680E+00  8.6279E+00  6.4346E+00  5.7642E+00  9.4890E+00  5.4608E+00  6.2647E+00  9.3633E+00  8.8882E+00
       1.1451E+01  8.4372E+00  8.8915E+00  9.1354E+00  8.0636E+00  6.1207E+00  7.4881E+00  6.4880E+00  9.2305E+00  7.7743E+00
       1.1755E+01  9.6705E+00  1.1275E+01  1.1513E+01  5.4628E+00  6.8770E+00  8.9310E+00  9.5249E+00  7.6561E+00  7.6587E+00
       1.3770E+01  1.1376E+01  1.0532E+01  9.8112E+00  7.8608E+00  9.6469E+00  9.4149E+00  1.4146E+01  1.1960E+01  1.5614E+01
       1.0891E+01  7.5304E+00  7.6513E+00  9.5090E+00  9.5477E+00  8.9276E+00  9.0501E+00  9.5607E+00  8.7282E+00  7.0445E+00
       1.2361E+01  1.1353E+01  8.2133E+00  7.0265E+00  7.0089E+00  7.7858E+00  9.3518E+00  7.5204E+00  1.0482E+01  1.3039E+01
       1.0687E+01  5.6052E+00  7.3776E+00  6.1835E+00  5.2148E+00  8.9099E+00  4.9985E+00  6.6839E+00  9.7293E+00  1.2433E+01
       1.0027E+01  7.1133E+00  5.6656E+00  6.6156E+00  8.3641E+00  9.4823E+00  7.4437E+00  8.1562E+00  8.3741E+00  1.5818E+01
       1.4681E+01  1.3613E+01  1.1118E+01  6.3784E+00  6.1308E+00  1.1134E+01  8.8450E+00  7.2588E+00  8.3332E+00  1.0193E+01
       1.2527E+01  9.9366E+00  9.2156E+00  7.4890E+00  7.9653E+00  5.6939E+00  5.7718E+00  8.5960E+00  9.6406E+00  1.1336E+01
       1.0462E+01  8.1943E+00  7.8300E+00  7.8001E+00  7.6446E+00  1.0194E+01  6.4778E+00  9.2986E+00  9.7916E+00  8.8283E+00
       1.1384E+01  8.9747E+00  6.6307E+00  7.5156E+00  6.6970E+00  9.0707E+00  1.0503E+01  7.6278E+00  9.0118E+00  1.0804E+01
       1.3036E+01  8.0014E+00  1.0110E+01  9.9569E+00  9.6214E+00  9.3762E+00  8.2915E+00  1.3210E+01  1.0360E+01  1.2252E+01
       1.3578E+01  1.4241E+01  1.0584E+01  9.0788E+00  1.0542E+01  1.1526E+01  1.0086E+01  1.5259E+01  1.3349E+01  1.4557E+01
       1.3733E+01  1.1011E+01  1.0932E+01  1.1411E+01  1.3519E+01  1.1740E+01  7.1782E+00  8.0725E+00  6.9167E+00  1.0806E+01
       1.4943E+01  8.7116E+00  8.8138E+00  7.6594E+00  9.2194E+00  1.0218E+01  9.2752E+00  1.0734E+01  9.8791E+00  1.4280E+01
       1.3710E+01  9.0625E+00  8.4485E+00  6.6966E+00  7.8492E+00  1.1170E+01  7.0195E+00  9.1912E+00  8.7435E+00  1.8537E+01
       1.1424E+01  7.6554E+00  8.4293E+00  7.6580E+00  9.0080E+00  1.0639E+01  1.1681E+01  1.1458E+01  1.0922E+01  1.9145E+01
       1.0355E+01  1.4895E+01  8.3220E+00  6.4703E+00  8.8155E+00  1.1853E+01  9.4608E+00  1.1556E+01  9.0154E+00  1.0244E+01
       1.3040E+01  1.1119E+01  1.0862E+01  9.4121E+00  1.0381E+01  7.3430E+00  8.0420E+00  6.9452E+00  1.0568E+01  1.3770E+01
       8.4030E+00  1.0747E+01  9.1077E+00  9.3194E+00  6.8220E+00  8.4528E+00  6.9235E+00  6.0113E+00  1.0975E+01  1.5436E+01
       1.4908E+01  9.1698E+00  9.4550E+00  1.0257E+01  8.5782E+00  1.1328E+01  1.0228E+01  9.3239E+00  1.3961E+01  8.5840E+00
       1.6348E+01  1.1190E+01  9.7217E+00  1.1113E+01  8.6236E+00  1.1220E+01  1.0514E+01  1.3291E+01  1.3886E+01  1.7586E+01
       1.7312E+01  1.2560E+01  1.5568E+01  1.2704E+01  1.3244E+01  1.4145E+01  9.4343E+00  1.2738E+01  1.7395E+01  1.1492E+01
       1.4709E+01  1.2387E+01  1.1941E+01  1.1872E+01  1.2518E+01  1.0024E+01  1.0275E+01  1.2030E+01  1.2587E+01  1.4962E+01
       1.5299E+01  1.2073E+01  9.8968E+00  1.0515E+01  8.4967E+00  1.3162E+01  8.4160E+00  1.1153E+01  1.4493E+01  1.2711E+01
       1.4358E+01  1.1261E+01  1.2072E+01  6.0439E+00  1.0859E+01  1.2250E+01  1.1428E+01  1.2693E+01  1.5068E+01  1.6989E+01
       1.1232E+01  1.0209E+01  1.2252E+01  8.8747E+00  1.0743E+01  9.5524E+00  9.0523E+00  1.2136E+01  1.1423E+01  1.4459E+01
       1.0451E+01  1.2381E+01  9.8674E+00  7.8391E+00  8.7612E+00  1.4198E+01  1.1871E+01  1.1579E+01  1.0193E+01  1.4514E+01
       1.4036E+01  1.3702E+01  1.2471E+01  1.1614E+01  1.0971E+01  9.4301E+00  1.2333E+01  1.0921E+01  9.3612E+00  1.4341E+01
       1.2818E+01  9.9404E+00  8.6940E+00  9.3504E+00  9.9327E+00  1.0633E+01  9.2144E+00  1.1473E+01  1.1145E+01  1.6837E+01
       1.6699E+01  1.4480E+01  1.1531E+01  1.2342E+01  1.0157E+01  1.2032E+01  1.1075E+01  1.3580E+01  1.3997E+01  9.3699E+00
       1.4419E+01  1.4139E+01  1.6589E+01  1.1936E+01  1.1197E+01  1.3662E+01  1.4434E+01  1.4342E+01  1.3513E+01  1.9078E+01
