1
   Cartesian binning n.   1  "DoseEq    " , generalized particle n.  240
      X coordinate: from -8.5000E+01 to  8.5000E+01 cm,    10 bins ( 1.7000E+01 cm wide)
      Y coordinate: from -2.5000E+01 to  2.5000E+01 cm,    10 bins ( 5.0000E+00 cm wide)
      Z coordinate: from  2.2500E+02 to  2.7500E+02 cm,    10 bins ( 5.0000E+00 cm wide)
      Data follow in a matrix A(ix,iy,iz), format (1(5x,1p,10(1x,e11.4)))

      accurate deposition along the tracks requested
      this is a track-length binning
       6.4539E-05  8.0320E-05  8.4968E-05  1.0644E-04  1.0074E-04  9.8428E-05  9.2199E-05  8.5118E-05  7.2258E-05  6.3109E-05
       6.9026E-05  9.6685E-05  1.0827E-04  1.1603E-04  1.1963E-04  1.0242E-04  1.1390E-04  8.8702E-05  7.4977E-05  6.9972E-05
       6.9073E-05  9.0321E-05  1.0417E-04  1.1177E-04  1.3224E-04  1.1948E-04  1.1905E-04  1.0944E-04  8.2712E-05  7.3724E-05
       7.9178E-05  1.0209E-04  1.1364E-04  1.1036E-04  1.2708E-04  1.2995E-04  1.2500E-04  1.1256E-04  8.7049E-05  7.1529E-05
       7.9091E-05  1.1322E-04  1.1632E-04  1.1150E-04  1.2015E-04  1.2417E-04  1.0997E-04  1.1009E-04  9.9101E-05  7.5278E-05
       8.1552E-05  1.0397E-04  1.1124E-04  1.1770E-04  1.2503E-04  1.3047E-04  1.1868E-04  1.0573E-04  8.9502E-05  6.3880E-05
       8.3641E-05  9.0814E-05  1.0312E-04  1.1371E-04  1.2840E-04  1.2607E-04  1.2436E-04  1.1159E-04  8.8899E-05  7.7126E-05
       7.8688E-05  8.9764E-05  9.9865E-05  1.0297E-04  1.0912E-04  1.1773E-04  1.1423E-04  1.0807E-04  8.8914E-05  7.9520E-05
       6.7080E-05  7.8645E-05  9.4191E-05  1.1259E-04  1.0832E-04  1.1184E-04  1.1026E-04  9.3786E-05  8.4907E-05  6.4975E-05
       6.7545E-05  7.8676E-05  9.4737E-05  9.1434E-05  9.8130E-05  9.5804E-05  9.9418E-05  8.3674E-05  7.5200E-05  6.7276E-05
       5.6257E-05  7.2594E-05  7.7232E-05  9.4670E-05  9.4416E-05  9.6611E-05  8.5866E-05  7.2920E-05  7.3886E-05  5.7564E-05
       6.4453E-05  8.8307E-05  9.3118E-05  1.1010E-04  1.1949E-04  1.0346E-04  1.0940E-04  8.1761E-05  8.3080E-05  6.6736E-05
       6.3725E-05  9.7430E-05  1.0348E-04  1.1612E-04  1.2697E-04  1.1605E-04  1.2330E-04  1.1755E-04  8.3461E-05  6.9560E-05
       7.8059E-05  9.9724E-05  1.2194E-04  1.1128E-04  1.2095E-04  1.3067E-04  1.1343E-04  1.1908E-04  8.7436E-05  6.4337E-05
       7.8579E-05  1.1147E-04  1.2263E-04  1.2122E-04  1.1349E-04  1.2480E-04  1.0954E-04  1.1880E-04  1.0117E-04  7.4984E-05
       8.6915E-05  1.0453E-04  1.1389E-04  1.2495E-04  1.2637E-04  1.2260E-04  1.2419E-04  1.1402E-04  1.0638E-04  6.6653E-05
       8.6843E-05  9.5118E-05  1.0858E-04  1.1835E-04  1.2182E-04  1.3345E-04  1.2156E-04  1.0852E-04  9.3673E-05  6.9637E-05
       7.1714E-05  9.3324E-05  1.0590E-04  1.0148E-04  1.1076E-04  1.1899E-04  1.1716E-04  1.0165E-04  9.1209E-05  7.4786E-05
       6.0865E-05  7.6327E-05  9.5652E-05  1.1071E-04  1.1209E-04  1.0800E-04  1.1015E-04  9.0028E-05  8.5057E-05  6.8987E-05
       5.6928E-05  7.0506E-05  8.6105E-05  8.8152E-05  8.7171E-05  9.1218E-05  9.9326E-05  7.9566E-05  6.5822E-05  6.0134E-05
       4.6768E-05  6.6255E-05  7.1218E-05  7.4600E-05  8.0354E-05  7.9340E-05  6.9265E-05  6.4803E-05  5.7688E-05  4.1882E-05
       5.7086E-05  8.1288E-05  7.5380E-05  9.5201E-05  1.0097E-04  9.1670E-05  9.7099E-05  7.7750E-05  8.1768E-05  5.1173E-05
       5.4213E-05  7.8968E-05  9.0858E-05  1.1039E-04  1.1590E-04  1.0484E-04  1.0690E-04  9.3127E-05  8.7000E-05  6.0950E-05
       7.4427E-05  8.9637E-05  1.0666E-04  1.1275E-04  1.1501E-04  1.1681E-04  1.0195E-04  1.0616E-04  8.8943E-05  5.5725E-05
       6.8569E-05  9.8115E-05  1.0601E-04  1.1294E-04  1.1360E-04  1.1438E-04  1.0208E-04  1.0166E-04  9.1384E-05  6.3336E-05
       7.1649E-05  9.6346E-05  9.4596E-05  1.1586E-04  1.2444E-04  1.0732E-04  1.1209E-04  1.0262E-04  8.5865E-05  5.4825E-05
       6.8608E-05  9.0749E-05  9.6836E-05  1.0821E-04  1.1634E-04  1.1715E-04  1.1325E-04  9.8124E-05  8.5367E-05  5.7559E-05
       5.6919E-05  7.4722E-05  9.5549E-05  9.2953E-05  1.0171E-04  1.1038E-04  1.0398E-04  9.7748E-05  7.9879E-05  6.3341E-05
       5.5666E-05  7.3203E-05  8.1825E-05  8.8677E-05  1.0181E-04  9.0557E-05  9.2568E-05  8.7035E-05  7.0049E-05  5.9824E-05
       4.7178E-05  5.7551E-05  7.4193E-05  7.7756E-05  7.5807E-05  7.8189E-05  8.1011E-05  6.4778E-05  5.2799E-05  4.1025E-05
       3.9559E-05  5.4654E-05  5.7361E-05  6.4740E-05  7.4654E-05  6.6897E-05  5.0099E-05  5.2023E-05  4.8524E-05  2.8495E-05
       4.9430E-05  6.8853E-05  7.3737E-05  7.8338E-05  9.2551E-05  8.8231E-05  7.5162E-05  6.8360E-05  6.0127E-05  4.8440E-05
       4.6236E-05  7.1441E-05  8.0874E-05  9.4250E-05  1.0791E-04  9.7896E-05  9.2712E-05  8.5021E-05  7.0084E-05  5.3075E-05
       5.4669E-05  7.8401E-05  8.2628E-05  9.8943E-05  1.0896E-04  9.7962E-05  8.8500E-05  9.6679E-05  8.0167E-05  4.5937E-05
       5.1679E-05  8.2357E-05  9.3545E-05  9.4970E-05  1.0346E-04  9.0637E-05  8.6524E-05  8.4277E-05  8.6480E-05  5.4015E-05
       5.6518E-05  7.5682E-05  8.7429E-05  9.8330E-05  9.9766E-05  9.4038E-05  1.0058E-04  8.3478E-05  7.5704E-05  5.5657E-05
       5.5423E-05  7.6231E-05  8.2682E-05  9.9536E-05  1.0217E-04  9.5870E-05  1.0089E-04  9.0221E-05  7.8946E-05  5.4689E-05
       5.0925E-05  6.3090E-05  8.9980E-05  8.8718E-05  8.9361E-05  9.5595E-05  9.3110E-05  9.1412E-05  7.0016E-05  4.6972E-05
       4.7887E-05  5.3329E-05  7.3040E-05  8.3865E-05  8.3952E-05  8.1879E-05  8.5813E-05  7.7458E-05  5.6871E-05  5.1774E-05
       3.7253E-05  4.0265E-05  6.4724E-05  6.5655E-05  6.6732E-05  6.2975E-05  6.4037E-05  5.7006E-05  4.4589E-05  3.4861E-05
       3.4049E-05  4.1281E-05  4.3614E-05  5.2826E-05  4.7879E-05  5.1936E-05  4.6414E-05  4.2523E-05  3.6329E-05  2.6572E-05
       4.0856E-05  5.8653E-05  5.6072E-05  6.7186E-05  7.4111E-05  7.4804E-05  6.1616E-05  5.5032E-05  5.4932E-05  3.9768E-05
       4.1246E-05  6.9518E-05  7.6249E-05  7.8506E-05  8.6282E-05  8.5133E-05  7.8482E-05  7.2102E-05  5.9584E-05  4.3207E-05
       4.7279E-05  7.2756E-05  7.3313E-05  8.0639E-05  9.2722E-05  8.9196E-05  7.3429E-05  8.3716E-05  6.8500E-05  4.6425E-05
       5.1764E-05  7.2504E-05  7.7424E-05  7.4963E-05  8.7183E-05  8.6385E-05  7.8690E-05  7.7921E-05  7.1970E-05  4.9660E-05
       4.8761E-05  6.3835E-05  6.2260E-05  8.3391E-05  7.9069E-05  8.4297E-05  8.9234E-05  6.8195E-05  6.4562E-05  4.7497E-05
       4.6524E-05  6.0931E-05  7.1941E-05  8.1723E-05  8.0580E-05  8.3636E-05  7.8819E-05  7.3448E-05  5.7970E-05  4.4467E-05
       4.2598E-05  4.8937E-05  7.0608E-05  7.4398E-05  7.9131E-05  6.9624E-05  6.8149E-05  6.8110E-05  6.0739E-05  3.8432E-05
       4.1120E-05  4.4116E-05  5.8748E-05  6.5461E-05  7.4652E-05  7.6315E-05  6.3605E-05  6.4322E-05  5.3000E-05  3.9160E-05
       2.8917E-05  3.2538E-05  5.2946E-05  5.8231E-05  5.7010E-05  5.0999E-05  5.2186E-05  4.5683E-05  3.9438E-05  3.0034E-05
       2.7458E-05  3.1013E-05  3.2179E-05  3.9892E-05  3.8541E-05  3.8785E-05  3.5976E-05  3.7569E-05  3.1507E-05  2.0094E-05
       2.5929E-05  4.7359E-05  5.2126E-05  5.6600E-05  5.9228E-05  5.2893E-05  5.8091E-05  4.9469E-05  4.7812E-05  2.6379E-05
       3.2434E-05  5.7734E-05  6.1290E-05  6.2978E-05  6.7168E-05  6.5140E-05  6.2923E-05  6.2251E-05  5.2241E-05  3.7440E-05
       3.8526E-05  6.0603E-05  6.5857E-05  6.8833E-05  7.5666E-05  6.8827E-05  6.6071E-05  7.0173E-05  5.3982E-05  4.0043E-05
       3.8659E-05  5.4150E-05  6.0827E-05  6.4740E-05  7.2695E-05  8.1130E-05  6.6428E-05  6.3036E-05  5.1588E-05  3.9658E-05
       3.9765E-05  5.9138E-05  5.3396E-05  5.6486E-05  7.4625E-05  6.6148E-05  7.8010E-05  6.6334E-05  5.2032E-05  3.6535E-05
       3.7074E-05  4.8748E-05  5.2268E-05  7.0449E-05  6.9263E-05  6.8712E-05  6.9786E-05  6.3423E-05  4.9407E-05  3.6188E-05
       3.3749E-05  4.2786E-05  5.9922E-05  6.0792E-05  6.4788E-05  6.6335E-05  6.2313E-05  5.6589E-05  5.1589E-05  3.4628E-05
       2.9901E-05  3.1917E-05  4.6877E-05  5.2379E-05  6.0649E-05  5.6291E-05  4.9433E-05  4.7622E-05  4.2237E-05  3.2636E-05
       2.4679E-05  3.1329E-05  3.8799E-05  4.1224E-05  4.3564E-05  3.9739E-05  3.6450E-05  3.9291E-05  2.5909E-05  2.7205E-05
       2.2926E-05  2.2764E-05  2.6399E-05  2.8045E-05  3.1866E-05  2.7844E-05  3.5133E-05  2.9275E-05  2.6153E-05  1.6662E-05
       2.3819E-05  3.1960E-05  4.0320E-05  4.7754E-05  5.0917E-05  4.2705E-05  5.0536E-05  4.0199E-05  3.9364E-05  1.9623E-05
       1.9706E-05  3.6274E-05  4.8865E-05  5.1227E-05  4.8993E-05  5.3698E-05  5.0513E-05  5.2341E-05  4.1927E-05  3.3023E-05
       2.7665E-05  4.3439E-05  5.2334E-05  5.4871E-05  5.6230E-05  5.6881E-05  5.8220E-05  5.3174E-05  4.3715E-05  3.1676E-05
       3.1812E-05  4.2184E-05  4.9862E-05  5.7415E-05  6.1158E-05  5.6297E-05  5.8897E-05  5.9005E-05  4.3041E-05  2.9260E-05
       2.9719E-05  4.7253E-05  4.5000E-05  5.4250E-05  5.9369E-05  5.6262E-05  6.1259E-05  5.0681E-05  4.3682E-05  2.7851E-05
       2.8271E-05  3.8212E-05  4.8135E-05  5.4071E-05  5.7957E-05  5.6682E-05  6.5688E-05  4.6410E-05  4.6004E-05  2.6788E-05
       2.5520E-05  3.5029E-05  4.8542E-05  4.8302E-05  4.6890E-05  5.1569E-05  5.4755E-05  3.9200E-05  3.8166E-05  2.1235E-05
       2.0597E-05  2.8605E-05  3.6916E-05  3.8939E-05  4.4867E-05  4.6428E-05  3.9658E-05  4.2980E-05  3.7483E-05  2.3525E-05
       1.8845E-05  2.4614E-05  3.0949E-05  3.0806E-05  2.8436E-05  2.9757E-05  2.6104E-05  3.1773E-05  2.1165E-05  2.1173E-05
       1.5890E-05  1.4608E-05  2.1421E-05  2.3400E-05  2.7483E-05  1.7829E-05  2.6749E-05  2.4524E-05  2.0534E-05  1.1424E-05
       1.7393E-05  2.4846E-05  3.2263E-05  3.5558E-05  3.8595E-05  3.0233E-05  4.0532E-05  3.0893E-05  3.4859E-05  1.7448E-05
       1.9644E-05  3.0701E-05  4.0907E-05  4.0669E-05  4.1975E-05  3.5676E-05  4.2140E-05  3.7161E-05  3.8266E-05  2.1114E-05
       2.0440E-05  3.6215E-05  3.9495E-05  4.3689E-05  4.4853E-05  4.0222E-05  5.3016E-05  3.5817E-05  3.5918E-05  2.0288E-05
       2.3856E-05  3.1232E-05  4.1650E-05  4.8625E-05  5.0242E-05  5.2606E-05  4.9209E-05  4.5217E-05  3.5547E-05  1.8345E-05
       2.3484E-05  3.2911E-05  4.0116E-05  4.5438E-05  4.8004E-05  4.3628E-05  5.0965E-05  4.3270E-05  3.3567E-05  1.9649E-05
       2.0060E-05  3.5764E-05  3.8274E-05  3.9912E-05  4.2475E-05  4.1661E-05  4.9077E-05  4.9535E-05  2.9528E-05  1.6936E-05
       2.1209E-05  3.2860E-05  3.8808E-05  4.5727E-05  4.5775E-05  4.3651E-05  3.8862E-05  4.0264E-05  2.9256E-05  1.8760E-05
       1.4347E-05  2.6341E-05  3.7498E-05  3.8246E-05  3.2624E-05  3.9730E-05  3.4161E-05  4.2029E-05  2.8075E-05  1.9535E-05
       1.4515E-05  1.9131E-05  2.2179E-05  2.3404E-05  2.3839E-05  2.8988E-05  2.6112E-05  2.7765E-05  1.8030E-05  1.6644E-05
       8.7086E-06  1.1609E-05  2.0418E-05  1.8335E-05  2.2922E-05  1.4184E-05  1.5245E-05  1.5880E-05  2.0299E-05  8.5238E-06
       1.2671E-05  1.8238E-05  2.4163E-05  2.7544E-05  2.7583E-05  2.4230E-05  2.9064E-05  2.4978E-05  2.6097E-05  1.3815E-05
       1.3802E-05  2.0476E-05  2.0525E-05  3.1244E-05  2.9114E-05  2.6500E-05  2.9284E-05  3.0384E-05  2.4735E-05  1.3473E-05
       1.7660E-05  2.8231E-05  2.3506E-05  3.4319E-05  3.3464E-05  3.1473E-05  3.1866E-05  3.0492E-05  2.6342E-05  1.4459E-05
       1.7985E-05  2.2807E-05  2.7548E-05  3.7632E-05  3.6637E-05  3.8373E-05  3.9943E-05  3.5804E-05  2.8084E-05  1.3291E-05
       1.6977E-05  2.2144E-05  3.2656E-05  3.6802E-05  3.5932E-05  3.6821E-05  3.6823E-05  3.3005E-05  2.7775E-05  1.5189E-05
       1.6128E-05  2.7326E-05  3.4464E-05  3.1602E-05  3.5531E-05  3.6184E-05  2.9639E-05  3.4791E-05  2.6130E-05  1.5708E-05
       1.4785E-05  1.8889E-05  3.4637E-05  2.9062E-05  3.4074E-05  3.7420E-05  3.4828E-05  2.8296E-05  2.4200E-05  1.3777E-05
       1.0446E-05  1.7175E-05  2.6650E-05  3.0044E-05  3.0244E-05  2.8440E-05  2.3481E-05  3.1963E-05  2.5125E-05  1.4345E-05
       8.7322E-06  1.2324E-05  1.8722E-05  1.9451E-05  2.0357E-05  2.0415E-05  1.8118E-05  2.2276E-05  1.8625E-05  1.5832E-05
       6.9630E-06  1.1535E-05  1.4586E-05  1.6691E-05  1.6554E-05  1.2984E-05  1.2620E-05  1.0886E-05  1.3978E-05  7.5553E-06
       8.0163E-06  1.5065E-05  1.7577E-05  2.3071E-05  1.9137E-05  1.9532E-05  2.1416E-05  1.8858E-05  1.6604E-05  9.0214E-06
       1.2279E-05  1.7325E-05  1.9328E-05  2.6733E-05  1.9901E-05  2.1710E-05  1.7755E-05  1.8784E-05  1.8307E-05  9.6660E-06
       1.4067E-05  1.8242E-05  1.7570E-05  2.3700E-05  2.2292E-05  2.4526E-05  2.2930E-05  2.1040E-05  1.7669E-05  9.8185E-06
       1.5004E-05  1.6301E-05  2.1032E-05  2.4001E-05  2.3525E-05  2.2375E-05  2.4824E-05  2.5132E-05  1.8871E-05  1.2397E-05
       1.2277E-05  1.7466E-05  1.9553E-05  2.8614E-05  2.7807E-05  2.2872E-05  2.0836E-05  2.3426E-05  1.9019E-05  1.1460E-05
       1.1536E-05  1.8925E-05  2.9974E-05  1.6320E-05  1.9132E-05  2.5724E-05  2.1990E-05  2.0675E-05  2.2140E-05  1.6181E-05
       1.1423E-05  1.1197E-05  2.1812E-05  1.7090E-05  2.0994E-05  2.4601E-05  2.2859E-05  1.9655E-05  1.6183E-05  1.1042E-05
       7.9539E-06  1.1686E-05  1.6620E-05  1.7905E-05  2.0846E-05  2.0224E-05  1.8606E-05  1.8764E-05  1.4436E-05  1.1874E-05
       6.4490E-06  9.7488E-06  1.1193E-05  1.6919E-05  1.5853E-05  1.2421E-05  1.7885E-05  1.4613E-05  1.2887E-05  1.0177E-05

      Percentage errors follow in a matrix A(ix,iy,iz), format (1(5x,1p,10(1x,e11.4)))

       6.8912E+00  7.4071E+00  4.6989E+00  4.9860E+00  6.2405E+00  5.2076E+00  5.8426E+00  8.1685E+00  6.8559E+00  7.8105E+00
       7.8165E+00  5.5910E+00  4.7774E+00  3.9346E+00  4.6067E+00  4.7909E+00  4.5757E+00  5.2324E+00  6.5443E+00  7.6134E+00
       7.5678E+00  6.9158E+00  6.4592E+00  5.6384E+00  4.7454E+00  6.0230E+00  5.5104E+00  3.9551E+00  6.9410E+00  4.6447E+00
       5.6793E+00  6.7159E+00  5.2778E+00  4.7430E+00  4.9739E+00  6.1922E+00  4.1338E+00  4.5164E+00  6.6184E+00  8.3935E+00
       5.6991E+00  5.1320E+00  5.7157E+00  5.4927E+00  4.6712E+00  6.9064E+00  3.5928E+00  6.9411E+00  6.0956E+00  7.1841E+00
       7.8206E+00  7.1367E+00  6.3552E+00  5.8835E+00  4.6829E+00  4.1592E+00  4.4230E+00  6.5627E+00  4.8446E+00  5.6278E+00
       4.6552E+00  7.9389E+00  6.0127E+00  6.7424E+00  4.6718E+00  4.0482E+00  4.4902E+00  4.1499E+00  5.9506E+00  5.5600E+00
       5.6962E+00  7.0334E+00  4.9867E+00  5.2851E+00  6.2390E+00  4.1432E+00  5.1022E+00  4.4955E+00  7.9693E+00  5.3754E+00
       5.4398E+00  7.1526E+00  5.2303E+00  5.5617E+00  6.8252E+00  7.3239E+00  5.8375E+00  5.5409E+00  5.8849E+00  7.9156E+00
       8.3467E+00  5.4242E+00  4.4647E+00  4.3994E+00  5.7100E+00  6.1671E+00  5.6203E+00  7.1592E+00  6.2138E+00  6.2095E+00
       8.5380E+00  7.5907E+00  7.2047E+00  5.5216E+00  5.6879E+00  5.6630E+00  5.9551E+00  7.5436E+00  7.3464E+00  7.3021E+00
       7.6071E+00  5.3613E+00  6.9384E+00  5.7335E+00  5.8385E+00  5.8115E+00  6.4611E+00  6.7099E+00  6.6037E+00  6.8554E+00
       6.7535E+00  6.6768E+00  6.5193E+00  4.8545E+00  4.3840E+00  5.7369E+00  5.3142E+00  4.5219E+00  6.5050E+00  6.8507E+00
       5.8668E+00  5.8920E+00  5.3957E+00  5.1579E+00  5.6697E+00  5.3282E+00  4.6468E+00  5.1168E+00  7.2512E+00  8.7860E+00
       5.4635E+00  5.2489E+00  4.9987E+00  4.9602E+00  5.4666E+00  7.6231E+00  4.9990E+00  6.4657E+00  6.9097E+00  6.4326E+00
       5.8288E+00  7.0348E+00  5.7387E+00  4.5261E+00  4.6226E+00  4.3125E+00  4.4208E+00  6.6289E+00  6.8043E+00  9.2201E+00
       6.8715E+00  8.4471E+00  4.4956E+00  5.7505E+00  4.9820E+00  4.0377E+00  5.9583E+00  6.0511E+00  4.9886E+00  6.5170E+00
       7.7634E+00  7.6166E+00  7.1651E+00  5.6164E+00  5.6842E+00  5.7732E+00  4.6788E+00  5.0656E+00  5.4124E+00  6.6397E+00
       7.7230E+00  6.7998E+00  7.2708E+00  4.9798E+00  4.9300E+00  6.7115E+00  5.1668E+00  6.8083E+00  4.7202E+00  7.1279E+00
       8.2164E+00  7.4946E+00  5.6622E+00  4.5316E+00  5.3359E+00  6.9608E+00  6.2647E+00  7.7279E+00  8.0367E+00  7.5408E+00
       9.1872E+00  6.6994E+00  7.7674E+00  9.2834E+00  7.1847E+00  4.6151E+00  6.4868E+00  8.9244E+00  8.1814E+00  6.9146E+00
       9.4603E+00  7.0179E+00  1.0582E+01  6.3794E+00  6.0055E+00  5.0921E+00  6.3564E+00  7.4032E+00  7.4375E+00  6.6458E+00
       7.0026E+00  6.3221E+00  6.7086E+00  6.8501E+00  5.5746E+00  5.9322E+00  4.6798E+00  6.5224E+00  6.8180E+00  7.5967E+00
       7.0416E+00  5.8548E+00  5.1650E+00  5.5497E+00  4.5416E+00  4.9682E+00  6.7898E+00  6.4737E+00  6.0963E+00  9.2788E+00
       6.4085E+00  6.1387E+00  5.4296E+00  5.3014E+00  4.4337E+00  7.8424E+00  5.1920E+00  6.7745E+00  4.9680E+00  8.8994E+00
       6.9824E+00  7.1804E+00  3.9945E+00  5.9724E+00  4.5583E+00  5.5870E+00  4.8966E+00  5.3495E+00  5.0412E+00  7.9932E+00
       7.8218E+00  8.4552E+00  5.8249E+00  4.2623E+00  4.8805E+00  4.2262E+00  6.4844E+00  6.3052E+00  5.2210E+00  9.2591E+00
       7.0483E+00  6.4345E+00  6.2996E+00  6.3519E+00  5.5418E+00  7.0139E+00  6.7669E+00  5.4162E+00  6.5191E+00  6.8776E+00
       6.4218E+00  9.2865E+00  7.1702E+00  7.3905E+00  5.9828E+00  6.5428E+00  6.1011E+00  7.1839E+00  5.9480E+00  7.7337E+00
       8.5833E+00  9.8508E+00  6.3735E+00  5.2026E+00  7.7030E+00  7.1324E+00  6.7807E+00  6.5890E+00  8.4715E+00  7.0937E+00
       1.1185E+01  9.8192E+00  7.8919E+00  8.8569E+00  5.8081E+00  6.9846E+00  7.5526E+00  7.8739E+00  7.6533E+00  1.0002E+01
       1.1248E+01  8.7565E+00  1.0197E+01  7.0942E+00  5.2642E+00  5.4071E+00  7.1469E+00  8.1689E+00  7.8285E+00  1.0020E+01
       8.3724E+00  6.9414E+00  4.0363E+00  7.3986E+00  6.0918E+00  5.4188E+00  4.8610E+00  6.6305E+00  5.9249E+00  9.2766E+00
       9.3766E+00  6.8890E+00  8.0948E+00  6.4450E+00  6.4131E+00  4.4282E+00  7.9760E+00  6.1164E+00  8.4146E+00  9.4560E+00
       8.3534E+00  5.8804E+00  6.0154E+00  6.1822E+00  5.5840E+00  6.2979E+00  6.9899E+00  7.2432E+00  6.5801E+00  1.0119E+01
       8.0753E+00  6.2171E+00  6.8491E+00  8.6369E+00  5.2909E+00  6.6106E+00  6.4318E+00  4.9039E+00  8.1451E+00  8.0356E+00
       8.7220E+00  8.7779E+00  6.6002E+00  5.8056E+00  7.1502E+00  5.1526E+00  5.8518E+00  5.6662E+00  7.1599E+00  6.7429E+00
       8.7313E+00  9.1660E+00  7.9061E+00  6.9914E+00  5.2368E+00  7.3804E+00  7.7765E+00  8.6370E+00  7.2787E+00  8.4880E+00
       7.3018E+00  8.9088E+00  6.1456E+00  5.9402E+00  6.4314E+00  6.8759E+00  8.1244E+00  7.8645E+00  7.3039E+00  8.6780E+00
       1.1493E+01  1.3502E+01  7.4577E+00  5.3425E+00  7.6553E+00  6.9911E+00  5.9320E+00  1.0170E+01  7.4709E+00  1.0939E+01
       1.1527E+01  8.4219E+00  8.9276E+00  8.5353E+00  9.2117E+00  6.2603E+00  6.8732E+00  7.5007E+00  7.0284E+00  1.0201E+01
       1.1943E+01  7.8025E+00  1.0027E+01  7.5974E+00  6.9722E+00  7.5873E+00  5.2073E+00  8.4364E+00  9.3207E+00  9.3494E+00
       8.8901E+00  7.8439E+00  6.8720E+00  8.4748E+00  7.3077E+00  6.5115E+00  7.0754E+00  7.6954E+00  5.2297E+00  9.5195E+00
       8.6727E+00  7.7029E+00  1.1243E+01  7.2330E+00  6.3216E+00  6.4101E+00  7.0198E+00  7.6444E+00  7.5272E+00  1.0077E+01
       8.2680E+00  7.7537E+00  6.1754E+00  5.1161E+00  4.6717E+00  6.4346E+00  7.2369E+00  7.1278E+00  7.0031E+00  1.0792E+01
       7.6478E+00  9.0295E+00  6.8237E+00  6.9502E+00  7.0196E+00  9.0290E+00  5.9540E+00  7.4828E+00  7.2536E+00  1.2023E+01
       8.1143E+00  8.3725E+00  7.8383E+00  4.3310E+00  7.6686E+00  6.4106E+00  6.0455E+00  7.9843E+00  5.9959E+00  1.0578E+01
       1.0506E+01  7.4669E+00  7.3504E+00  7.5686E+00  5.8373E+00  6.5668E+00  7.5721E+00  7.4358E+00  7.5747E+00  6.4674E+00
       1.0598E+01  6.0819E+00  7.5192E+00  7.2317E+00  7.2220E+00  6.3756E+00  8.5046E+00  9.1895E+00  7.0192E+00  1.0709E+01
       1.2924E+01  1.1238E+01  7.8442E+00  7.0551E+00  6.4987E+00  8.9486E+00  8.2598E+00  1.1714E+01  1.1505E+01  1.1613E+01
       9.2032E+00  1.1586E+01  7.0889E+00  1.0221E+01  1.1205E+01  1.1557E+01  9.3453E+00  9.4130E+00  9.0246E+00  1.3967E+01
       1.2385E+01  8.8800E+00  7.9047E+00  8.5647E+00  5.4803E+00  8.1231E+00  7.3595E+00  7.9757E+00  9.5213E+00  1.2074E+01
       1.0719E+01  8.0055E+00  6.2463E+00  8.3045E+00  7.1186E+00  6.0456E+00  8.0454E+00  6.7097E+00  7.7988E+00  1.0359E+01
       1.1110E+01  7.3258E+00  7.5790E+00  5.5057E+00  5.7197E+00  7.0076E+00  5.5597E+00  6.1062E+00  9.4593E+00  1.0160E+01
       7.8743E+00  7.7661E+00  8.0532E+00  6.6984E+00  6.2714E+00  7.0706E+00  7.9010E+00  7.6346E+00  8.2682E+00  8.4413E+00
       9.7165E+00  9.1590E+00  7.0426E+00  8.8584E+00  7.7162E+00  8.6864E+00  7.8352E+00  9.2973E+00  6.9940E+00  9.7661E+00
       9.9484E+00  9.2598E+00  6.5955E+00  6.8983E+00  6.6069E+00  6.8627E+00  6.5911E+00  7.8811E+00  9.2915E+00  1.0083E+01
       9.9928E+00  7.6847E+00  6.3894E+00  8.6156E+00  7.1042E+00  6.1179E+00  7.2875E+00  6.8369E+00  8.3831E+00  8.6922E+00
       9.3388E+00  1.0044E+01  9.9593E+00  9.0078E+00  7.6082E+00  7.7986E+00  9.1669E+00  1.0083E+01  8.8839E+00  1.3875E+01
       1.6615E+01  1.0251E+01  6.7873E+00  9.2001E+00  7.1592E+00  6.8321E+00  5.9249E+00  1.3221E+01  9.4119E+00  1.3253E+01
       1.3108E+01  1.2717E+01  1.1285E+01  8.3785E+00  9.7886E+00  9.6590E+00  1.0720E+01  1.0735E+01  1.0753E+01  1.2972E+01
       1.3475E+01  1.1154E+01  9.1624E+00  5.9734E+00  6.8431E+00  8.1967E+00  8.4189E+00  7.0753E+00  6.5455E+00  1.5109E+01
       1.3765E+01  1.0374E+01  7.5375E+00  6.8466E+00  7.9765E+00  7.4156E+00  7.7991E+00  8.5447E+00  9.4749E+00  1.2083E+01
       9.8838E+00  1.1412E+01  9.7018E+00  6.9338E+00  7.7220E+00  1.0665E+01  8.9826E+00  9.5792E+00  8.5332E+00  1.6546E+01
       1.2297E+01  8.0235E+00  9.5878E+00  7.2754E+00  8.5311E+00  9.7854E+00  8.5051E+00  1.0563E+01  1.0527E+01  1.0817E+01
       1.3553E+01  1.0707E+01  8.2307E+00  8.9265E+00  6.4068E+00  8.1007E+00  8.6842E+00  9.7741E+00  9.8311E+00  1.0585E+01
       8.0703E+00  1.0586E+01  8.4846E+00  8.7368E+00  8.1911E+00  8.8279E+00  8.2938E+00  9.4518E+00  9.8168E+00  1.1274E+01
       1.2223E+01  1.2577E+01  6.0460E+00  7.3434E+00  9.6193E+00  7.6156E+00  7.0461E+00  1.0028E+01  6.0286E+00  1.2813E+01
       1.1109E+01  1.0354E+01  1.0619E+01  8.5200E+00  1.1228E+01  7.3660E+00  9.6028E+00  9.1678E+00  7.6546E+00  1.0765E+01
       1.3561E+01  1.2634E+01  7.2667E+00  8.2473E+00  1.1759E+01  9.7209E+00  8.3387E+00  8.4215E+00  9.6758E+00  1.4512E+01
       1.7824E+01  1.1696E+01  1.0150E+01  1.0899E+01  9.6728E+00  1.2682E+01  7.7056E+00  1.1730E+01  1.0371E+01  1.3694E+01
       1.5494E+01  1.1021E+01  8.7425E+00  7.2891E+00  8.5656E+00  1.0846E+01  9.3894E+00  7.8603E+00  8.8414E+00  1.5704E+01
       1.4600E+01  1.0608E+01  1.1990E+01  8.5958E+00  1.0372E+01  1.0700E+01  9.4472E+00  8.2808E+00  1.1661E+01  1.5031E+01
       1.1677E+01  9.4534E+00  1.1615E+01  1.0728E+01  1.0176E+01  1.0017E+01  5.0954E+00  1.0273E+01  1.0886E+01  1.2564E+01
       1.3228E+01  1.2823E+01  7.2718E+00  8.4441E+00  6.5998E+00  8.3569E+00  7.1894E+00  8.5252E+00  8.3665E+00  1.0468E+01
       1.5048E+01  1.0666E+01  1.2118E+01  1.0807E+01  6.4145E+00  1.0114E+01  8.9198E+00  7.3319E+00  1.0430E+01  1.2060E+01
       1.1011E+01  9.8969E+00  1.0695E+01  8.8641E+00  1.2622E+01  9.5869E+00  1.0298E+01  5.8050E+00  8.1415E+00  1.4514E+01
       1.3807E+01  1.0166E+01  7.6938E+00  1.1250E+01  1.1261E+01  8.2622E+00  1.0816E+01  1.0177E+01  9.9227E+00  1.2820E+01
       1.1165E+01  1.5955E+01  1.2879E+01  1.1068E+01  1.1368E+01  1.1954E+01  1.0027E+01  1.2119E+01  1.0200E+01  1.1058E+01
       1.0978E+01  1.5286E+01  1.1987E+01  1.3015E+01  1.3054E+01  1.0803E+01  1.2745E+01  9.0553E+00  1.4016E+01  1.7321E+01
       1.8890E+01  1.3975E+01  1.3770E+01  1.4968E+01  1.3158E+01  1.5413E+01  1.4763E+01  9.8758E+00  1.1619E+01  2.1203E+01
       1.6819E+01  1.2848E+01  1.1233E+01  9.1593E+00  1.0464E+01  1.0379E+01  9.2863E+00  1.3366E+01  1.1489E+01  1.7940E+01
       1.5727E+01  1.1746E+01  9.7160E+00  9.3382E+00  1.4257E+01  1.5196E+01  1.0908E+01  9.6619E+00  9.2816E+00  1.5590E+01
       1.1407E+01  9.3746E+00  1.3044E+01  1.0081E+01  1.2600E+01  1.1030E+01  1.0724E+01  1.0798E+01  1.0762E+01  1.2168E+01
       1.4430E+01  1.5008E+01  1.0360E+01  1.0888E+01  9.8520E+00  1.1516E+01  1.1156E+01  1.0747E+01  9.5474E+00  1.2992E+01
       1.2396E+01  1.4623E+01  1.1999E+01  7.6793E+00  9.0321E+00  9.0694E+00  9.3528E+00  8.5209E+00  9.3942E+00  1.3256E+01
       1.1467E+01  9.6460E+00  1.2062E+01  1.1466E+01  1.3340E+01  9.6251E+00  8.0548E+00  7.9482E+00  9.7911E+00  1.3509E+01
       1.6029E+01  1.7146E+01  1.0840E+01  1.1678E+01  9.0575E+00  6.9996E+00  9.3383E+00  1.2264E+01  9.8929E+00  1.4920E+01
       1.6136E+01  1.8126E+01  1.0200E+01  1.2801E+01  9.3511E+00  1.0943E+01  1.3402E+01  9.9966E+00  1.0685E+01  1.3865E+01
       1.5799E+01  1.4182E+01  1.0108E+01  1.1266E+01  1.2811E+01  1.1912E+01  1.4302E+01  1.1300E+01  1.2325E+01  1.8076E+01
       1.9288E+01  1.6532E+01  1.3961E+01  1.4083E+01  1.3817E+01  1.3839E+01  1.3024E+01  1.1561E+01  1.8842E+01  1.7389E+01
       1.9521E+01  1.3452E+01  1.1413E+01  1.2500E+01  1.2972E+01  1.4114E+01  1.0959E+01  1.0482E+01  1.2616E+01  1.6022E+01
       1.3732E+01  1.4687E+01  1.6176E+01  1.1784E+01  1.6259E+01  1.3405E+01  7.7711E+00  1.0175E+01  1.1485E+01  1.5167E+01
       1.4652E+01  1.2153E+01  1.6445E+01  1.3372E+01  1.1742E+01  1.3230E+01  1.0688E+01  1.6774E+01  1.3132E+01  1.4600E+01
       1.7528E+01  1.4833E+01  1.0461E+01  9.8860E+00  9.9359E+00  1.4584E+01  8.9001E+00  8.6004E+00  1.7447E+01  1.8363E+01
       1.5416E+01  1.2953E+01  1.1670E+01  1.0482E+01  1.5203E+01  1.2848E+01  1.0289E+01  1.0442E+01  8.8928E+00  1.7191E+01
       1.4413E+01  1.2861E+01  1.3737E+01  1.2816E+01  1.5503E+01  1.1252E+01  1.1616E+01  1.1211E+01  8.7104E+00  9.5952E+00
       1.4995E+01  2.3052E+01  1.3338E+01  1.0343E+01  1.3970E+01  8.7523E+00  1.3249E+01  1.2228E+01  1.1535E+01  1.8626E+01
       1.8998E+01  1.8484E+01  1.1591E+01  1.7673E+01  1.1877E+01  1.1234E+01  1.4541E+01  1.4843E+01  1.3335E+01  1.6047E+01
       1.5409E+01  1.8395E+01  2.1906E+01  1.6598E+01  1.3306E+01  1.4195E+01  1.4825E+01  1.0988E+01  9.9707E+00  1.5936E+01
