1
   Cartesian binning n.   1  "DoseEq    " , generalized particle n.  240
      X coordinate: from -8.5000E+01 to  8.5000E+01 cm,    10 bins ( 1.7000E+01 cm wide)
      Y coordinate: from -2.5000E+01 to  2.5000E+01 cm,    10 bins ( 5.0000E+00 cm wide)
      Z coordinate: from  2.2500E+02 to  2.7500E+02 cm,    10 bins ( 5.0000E+00 cm wide)
      Data follow in a matrix A(ix,iy,iz), format (1(5x,1p,10(1x,e11.4)))

      accurate deposition along the tracks requested
      this is a track-length binning
       7.1384E-05  8.9794E-05  9.8890E-05  1.1984E-04  1.1055E-04  1.1843E-04  1.1658E-04  9.3700E-05  9.0567E-05  7.3155E-05
       8.2319E-05  1.0122E-04  1.1803E-04  1.3180E-04  1.4049E-04  1.4013E-04  1.2734E-04  1.1184E-04  1.0703E-04  8.6820E-05
       8.7334E-05  9.9273E-05  1.2159E-04  1.2053E-04  1.3612E-04  1.3415E-04  1.2534E-04  1.1879E-04  1.0564E-04  8.3320E-05
       9.2709E-05  1.1168E-04  1.2722E-04  1.2763E-04  1.4629E-04  1.4771E-04  1.4584E-04  1.2861E-04  9.9204E-05  8.2631E-05
       8.8900E-05  1.1894E-04  1.2060E-04  1.4509E-04  1.5987E-04  1.4120E-04  1.4604E-04  1.2100E-04  1.0167E-04  8.3786E-05
       9.6178E-05  1.1414E-04  1.3303E-04  1.3046E-04  1.5118E-04  1.4551E-04  1.3844E-04  1.2448E-04  9.7877E-05  9.1520E-05
       9.3151E-05  1.1382E-04  1.3614E-04  1.3029E-04  1.5271E-04  1.4951E-04  1.4801E-04  1.2677E-04  1.0951E-04  9.2209E-05
       8.3509E-05  1.0348E-04  1.2235E-04  1.2530E-04  1.5229E-04  1.4273E-04  1.3915E-04  1.2509E-04  1.1440E-04  7.8443E-05
       7.4906E-05  9.9756E-05  1.1136E-04  1.2644E-04  1.2696E-04  1.3970E-04  1.3327E-04  1.1341E-04  1.0152E-04  7.3862E-05
       7.4854E-05  8.9918E-05  1.0246E-04  1.1494E-04  1.2153E-04  1.1489E-04  1.1491E-04  1.0259E-04  9.9303E-05  7.4221E-05
       6.0476E-05  8.1131E-05  9.6595E-05  1.0727E-04  1.0043E-04  1.1521E-04  9.8502E-05  9.1814E-05  7.7246E-05  6.2620E-05
       7.5463E-05  9.4316E-05  1.2171E-04  1.3255E-04  1.3261E-04  1.2904E-04  1.1688E-04  1.0952E-04  1.0170E-04  7.9019E-05
       7.7263E-05  9.9202E-05  1.2139E-04  1.2492E-04  1.4686E-04  1.3290E-04  1.3263E-04  1.2062E-04  1.0839E-04  7.7103E-05
       8.7062E-05  1.1365E-04  1.2263E-04  1.3079E-04  1.4161E-04  1.4140E-04  1.4477E-04  1.4172E-04  1.0698E-04  8.1841E-05
       9.0174E-05  1.1678E-04  1.2943E-04  1.4472E-04  1.5582E-04  1.4782E-04  1.3514E-04  1.2490E-04  1.0932E-04  7.6526E-05
       9.0779E-05  1.1350E-04  1.4079E-04  1.3791E-04  1.4369E-04  1.4867E-04  1.3990E-04  1.2803E-04  1.0108E-04  7.9496E-05
       8.8360E-05  1.0817E-04  1.2229E-04  1.3424E-04  1.6051E-04  1.4817E-04  1.4121E-04  1.2935E-04  1.1011E-04  8.3413E-05
       8.3994E-05  1.0060E-04  1.2922E-04  1.1625E-04  1.4298E-04  1.2881E-04  1.3114E-04  1.2574E-04  1.0008E-04  7.5434E-05
       7.5647E-05  8.8376E-05  1.1336E-04  1.2750E-04  1.3302E-04  1.3501E-04  1.2730E-04  1.0196E-04  8.9548E-05  7.4158E-05
       6.0922E-05  7.8997E-05  8.8262E-05  9.7389E-05  1.0417E-04  1.0793E-04  1.0989E-04  9.3654E-05  8.6550E-05  7.1306E-05
       4.6986E-05  6.9415E-05  8.9835E-05  9.4635E-05  9.0054E-05  9.7005E-05  8.6441E-05  8.0168E-05  6.3387E-05  5.0602E-05
       6.4468E-05  8.9114E-05  1.0557E-04  1.1257E-04  1.1681E-04  1.1935E-04  1.1200E-04  9.8254E-05  8.9156E-05  5.8825E-05
       6.7674E-05  9.1769E-05  1.1395E-04  1.1208E-04  1.2674E-04  1.3141E-04  1.1998E-04  1.0494E-04  9.3007E-05  7.3274E-05
       7.3980E-05  9.4849E-05  1.0715E-04  1.1360E-04  1.3036E-04  1.2880E-04  1.2072E-04  1.1352E-04  9.1638E-05  6.7121E-05
       8.1151E-05  1.0345E-04  1.1403E-04  1.3266E-04  1.3850E-04  1.3709E-04  1.2286E-04  1.0929E-04  9.8537E-05  7.2613E-05
       8.3409E-05  1.0610E-04  1.2327E-04  1.3123E-04  1.3594E-04  1.2770E-04  1.2569E-04  1.1703E-04  9.3653E-05  6.6328E-05
       7.4072E-05  1.0116E-04  1.0787E-04  1.1536E-04  1.4309E-04  1.3294E-04  1.3511E-04  1.1462E-04  9.5836E-05  7.1297E-05
       7.3728E-05  8.7390E-05  1.1219E-04  1.1506E-04  1.2518E-04  1.2493E-04  1.2994E-04  1.1482E-04  8.9266E-05  7.7034E-05
       6.4001E-05  8.1021E-05  1.0085E-04  1.1366E-04  1.1336E-04  1.1613E-04  1.1880E-04  8.5576E-05  7.7519E-05  6.7512E-05
       5.0125E-05  6.1950E-05  8.0253E-05  8.7535E-05  8.8181E-05  8.8373E-05  8.4584E-05  7.7691E-05  7.0050E-05  5.1407E-05
       4.2492E-05  5.1574E-05  7.4032E-05  7.3367E-05  6.9829E-05  8.0870E-05  7.1977E-05  6.2657E-05  5.2007E-05  3.9899E-05
       5.8676E-05  7.5110E-05  8.5284E-05  8.9812E-05  1.0550E-04  1.1229E-04  9.1713E-05  8.0605E-05  6.5732E-05  5.1048E-05
       5.2042E-05  7.6381E-05  9.1296E-05  9.5662E-05  1.1431E-04  1.1736E-04  9.4645E-05  9.0735E-05  7.6879E-05  6.3101E-05
       5.5126E-05  8.5755E-05  9.5824E-05  1.0482E-04  1.2499E-04  1.1958E-04  1.0619E-04  9.3412E-05  8.0100E-05  5.6734E-05
       6.1142E-05  8.4549E-05  1.0105E-04  1.1017E-04  1.1691E-04  1.1319E-04  1.0940E-04  1.0120E-04  8.0158E-05  5.3104E-05
       6.3821E-05  8.6252E-05  9.8348E-05  1.1629E-04  1.1191E-04  1.1678E-04  1.2032E-04  1.0246E-04  8.3116E-05  5.9894E-05
       5.2242E-05  8.4896E-05  9.5809E-05  1.0548E-04  1.2267E-04  1.0465E-04  1.1693E-04  1.0186E-04  7.8700E-05  6.7850E-05
       5.9072E-05  7.7826E-05  9.1746E-05  1.0724E-04  1.1623E-04  1.0579E-04  1.0643E-04  1.0040E-04  7.8019E-05  6.3526E-05
       5.4930E-05  7.5828E-05  8.5124E-05  9.3269E-05  1.0239E-04  1.0234E-04  1.0126E-04  7.7430E-05  7.3556E-05  5.4596E-05
       4.5646E-05  4.7527E-05  6.8534E-05  7.6723E-05  7.7401E-05  7.6416E-05  7.3559E-05  6.8724E-05  6.0360E-05  4.1201E-05
       3.1385E-05  4.2401E-05  5.6345E-05  6.2953E-05  5.9050E-05  7.1768E-05  5.8018E-05  4.7892E-05  3.9437E-05  3.3719E-05
       4.1952E-05  6.5111E-05  6.2806E-05  7.9180E-05  8.5220E-05  9.4837E-05  7.6059E-05  6.5848E-05  5.4794E-05  3.9725E-05
       4.5767E-05  6.6490E-05  7.7922E-05  8.8994E-05  9.7462E-05  1.0113E-04  8.6629E-05  7.4063E-05  6.5599E-05  4.9324E-05
       4.4044E-05  7.5987E-05  8.8969E-05  9.3076E-05  9.9170E-05  9.6961E-05  9.7722E-05  8.1111E-05  6.2200E-05  5.2795E-05
       4.8669E-05  7.1307E-05  8.5322E-05  9.5307E-05  1.0618E-04  1.0371E-04  9.1932E-05  8.6183E-05  6.5511E-05  4.3693E-05
       5.6993E-05  6.8627E-05  7.3098E-05  9.8126E-05  1.0024E-04  1.0231E-04  9.3161E-05  8.9737E-05  6.8996E-05  4.9617E-05
       4.7192E-05  6.6123E-05  7.9367E-05  9.1713E-05  9.9954E-05  8.3562E-05  9.5985E-05  8.1756E-05  6.3578E-05  5.9989E-05
       5.2818E-05  6.3325E-05  7.8051E-05  9.0582E-05  8.8493E-05  8.5641E-05  7.8786E-05  8.4354E-05  7.1230E-05  5.4647E-05
       4.8559E-05  6.6288E-05  6.6223E-05  8.2572E-05  8.2152E-05  8.0986E-05  7.9191E-05  7.8137E-05  6.3197E-05  4.9381E-05
       3.9471E-05  4.6860E-05  4.9947E-05  6.4246E-05  6.3437E-05  6.5786E-05  6.1924E-05  5.5083E-05  4.8194E-05  3.8747E-05
       2.8027E-05  3.6482E-05  3.6645E-05  4.7070E-05  4.6615E-05  5.8330E-05  4.8542E-05  4.1452E-05  3.4543E-05  2.2474E-05
       2.9763E-05  5.0845E-05  5.2508E-05  6.1322E-05  6.8964E-05  7.1785E-05  6.4510E-05  6.0821E-05  4.8148E-05  3.0995E-05
       3.5772E-05  6.2152E-05  6.2000E-05  6.5096E-05  7.7635E-05  7.6063E-05  6.8129E-05  7.6946E-05  5.5910E-05  4.0213E-05
       4.1596E-05  6.7695E-05  7.7440E-05  7.5618E-05  8.2595E-05  8.1832E-05  7.8223E-05  7.3308E-05  4.9435E-05  3.9077E-05
       3.7418E-05  5.9699E-05  7.7126E-05  8.9062E-05  8.5750E-05  9.2773E-05  7.7715E-05  6.9770E-05  4.9487E-05  3.7648E-05
       4.6815E-05  5.9406E-05  6.6408E-05  7.1766E-05  8.5365E-05  8.0825E-05  7.9263E-05  6.9425E-05  5.6223E-05  3.9696E-05
       3.9041E-05  5.8244E-05  6.5015E-05  7.4915E-05  7.4888E-05  7.7674E-05  8.3513E-05  6.4629E-05  5.6408E-05  4.2182E-05
       3.9926E-05  5.4210E-05  6.5070E-05  7.7286E-05  7.3679E-05  7.7385E-05  6.4806E-05  6.7873E-05  5.5980E-05  4.0517E-05
       3.2986E-05  4.8403E-05  5.5645E-05  5.4398E-05  6.8160E-05  6.6598E-05  5.9484E-05  6.4130E-05  5.2499E-05  3.8072E-05
       2.7009E-05  3.8382E-05  3.9784E-05  4.6433E-05  4.8722E-05  5.3664E-05  4.2176E-05  4.2559E-05  3.5653E-05  2.4535E-05
       1.9591E-05  2.8027E-05  3.4910E-05  3.7513E-05  3.7698E-05  4.4088E-05  4.0309E-05  3.3335E-05  2.8292E-05  2.2310E-05
       2.6442E-05  4.1860E-05  4.7362E-05  5.0438E-05  5.1142E-05  4.9919E-05  5.6866E-05  4.3584E-05  4.0518E-05  2.4823E-05
       2.7728E-05  4.8014E-05  4.9507E-05  5.6062E-05  5.5614E-05  6.0611E-05  5.3598E-05  5.8893E-05  4.2573E-05  3.6703E-05
       3.1360E-05  4.7624E-05  5.2904E-05  6.2189E-05  6.3205E-05  5.8300E-05  6.6189E-05  6.1597E-05  4.1640E-05  2.7883E-05
       2.8490E-05  5.5409E-05  6.1481E-05  6.8515E-05  6.4346E-05  6.9922E-05  6.7299E-05  6.0718E-05  4.6130E-05  2.8304E-05
       3.2657E-05  5.2251E-05  5.3334E-05  6.8653E-05  7.3348E-05  6.6533E-05  6.3664E-05  6.3501E-05  5.0617E-05  2.9810E-05
       3.1070E-05  4.3476E-05  5.9271E-05  6.2889E-05  6.2572E-05  6.2447E-05  6.9193E-05  5.5522E-05  4.5315E-05  3.2731E-05
       2.9472E-05  4.1382E-05  4.9074E-05  5.9263E-05  5.9670E-05  5.5081E-05  5.6626E-05  4.9537E-05  4.1717E-05  3.4418E-05
       2.2264E-05  3.7899E-05  4.8033E-05  4.5158E-05  5.8564E-05  4.6612E-05  4.6637E-05  4.9551E-05  3.8162E-05  2.6542E-05
       1.9103E-05  3.0434E-05  3.3263E-05  4.1945E-05  4.0407E-05  3.7192E-05  3.4449E-05  3.9424E-05  2.7284E-05  2.1378E-05
       1.7892E-05  2.2514E-05  2.3009E-05  2.7842E-05  3.4183E-05  3.4016E-05  2.9583E-05  2.3269E-05  2.1034E-05  1.3809E-05
       2.0145E-05  3.1977E-05  3.6554E-05  4.3739E-05  4.5460E-05  3.8336E-05  4.4211E-05  3.2410E-05  2.9809E-05  2.3268E-05
       2.6953E-05  3.7714E-05  4.7811E-05  4.3801E-05  5.2943E-05  4.4792E-05  4.6544E-05  4.5423E-05  3.5866E-05  1.9890E-05
       2.7351E-05  4.0089E-05  4.3240E-05  4.6032E-05  4.7199E-05  5.1149E-05  5.2640E-05  4.8768E-05  3.3472E-05  2.3449E-05
       2.9000E-05  4.2469E-05  4.1191E-05  4.8894E-05  5.5556E-05  6.2727E-05  5.1644E-05  4.4705E-05  3.2144E-05  2.1537E-05
       2.4591E-05  3.7962E-05  4.3514E-05  5.6079E-05  5.8608E-05  5.3084E-05  4.8614E-05  4.7541E-05  3.8390E-05  2.1839E-05
       2.5204E-05  3.8540E-05  4.3445E-05  4.5684E-05  4.5431E-05  4.7956E-05  5.0455E-05  4.6560E-05  3.3729E-05  2.1745E-05
       2.3410E-05  3.4596E-05  4.0606E-05  3.9840E-05  5.4521E-05  4.5941E-05  4.7925E-05  4.6808E-05  3.3332E-05  2.2652E-05
       1.6925E-05  3.1840E-05  3.8189E-05  4.2302E-05  3.8612E-05  4.0843E-05  3.9633E-05  3.5470E-05  2.4136E-05  1.8949E-05
       1.4928E-05  2.4062E-05  2.7373E-05  2.7342E-05  2.6713E-05  2.7217E-05  2.9291E-05  3.2148E-05  2.2265E-05  1.2479E-05
       1.2451E-05  1.7471E-05  1.9999E-05  2.0301E-05  2.7630E-05  2.0146E-05  2.5618E-05  1.7328E-05  1.2633E-05  1.2640E-05
       1.5279E-05  1.9224E-05  2.4458E-05  3.4823E-05  3.1571E-05  2.6247E-05  2.9256E-05  2.6684E-05  2.0846E-05  1.9206E-05
       2.1239E-05  3.1520E-05  2.8752E-05  3.3014E-05  3.8358E-05  3.4039E-05  3.3787E-05  3.2245E-05  2.6216E-05  1.4935E-05
       1.9269E-05  2.6941E-05  3.1447E-05  4.2050E-05  4.0037E-05  3.4657E-05  3.5732E-05  3.0516E-05  2.5911E-05  1.6255E-05
       2.3218E-05  2.3970E-05  2.8723E-05  3.8739E-05  4.1941E-05  4.3694E-05  3.9228E-05  3.1113E-05  3.0076E-05  1.7053E-05
       1.9466E-05  2.6386E-05  4.0051E-05  4.4407E-05  3.9645E-05  4.4566E-05  4.1885E-05  3.8412E-05  2.8074E-05  1.8115E-05
       1.9236E-05  2.8278E-05  3.8638E-05  3.6098E-05  3.9668E-05  4.0726E-05  3.8893E-05  3.4656E-05  2.3861E-05  1.4710E-05
       1.7595E-05  2.7247E-05  3.6010E-05  3.3898E-05  4.0912E-05  3.4591E-05  3.4321E-05  3.3793E-05  2.9933E-05  1.4541E-05
       1.8242E-05  2.3686E-05  3.1330E-05  3.3530E-05  3.1007E-05  3.0195E-05  2.7553E-05  3.1119E-05  2.0433E-05  1.4691E-05
       1.3104E-05  1.5831E-05  2.1943E-05  2.3313E-05  2.0032E-05  2.2261E-05  2.0359E-05  2.4722E-05  1.7341E-05  1.3195E-05
       7.7515E-06  1.1547E-05  1.2932E-05  1.6686E-05  1.9252E-05  1.4892E-05  1.8334E-05  1.4194E-05  1.0926E-05  7.2044E-06
       1.0926E-05  1.8868E-05  1.9653E-05  2.5595E-05  2.1560E-05  2.6835E-05  2.1585E-05  2.1614E-05  1.5674E-05  1.1334E-05
       1.3381E-05  1.9318E-05  1.7120E-05  2.7188E-05  2.6914E-05  2.3162E-05  2.0007E-05  2.0347E-05  1.8549E-05  1.1430E-05
       1.4686E-05  1.6463E-05  2.1035E-05  3.0134E-05  2.7554E-05  2.5703E-05  2.5119E-05  2.3139E-05  1.8024E-05  1.3613E-05
       1.6827E-05  2.2175E-05  1.9712E-05  3.1918E-05  3.1649E-05  3.1702E-05  2.5098E-05  1.9727E-05  2.3499E-05  1.4010E-05
       1.5918E-05  1.8823E-05  2.2650E-05  2.8042E-05  3.1701E-05  3.0072E-05  2.5011E-05  2.5120E-05  2.0475E-05  7.7379E-06
       1.2083E-05  1.7321E-05  2.5011E-05  2.3709E-05  2.3407E-05  2.6310E-05  2.4575E-05  2.3732E-05  1.8911E-05  1.3860E-05
       1.2375E-05  1.4795E-05  2.2297E-05  2.0898E-05  2.8598E-05  2.2667E-05  2.2473E-05  2.1141E-05  1.6850E-05  1.4629E-05
       1.0672E-05  1.6094E-05  1.7902E-05  1.9951E-05  1.7997E-05  2.1597E-05  1.8504E-05  2.3539E-05  1.4412E-05  1.4465E-05
       1.0984E-05  1.2557E-05  1.3498E-05  1.6981E-05  1.6121E-05  1.7083E-05  1.6584E-05  1.6976E-05  1.3154E-05  1.0559E-05

      Percentage errors follow in a matrix A(ix,iy,iz), format (1(5x,1p,10(1x,e11.4)))

       4.7639E+00  6.3643E+00  6.0975E+00  5.5083E+00  6.7220E+00  3.4481E+00  4.9493E+00  5.4786E+00  5.4473E+00  5.2464E+00
       7.1526E+00  5.3482E+00  4.2819E+00  4.6189E+00  4.5301E+00  4.2179E+00  5.6726E+00  6.6916E+00  4.5947E+00  6.2851E+00
       6.0518E+00  7.3140E+00  6.2307E+00  4.9960E+00  4.7597E+00  6.2295E+00  4.6518E+00  4.6106E+00  5.0643E+00  4.5132E+00
       4.7891E+00  5.0415E+00  5.5152E+00  5.2079E+00  5.0294E+00  5.2219E+00  4.0066E+00  4.3863E+00  5.7017E+00  4.8085E+00
       4.2262E+00  6.0800E+00  4.3716E+00  3.8771E+00  4.8108E+00  5.8394E+00  4.0449E+00  4.8497E+00  5.3059E+00  6.9278E+00
       5.9472E+00  5.1012E+00  7.3495E+00  5.6312E+00  4.7066E+00  4.6984E+00  4.9598E+00  6.3801E+00  6.4593E+00  4.7377E+00
       7.0383E+00  6.4680E+00  4.6369E+00  3.3890E+00  4.7931E+00  3.6631E+00  6.1276E+00  5.2487E+00  3.8011E+00  6.2564E+00
       6.0894E+00  7.3932E+00  4.3340E+00  4.4642E+00  5.4714E+00  5.6779E+00  3.9274E+00  4.2016E+00  6.1245E+00  7.7698E+00
       6.9291E+00  7.5739E+00  4.9403E+00  4.5126E+00  6.0442E+00  6.1493E+00  5.4120E+00  5.8834E+00  5.9645E+00  7.0074E+00
       6.4803E+00  6.1107E+00  5.8226E+00  5.6769E+00  5.4273E+00  4.2393E+00  5.1214E+00  5.6294E+00  4.8522E+00  7.2431E+00
       5.1268E+00  5.7910E+00  5.5280E+00  5.8475E+00  6.6528E+00  3.9796E+00  6.5944E+00  7.2172E+00  4.6202E+00  5.4173E+00
       7.7638E+00  6.9296E+00  5.9126E+00  3.1845E+00  4.7703E+00  5.4437E+00  6.9182E+00  5.8906E+00  4.9006E+00  4.9344E+00
       7.0240E+00  6.9149E+00  6.1225E+00  6.6631E+00  5.2530E+00  5.9208E+00  3.4652E+00  4.5127E+00  6.4365E+00  5.9722E+00
       7.5569E+00  9.0783E+00  4.8722E+00  4.7191E+00  4.8831E+00  4.6870E+00  4.7115E+00  4.9077E+00  7.6466E+00  5.8266E+00
       5.1518E+00  6.5877E+00  6.3134E+00  4.9568E+00  4.9128E+00  4.8045E+00  5.2513E+00  5.6774E+00  4.1273E+00  7.8744E+00
       5.4463E+00  4.3340E+00  4.7214E+00  5.7671E+00  4.8252E+00  5.0230E+00  4.4952E+00  5.6684E+00  5.7470E+00  6.7253E+00
       6.5035E+00  5.6283E+00  4.7295E+00  3.4106E+00  4.0967E+00  5.0577E+00  6.5262E+00  5.9539E+00  5.9415E+00  5.3629E+00
       6.8659E+00  6.8360E+00  5.9511E+00  6.3007E+00  4.5888E+00  4.9722E+00  4.4836E+00  5.7663E+00  7.4364E+00  8.0320E+00
       7.9307E+00  6.2877E+00  7.0057E+00  5.2149E+00  6.0016E+00  4.1140E+00  5.4351E+00  6.6531E+00  6.2995E+00  7.9988E+00
       6.9260E+00  7.8180E+00  5.7891E+00  6.9014E+00  5.6506E+00  4.8532E+00  6.2627E+00  5.2723E+00  6.3639E+00  7.4761E+00
       7.1290E+00  6.0057E+00  7.9857E+00  4.5303E+00  7.8874E+00  4.9463E+00  4.3149E+00  9.9674E+00  8.2137E+00  6.9583E+00
       5.6543E+00  6.8131E+00  7.6240E+00  3.8444E+00  5.4453E+00  4.1459E+00  6.6976E+00  7.0979E+00  7.0072E+00  5.1039E+00
       7.6933E+00  6.7658E+00  6.6991E+00  5.4438E+00  7.8447E+00  5.2042E+00  4.1886E+00  5.2622E+00  7.5719E+00  8.0247E+00
       8.2210E+00  5.9141E+00  6.6139E+00  4.2303E+00  4.7199E+00  5.1762E+00  3.7992E+00  5.3948E+00  6.5241E+00  6.8822E+00
       5.9076E+00  8.0697E+00  5.1277E+00  4.9268E+00  4.4156E+00  6.5373E+00  4.4548E+00  3.6998E+00  5.1335E+00  6.7383E+00
       5.2928E+00  6.6812E+00  4.3529E+00  5.0813E+00  4.4369E+00  6.1226E+00  5.3085E+00  5.4438E+00  6.2605E+00  6.3699E+00
       8.4269E+00  5.8333E+00  6.2556E+00  3.9551E+00  3.6776E+00  5.0460E+00  6.2020E+00  3.9346E+00  5.3913E+00  4.3867E+00
       8.0973E+00  6.8501E+00  5.6345E+00  5.8547E+00  4.9026E+00  4.3064E+00  4.8902E+00  6.5440E+00  5.6026E+00  6.9502E+00
       4.6984E+00  5.9910E+00  7.1114E+00  5.7056E+00  6.0213E+00  3.5739E+00  6.2561E+00  6.3310E+00  6.7478E+00  7.3220E+00
       6.3754E+00  6.9468E+00  8.6519E+00  6.7060E+00  5.5506E+00  6.4503E+00  7.2833E+00  7.0078E+00  8.4854E+00  7.4847E+00
       9.8556E+00  7.8775E+00  9.2210E+00  5.0610E+00  4.8172E+00  6.5290E+00  9.0439E+00  9.7469E+00  7.8004E+00  7.4151E+00
       8.7453E+00  6.7559E+00  6.1298E+00  7.3131E+00  5.1881E+00  4.7159E+00  6.0081E+00  8.1557E+00  6.8469E+00  8.7535E+00
       9.7860E+00  7.9255E+00  6.8632E+00  4.4971E+00  5.8363E+00  6.7480E+00  5.3802E+00  6.4275E+00  6.2004E+00  6.3761E+00
       9.9697E+00  6.9352E+00  5.8062E+00  6.6074E+00  4.2603E+00  4.9147E+00  5.5188E+00  3.8050E+00  8.1481E+00  8.4911E+00
       6.0629E+00  5.1301E+00  6.5348E+00  4.7812E+00  5.5836E+00  6.7717E+00  6.5159E+00  5.4390E+00  6.1409E+00  5.5943E+00
       5.7028E+00  5.6919E+00  7.9464E+00  5.0553E+00  5.2610E+00  4.7069E+00  5.7762E+00  5.7713E+00  6.1909E+00  6.4767E+00
       7.8986E+00  6.2710E+00  5.9989E+00  6.4112E+00  5.9976E+00  5.4417E+00  6.9345E+00  6.1983E+00  6.8276E+00  6.3489E+00
       8.6317E+00  6.8447E+00  7.7782E+00  5.2135E+00  4.4147E+00  6.5217E+00  7.0323E+00  6.5422E+00  5.6881E+00  7.2338E+00
       8.1687E+00  6.1435E+00  6.6018E+00  6.5283E+00  5.3148E+00  6.9978E+00  7.2837E+00  6.7004E+00  7.9277E+00  6.9437E+00
       8.5373E+00  9.3185E+00  9.0349E+00  6.8077E+00  6.2155E+00  7.1618E+00  6.5201E+00  6.2017E+00  7.4770E+00  6.8513E+00
       1.0901E+01  7.7335E+00  9.1164E+00  7.2103E+00  7.5771E+00  6.4311E+00  9.7529E+00  9.2492E+00  9.9658E+00  8.4619E+00
       1.0350E+01  5.4932E+00  6.4238E+00  6.4530E+00  5.3112E+00  6.2346E+00  5.1517E+00  8.2499E+00  9.1498E+00  1.0311E+01
       7.0500E+00  8.0181E+00  6.7266E+00  6.4452E+00  6.3164E+00  5.8556E+00  4.2442E+00  7.4212E+00  7.2595E+00  7.8177E+00
       1.1541E+01  7.1828E+00  5.5935E+00  5.3554E+00  5.9417E+00  4.7927E+00  5.7170E+00  6.3109E+00  7.2231E+00  1.1722E+01
       1.0088E+01  7.4361E+00  7.5765E+00  5.2361E+00  5.9477E+00  5.0138E+00  6.3331E+00  6.0997E+00  7.7400E+00  7.6947E+00
       8.6345E+00  6.4943E+00  6.2475E+00  6.1593E+00  5.5031E+00  6.9601E+00  5.5863E+00  6.5445E+00  7.3763E+00  8.5026E+00
       8.6599E+00  7.6508E+00  4.3728E+00  6.3534E+00  5.1566E+00  5.4376E+00  5.6124E+00  6.8378E+00  5.9990E+00  7.0499E+00
       9.5563E+00  7.4317E+00  6.5094E+00  5.4773E+00  5.4646E+00  6.9022E+00  8.2503E+00  6.0530E+00  6.0667E+00  1.1225E+01
       7.9862E+00  6.5847E+00  6.2372E+00  7.2593E+00  6.5389E+00  8.4021E+00  6.4760E+00  8.2053E+00  8.5482E+00  8.7634E+00
       9.7863E+00  1.0146E+01  9.0846E+00  8.9311E+00  6.9019E+00  8.7922E+00  5.6918E+00  7.2729E+00  7.7515E+00  9.4058E+00
       1.1386E+01  1.0061E+01  6.2328E+00  7.2995E+00  7.0398E+00  7.0943E+00  7.5492E+00  9.2844E+00  1.0394E+01  9.5295E+00
       9.3645E+00  7.4432E+00  7.8151E+00  8.1472E+00  7.0992E+00  7.6092E+00  6.6060E+00  7.5344E+00  8.1487E+00  1.2162E+01
       1.1444E+01  7.7371E+00  7.1471E+00  6.3507E+00  7.7296E+00  6.5720E+00  7.3257E+00  6.4684E+00  9.0283E+00  8.4543E+00
       8.4852E+00  9.0663E+00  8.3353E+00  5.3210E+00  6.7193E+00  5.8198E+00  5.6581E+00  7.2987E+00  8.3534E+00  8.3261E+00
       8.7895E+00  6.9094E+00  7.0762E+00  7.2777E+00  6.4500E+00  6.1116E+00  5.4737E+00  6.4120E+00  9.8741E+00  6.9831E+00
       8.6191E+00  7.9801E+00  4.8688E+00  6.5243E+00  6.5413E+00  8.5943E+00  6.6668E+00  7.5109E+00  8.3399E+00  1.0124E+01
       9.1199E+00  1.0406E+01  6.6288E+00  4.5358E+00  5.5308E+00  5.9133E+00  8.9425E+00  8.8563E+00  6.7430E+00  9.0126E+00
       8.9627E+00  6.4501E+00  5.9432E+00  6.2616E+00  5.7784E+00  7.5167E+00  7.7139E+00  6.2535E+00  5.8620E+00  1.0893E+01
       7.9810E+00  7.4753E+00  7.0277E+00  8.4202E+00  7.6482E+00  7.6964E+00  9.6435E+00  9.1666E+00  1.1122E+01  1.1086E+01
       1.1574E+01  1.1631E+01  1.0499E+01  1.0856E+01  8.1444E+00  7.7507E+00  8.2398E+00  6.4476E+00  8.9153E+00  1.1156E+01
       9.9477E+00  1.0485E+01  9.6220E+00  9.1986E+00  7.1526E+00  9.1167E+00  8.8965E+00  1.2012E+01  9.4485E+00  1.7479E+01
       1.1689E+01  9.1064E+00  7.5008E+00  1.2116E+01  6.7899E+00  1.2743E+01  8.6620E+00  1.0021E+01  7.7183E+00  1.1868E+01
       1.1779E+01  7.5874E+00  7.4570E+00  8.5088E+00  7.9958E+00  9.0406E+00  7.2449E+00  8.6434E+00  1.2703E+01  1.1394E+01
       8.1019E+00  9.0925E+00  9.2288E+00  8.3020E+00  6.3295E+00  8.9873E+00  8.0301E+00  8.0394E+00  7.9560E+00  1.2933E+01
       9.1956E+00  9.7421E+00  7.4413E+00  8.7035E+00  5.1563E+00  5.9327E+00  7.3857E+00  9.5194E+00  1.0676E+01  8.6805E+00
       1.1126E+01  7.9958E+00  9.6218E+00  7.2716E+00  5.5203E+00  7.2079E+00  6.5190E+00  7.0698E+00  1.0833E+01  1.0133E+01
       6.2008E+00  8.8044E+00  8.6016E+00  6.0158E+00  8.2297E+00  5.6634E+00  6.2036E+00  9.3799E+00  1.0854E+01  8.8254E+00
       1.0072E+01  9.3119E+00  9.4139E+00  8.6200E+00  9.3587E+00  8.2837E+00  8.1218E+00  8.5517E+00  8.7906E+00  1.0125E+01
       1.0728E+01  1.1620E+01  8.3402E+00  8.0867E+00  1.0054E+01  6.8861E+00  1.0321E+01  1.0186E+01  1.0336E+01  1.5199E+01
       1.5869E+01  1.1005E+01  1.1711E+01  1.3040E+01  1.0541E+01  9.3752E+00  8.9863E+00  6.0091E+00  8.0107E+00  1.6548E+01
       1.1816E+01  1.7283E+01  9.4621E+00  1.2592E+01  6.7341E+00  8.9086E+00  1.1478E+01  9.8246E+00  1.4011E+01  1.4347E+01
       1.2150E+01  9.6412E+00  8.9382E+00  1.0119E+01  1.0214E+01  9.0174E+00  1.0634E+01  7.8140E+00  9.9125E+00  1.2765E+01
       1.0839E+01  1.1407E+01  9.3384E+00  9.9506E+00  1.0293E+01  7.0513E+00  8.3606E+00  9.3459E+00  1.4692E+01  1.4480E+01
       1.2057E+01  8.6645E+00  9.8450E+00  8.2270E+00  8.3251E+00  7.4645E+00  8.8046E+00  1.0676E+01  8.9794E+00  1.0505E+01
       6.9130E+00  1.0630E+01  1.0425E+01  8.2271E+00  7.1812E+00  8.8822E+00  8.3271E+00  7.9311E+00  9.0570E+00  1.1675E+01
       1.1364E+01  9.2133E+00  1.0900E+01  9.8103E+00  6.5162E+00  9.6336E+00  6.0933E+00  7.5615E+00  1.1841E+01  1.6262E+01
       1.0239E+01  9.9171E+00  7.4358E+00  8.5937E+00  6.3181E+00  7.8031E+00  8.1095E+00  8.5224E+00  1.1809E+01  1.6596E+01
       1.1494E+01  1.1052E+01  8.7739E+00  9.5100E+00  1.0619E+01  1.0021E+01  7.8187E+00  8.1009E+00  1.1017E+01  1.4302E+01
       1.3931E+01  1.3581E+01  6.9737E+00  9.2653E+00  1.2091E+01  9.9315E+00  9.5610E+00  8.6089E+00  9.7433E+00  1.1811E+01
       1.0695E+01  1.0445E+01  9.6165E+00  1.2772E+01  8.9291E+00  9.5824E+00  1.0960E+01  9.9271E+00  1.4090E+01  1.9220E+01
       1.3317E+01  1.4845E+01  1.1275E+01  1.3166E+01  9.8982E+00  1.3393E+01  1.5251E+01  1.1119E+01  1.1905E+01  1.8889E+01
       1.1847E+01  1.0964E+01  1.4223E+01  1.1137E+01  9.5282E+00  7.3195E+00  1.1082E+01  1.0526E+01  1.3573E+01  1.2007E+01
       1.2153E+01  1.2127E+01  1.3109E+01  9.1228E+00  9.9520E+00  9.4709E+00  9.3134E+00  1.0859E+01  1.2066E+01  1.2810E+01
       1.4685E+01  1.1308E+01  1.2097E+01  8.3308E+00  1.1117E+01  9.3536E+00  8.4969E+00  9.2124E+00  1.1158E+01  1.4521E+01
       1.0425E+01  1.3539E+01  1.1862E+01  8.5607E+00  6.9885E+00  9.4555E+00  9.8795E+00  1.0067E+01  8.5692E+00  1.3602E+01
       1.2980E+01  1.0965E+01  7.9819E+00  8.4997E+00  7.7926E+00  7.6245E+00  8.3459E+00  8.2847E+00  1.3010E+01  1.3219E+01
       1.1927E+01  1.2461E+01  9.2093E+00  8.8333E+00  8.7427E+00  1.1174E+01  9.4726E+00  1.0057E+01  1.0094E+01  2.0998E+01
       1.7933E+01  1.3003E+01  9.5093E+00  1.0957E+01  8.2852E+00  1.3435E+01  1.0769E+01  9.6077E+00  1.4092E+01  1.4393E+01
       1.7638E+01  1.5056E+01  1.2615E+01  1.0823E+01  1.0132E+01  1.0780E+01  1.1046E+01  9.5563E+00  1.4375E+01  1.5223E+01
       1.7560E+01  1.4072E+01  1.0670E+01  1.4090E+01  1.1126E+01  1.3315E+01  1.0011E+01  1.4351E+01  1.5551E+01  2.0212E+01
       1.6053E+01  1.3247E+01  1.3333E+01  1.6072E+01  1.3634E+01  1.1331E+01  1.1503E+01  1.7877E+01  1.7102E+01  1.2339E+01
       1.7800E+01  1.4431E+01  1.1900E+01  1.0931E+01  9.6844E+00  9.3559E+00  9.1717E+00  1.4905E+01  1.2959E+01  1.5072E+01
       1.2098E+01  1.4055E+01  1.5100E+01  1.2363E+01  1.0699E+01  1.1278E+01  1.1374E+01  1.3091E+01  9.1866E+00  1.7770E+01
       1.8034E+01  1.3602E+01  1.4506E+01  7.4562E+00  8.2352E+00  1.0314E+01  1.2466E+01  9.1811E+00  1.5539E+01  1.7690E+01
       1.7454E+01  1.1997E+01  1.2120E+01  8.3139E+00  1.0935E+01  1.1797E+01  9.5774E+00  7.6031E+00  1.2253E+01  2.2459E+01
       1.3927E+01  9.7063E+00  1.4464E+01  8.4576E+00  7.8009E+00  1.2044E+01  1.0566E+01  1.1694E+01  9.3923E+00  1.7038E+01
       1.2981E+01  1.0181E+01  1.2730E+01  7.6567E+00  9.6191E+00  8.2925E+00  9.4309E+00  1.0992E+01  1.1986E+01  2.4206E+01
       1.5439E+01  1.6587E+01  1.2187E+01  1.0849E+01  1.2588E+01  1.5000E+01  1.4583E+01  1.0413E+01  1.8368E+01  1.3753E+01
       1.8183E+01  1.0214E+01  1.1459E+01  1.0697E+01  1.2719E+01  1.2960E+01  1.0879E+01  1.0294E+01  1.7308E+01  1.8570E+01
       1.3385E+01  1.8125E+01  1.3238E+01  1.2939E+01  1.3451E+01  1.4216E+01  1.5746E+01  1.6597E+01  1.6958E+01  1.4631E+01
