1
   Cartesian binning n.   1  "DoseEq    " , generalized particle n.  240
      X coordinate: from -8.5000E+01 to  8.5000E+01 cm,    10 bins ( 1.7000E+01 cm wide)
      Y coordinate: from -2.5000E+01 to  2.5000E+01 cm,    10 bins ( 5.0000E+00 cm wide)
      Z coordinate: from  2.2500E+02 to  2.7500E+02 cm,    10 bins ( 5.0000E+00 cm wide)
      Data follow in a matrix A(ix,iy,iz), format (1(5x,1p,10(1x,e11.4)))

      accurate deposition along the tracks requested
      this is a track-length binning
       2.0423E-04  2.4051E-04  2.7242E-04  2.9031E-04  3.1265E-04  3.2301E-04  2.9853E-04  2.8343E-04  2.3251E-04  2.1353E-04
       2.1326E-04  2.8300E-04  2.9812E-04  3.5049E-04  3.6072E-04  3.5837E-04  3.3589E-04  2.9523E-04  2.7723E-04  2.3078E-04
       2.3032E-04  2.9688E-04  3.2894E-04  3.8141E-04  3.8702E-04  3.7592E-04  3.9559E-04  3.2335E-04  3.0291E-04  2.3176E-04
       2.3107E-04  3.0343E-04  3.4753E-04  3.8189E-04  3.8557E-04  3.9237E-04  3.7352E-04  3.4395E-04  3.0291E-04  2.3464E-04
       2.3276E-04  3.0518E-04  3.3635E-04  3.8430E-04  4.1705E-04  4.0747E-04  4.0571E-04  3.4144E-04  3.0335E-04  2.4405E-04
       2.4739E-04  3.1686E-04  3.4993E-04  3.7376E-04  4.0433E-04  3.9202E-04  3.8568E-04  3.6052E-04  3.0697E-04  2.2757E-04
       2.2986E-04  2.9813E-04  3.7240E-04  3.8696E-04  3.7936E-04  3.8923E-04  3.8166E-04  3.3072E-04  3.1777E-04  2.2655E-04
       2.3511E-04  3.0607E-04  3.4740E-04  3.6603E-04  3.7698E-04  3.8916E-04  3.4923E-04  3.2071E-04  2.8682E-04  2.3837E-04
       2.2060E-04  2.9137E-04  3.1668E-04  3.2469E-04  3.4682E-04  3.4505E-04  3.4944E-04  3.0344E-04  2.6042E-04  2.2123E-04
       1.8179E-04  2.5102E-04  2.7075E-04  3.0601E-04  3.1227E-04  2.8783E-04  3.2097E-04  2.7266E-04  2.2374E-04  1.9804E-04
       1.6682E-04  2.0514E-04  2.3210E-04  2.5319E-04  2.6154E-04  2.7562E-04  2.4671E-04  2.4965E-04  2.0313E-04  1.6363E-04
       1.9193E-04  2.5377E-04  2.7250E-04  3.2149E-04  3.1987E-04  3.3362E-04  3.2805E-04  2.7571E-04  2.5541E-04  1.8853E-04
       2.1559E-04  2.8557E-04  3.1617E-04  3.4042E-04  3.5613E-04  3.6733E-04  3.6653E-04  3.0835E-04  2.6292E-04  2.0210E-04
       2.1380E-04  2.7854E-04  3.2671E-04  3.6320E-04  3.7712E-04  3.5957E-04  3.6101E-04  3.3515E-04  2.8047E-04  2.0575E-04
       2.3011E-04  2.7973E-04  3.3378E-04  3.6067E-04  4.0021E-04  3.8099E-04  3.9182E-04  3.3787E-04  2.8075E-04  2.1412E-04
       2.0718E-04  2.9907E-04  3.3527E-04  3.5996E-04  3.8419E-04  3.8396E-04  3.6289E-04  3.5947E-04  2.8595E-04  2.0449E-04
       2.0394E-04  2.9467E-04  3.4007E-04  3.6456E-04  3.7587E-04  3.8264E-04  3.5075E-04  3.3113E-04  2.9509E-04  2.0741E-04
       1.9848E-04  2.8947E-04  3.3969E-04  3.3984E-04  3.5310E-04  3.8128E-04  3.3506E-04  3.0489E-04  2.9430E-04  2.0795E-04
       1.9433E-04  2.7021E-04  2.9526E-04  3.0270E-04  3.2264E-04  3.2794E-04  3.1548E-04  2.7739E-04  2.4660E-04  1.9107E-04
       1.4469E-04  2.1602E-04  2.5179E-04  2.5459E-04  2.5858E-04  2.5083E-04  2.6371E-04  2.2421E-04  1.9343E-04  1.6139E-04
       1.2055E-04  1.5984E-04  1.9000E-04  2.0478E-04  2.1261E-04  2.1971E-04  1.9402E-04  1.8047E-04  1.4947E-04  1.2128E-04
       1.4558E-04  2.1310E-04  2.3836E-04  2.8057E-04  2.7701E-04  2.8138E-04  2.6097E-04  2.3477E-04  2.1391E-04  1.4310E-04
       1.7222E-04  2.4350E-04  2.7654E-04  2.9538E-04  3.0600E-04  3.2521E-04  2.9121E-04  2.6896E-04  2.3631E-04  1.5225E-04
       1.6634E-04  2.4077E-04  2.7445E-04  3.1391E-04  3.2544E-04  3.2663E-04  3.1877E-04  2.8603E-04  2.4676E-04  1.6065E-04
       1.7971E-04  2.3705E-04  2.6881E-04  2.9928E-04  3.4443E-04  3.2671E-04  3.2888E-04  2.9927E-04  2.4750E-04  1.7550E-04
       1.7338E-04  2.5323E-04  2.7821E-04  3.1908E-04  3.4873E-04  3.3796E-04  3.2210E-04  2.8971E-04  2.4860E-04  1.7060E-04
       1.7907E-04  2.6320E-04  2.9721E-04  3.0726E-04  3.1567E-04  3.2787E-04  3.0783E-04  2.7001E-04  2.4791E-04  1.7534E-04
       1.7006E-04  2.4542E-04  2.8756E-04  2.7398E-04  3.0475E-04  3.2899E-04  2.7469E-04  2.4290E-04  2.3942E-04  1.7286E-04
       1.7048E-04  2.1223E-04  2.4932E-04  2.4232E-04  2.5938E-04  2.7650E-04  2.6539E-04  2.3840E-04  2.1068E-04  1.5078E-04
       1.1889E-04  1.6426E-04  2.0365E-04  1.9774E-04  2.0354E-04  2.0048E-04  2.1156E-04  1.7882E-04  1.6015E-04  1.1523E-04
       8.0174E-05  1.2256E-04  1.5257E-04  1.5803E-04  1.6529E-04  1.5890E-04  1.4545E-04  1.4512E-04  1.2304E-04  9.8491E-05
       1.2442E-04  1.6475E-04  1.8714E-04  2.1654E-04  2.3235E-04  2.4969E-04  2.1277E-04  1.8947E-04  1.7015E-04  1.1597E-04
       1.2093E-04  1.9849E-04  2.1083E-04  2.3821E-04  2.5062E-04  2.6047E-04  2.4651E-04  2.2615E-04  1.8973E-04  1.2710E-04
       1.4088E-04  1.8396E-04  2.2386E-04  2.5032E-04  2.7251E-04  2.7647E-04  2.7831E-04  2.3909E-04  1.9006E-04  1.4455E-04
       1.4298E-04  1.9237E-04  2.3197E-04  2.5749E-04  2.8051E-04  3.0059E-04  2.7862E-04  2.4357E-04  1.9931E-04  1.4268E-04
       1.4857E-04  2.0492E-04  2.3688E-04  2.4140E-04  2.6938E-04  2.7975E-04  2.6320E-04  2.4170E-04  2.1639E-04  1.5295E-04
       1.5143E-04  1.9799E-04  2.4833E-04  2.4482E-04  2.7585E-04  2.8217E-04  2.5979E-04  2.1015E-04  2.1102E-04  1.4394E-04
       1.3091E-04  1.8422E-04  2.3329E-04  2.2075E-04  2.3145E-04  2.8333E-04  2.3471E-04  2.0964E-04  1.9343E-04  1.4139E-04
       1.2839E-04  1.7294E-04  1.9072E-04  1.9557E-04  2.1700E-04  2.3097E-04  2.1718E-04  1.9577E-04  1.7098E-04  1.3456E-04
       9.4521E-05  1.3356E-04  1.5814E-04  1.6254E-04  1.6879E-04  1.5869E-04  1.5585E-04  1.4222E-04  1.1841E-04  8.8943E-05
       6.7638E-05  9.7751E-05  1.1906E-04  1.2934E-04  1.3167E-04  1.3771E-04  1.1711E-04  1.1877E-04  9.7594E-05  6.4250E-05
       9.0356E-05  1.3816E-04  1.5875E-04  1.7441E-04  1.8004E-04  2.0046E-04  1.8426E-04  1.5174E-04  1.3610E-04  8.9687E-05
       1.0032E-04  1.5613E-04  1.7657E-04  1.8874E-04  2.0061E-04  2.0714E-04  2.0231E-04  1.8180E-04  1.5221E-04  1.0090E-04
       1.0421E-04  1.6804E-04  1.8974E-04  1.9942E-04  2.1926E-04  2.2744E-04  2.1695E-04  1.8992E-04  1.5911E-04  1.0811E-04
       1.2089E-04  1.6287E-04  1.8979E-04  2.0584E-04  2.3027E-04  2.3128E-04  2.2604E-04  1.9566E-04  1.6033E-04  1.0945E-04
       1.2771E-04  1.6239E-04  1.8593E-04  1.9590E-04  2.2787E-04  2.3376E-04  2.0651E-04  1.9594E-04  1.6519E-04  1.2446E-04
       1.1383E-04  1.5261E-04  1.7990E-04  1.8773E-04  2.1639E-04  2.3054E-04  2.0962E-04  1.8242E-04  1.6178E-04  1.1579E-04
       1.0574E-04  1.5201E-04  1.8678E-04  1.8748E-04  1.9870E-04  2.1878E-04  1.9136E-04  1.8000E-04  1.4606E-04  1.1265E-04
       1.0023E-04  1.3927E-04  1.5831E-04  1.5419E-04  1.8317E-04  1.9341E-04  1.6547E-04  1.5232E-04  1.2587E-04  9.8009E-05
       7.3926E-05  1.0159E-04  1.2124E-04  1.2523E-04  1.3592E-04  1.2832E-04  1.2550E-04  1.0162E-04  9.0132E-05  6.8436E-05
       5.9190E-05  7.9766E-05  9.0277E-05  9.8925E-05  1.0129E-04  1.0163E-04  9.7851E-05  9.2971E-05  8.4428E-05  5.0564E-05
       7.3460E-05  1.0009E-04  1.1901E-04  1.2871E-04  1.4515E-04  1.3763E-04  1.3212E-04  1.2441E-04  1.1455E-04  6.3566E-05
       7.2039E-05  1.1914E-04  1.4073E-04  1.5107E-04  1.5895E-04  1.6044E-04  1.5309E-04  1.3785E-04  1.1579E-04  8.4822E-05
       8.1778E-05  1.3459E-04  1.6808E-04  1.6542E-04  1.6708E-04  1.7732E-04  1.8217E-04  1.5404E-04  1.2041E-04  8.9235E-05
       9.4875E-05  1.3555E-04  1.6512E-04  1.6752E-04  1.8381E-04  1.8741E-04  1.8786E-04  1.6655E-04  1.2661E-04  8.6717E-05
       9.1973E-05  1.3323E-04  1.4938E-04  1.5779E-04  1.7898E-04  1.8261E-04  1.7308E-04  1.4896E-04  1.3849E-04  9.2657E-05
       9.2093E-05  1.2808E-04  1.4418E-04  1.5788E-04  1.6869E-04  1.7178E-04  1.6819E-04  1.5140E-04  1.2586E-04  8.9463E-05
       8.2672E-05  1.1243E-04  1.3353E-04  1.6652E-04  1.6748E-04  1.7807E-04  1.6237E-04  1.5440E-04  1.2067E-04  8.1489E-05
       7.2795E-05  1.0205E-04  1.2509E-04  1.1888E-04  1.4108E-04  1.4878E-04  1.4251E-04  1.1677E-04  1.0692E-04  7.7258E-05
       5.9349E-05  8.0812E-05  9.0896E-05  9.6536E-05  9.6098E-05  1.0739E-04  9.7853E-05  8.4828E-05  7.8072E-05  5.4635E-05
       4.4112E-05  5.9676E-05  6.6481E-05  7.4682E-05  7.5581E-05  7.5640E-05  7.9632E-05  6.2252E-05  6.5629E-05  4.0325E-05
       5.4425E-05  7.1529E-05  8.7770E-05  1.0152E-04  1.0576E-04  1.1345E-04  1.0453E-04  9.3714E-05  8.0558E-05  5.1498E-05
       6.0503E-05  9.7308E-05  1.1454E-04  1.1537E-04  1.2579E-04  1.3849E-04  1.2626E-04  1.1243E-04  9.3483E-05  6.7255E-05
       7.2112E-05  1.0487E-04  1.1390E-04  1.3145E-04  1.2625E-04  1.4595E-04  1.3337E-04  1.1035E-04  9.7228E-05  6.5904E-05
       7.4706E-05  1.0452E-04  1.2701E-04  1.3016E-04  1.4507E-04  1.4408E-04  1.3899E-04  1.2753E-04  9.9759E-05  7.0804E-05
       7.7535E-05  1.1050E-04  1.1803E-04  1.2404E-04  1.4802E-04  1.5169E-04  1.4100E-04  1.1727E-04  1.0800E-04  7.9182E-05
       7.2490E-05  1.0112E-04  1.1492E-04  1.3203E-04  1.3755E-04  1.4356E-04  1.3999E-04  1.2549E-04  1.0109E-04  7.1419E-05
       5.9275E-05  8.4455E-05  9.8453E-05  1.1614E-04  1.3137E-04  1.4763E-04  1.2868E-04  1.2126E-04  9.5152E-05  6.3858E-05
       5.7533E-05  7.2542E-05  8.2454E-05  1.0163E-04  1.0829E-04  1.1509E-04  1.1535E-04  9.9635E-05  8.6167E-05  5.5488E-05
       4.3542E-05  5.9607E-05  7.1619E-05  7.4347E-05  7.9070E-05  8.3914E-05  7.2708E-05  7.2493E-05  5.1299E-05  4.0376E-05
       3.2288E-05  4.1883E-05  5.2727E-05  5.5690E-05  5.8354E-05  5.5119E-05  6.1823E-05  4.7736E-05  4.7385E-05  3.1100E-05
       4.3963E-05  5.7871E-05  6.9513E-05  7.9004E-05  8.4108E-05  8.5722E-05  7.8304E-05  7.4343E-05  6.6401E-05  3.8737E-05
       4.6068E-05  7.2007E-05  7.9137E-05  8.9693E-05  9.7810E-05  1.0411E-04  9.5616E-05  9.2281E-05  6.8330E-05  4.4756E-05
       5.4380E-05  7.8621E-05  8.0701E-05  9.5470E-05  1.1046E-04  1.0966E-04  1.1266E-04  8.9950E-05  7.9227E-05  5.5920E-05
       5.6082E-05  7.5612E-05  9.2270E-05  1.1052E-04  1.2099E-04  1.2419E-04  1.0436E-04  1.0530E-04  8.4574E-05  5.6268E-05
       6.0433E-05  8.2287E-05  8.3606E-05  1.0657E-04  1.0845E-04  1.2500E-04  1.1369E-04  9.0482E-05  7.0425E-05  5.9362E-05
       5.2049E-05  7.7954E-05  9.2433E-05  9.9927E-05  1.1731E-04  1.0708E-04  1.0683E-04  9.4040E-05  7.7147E-05  5.6378E-05
       5.1934E-05  7.4004E-05  7.7228E-05  9.3036E-05  1.0655E-04  1.0423E-04  9.6258E-05  8.6944E-05  7.2844E-05  4.4401E-05
       4.9687E-05  6.1863E-05  6.3574E-05  8.0426E-05  8.5043E-05  8.3176E-05  8.0279E-05  8.2184E-05  6.3769E-05  4.1421E-05
       3.9269E-05  4.4330E-05  4.9393E-05  6.6378E-05  5.5832E-05  5.3131E-05  6.4218E-05  5.3388E-05  3.8893E-05  2.7399E-05
       2.6180E-05  3.2397E-05  4.1610E-05  4.5913E-05  4.2849E-05  4.0229E-05  4.3056E-05  4.0847E-05  3.8288E-05  2.8615E-05
       3.5030E-05  4.5524E-05  5.2624E-05  6.0806E-05  5.9169E-05  6.3669E-05  6.0685E-05  5.4918E-05  4.9486E-05  3.4893E-05
       4.1154E-05  5.4098E-05  6.1847E-05  7.2930E-05  7.0900E-05  8.0049E-05  7.0622E-05  6.1989E-05  4.9864E-05  3.4777E-05
       4.6933E-05  5.9045E-05  7.5432E-05  7.4768E-05  9.0059E-05  7.6785E-05  7.5642E-05  6.8254E-05  5.9428E-05  4.2434E-05
       4.1768E-05  5.2624E-05  7.4432E-05  8.3616E-05  9.0090E-05  8.5059E-05  7.7038E-05  7.6684E-05  6.6934E-05  3.7324E-05
       3.8245E-05  6.1823E-05  7.3472E-05  8.6127E-05  8.2042E-05  9.0871E-05  7.9524E-05  7.4480E-05  5.6264E-05  4.4515E-05
       4.3444E-05  5.6564E-05  6.9612E-05  7.9789E-05  8.4244E-05  7.2290E-05  7.9875E-05  7.0583E-05  5.8853E-05  4.2331E-05
       4.3238E-05  5.1451E-05  5.7177E-05  7.7358E-05  7.3721E-05  7.8633E-05  7.3006E-05  6.6060E-05  5.5478E-05  3.6353E-05
       3.6643E-05  4.2712E-05  4.6132E-05  6.6144E-05  6.7820E-05  6.3812E-05  6.3625E-05  5.4473E-05  4.7947E-05  3.1369E-05
       2.9743E-05  3.2259E-05  3.7217E-05  4.6767E-05  4.5160E-05  4.2835E-05  4.5258E-05  3.7769E-05  3.3707E-05  2.3415E-05
       1.8889E-05  2.4058E-05  3.3257E-05  3.5182E-05  3.3591E-05  3.4463E-05  3.4267E-05  3.1153E-05  2.7275E-05  2.1322E-05
       2.1791E-05  3.6647E-05  3.9538E-05  3.8708E-05  4.5689E-05  4.5444E-05  4.4184E-05  3.6559E-05  3.4502E-05  2.5437E-05
       3.2815E-05  3.5481E-05  4.3460E-05  4.9350E-05  5.1322E-05  5.2876E-05  4.5484E-05  3.4642E-05  3.9497E-05  2.8203E-05
       2.9947E-05  3.9939E-05  5.1311E-05  5.0651E-05  5.9104E-05  5.2313E-05  5.5122E-05  4.7183E-05  4.1315E-05  2.6379E-05
       2.3862E-05  4.4086E-05  5.6156E-05  5.1436E-05  6.6180E-05  6.0268E-05  5.3033E-05  4.5733E-05  4.2668E-05  2.2113E-05
       2.8482E-05  4.1845E-05  4.5070E-05  5.6540E-05  5.6277E-05  6.5476E-05  5.7755E-05  4.7023E-05  4.2810E-05  2.7879E-05
       3.1904E-05  4.0892E-05  5.4217E-05  5.5646E-05  5.6013E-05  5.6937E-05  5.4326E-05  5.3264E-05  4.2221E-05  3.2358E-05
       2.9557E-05  3.9576E-05  4.4768E-05  4.9316E-05  5.2493E-05  5.9044E-05  4.9478E-05  4.6898E-05  3.6290E-05  2.8517E-05
       2.3611E-05  2.9429E-05  3.0497E-05  4.8352E-05  4.7831E-05  4.7371E-05  4.2968E-05  4.5974E-05  3.0407E-05  2.3930E-05
       1.8192E-05  2.1259E-05  3.0108E-05  3.5256E-05  3.0560E-05  3.2256E-05  3.5783E-05  3.1274E-05  2.6957E-05  1.9900E-05

      Percentage errors follow in a matrix A(ix,iy,iz), format (1(5x,1p,10(1x,e11.4)))

       3.6604E+00  2.7495E+00  3.1718E+00  4.0902E+00  2.6203E+00  3.9917E+00  3.8162E+00  3.4129E+00  2.9730E+00  4.2585E+00
       3.7370E+00  3.4299E+00  2.3550E+00  3.3863E+00  3.3759E+00  3.4086E+00  2.1750E+00  3.3143E+00  3.8089E+00  4.2490E+00
       4.4981E+00  3.5744E+00  3.5733E+00  3.4004E+00  3.0933E+00  3.3919E+00  2.6987E+00  3.0962E+00  2.8101E+00  3.9908E+00
       4.0091E+00  4.1498E+00  3.4873E+00  3.0080E+00  2.7833E+00  2.9542E+00  3.6790E+00  3.0705E+00  3.6203E+00  3.8515E+00
       3.4205E+00  2.8395E+00  2.3963E+00  2.6204E+00  2.5433E+00  2.8903E+00  2.8384E+00  3.0359E+00  4.2886E+00  3.8879E+00
       4.0714E+00  4.3492E+00  2.2313E+00  3.8519E+00  2.6795E+00  3.2270E+00  2.7677E+00  2.8176E+00  2.9326E+00  3.3463E+00
       3.9618E+00  3.7411E+00  3.3967E+00  2.7042E+00  3.0166E+00  2.6346E+00  3.6068E+00  3.7587E+00  3.1081E+00  3.4956E+00
       3.0784E+00  3.4990E+00  3.4426E+00  3.5292E+00  3.4427E+00  1.9746E+00  4.2482E+00  4.0477E+00  3.1807E+00  2.7600E+00
       2.7829E+00  3.3034E+00  3.8917E+00  3.0184E+00  2.9668E+00  2.3616E+00  3.5756E+00  3.6175E+00  3.0883E+00  4.4934E+00
       4.9017E+00  4.3353E+00  4.3022E+00  3.1571E+00  3.5243E+00  3.3626E+00  3.3080E+00  2.8911E+00  2.9697E+00  3.7969E+00
       4.8115E+00  3.9121E+00  3.6272E+00  4.1891E+00  3.4978E+00  3.3915E+00  3.7933E+00  3.9048E+00  3.8400E+00  4.4840E+00
       6.2977E+00  2.7765E+00  3.0178E+00  3.6627E+00  3.8598E+00  3.4817E+00  3.1785E+00  3.2161E+00  3.5695E+00  5.1744E+00
       3.7895E+00  3.9437E+00  2.4311E+00  3.7953E+00  3.3479E+00  3.0605E+00  3.5477E+00  3.2409E+00  2.9882E+00  3.9646E+00
       3.9530E+00  4.0729E+00  2.9678E+00  3.4865E+00  3.3275E+00  3.8545E+00  3.7231E+00  3.8071E+00  2.7200E+00  3.3116E+00
       3.4478E+00  4.2834E+00  2.9189E+00  2.8802E+00  2.4320E+00  4.4399E+00  3.4500E+00  2.7644E+00  3.1146E+00  3.3113E+00
       4.3461E+00  4.2515E+00  3.8606E+00  3.5211E+00  3.3234E+00  3.4001E+00  3.1954E+00  4.3796E+00  2.9800E+00  3.9855E+00
       3.9360E+00  4.0905E+00  3.3381E+00  3.8811E+00  4.5012E+00  2.8324E+00  3.3534E+00  3.9957E+00  3.4746E+00  3.4333E+00
       4.5837E+00  4.7395E+00  4.0671E+00  3.5197E+00  3.6264E+00  2.6574E+00  4.0507E+00  3.3352E+00  3.4051E+00  2.5170E+00
       3.9464E+00  3.1781E+00  3.4133E+00  3.7506E+00  3.1647E+00  2.9920E+00  3.7841E+00  3.2857E+00  3.9602E+00  3.7799E+00
       4.8370E+00  4.5302E+00  4.6325E+00  3.9457E+00  4.1903E+00  3.5427E+00  4.1165E+00  3.8682E+00  2.9786E+00  5.3071E+00
       5.4757E+00  4.7250E+00  4.6212E+00  3.3618E+00  3.6010E+00  3.8743E+00  3.4338E+00  3.7814E+00  4.8030E+00  4.6158E+00
       5.7218E+00  4.0973E+00  3.2974E+00  3.2777E+00  4.3914E+00  3.8265E+00  3.7807E+00  4.3060E+00  4.1898E+00  4.8409E+00
       4.3890E+00  3.4906E+00  2.8838E+00  3.9799E+00  2.9124E+00  3.6601E+00  4.2871E+00  3.2469E+00  3.2787E+00  3.6815E+00
       4.5119E+00  4.1864E+00  3.0801E+00  4.6053E+00  2.8450E+00  3.8906E+00  3.0886E+00  2.9820E+00  3.5664E+00  3.6771E+00
       4.1175E+00  5.7736E+00  3.0198E+00  3.0514E+00  3.3442E+00  3.3426E+00  4.0336E+00  3.2420E+00  3.1657E+00  4.5896E+00
       3.0455E+00  3.9812E+00  2.9134E+00  3.1037E+00  4.1005E+00  3.8052E+00  2.7862E+00  4.6400E+00  4.5327E+00  3.9946E+00
       2.9846E+00  3.9396E+00  4.2852E+00  3.7312E+00  4.7716E+00  2.8833E+00  3.5287E+00  5.0027E+00  3.4869E+00  5.0446E+00
       4.9154E+00  3.8809E+00  4.5504E+00  3.4905E+00  2.5220E+00  2.6741E+00  4.6358E+00  4.7014E+00  3.7459E+00  4.5710E+00
       4.2251E+00  4.1894E+00  2.6334E+00  4.7604E+00  3.5619E+00  4.5158E+00  3.6293E+00  3.5909E+00  4.4862E+00  4.8651E+00
       4.5449E+00  5.4181E+00  4.2791E+00  4.4787E+00  4.4092E+00  2.2098E+00  3.9011E+00  6.7098E+00  3.8805E+00  5.7148E+00
       4.8171E+00  7.3719E+00  5.4010E+00  5.3576E+00  4.8611E+00  5.1963E+00  4.6624E+00  5.2775E+00  5.4617E+00  4.8930E+00
       5.0379E+00  6.5411E+00  5.0459E+00  4.6912E+00  3.9098E+00  3.6450E+00  4.9957E+00  5.5869E+00  3.9279E+00  5.3017E+00
       5.5680E+00  3.8026E+00  4.5522E+00  4.7987E+00  2.9045E+00  4.4909E+00  5.5056E+00  4.0062E+00  3.3493E+00  3.9260E+00
       4.5270E+00  4.7643E+00  3.7833E+00  4.9648E+00  3.2444E+00  3.9177E+00  3.9998E+00  2.8281E+00  3.8020E+00  5.5538E+00
       4.5991E+00  3.8427E+00  3.2821E+00  3.3988E+00  3.1877E+00  3.8113E+00  4.6148E+00  3.2743E+00  4.3319E+00  5.3044E+00
       6.0611E+00  3.5422E+00  3.5447E+00  2.5525E+00  3.2268E+00  3.4040E+00  3.6547E+00  4.5723E+00  3.4448E+00  4.3707E+00
       4.3614E+00  5.1985E+00  4.2843E+00  4.4275E+00  4.2067E+00  2.5242E+00  3.3116E+00  3.7703E+00  5.2329E+00  5.5420E+00
       6.1820E+00  5.3960E+00  4.6388E+00  4.0127E+00  3.2742E+00  3.8139E+00  3.7507E+00  4.2893E+00  4.6264E+00  7.2166E+00
       4.5841E+00  5.9536E+00  5.2882E+00  3.8216E+00  5.8591E+00  4.7202E+00  4.5634E+00  3.1767E+00  4.3652E+00  5.2221E+00
       5.0945E+00  5.7901E+00  4.8366E+00  4.7112E+00  3.8392E+00  4.5643E+00  4.0803E+00  6.6896E+00  5.4185E+00  6.3176E+00
       5.9461E+00  7.5601E+00  5.9773E+00  6.2353E+00  3.0735E+00  5.1279E+00  4.0313E+00  5.4488E+00  5.9374E+00  4.8268E+00
       5.1343E+00  7.3717E+00  6.6737E+00  5.1598E+00  4.1390E+00  4.3084E+00  5.3558E+00  4.7228E+00  6.0340E+00  6.0290E+00
       5.7101E+00  4.5018E+00  4.9217E+00  4.1879E+00  3.7252E+00  5.7881E+00  5.1408E+00  5.7419E+00  5.2016E+00  6.1093E+00
       4.4837E+00  4.9359E+00  3.9829E+00  5.0361E+00  3.9521E+00  5.0001E+00  5.3402E+00  4.8331E+00  5.1565E+00  4.9413E+00
       6.3328E+00  4.8704E+00  4.8966E+00  4.8381E+00  3.1752E+00  4.6556E+00  4.0338E+00  4.0498E+00  3.8067E+00  8.2730E+00
       6.0401E+00  4.4957E+00  4.8916E+00  4.9485E+00  4.0641E+00  4.1508E+00  4.3411E+00  4.2833E+00  5.0703E+00  5.8083E+00
       4.6012E+00  5.7450E+00  3.9246E+00  4.5912E+00  4.4241E+00  4.0636E+00  4.2095E+00  5.7768E+00  4.8160E+00  4.2842E+00
       5.0203E+00  5.7029E+00  4.3226E+00  3.9331E+00  3.2841E+00  4.7955E+00  3.6222E+00  4.1024E+00  3.8021E+00  7.9719E+00
       5.3806E+00  6.8911E+00  6.9311E+00  3.5228E+00  5.2359E+00  5.9278E+00  4.7078E+00  5.4603E+00  4.2875E+00  6.6100E+00
       8.0430E+00  7.2434E+00  5.2158E+00  5.8185E+00  6.2680E+00  5.4787E+00  4.1178E+00  6.3921E+00  6.4588E+00  6.3832E+00
       7.0051E+00  6.1312E+00  5.3402E+00  7.0530E+00  4.2185E+00  6.0583E+00  5.5217E+00  4.8225E+00  5.4435E+00  7.3798E+00
       7.5723E+00  6.4350E+00  5.2127E+00  5.4767E+00  5.3284E+00  4.0052E+00  5.8619E+00  6.2826E+00  5.9561E+00  7.5897E+00
       4.4784E+00  4.6021E+00  6.1830E+00  4.8012E+00  4.3220E+00  5.0201E+00  5.1688E+00  6.3800E+00  6.4925E+00  6.0829E+00
       6.8958E+00  5.9135E+00  5.3792E+00  4.3754E+00  4.8699E+00  4.9597E+00  5.9906E+00  5.0962E+00  5.5943E+00  7.2468E+00
       7.2185E+00  5.9482E+00  6.3387E+00  6.3440E+00  5.2654E+00  4.5304E+00  3.3436E+00  4.4228E+00  4.4590E+00  5.5318E+00
       7.1449E+00  4.0067E+00  5.4384E+00  4.0858E+00  5.2683E+00  3.3907E+00  4.6769E+00  6.2146E+00  4.4776E+00  6.1843E+00
       6.5142E+00  6.2203E+00  5.0976E+00  5.2048E+00  5.0733E+00  4.6017E+00  3.8369E+00  4.2897E+00  4.8932E+00  7.4830E+00
       6.7379E+00  5.1928E+00  5.6587E+00  4.7575E+00  4.8209E+00  4.5806E+00  4.4029E+00  5.3494E+00  5.2389E+00  6.9418E+00
       6.1959E+00  5.3063E+00  4.3461E+00  6.0870E+00  5.5240E+00  8.0234E+00  3.9391E+00  5.6837E+00  5.9277E+00  7.0030E+00
       6.7497E+00  5.7624E+00  5.7975E+00  5.4290E+00  7.0673E+00  5.8795E+00  5.5198E+00  6.9687E+00  8.2953E+00  7.1524E+00
       5.9807E+00  7.5919E+00  7.5377E+00  4.1272E+00  5.6763E+00  5.5417E+00  6.2954E+00  4.9732E+00  7.0780E+00  1.0479E+01
       1.0666E+01  8.0039E+00  7.1628E+00  4.1756E+00  5.5472E+00  4.3702E+00  5.9192E+00  6.0133E+00  7.0477E+00  1.0238E+01
       5.3611E+00  4.6815E+00  4.8553E+00  6.3151E+00  5.2108E+00  5.1225E+00  3.6589E+00  6.2676E+00  7.7764E+00  7.9585E+00
       7.9538E+00  7.0974E+00  5.3541E+00  4.8730E+00  4.1684E+00  6.2219E+00  6.0940E+00  5.7258E+00  5.2815E+00  8.1669E+00
       6.8255E+00  6.7997E+00  5.2633E+00  4.2564E+00  5.5384E+00  5.5945E+00  3.7682E+00  5.8674E+00  6.0565E+00  7.8400E+00
       6.6621E+00  4.6509E+00  5.9105E+00  6.2453E+00  5.7219E+00  4.8224E+00  4.9873E+00  5.4412E+00  5.6724E+00  6.4996E+00
       5.8098E+00  6.6440E+00  5.5657E+00  4.8718E+00  5.5071E+00  5.5101E+00  4.1893E+00  5.1520E+00  4.9627E+00  7.0315E+00
       6.8397E+00  4.9659E+00  6.3524E+00  7.4506E+00  5.9064E+00  4.5026E+00  4.8611E+00  5.4879E+00  7.6383E+00  6.7099E+00
       5.5360E+00  6.7094E+00  4.6879E+00  4.4176E+00  5.3822E+00  6.2665E+00  4.5156E+00  5.2242E+00  6.1355E+00  8.7736E+00
       8.5852E+00  6.4228E+00  5.4751E+00  6.7668E+00  7.5048E+00  6.9603E+00  6.7031E+00  6.3180E+00  7.3859E+00  8.1526E+00
       8.0517E+00  1.0014E+01  9.2480E+00  6.4278E+00  7.2225E+00  4.8607E+00  8.2328E+00  5.8282E+00  8.2478E+00  1.2113E+01
       9.2778E+00  7.5345E+00  5.9929E+00  7.0628E+00  4.2801E+00  6.5375E+00  6.7770E+00  7.1047E+00  8.3515E+00  7.6531E+00
       6.4379E+00  6.1916E+00  7.1324E+00  5.3673E+00  6.4188E+00  4.4878E+00  5.1208E+00  6.1472E+00  8.0667E+00  7.9840E+00
       5.8233E+00  7.4960E+00  5.7818E+00  5.7503E+00  6.5219E+00  5.1806E+00  6.4246E+00  4.5172E+00  6.6251E+00  8.6940E+00
       9.1982E+00  4.6444E+00  6.2664E+00  6.2430E+00  5.3732E+00  5.6533E+00  5.4471E+00  5.3722E+00  6.3631E+00  9.6083E+00
       8.5261E+00  5.3305E+00  7.6461E+00  6.2705E+00  5.1181E+00  4.3800E+00  4.2033E+00  6.2816E+00  7.5726E+00  7.7018E+00
       6.3246E+00  5.0905E+00  5.5589E+00  5.6044E+00  6.2734E+00  7.0827E+00  5.2134E+00  6.5772E+00  8.7095E+00  9.1308E+00
       9.9668E+00  6.0719E+00  6.0761E+00  6.6260E+00  5.8626E+00  5.9405E+00  5.2908E+00  5.2204E+00  9.6936E+00  7.8478E+00
       7.2688E+00  9.6217E+00  6.5236E+00  5.6759E+00  5.9303E+00  6.8098E+00  5.1541E+00  6.7000E+00  8.9242E+00  9.5688E+00
       8.5228E+00  7.2687E+00  8.0729E+00  7.7754E+00  5.7302E+00  4.5806E+00  6.4546E+00  6.0474E+00  8.7149E+00  9.3101E+00
       1.0582E+01  9.7446E+00  9.2650E+00  8.6756E+00  8.5558E+00  7.3849E+00  9.2886E+00  8.1432E+00  9.0498E+00  1.0122E+01
       1.1537E+01  5.9452E+00  8.7093E+00  8.3576E+00  7.5853E+00  7.2609E+00  8.0557E+00  8.6974E+00  6.3150E+00  1.0199E+01
       7.7417E+00  7.3941E+00  8.9149E+00  5.2416E+00  6.1534E+00  6.4094E+00  8.3803E+00  7.7439E+00  7.0614E+00  8.9236E+00
       1.1722E+01  8.6547E+00  8.0918E+00  4.5162E+00  6.3272E+00  4.8678E+00  7.4377E+00  5.6208E+00  7.3545E+00  6.8644E+00
       8.7141E+00  8.6528E+00  5.4469E+00  7.4422E+00  6.5274E+00  5.6684E+00  5.3668E+00  5.8636E+00  6.4177E+00  1.1277E+01
       9.1467E+00  8.3550E+00  8.1449E+00  6.8980E+00  6.2611E+00  5.7276E+00  5.7708E+00  8.0762E+00  8.9870E+00  9.7430E+00
       9.2090E+00  8.2632E+00  6.5810E+00  6.9110E+00  5.0109E+00  7.3239E+00  7.6321E+00  6.3947E+00  8.2535E+00  9.1427E+00
       1.1587E+01  8.4291E+00  5.2817E+00  8.2985E+00  5.8477E+00  5.2355E+00  7.3675E+00  9.5448E+00  8.4742E+00  8.5400E+00
       1.0011E+01  9.0390E+00  1.0421E+01  8.6580E+00  7.2119E+00  7.5424E+00  8.1479E+00  6.1839E+00  9.4970E+00  1.1696E+01
       1.0884E+01  9.3800E+00  8.5040E+00  9.6326E+00  8.2348E+00  6.7436E+00  8.1020E+00  9.7557E+00  1.0340E+01  1.2048E+01
       1.0772E+01  1.0513E+01  1.2185E+01  7.9558E+00  7.2604E+00  1.0605E+01  8.1999E+00  1.0821E+01  9.7427E+00  1.2832E+01
       1.2806E+01  7.3356E+00  8.5829E+00  1.0993E+01  7.0909E+00  5.3954E+00  9.1950E+00  9.1552E+00  8.7590E+00  8.8573E+00
       1.0679E+01  6.0038E+00  9.7489E+00  6.6218E+00  7.8100E+00  1.0262E+01  8.4827E+00  8.4387E+00  9.0022E+00  1.2840E+01
       1.2057E+01  9.6230E+00  8.0156E+00  7.6307E+00  8.1717E+00  7.4818E+00  8.4780E+00  9.5541E+00  8.4983E+00  7.1844E+00
       9.0609E+00  9.3281E+00  6.7360E+00  6.4129E+00  8.9136E+00  7.1012E+00  6.9465E+00  8.5053E+00  5.7814E+00  9.5233E+00
       1.2443E+01  7.1660E+00  5.7855E+00  6.3667E+00  7.8310E+00  5.6346E+00  8.3524E+00  9.4946E+00  7.7807E+00  8.5636E+00
       8.3260E+00  9.5793E+00  7.5829E+00  8.7690E+00  5.1559E+00  7.5273E+00  9.7309E+00  9.1688E+00  8.0813E+00  9.0658E+00
       1.0497E+01  8.8926E+00  1.1584E+01  6.6338E+00  5.4447E+00  5.5014E+00  5.5471E+00  7.2811E+00  8.2204E+00  9.4139E+00
       1.3682E+01  1.0329E+01  1.1262E+01  7.6415E+00  7.4873E+00  6.7065E+00  9.6623E+00  7.0376E+00  9.6056E+00  1.4048E+01
       1.5296E+01  1.3007E+01  7.7976E+00  1.0063E+01  8.6644E+00  8.5082E+00  8.3767E+00  9.3026E+00  1.1072E+01  9.4822E+00
