1
   Cartesian binning n.   1  "DoseEq    " , generalized particle n.  240
      X coordinate: from -8.5000E+01 to  8.5000E+01 cm,    10 bins ( 1.7000E+01 cm wide)
      Y coordinate: from -2.5000E+01 to  2.5000E+01 cm,    10 bins ( 5.0000E+00 cm wide)
      Z coordinate: from  2.2500E+02 to  2.7500E+02 cm,    10 bins ( 5.0000E+00 cm wide)
      Data follow in a matrix A(ix,iy,iz), format (1(5x,1p,10(1x,e11.4)))

      accurate deposition along the tracks requested
      this is a track-length binning
       9.1113E-05  1.0584E-04  1.1616E-04  1.1830E-04  1.1332E-04  1.2445E-04  1.2014E-04  1.1319E-04  1.0421E-04  7.7881E-05
       8.9638E-05  1.1880E-04  1.3544E-04  1.4089E-04  1.3574E-04  1.5051E-04  1.2994E-04  1.3786E-04  1.1675E-04  9.0549E-05
       9.6510E-05  1.1099E-04  1.3437E-04  1.4461E-04  1.5038E-04  1.4846E-04  1.5515E-04  1.3439E-04  1.1618E-04  9.1674E-05
       1.0237E-04  1.2013E-04  1.5100E-04  1.5268E-04  1.6824E-04  1.5915E-04  1.5543E-04  1.4346E-04  1.1672E-04  9.1017E-05
       9.4713E-05  1.2491E-04  1.4775E-04  1.5829E-04  1.5780E-04  1.5197E-04  1.5237E-04  1.3610E-04  1.1441E-04  9.4244E-05
       9.3366E-05  1.2158E-04  1.3324E-04  1.5274E-04  1.5936E-04  1.6282E-04  1.5461E-04  1.3154E-04  1.2274E-04  9.8297E-05
       1.0237E-04  1.2872E-04  1.2390E-04  1.4249E-04  1.6816E-04  1.6012E-04  1.5429E-04  1.4253E-04  1.1882E-04  8.9387E-05
       8.4561E-05  1.0527E-04  1.2952E-04  1.4486E-04  1.6153E-04  1.5593E-04  1.4166E-04  1.3478E-04  1.1323E-04  8.7888E-05
       8.6213E-05  1.0794E-04  1.3638E-04  1.4227E-04  1.5845E-04  1.4475E-04  1.4157E-04  1.3381E-04  1.0267E-04  8.6410E-05
       7.9892E-05  1.0058E-04  1.2072E-04  1.1977E-04  1.3007E-04  1.2654E-04  1.2045E-04  1.1814E-04  1.0658E-04  7.6031E-05
       6.9955E-05  8.8312E-05  1.0803E-04  1.1416E-04  1.1203E-04  1.1404E-04  1.1011E-04  1.0066E-04  8.7189E-05  6.6335E-05
       8.0901E-05  1.0710E-04  1.3405E-04  1.2910E-04  1.4168E-04  1.4162E-04  1.2597E-04  1.3025E-04  1.0791E-04  8.6939E-05
       9.3209E-05  1.0890E-04  1.3399E-04  1.5228E-04  1.5829E-04  1.4992E-04  1.5839E-04  1.4249E-04  1.2116E-04  9.1555E-05
       9.7885E-05  1.1842E-04  1.3379E-04  1.6067E-04  1.7022E-04  1.4854E-04  1.5302E-04  1.5006E-04  1.2040E-04  8.8418E-05
       9.7605E-05  1.1178E-04  1.4046E-04  1.6015E-04  1.6631E-04  1.5785E-04  1.4842E-04  1.3908E-04  1.1343E-04  8.7335E-05
       9.4767E-05  1.2247E-04  1.4185E-04  1.5243E-04  1.6917E-04  1.7252E-04  1.5631E-04  1.4320E-04  1.1798E-04  9.8807E-05
       9.6187E-05  1.2529E-04  1.2781E-04  1.5087E-04  1.6611E-04  1.6714E-04  1.5442E-04  1.4830E-04  1.1669E-04  8.8280E-05
       8.6870E-05  1.0780E-04  1.3325E-04  1.3485E-04  1.6245E-04  1.5249E-04  1.4367E-04  1.3126E-04  1.1323E-04  8.6606E-05
       8.0395E-05  1.1160E-04  1.3365E-04  1.4209E-04  1.5008E-04  1.3549E-04  1.3714E-04  1.2233E-04  1.0631E-04  7.8414E-05
       6.1881E-05  9.1099E-05  1.1374E-04  1.0036E-04  1.2426E-04  1.1750E-04  1.1547E-04  1.0506E-04  9.0552E-05  6.5254E-05
       5.6098E-05  7.5872E-05  8.5099E-05  9.6780E-05  8.9216E-05  9.8168E-05  9.2796E-05  7.8122E-05  7.0387E-05  5.6420E-05
       6.6684E-05  9.5971E-05  1.1597E-04  1.1692E-04  1.3207E-04  1.2874E-04  1.1489E-04  1.1304E-04  9.4642E-05  7.0815E-05
       7.5764E-05  9.6646E-05  1.1654E-04  1.3481E-04  1.4311E-04  1.5063E-04  1.3742E-04  1.2502E-04  1.0371E-04  7.8716E-05
       8.3755E-05  1.0286E-04  1.2591E-04  1.3929E-04  1.4777E-04  1.2915E-04  1.3237E-04  1.2023E-04  1.0503E-04  7.3821E-05
       8.1734E-05  9.8656E-05  1.3058E-04  1.4134E-04  1.5267E-04  1.5518E-04  1.3905E-04  1.3539E-04  1.1151E-04  7.7810E-05
       8.9133E-05  1.0645E-04  1.2675E-04  1.4299E-04  1.5377E-04  1.4326E-04  1.4463E-04  1.3823E-04  1.0868E-04  7.8670E-05
       7.7202E-05  1.0557E-04  1.2075E-04  1.4298E-04  1.5453E-04  1.5223E-04  1.5101E-04  1.2886E-04  1.0345E-04  7.8936E-05
       8.2425E-05  9.2730E-05  1.1210E-04  1.3756E-04  1.3812E-04  1.3584E-04  1.4814E-04  1.2400E-04  9.7847E-05  7.7214E-05
       7.1392E-05  8.9875E-05  1.0511E-04  1.2468E-04  1.3284E-04  1.1928E-04  1.2628E-04  1.1039E-04  8.8258E-05  7.1342E-05
       5.2266E-05  6.5844E-05  8.9592E-05  9.0119E-05  1.0351E-04  1.0342E-04  8.7606E-05  8.7101E-05  7.8674E-05  5.2334E-05
       4.6603E-05  6.7228E-05  7.1607E-05  8.1009E-05  7.6625E-05  8.1053E-05  6.7030E-05  6.3262E-05  6.1577E-05  4.1699E-05
       5.5243E-05  7.7827E-05  9.5309E-05  9.7130E-05  1.0889E-04  1.1340E-04  9.8921E-05  9.1986E-05  7.8578E-05  5.2690E-05
       5.9791E-05  8.3475E-05  1.0065E-04  1.1360E-04  1.1569E-04  1.2460E-04  1.2599E-04  1.0162E-04  8.1150E-05  6.4053E-05
       6.3270E-05  9.0075E-05  1.0445E-04  1.3541E-04  1.3388E-04  1.2661E-04  1.2600E-04  1.1274E-04  8.7133E-05  5.9804E-05
       6.5023E-05  8.6723E-05  1.0807E-04  1.2682E-04  1.3571E-04  1.3730E-04  1.3061E-04  1.1228E-04  9.4657E-05  6.8312E-05
       7.0778E-05  8.5952E-05  1.1384E-04  1.3040E-04  1.4000E-04  1.3016E-04  1.2093E-04  1.1691E-04  9.4460E-05  7.2452E-05
       6.3654E-05  9.2801E-05  9.5011E-05  1.2279E-04  1.4022E-04  1.2744E-04  1.2615E-04  1.1470E-04  9.1631E-05  6.5388E-05
       6.6280E-05  8.8474E-05  9.8253E-05  1.2456E-04  1.2392E-04  1.1211E-04  1.2517E-04  1.0928E-04  8.5763E-05  5.8483E-05
       5.9864E-05  8.1347E-05  8.7133E-05  1.0377E-04  1.1443E-04  1.0589E-04  1.0871E-04  8.8345E-05  7.9677E-05  5.0169E-05
       4.6676E-05  5.7317E-05  7.0045E-05  8.7087E-05  8.9223E-05  8.6274E-05  7.3747E-05  7.3996E-05  6.5582E-05  3.8216E-05
       3.9887E-05  5.2245E-05  5.8302E-05  5.9681E-05  5.9300E-05  6.3656E-05  5.7927E-05  5.6969E-05  4.3097E-05  3.3729E-05
       4.7272E-05  6.5272E-05  8.0574E-05  8.2210E-05  9.1393E-05  9.1201E-05  8.7283E-05  7.7159E-05  6.2627E-05  5.0425E-05
       5.2095E-05  6.7638E-05  9.1242E-05  9.1872E-05  9.9137E-05  8.6941E-05  1.0314E-04  9.0605E-05  6.7802E-05  5.1797E-05
       5.6702E-05  7.8237E-05  9.5027E-05  1.0624E-04  1.0226E-04  1.0249E-04  1.1276E-04  9.6354E-05  6.8403E-05  5.3403E-05
       5.4006E-05  8.1540E-05  9.6326E-05  1.0188E-04  1.0889E-04  1.1314E-04  1.0781E-04  8.9259E-05  7.4259E-05  6.3164E-05
       6.3791E-05  8.1667E-05  8.9824E-05  1.1014E-04  1.0403E-04  1.1326E-04  1.0075E-04  9.5015E-05  8.3191E-05  6.2655E-05
       5.8316E-05  8.2384E-05  8.3825E-05  1.0693E-04  1.0859E-04  9.5617E-05  1.0214E-04  1.0141E-04  8.3485E-05  6.0565E-05
       5.4542E-05  8.0929E-05  8.2319E-05  1.1125E-04  9.6719E-05  8.6854E-05  9.8566E-05  9.1012E-05  7.1449E-05  4.9716E-05
       5.0183E-05  7.9664E-05  6.9310E-05  9.7695E-05  9.3281E-05  8.5925E-05  9.0176E-05  7.1019E-05  6.3277E-05  4.7582E-05
       3.7982E-05  4.9385E-05  5.6561E-05  6.9892E-05  7.6506E-05  6.8206E-05  6.1363E-05  5.7092E-05  5.5649E-05  3.4394E-05
       3.7341E-05  4.4440E-05  4.3379E-05  4.9321E-05  5.1440E-05  5.3572E-05  4.6155E-05  4.9542E-05  4.5487E-05  2.6974E-05
       3.3786E-05  5.2564E-05  6.6892E-05  6.9728E-05  8.3197E-05  7.1150E-05  7.5040E-05  6.8533E-05  5.5042E-05  4.0533E-05
       4.0037E-05  5.8860E-05  7.3161E-05  7.9856E-05  8.4227E-05  8.1956E-05  8.2085E-05  7.8085E-05  6.7330E-05  3.8612E-05
       4.2005E-05  6.1631E-05  7.9010E-05  8.8529E-05  8.9031E-05  9.5470E-05  9.4294E-05  7.9457E-05  6.0937E-05  4.1711E-05
       4.0056E-05  6.5749E-05  8.2017E-05  9.3641E-05  9.3569E-05  9.9935E-05  8.4396E-05  8.2797E-05  6.3242E-05  5.2132E-05
       4.2666E-05  6.7876E-05  7.7574E-05  9.4608E-05  8.5859E-05  9.0477E-05  8.7802E-05  8.0930E-05  6.9189E-05  4.7236E-05
       4.1092E-05  6.9557E-05  6.6464E-05  8.6618E-05  8.7972E-05  8.4231E-05  9.1831E-05  7.6805E-05  7.0729E-05  4.4726E-05
       4.5785E-05  5.3919E-05  6.7276E-05  8.6698E-05  8.1210E-05  8.0521E-05  7.8294E-05  6.8401E-05  6.5095E-05  4.0974E-05
       3.5868E-05  5.3839E-05  5.9078E-05  7.5390E-05  7.1514E-05  7.5083E-05  6.5590E-05  6.0896E-05  5.0663E-05  3.5130E-05
       2.5863E-05  3.7590E-05  4.0027E-05  4.9387E-05  5.3130E-05  5.0789E-05  5.1750E-05  4.8124E-05  4.0462E-05  2.8034E-05
       2.6644E-05  3.1063E-05  3.8317E-05  4.0460E-05  4.6699E-05  3.7717E-05  4.0238E-05  3.6162E-05  3.6888E-05  2.2985E-05
       2.9650E-05  3.6397E-05  5.1151E-05  6.1874E-05  6.4106E-05  6.3249E-05  5.8847E-05  5.1625E-05  4.9551E-05  3.2701E-05
       2.9152E-05  4.3924E-05  6.2015E-05  6.7415E-05  6.4009E-05  7.3610E-05  6.9983E-05  6.8678E-05  5.2285E-05  2.9409E-05
       3.0363E-05  4.9406E-05  6.6128E-05  8.2160E-05  7.1977E-05  7.5224E-05  7.5741E-05  6.6432E-05  5.0349E-05  2.9938E-05
       3.0884E-05  5.0083E-05  6.4581E-05  7.4546E-05  7.4134E-05  7.4217E-05  6.9700E-05  7.3167E-05  5.4735E-05  3.3679E-05
       3.8205E-05  5.5749E-05  5.9125E-05  7.7077E-05  7.7598E-05  7.3518E-05  6.8122E-05  7.2765E-05  6.3963E-05  3.3704E-05
       4.1618E-05  4.6451E-05  6.3655E-05  7.2742E-05  7.0959E-05  7.4657E-05  6.8698E-05  6.0866E-05  5.8374E-05  4.0983E-05
       3.3513E-05  4.5869E-05  5.5965E-05  6.8958E-05  6.0037E-05  6.3454E-05  6.7069E-05  5.5837E-05  5.0128E-05  3.4082E-05
       2.7145E-05  4.0225E-05  4.5994E-05  5.5261E-05  5.5214E-05  5.5614E-05  5.3099E-05  4.8699E-05  4.0881E-05  2.6676E-05
       2.2252E-05  3.0538E-05  3.5980E-05  3.9822E-05  3.7122E-05  3.3455E-05  3.7659E-05  3.8274E-05  3.2119E-05  2.2353E-05
       1.7600E-05  2.4659E-05  2.8110E-05  3.1010E-05  3.7575E-05  2.9282E-05  3.1630E-05  2.4370E-05  2.5249E-05  2.1349E-05
       2.0338E-05  2.9115E-05  4.3776E-05  4.6988E-05  4.3496E-05  5.0390E-05  4.6177E-05  3.8082E-05  3.9020E-05  2.3231E-05
       3.0635E-05  3.9466E-05  5.0986E-05  6.0736E-05  4.9721E-05  5.2175E-05  5.3153E-05  5.1096E-05  4.3017E-05  2.4828E-05
       2.5809E-05  4.2433E-05  5.1801E-05  5.8423E-05  5.1715E-05  5.5728E-05  5.8690E-05  4.4818E-05  3.6906E-05  2.1808E-05
       2.9355E-05  4.2364E-05  5.0131E-05  5.8594E-05  6.1723E-05  5.7660E-05  5.3675E-05  5.1219E-05  4.0869E-05  2.5219E-05
       2.7838E-05  4.0593E-05  5.0146E-05  6.3066E-05  5.7219E-05  5.2410E-05  4.8749E-05  4.9942E-05  4.8163E-05  2.7801E-05
       2.6680E-05  3.3173E-05  4.6236E-05  5.7316E-05  5.1230E-05  5.5905E-05  4.7109E-05  5.2219E-05  4.3513E-05  2.6246E-05
       2.4267E-05  3.3506E-05  4.4694E-05  5.5313E-05  5.6765E-05  4.6160E-05  4.5626E-05  4.9582E-05  3.9093E-05  2.7513E-05
       1.9684E-05  3.7036E-05  3.8540E-05  4.7130E-05  4.1968E-05  4.2017E-05  4.3568E-05  4.4082E-05  3.0947E-05  2.1971E-05
       1.7408E-05  2.4432E-05  2.9548E-05  2.8352E-05  2.6871E-05  2.8804E-05  2.9163E-05  3.3846E-05  2.4721E-05  1.5848E-05
       1.2681E-05  1.8680E-05  2.1114E-05  2.1943E-05  2.8645E-05  2.4585E-05  2.2785E-05  1.5566E-05  1.9973E-05  1.5058E-05
       1.5743E-05  1.9410E-05  2.6115E-05  3.7041E-05  3.2183E-05  3.5811E-05  3.2158E-05  3.3607E-05  2.9344E-05  1.9964E-05
       2.1553E-05  2.8930E-05  3.3354E-05  4.3069E-05  3.9975E-05  3.6436E-05  4.1163E-05  3.6963E-05  3.1026E-05  1.9310E-05
       1.8706E-05  3.2740E-05  3.7474E-05  4.5937E-05  4.3509E-05  4.1216E-05  3.9789E-05  3.1339E-05  2.7578E-05  2.2316E-05
       2.2737E-05  3.1044E-05  3.9469E-05  4.3159E-05  4.7347E-05  4.3982E-05  4.2685E-05  3.6930E-05  3.0187E-05  2.3620E-05
       1.9687E-05  3.0090E-05  3.5496E-05  5.1206E-05  4.4860E-05  4.9379E-05  3.8797E-05  3.9263E-05  3.6064E-05  2.0799E-05
       1.9765E-05  2.7692E-05  3.2738E-05  4.2260E-05  4.4201E-05  4.1716E-05  4.0392E-05  4.1068E-05  3.1434E-05  1.6529E-05
       1.9108E-05  2.4902E-05  3.6237E-05  3.9204E-05  4.0000E-05  3.8609E-05  3.8061E-05  4.1584E-05  2.7116E-05  1.7011E-05
       1.7096E-05  2.7129E-05  2.8709E-05  3.6818E-05  3.4836E-05  2.8287E-05  3.0864E-05  3.2189E-05  2.3676E-05  1.4509E-05
       1.7115E-05  1.6674E-05  2.3843E-05  2.2237E-05  2.2807E-05  2.4114E-05  2.2376E-05  2.1030E-05  1.9417E-05  1.3279E-05
       9.1522E-06  1.3805E-05  1.5046E-05  1.5108E-05  1.8987E-05  1.6609E-05  1.8272E-05  1.6509E-05  1.5170E-05  9.8382E-06
       1.5570E-05  1.6968E-05  2.0071E-05  2.9226E-05  2.0606E-05  2.6459E-05  2.1754E-05  2.8668E-05  2.1186E-05  1.0104E-05
       1.5567E-05  2.0765E-05  2.2580E-05  3.2500E-05  3.0255E-05  3.0439E-05  2.3742E-05  2.0807E-05  2.0837E-05  1.3818E-05
       1.3604E-05  2.6291E-05  2.5867E-05  3.0846E-05  2.7096E-05  3.4467E-05  2.7930E-05  2.6865E-05  1.9806E-05  1.4809E-05
       1.5287E-05  2.4886E-05  2.6234E-05  2.7099E-05  3.1030E-05  3.3232E-05  2.9406E-05  2.3435E-05  2.1662E-05  1.7036E-05
       1.4759E-05  2.2300E-05  2.3878E-05  3.1680E-05  3.4516E-05  3.6811E-05  2.4053E-05  2.5816E-05  2.3423E-05  1.7742E-05
       1.3572E-05  1.8905E-05  3.0079E-05  2.4876E-05  2.7706E-05  2.9803E-05  2.9123E-05  2.5986E-05  2.2976E-05  1.6727E-05
       1.3083E-05  1.6011E-05  2.3679E-05  2.5309E-05  2.5743E-05  2.7632E-05  2.9399E-05  2.8683E-05  1.7034E-05  1.0915E-05
       1.1076E-05  1.5917E-05  2.2139E-05  2.3989E-05  2.2123E-05  1.9777E-05  2.4493E-05  2.3875E-05  1.6626E-05  9.2349E-06
       9.3339E-06  1.2965E-05  1.6240E-05  1.9778E-05  1.7146E-05  2.0007E-05  1.9192E-05  1.4954E-05  1.8223E-05  1.0272E-05

      Percentage errors follow in a matrix A(ix,iy,iz), format (1(5x,1p,10(1x,e11.4)))

       6.8118E+00  6.2041E+00  4.3002E+00  5.5122E+00  4.5667E+00  4.5617E+00  3.4029E+00  4.8475E+00  4.9889E+00  5.0783E+00
       5.9321E+00  5.0860E+00  5.2631E+00  4.1409E+00  6.3293E+00  5.5272E+00  5.6010E+00  4.6866E+00  6.8026E+00  7.5230E+00
       5.4448E+00  4.8038E+00  4.7141E+00  3.6736E+00  5.6615E+00  4.4070E+00  4.9822E+00  4.2339E+00  6.5482E+00  5.3620E+00
       3.8158E+00  4.1999E+00  4.5435E+00  6.6912E+00  3.0395E+00  4.5890E+00  4.7184E+00  3.9674E+00  5.3894E+00  5.6410E+00
       5.5491E+00  3.6937E+00  4.2756E+00  5.3840E+00  4.0992E+00  4.3317E+00  4.6291E+00  6.0822E+00  7.7060E+00  7.0827E+00
       4.3293E+00  4.6998E+00  4.4223E+00  4.6028E+00  5.0625E+00  3.6989E+00  3.9578E+00  5.2272E+00  4.2557E+00  5.0064E+00
       7.0296E+00  5.1680E+00  4.3045E+00  5.5345E+00  4.2368E+00  3.7097E+00  5.1827E+00  4.7899E+00  6.2326E+00  6.0355E+00
       4.5072E+00  5.0473E+00  3.6748E+00  4.8352E+00  4.4584E+00  4.8672E+00  5.6158E+00  5.6549E+00  4.2968E+00  5.9583E+00
       6.0267E+00  5.5991E+00  3.8837E+00  3.9049E+00  3.8170E+00  5.0243E+00  5.0644E+00  6.1354E+00  4.5469E+00  4.2030E+00
       5.3052E+00  6.1871E+00  5.4441E+00  4.1852E+00  4.6198E+00  3.8838E+00  5.3561E+00  5.3537E+00  4.6808E+00  6.6370E+00
       7.2833E+00  5.7653E+00  6.7777E+00  6.2574E+00  4.3539E+00  4.5445E+00  5.7986E+00  7.2683E+00  6.5535E+00  6.8413E+00
       5.0079E+00  5.4200E+00  4.6812E+00  4.7038E+00  4.9861E+00  6.6422E+00  5.0993E+00  6.4677E+00  5.1880E+00  6.2086E+00
       5.4422E+00  5.6533E+00  5.0910E+00  4.7662E+00  4.3030E+00  5.2571E+00  4.3657E+00  4.8600E+00  5.2261E+00  6.3657E+00
       4.8688E+00  7.5912E+00  3.9355E+00  5.9419E+00  3.6442E+00  4.5765E+00  3.6995E+00  4.3993E+00  4.6088E+00  6.1475E+00
       6.4937E+00  5.0225E+00  4.9960E+00  6.7619E+00  3.2567E+00  6.0216E+00  4.7413E+00  5.3053E+00  6.8218E+00  7.6077E+00
       5.7996E+00  5.5559E+00  3.8653E+00  4.6421E+00  4.6487E+00  5.1009E+00  4.9105E+00  6.1252E+00  3.3839E+00  5.3362E+00
       5.8626E+00  7.7932E+00  5.4074E+00  4.5075E+00  3.9386E+00  5.0355E+00  5.3035E+00  5.1124E+00  4.8161E+00  6.5176E+00
       4.5113E+00  6.5233E+00  5.2979E+00  5.0862E+00  4.6835E+00  5.4909E+00  5.1136E+00  6.0841E+00  4.6077E+00  6.8230E+00
       6.0444E+00  5.4850E+00  6.5315E+00  4.1938E+00  4.8421E+00  3.9815E+00  6.3233E+00  5.1483E+00  5.1938E+00  5.4931E+00
       6.5935E+00  4.6687E+00  5.6342E+00  6.7212E+00  5.5010E+00  3.7304E+00  5.7439E+00  6.9879E+00  5.8881E+00  7.0934E+00
       8.1869E+00  6.9969E+00  8.0427E+00  5.8010E+00  7.2902E+00  3.4990E+00  5.5916E+00  9.2005E+00  6.9052E+00  9.6055E+00
       6.4923E+00  6.5400E+00  5.0037E+00  5.0084E+00  5.4883E+00  5.4536E+00  6.0386E+00  5.2384E+00  5.2690E+00  6.4507E+00
       6.2654E+00  5.3502E+00  6.1626E+00  4.6107E+00  5.6808E+00  5.3484E+00  4.5291E+00  4.2682E+00  6.8625E+00  4.8531E+00
       5.5353E+00  6.1047E+00  4.9849E+00  4.8295E+00  5.2520E+00  6.6309E+00  5.8037E+00  4.4674E+00  7.1101E+00  6.6576E+00
       7.2245E+00  5.2565E+00  4.3825E+00  5.4274E+00  5.8863E+00  5.0160E+00  4.7855E+00  3.9485E+00  6.2099E+00  6.5632E+00
       7.3775E+00  7.2681E+00  5.5915E+00  4.6897E+00  4.3899E+00  5.3113E+00  4.7899E+00  5.4038E+00  4.5559E+00  5.5346E+00
       5.8771E+00  5.2755E+00  5.2424E+00  5.0062E+00  4.3680E+00  4.5706E+00  5.6210E+00  4.1770E+00  5.9471E+00  7.8158E+00
       9.3394E+00  6.5925E+00  4.8191E+00  5.2600E+00  5.2602E+00  6.4506E+00  5.7213E+00  6.4070E+00  5.8608E+00  8.7124E+00
       7.4385E+00  5.8362E+00  5.7411E+00  6.6678E+00  5.4146E+00  3.6764E+00  5.7308E+00  5.5121E+00  6.8928E+00  7.4202E+00
       8.6486E+00  6.5151E+00  8.0465E+00  7.1261E+00  5.2345E+00  4.0047E+00  4.8899E+00  7.6450E+00  7.7237E+00  9.3574E+00
       8.6692E+00  6.8433E+00  7.4372E+00  6.4477E+00  6.7652E+00  5.4245E+00  7.4295E+00  8.4013E+00  8.9910E+00  1.0182E+01
       9.9560E+00  8.1005E+00  5.4203E+00  7.9904E+00  6.2135E+00  5.6818E+00  5.1506E+00  5.4904E+00  3.2374E+00  7.4494E+00
       6.7150E+00  7.8667E+00  3.5513E+00  7.8353E+00  6.0547E+00  5.9231E+00  5.5241E+00  5.1258E+00  5.8317E+00  6.4726E+00
       6.8574E+00  6.4915E+00  6.5011E+00  6.8363E+00  4.3594E+00  5.1498E+00  6.1210E+00  4.2187E+00  7.0297E+00  8.5359E+00
       8.4335E+00  5.8536E+00  3.9789E+00  5.6862E+00  4.8037E+00  5.5888E+00  4.4880E+00  4.8548E+00  7.4881E+00  6.6286E+00
       8.1817E+00  5.0191E+00  3.9844E+00  3.8913E+00  4.9454E+00  4.6301E+00  6.6744E+00  5.6435E+00  5.1818E+00  6.8918E+00
       8.4110E+00  5.3937E+00  7.8747E+00  5.1895E+00  5.4956E+00  4.8544E+00  6.2401E+00  4.6924E+00  5.1578E+00  7.6222E+00
       1.0103E+01  5.8241E+00  5.0619E+00  4.7832E+00  5.6914E+00  5.5045E+00  4.2621E+00  6.9879E+00  7.1817E+00  7.9463E+00
       7.4550E+00  6.5204E+00  5.4813E+00  5.7744E+00  5.5449E+00  6.9681E+00  5.2185E+00  6.3694E+00  7.3588E+00  7.8115E+00
       8.7459E+00  7.2682E+00  7.3576E+00  7.6886E+00  4.4962E+00  5.4987E+00  5.2286E+00  6.9801E+00  8.4342E+00  6.5331E+00
       8.9314E+00  6.4523E+00  9.4450E+00  8.8751E+00  6.6045E+00  5.8532E+00  9.1489E+00  8.4500E+00  7.1681E+00  6.5361E+00
       7.8423E+00  7.7467E+00  7.1426E+00  6.9759E+00  7.6048E+00  5.7246E+00  6.0445E+00  8.0827E+00  4.9158E+00  6.7000E+00
       9.7083E+00  6.6142E+00  6.6596E+00  5.0525E+00  5.6276E+00  6.8680E+00  5.4197E+00  7.0757E+00  6.3355E+00  7.6203E+00
       6.1366E+00  7.6541E+00  6.1041E+00  7.5155E+00  4.7578E+00  6.0497E+00  4.3572E+00  5.7167E+00  6.4865E+00  9.1737E+00
       6.5086E+00  4.8934E+00  7.6251E+00  4.4561E+00  4.5562E+00  5.1721E+00  5.1080E+00  5.5169E+00  7.9119E+00  6.9389E+00
       7.5529E+00  6.2258E+00  6.5338E+00  5.9582E+00  4.6260E+00  5.8186E+00  5.6390E+00  6.3684E+00  6.9038E+00  9.4224E+00
       7.3296E+00  5.8267E+00  6.2355E+00  5.1279E+00  6.3650E+00  5.8495E+00  6.0270E+00  6.2484E+00  5.5614E+00  7.3418E+00
       6.5482E+00  6.8506E+00  5.8158E+00  4.1826E+00  6.0266E+00  5.4895E+00  6.8334E+00  8.7118E+00  7.0009E+00  9.7271E+00
       8.3500E+00  6.3531E+00  6.0509E+00  7.6358E+00  5.5567E+00  7.6970E+00  6.8341E+00  7.3641E+00  5.5832E+00  1.1048E+01
       6.9249E+00  8.4348E+00  8.4513E+00  7.4277E+00  6.1606E+00  5.4435E+00  6.1496E+00  8.0558E+00  8.0529E+00  8.1554E+00
       9.8779E+00  6.8271E+00  9.6396E+00  8.9431E+00  9.9998E+00  7.5091E+00  8.1556E+00  8.1586E+00  8.8654E+00  8.2416E+00
       9.6635E+00  6.7183E+00  9.4803E+00  7.1303E+00  5.9890E+00  7.2044E+00  7.6718E+00  7.2408E+00  6.8836E+00  1.3335E+01
       1.0162E+01  8.3509E+00  8.7490E+00  5.5477E+00  7.0360E+00  5.2462E+00  6.8920E+00  6.5507E+00  8.0197E+00  9.4872E+00
       1.1404E+01  7.3123E+00  7.9283E+00  7.0431E+00  6.0856E+00  5.4498E+00  7.0773E+00  6.1022E+00  5.7498E+00  1.4539E+01
       7.0370E+00  5.1020E+00  8.5968E+00  6.4892E+00  5.7096E+00  6.7978E+00  7.9681E+00  5.1294E+00  8.6371E+00  8.7142E+00
       7.7033E+00  5.2628E+00  7.5482E+00  7.1434E+00  6.5580E+00  6.8596E+00  6.3975E+00  6.3214E+00  6.5859E+00  6.3385E+00
       7.9044E+00  7.3542E+00  8.0458E+00  5.3304E+00  5.9550E+00  6.1511E+00  6.1731E+00  3.6386E+00  8.3670E+00  7.2180E+00
       8.7323E+00  7.3665E+00  5.2498E+00  5.2183E+00  6.1853E+00  4.6985E+00  6.9682E+00  8.1988E+00  7.8623E+00  8.9240E+00
       1.0263E+01  7.6737E+00  8.5054E+00  7.4654E+00  8.4113E+00  6.4081E+00  7.0704E+00  6.5413E+00  7.6890E+00  1.0975E+01
       1.3512E+01  1.0490E+01  7.5505E+00  9.3258E+00  8.0724E+00  5.4786E+00  6.9995E+00  1.0124E+01  9.9642E+00  1.0147E+01
       1.0150E+01  8.6717E+00  1.1429E+01  9.4955E+00  8.5515E+00  8.4471E+00  1.0185E+01  1.0815E+01  1.1294E+01  1.0672E+01
       8.3867E+00  8.8625E+00  7.1147E+00  4.9907E+00  7.4021E+00  9.6636E+00  7.8275E+00  7.8500E+00  6.7378E+00  9.0336E+00
       1.1499E+01  7.2923E+00  8.0754E+00  7.0835E+00  1.0129E+01  8.2413E+00  6.6886E+00  8.5093E+00  9.2531E+00  1.0182E+01
       1.0905E+01  7.6545E+00  7.3415E+00  9.8341E+00  7.0948E+00  5.9980E+00  8.9616E+00  7.4125E+00  9.7925E+00  1.2515E+01
       1.1594E+01  6.6711E+00  8.0405E+00  7.2678E+00  6.0352E+00  6.1498E+00  7.9628E+00  7.5774E+00  7.7419E+00  1.0877E+01
       1.0999E+01  8.0673E+00  8.2244E+00  6.4904E+00  6.7846E+00  4.7465E+00  8.3407E+00  6.7845E+00  8.8234E+00  8.2153E+00
       9.4573E+00  8.7110E+00  9.7212E+00  7.6197E+00  6.6677E+00  6.4430E+00  7.4002E+00  8.0629E+00  7.7503E+00  6.0024E+00
       1.0509E+01  8.0884E+00  6.3706E+00  6.1723E+00  7.2622E+00  6.8090E+00  7.5105E+00  7.3989E+00  6.9536E+00  8.8785E+00
       8.8127E+00  1.1427E+01  7.1655E+00  5.1233E+00  8.9077E+00  8.3618E+00  7.7596E+00  5.6388E+00  7.4751E+00  1.2673E+01
       1.6069E+01  9.6029E+00  1.0569E+01  1.0563E+01  7.9717E+00  8.6525E+00  7.3431E+00  9.8052E+00  8.1041E+00  1.4451E+01
       1.2165E+01  1.0167E+01  9.8003E+00  1.1653E+01  8.9849E+00  8.4463E+00  9.8020E+00  1.0221E+01  1.0730E+01  1.2860E+01
       1.0838E+01  9.3195E+00  6.1875E+00  7.9638E+00  8.1888E+00  7.7265E+00  1.0745E+01  8.7058E+00  9.1647E+00  1.1059E+01
       1.3846E+01  9.6868E+00  9.2474E+00  8.7730E+00  6.3985E+00  8.1341E+00  7.4205E+00  9.3883E+00  1.0184E+01  1.5553E+01
       1.2473E+01  1.2163E+01  6.5857E+00  9.6105E+00  9.3374E+00  8.8954E+00  8.4042E+00  1.0554E+01  1.1066E+01  1.3843E+01
       1.3684E+01  8.0870E+00  7.0659E+00  8.6380E+00  8.4971E+00  1.0529E+01  8.8813E+00  7.3874E+00  7.3298E+00  1.2320E+01
       1.2309E+01  8.8373E+00  7.5858E+00  8.7001E+00  7.9323E+00  9.4359E+00  1.0487E+01  9.5224E+00  8.3000E+00  1.1101E+01
       1.1131E+01  7.4987E+00  9.6289E+00  8.4699E+00  1.0383E+01  6.8961E+00  7.5343E+00  7.8436E+00  7.1974E+00  1.0241E+01
       1.3681E+01  1.0690E+01  1.1133E+01  7.8626E+00  1.1102E+01  5.7517E+00  7.7678E+00  7.0982E+00  8.6079E+00  9.3105E+00
       1.3497E+01  1.1092E+01  1.0130E+01  7.7969E+00  7.9237E+00  7.4120E+00  8.0182E+00  6.1347E+00  8.9205E+00  1.2483E+01
       1.2436E+01  9.9251E+00  1.3303E+01  1.0891E+01  1.2768E+01  8.8944E+00  9.9632E+00  8.9887E+00  1.2201E+01  1.4242E+01
       1.2708E+01  1.2237E+01  1.1032E+01  1.1714E+01  1.0493E+01  8.7931E+00  1.1292E+01  1.1483E+01  1.0154E+01  1.4911E+01
       1.3587E+01  1.3375E+01  1.2210E+01  7.1893E+00  9.2157E+00  1.1200E+01  1.1056E+01  6.9638E+00  1.0289E+01  9.9476E+00
       1.0934E+01  1.0906E+01  1.0533E+01  9.6638E+00  7.9054E+00  1.0353E+01  7.2351E+00  9.7289E+00  1.3510E+01  1.4865E+01
       1.1154E+01  1.1079E+01  1.1878E+01  8.3878E+00  1.0624E+01  9.1373E+00  7.0515E+00  1.0487E+01  1.2404E+01  1.4930E+01
       1.2416E+01  1.0011E+01  1.0494E+01  6.7463E+00  9.6452E+00  8.7649E+00  9.3893E+00  9.6853E+00  6.8158E+00  1.6796E+01
       1.5684E+01  1.0434E+01  9.4103E+00  1.1396E+01  8.6160E+00  8.9379E+00  1.0462E+01  6.5062E+00  8.6153E+00  1.1760E+01
       1.0105E+01  7.9083E+00  9.9235E+00  7.1569E+00  1.2543E+01  7.5969E+00  8.4026E+00  7.8157E+00  9.0970E+00  1.3750E+01
       9.7164E+00  1.3759E+01  9.5850E+00  8.3471E+00  1.0629E+01  9.2276E+00  7.8610E+00  9.4262E+00  7.4208E+00  1.3122E+01
       1.2120E+01  8.2994E+00  1.7523E+01  7.6843E+00  8.0536E+00  8.5843E+00  1.2291E+01  1.0092E+01  1.0381E+01  1.8204E+01
       1.1067E+01  9.9983E+00  1.8223E+01  1.3517E+01  1.2310E+01  1.1113E+01  8.0656E+00  9.6434E+00  1.3588E+01  1.7443E+01
       1.5052E+01  1.3085E+01  1.4316E+01  1.5019E+01  1.1947E+01  1.4174E+01  1.3616E+01  1.4068E+01  1.3085E+01  1.4288E+01
       1.3452E+01  1.0865E+01  9.5438E+00  8.6274E+00  1.0808E+01  1.2426E+01  9.9838E+00  9.0390E+00  9.3774E+00  1.4592E+01
       1.3194E+01  1.0560E+01  1.1920E+01  1.1619E+01  1.2115E+01  1.4810E+01  9.0894E+00  7.7416E+00  9.9053E+00  1.7897E+01
       1.6474E+01  1.3119E+01  1.2325E+01  1.1232E+01  9.9971E+00  9.6953E+00  1.1744E+01  1.0028E+01  1.3018E+01  1.6182E+01
       1.1007E+01  9.7439E+00  1.2261E+01  8.6459E+00  8.8804E+00  5.6820E+00  1.0658E+01  1.0557E+01  1.2515E+01  1.6722E+01
       1.3606E+01  8.9844E+00  1.1307E+01  7.6372E+00  9.5043E+00  7.7159E+00  1.0669E+01  9.1997E+00  1.0950E+01  1.4532E+01
       1.2890E+01  1.0302E+01  9.9539E+00  1.1115E+01  9.2875E+00  9.8238E+00  1.0788E+01  9.6824E+00  1.1170E+01  1.3029E+01
       1.1170E+01  1.3456E+01  1.5163E+01  8.4968E+00  1.0312E+01  7.5219E+00  9.2784E+00  1.0776E+01  1.4840E+01  1.4831E+01
       1.7683E+01  1.4695E+01  1.6195E+01  1.0288E+01  1.1909E+01  1.2785E+01  1.0146E+01  1.4016E+01  1.4298E+01  1.7837E+01
       1.4595E+01  1.3957E+01  1.3916E+01  9.9195E+00  1.3715E+01  1.2686E+01  1.9576E+01  1.3254E+01  1.2988E+01  1.2350E+01
