1
   Cartesian binning n.   1  "DoseEq    " , generalized particle n.  240
      X coordinate: from -8.5000E+01 to  8.5000E+01 cm,    10 bins ( 1.7000E+01 cm wide)
      Y coordinate: from -2.5000E+01 to  2.5000E+01 cm,    10 bins ( 5.0000E+00 cm wide)
      Z coordinate: from  2.2500E+02 to  2.7500E+02 cm,    10 bins ( 5.0000E+00 cm wide)
      Data follow in a matrix A(ix,iy,iz), format (1(5x,1p,10(1x,e11.4)))

      accurate deposition along the tracks requested
      this is a track-length binning
       2.6114E-04  3.5779E-04  4.0238E-04  4.1910E-04  4.5614E-04  4.5615E-04  4.2969E-04  3.8344E-04  3.3257E-04  2.8824E-04
       3.1459E-04  4.1025E-04  4.6358E-04  4.7177E-04  5.3858E-04  5.2872E-04  4.8786E-04  4.5396E-04  3.9801E-04  3.3033E-04
       3.3059E-04  4.2123E-04  4.9567E-04  5.1350E-04  5.5596E-04  5.4974E-04  4.9803E-04  4.9417E-04  4.3585E-04  3.4075E-04
       3.3385E-04  4.4297E-04  5.0248E-04  5.3965E-04  5.5602E-04  5.5764E-04  5.2833E-04  4.8929E-04  4.3714E-04  3.4586E-04
       3.3762E-04  4.4431E-04  4.9291E-04  5.4748E-04  5.6650E-04  5.9285E-04  5.6631E-04  5.0054E-04  4.5661E-04  3.8212E-04
       3.7201E-04  4.5008E-04  4.9598E-04  5.5655E-04  5.8594E-04  5.9395E-04  5.5883E-04  5.0989E-04  4.6520E-04  3.6791E-04
       3.7148E-04  4.3447E-04  5.0520E-04  5.3554E-04  5.7746E-04  5.8266E-04  5.7383E-04  5.0569E-04  4.4351E-04  3.4453E-04
       3.3562E-04  4.3320E-04  5.1882E-04  5.1803E-04  5.5960E-04  5.5931E-04  5.4926E-04  4.8927E-04  4.3488E-04  3.2877E-04
       3.2133E-04  4.1438E-04  4.5400E-04  5.0841E-04  5.1115E-04  5.2755E-04  4.9419E-04  4.5663E-04  4.0110E-04  3.3798E-04
       2.9847E-04  3.5107E-04  3.8243E-04  4.2145E-04  4.5429E-04  4.6041E-04  4.1755E-04  4.2355E-04  3.5104E-04  3.0227E-04
       2.1275E-04  2.8457E-04  3.1811E-04  3.4445E-04  3.7876E-04  3.7971E-04  3.4972E-04  3.3458E-04  2.8301E-04  2.2247E-04
       2.5623E-04  3.4442E-04  4.2786E-04  4.2211E-04  4.9027E-04  4.7298E-04  4.3485E-04  3.9434E-04  3.5555E-04  2.7790E-04
       2.8990E-04  3.8278E-04  4.6040E-04  4.7238E-04  5.0017E-04  5.1847E-04  4.7792E-04  4.3438E-04  3.9123E-04  2.9723E-04
       3.0256E-04  4.0696E-04  4.7829E-04  4.8855E-04  5.3250E-04  5.2388E-04  5.1633E-04  4.5604E-04  3.8201E-04  2.9851E-04
       2.9905E-04  4.1437E-04  4.5979E-04  5.2211E-04  5.5100E-04  5.4143E-04  5.2935E-04  4.5290E-04  4.0312E-04  3.2148E-04
       3.1167E-04  4.0445E-04  4.5422E-04  5.3390E-04  5.5782E-04  5.4820E-04  5.1850E-04  4.6564E-04  4.0517E-04  2.9570E-04
       3.1504E-04  4.1075E-04  4.5837E-04  4.9094E-04  5.2968E-04  5.5361E-04  5.3435E-04  4.9432E-04  3.9719E-04  2.9803E-04
       3.0128E-04  3.8382E-04  4.6161E-04  4.5331E-04  5.1907E-04  5.1627E-04  5.1433E-04  4.4133E-04  3.8550E-04  2.8479E-04
       2.6171E-04  3.5057E-04  4.0144E-04  4.3399E-04  4.4702E-04  4.9004E-04  4.3637E-04  4.0280E-04  3.4748E-04  2.7508E-04
       2.2837E-04  2.7562E-04  3.1109E-04  3.5261E-04  3.8610E-04  3.7262E-04  3.4939E-04  3.3957E-04  2.8918E-04  2.3129E-04
       1.5282E-04  2.1254E-04  2.5659E-04  2.7269E-04  2.8740E-04  2.9923E-04  2.7285E-04  2.4834E-04  2.1605E-04  1.6967E-04
       1.8929E-04  2.6556E-04  3.3304E-04  3.5782E-04  3.8735E-04  3.7651E-04  3.4451E-04  3.2906E-04  2.8077E-04  2.2107E-04
       2.3838E-04  2.9308E-04  3.5886E-04  3.9551E-04  4.1905E-04  4.2760E-04  3.9866E-04  3.6577E-04  3.1502E-04  2.4102E-04
       2.5080E-04  3.3895E-04  3.7509E-04  4.3616E-04  4.7467E-04  4.4170E-04  4.3005E-04  3.6975E-04  3.0312E-04  2.3390E-04
       2.4125E-04  3.3595E-04  3.8733E-04  4.4359E-04  4.6035E-04  4.5130E-04  4.6100E-04  3.7301E-04  3.1960E-04  2.5545E-04
       2.4945E-04  3.6407E-04  3.7991E-04  4.3346E-04  4.3343E-04  4.5641E-04  4.5518E-04  3.7972E-04  3.2205E-04  2.4281E-04
       2.2824E-04  3.3660E-04  3.6535E-04  3.9929E-04  4.5030E-04  4.6154E-04  4.3032E-04  4.0471E-04  3.2808E-04  2.3430E-04
       2.2364E-04  2.9349E-04  3.7782E-04  3.9211E-04  4.1895E-04  4.1007E-04  4.0644E-04  3.6551E-04  2.9691E-04  2.2124E-04
       1.9902E-04  2.8460E-04  3.2974E-04  3.5080E-04  3.9151E-04  3.8506E-04  3.5303E-04  3.3366E-04  2.7617E-04  2.0603E-04
       1.6569E-04  2.1134E-04  2.3716E-04  2.6442E-04  3.0575E-04  2.9813E-04  2.7266E-04  2.6608E-04  2.2501E-04  1.7065E-04
       1.1391E-04  1.5210E-04  1.8036E-04  2.0701E-04  2.1568E-04  2.2132E-04  2.2561E-04  1.9552E-04  1.6031E-04  1.1952E-04
       1.5475E-04  2.0994E-04  2.6721E-04  2.9777E-04  3.1782E-04  3.0020E-04  2.7657E-04  2.5715E-04  2.1396E-04  1.6426E-04
       1.6860E-04  2.3956E-04  3.0184E-04  3.1881E-04  3.4671E-04  3.3869E-04  3.1893E-04  2.9294E-04  2.3977E-04  1.8458E-04
       1.9621E-04  2.7077E-04  3.0285E-04  3.4664E-04  3.6801E-04  3.5851E-04  3.4508E-04  3.0963E-04  2.4813E-04  1.8115E-04
       1.9716E-04  2.7496E-04  3.1535E-04  3.4966E-04  3.5912E-04  3.8005E-04  3.7419E-04  2.9636E-04  2.5802E-04  2.0160E-04
       1.9374E-04  2.7985E-04  3.0411E-04  3.6653E-04  3.6019E-04  3.7568E-04  3.7420E-04  3.1854E-04  2.5060E-04  1.9196E-04
       1.7381E-04  2.6661E-04  2.9529E-04  3.3661E-04  3.5624E-04  3.7066E-04  3.6606E-04  3.1928E-04  2.5656E-04  1.9086E-04
       1.7631E-04  2.5215E-04  3.0323E-04  3.0297E-04  3.4974E-04  3.3476E-04  3.2764E-04  2.9413E-04  2.3511E-04  1.7104E-04
       1.4751E-04  2.2749E-04  2.6170E-04  2.8442E-04  3.1865E-04  3.1356E-04  2.6696E-04  2.5926E-04  2.1853E-04  1.4920E-04
       1.1951E-04  1.7554E-04  2.0487E-04  2.0726E-04  2.3454E-04  2.2923E-04  2.0489E-04  1.9373E-04  1.6487E-04  1.2631E-04
       8.9794E-05  1.1682E-04  1.3715E-04  1.4394E-04  1.7068E-04  1.8059E-04  1.6999E-04  1.5742E-04  1.2619E-04  9.2250E-05
       1.1255E-04  1.7017E-04  2.1436E-04  2.1371E-04  2.4183E-04  2.4123E-04  2.2136E-04  1.8845E-04  1.5764E-04  1.1745E-04
       1.3893E-04  1.9686E-04  2.4643E-04  2.4324E-04  2.6207E-04  2.6390E-04  2.4579E-04  2.2961E-04  1.8651E-04  1.3246E-04
       1.4424E-04  2.0698E-04  2.4760E-04  2.7593E-04  2.8808E-04  2.8870E-04  2.8065E-04  2.2665E-04  1.9374E-04  1.4905E-04
       1.4616E-04  2.3509E-04  2.5631E-04  2.8599E-04  3.0215E-04  3.0565E-04  3.0008E-04  2.4040E-04  2.0700E-04  1.4427E-04
       1.5251E-04  2.2310E-04  2.5331E-04  2.7938E-04  2.8308E-04  3.0425E-04  2.9116E-04  2.5587E-04  2.1610E-04  1.4388E-04
       1.3810E-04  2.0841E-04  2.4581E-04  2.6916E-04  2.8034E-04  2.9264E-04  2.6528E-04  2.4154E-04  2.0427E-04  1.4454E-04
       1.2870E-04  1.9638E-04  2.4210E-04  2.5965E-04  2.7598E-04  2.6561E-04  2.5114E-04  2.1933E-04  1.8869E-04  1.3821E-04
       1.1626E-04  1.7701E-04  2.0903E-04  2.2489E-04  2.3129E-04  2.3255E-04  2.1539E-04  2.0934E-04  1.6139E-04  1.1974E-04
       9.5344E-05  1.3508E-04  1.6066E-04  1.5588E-04  1.7919E-04  1.7669E-04  1.6265E-04  1.4567E-04  1.2291E-04  9.3875E-05
       6.7079E-05  9.4785E-05  1.1465E-04  1.0771E-04  1.2736E-04  1.3086E-04  1.3717E-04  1.1813E-04  9.2305E-05  6.5759E-05
       8.4491E-05  1.3231E-04  1.5914E-04  1.6492E-04  1.9241E-04  1.7150E-04  1.7696E-04  1.5947E-04  1.2596E-04  8.2418E-05
       1.0496E-04  1.7410E-04  1.9210E-04  2.0023E-04  2.0131E-04  2.0534E-04  2.0286E-04  1.8732E-04  1.4673E-04  9.8040E-05
       1.0923E-04  1.6833E-04  1.8508E-04  2.1829E-04  2.2047E-04  2.3683E-04  2.1347E-04  2.0991E-04  1.6538E-04  1.0276E-04
       1.1069E-04  1.7328E-04  2.1283E-04  2.1924E-04  2.2142E-04  2.3588E-04  2.3010E-04  2.0118E-04  1.6556E-04  1.1063E-04
       1.1628E-04  1.7471E-04  1.9699E-04  2.2616E-04  2.3854E-04  2.3276E-04  2.1217E-04  1.9762E-04  1.7775E-04  1.0496E-04
       1.1280E-04  1.6851E-04  2.0658E-04  2.1977E-04  2.2143E-04  2.2643E-04  2.1242E-04  1.8484E-04  1.5906E-04  1.1177E-04
       9.7177E-05  1.5017E-04  1.9026E-04  2.0641E-04  2.0637E-04  2.0883E-04  2.0919E-04  1.6879E-04  1.3881E-04  1.0884E-04
       9.6612E-05  1.3711E-04  1.6054E-04  1.8456E-04  1.7086E-04  1.7953E-04  1.7541E-04  1.5761E-04  1.1907E-04  9.3761E-05
       8.1614E-05  9.9097E-05  1.2003E-04  1.2124E-04  1.2765E-04  1.2532E-04  1.3100E-04  1.1793E-04  9.1326E-05  7.0964E-05
       4.9253E-05  6.8682E-05  8.3742E-05  9.7500E-05  1.0585E-04  9.9428E-05  1.0704E-04  9.1002E-05  7.3249E-05  5.3337E-05
       6.9129E-05  9.0349E-05  1.1782E-04  1.2655E-04  1.3417E-04  1.4542E-04  1.3644E-04  1.2195E-04  1.0231E-04  6.4457E-05
       7.4821E-05  1.2671E-04  1.4716E-04  1.7769E-04  1.5768E-04  1.7049E-04  1.6197E-04  1.4511E-04  1.1725E-04  7.7479E-05
       8.5775E-05  1.1798E-04  1.4951E-04  1.6631E-04  1.8358E-04  1.7703E-04  1.6139E-04  1.5882E-04  1.1861E-04  8.3094E-05
       8.6217E-05  1.3558E-04  1.5768E-04  1.5797E-04  1.7986E-04  1.8491E-04  1.6450E-04  1.6100E-04  1.2759E-04  9.3163E-05
       9.1255E-05  1.3697E-04  1.5977E-04  1.7315E-04  1.7710E-04  1.9001E-04  1.7372E-04  1.6041E-04  1.3218E-04  8.2648E-05
       8.6898E-05  1.3503E-04  1.5830E-04  1.7041E-04  1.6315E-04  1.7759E-04  1.7043E-04  1.4238E-04  1.3206E-04  9.2011E-05
       7.8770E-05  1.1724E-04  1.3840E-04  1.5848E-04  1.5922E-04  1.6365E-04  1.6802E-04  1.2735E-04  1.1213E-04  9.3706E-05
       7.2336E-05  1.0461E-04  1.3028E-04  1.3711E-04  1.3554E-04  1.3861E-04  1.4509E-04  1.1440E-04  9.2989E-05  7.5509E-05
       5.4340E-05  8.0057E-05  9.2762E-05  9.2522E-05  1.0094E-04  9.7967E-05  1.0002E-04  9.1886E-05  7.1852E-05  5.2888E-05
       4.1411E-05  4.9465E-05  6.5801E-05  8.2936E-05  7.4947E-05  7.6062E-05  8.1887E-05  6.7657E-05  5.4512E-05  3.9036E-05
       6.0650E-05  7.4044E-05  8.8930E-05  1.0745E-04  9.8851E-05  1.1195E-04  1.1250E-04  9.3145E-05  7.9066E-05  5.7101E-05
       6.2559E-05  1.0153E-04  1.1802E-04  1.2755E-04  1.2301E-04  1.2315E-04  1.2893E-04  1.1144E-04  8.9263E-05  5.6287E-05
       6.6730E-05  1.0129E-04  1.2344E-04  1.2952E-04  1.3585E-04  1.3501E-04  1.2134E-04  1.1301E-04  8.7195E-05  6.6755E-05
       6.4529E-05  1.0144E-04  1.1925E-04  1.2404E-04  1.3387E-04  1.3752E-04  1.2250E-04  1.1866E-04  1.0617E-04  6.9199E-05
       6.5882E-05  1.0289E-04  1.2119E-04  1.2053E-04  1.3756E-04  1.4020E-04  1.3314E-04  1.2272E-04  1.0046E-04  7.6730E-05
       6.1256E-05  9.9017E-05  1.1905E-04  1.2606E-04  1.3514E-04  1.3811E-04  1.4399E-04  1.0815E-04  9.5411E-05  7.1602E-05
       5.3953E-05  9.3601E-05  1.0708E-04  1.2658E-04  1.2738E-04  1.3376E-04  1.2607E-04  1.0125E-04  8.1130E-05  7.7903E-05
       5.4428E-05  8.2240E-05  1.0514E-04  1.0258E-04  1.0954E-04  1.1057E-04  1.1472E-04  7.7196E-05  7.1528E-05  6.3263E-05
       4.6011E-05  6.1239E-05  7.5654E-05  6.5955E-05  8.0232E-05  7.8106E-05  7.9200E-05  6.5514E-05  5.9133E-05  3.9500E-05
       4.0289E-05  4.8683E-05  5.1875E-05  6.1688E-05  6.1586E-05  5.5546E-05  6.0508E-05  4.9729E-05  4.5949E-05  3.1639E-05
       5.3047E-05  6.0623E-05  6.5909E-05  8.5503E-05  8.3219E-05  7.7775E-05  8.2642E-05  6.6344E-05  6.0974E-05  3.9864E-05
       5.3439E-05  6.8404E-05  8.3465E-05  9.4736E-05  8.1972E-05  9.9073E-05  8.8673E-05  8.5493E-05  6.1791E-05  4.6992E-05
       5.9088E-05  7.3148E-05  9.8931E-05  9.5181E-05  1.0178E-04  1.0067E-04  9.0044E-05  8.4843E-05  6.1536E-05  5.0706E-05
       5.0842E-05  8.0769E-05  9.7894E-05  1.0448E-04  1.0131E-04  1.0131E-04  9.3467E-05  9.2076E-05  6.9841E-05  5.7210E-05
       4.9816E-05  8.4604E-05  9.8708E-05  1.0498E-04  9.3408E-05  1.1167E-04  1.0883E-04  8.9778E-05  7.8719E-05  5.7951E-05
       4.4477E-05  7.1926E-05  9.3057E-05  9.2702E-05  1.0352E-04  1.0665E-04  1.1201E-04  8.5199E-05  7.3799E-05  5.4735E-05
       4.4344E-05  6.8640E-05  8.3462E-05  9.5203E-05  1.0711E-04  1.0385E-04  9.7206E-05  8.2875E-05  6.2036E-05  5.3682E-05
       3.8824E-05  6.7406E-05  7.6924E-05  8.0515E-05  9.2149E-05  7.8175E-05  7.8727E-05  6.6604E-05  5.5933E-05  5.4550E-05
       3.4714E-05  5.2702E-05  5.7153E-05  5.2537E-05  6.8210E-05  5.7380E-05  6.4238E-05  5.0862E-05  4.9986E-05  4.0770E-05
       2.9650E-05  3.4611E-05  3.7855E-05  4.2949E-05  4.3752E-05  5.0991E-05  4.4085E-05  3.4658E-05  3.1401E-05  2.8667E-05
       3.6685E-05  4.5038E-05  4.8480E-05  5.8459E-05  5.9701E-05  5.9329E-05  5.6422E-05  4.7399E-05  4.7564E-05  3.0213E-05
       4.2820E-05  4.9399E-05  5.2983E-05  6.0553E-05  5.9833E-05  6.8554E-05  5.7489E-05  5.6137E-05  4.9166E-05  3.7859E-05
       4.2338E-05  5.5659E-05  6.4827E-05  6.6933E-05  7.6111E-05  6.7059E-05  6.0873E-05  6.6761E-05  4.6761E-05  3.9774E-05
       4.1972E-05  5.3605E-05  6.3449E-05  7.2431E-05  7.5228E-05  7.0621E-05  6.5664E-05  6.8186E-05  4.9789E-05  3.9626E-05
       4.0562E-05  5.0345E-05  6.0322E-05  7.1088E-05  7.1611E-05  7.1031E-05  8.0622E-05  6.3211E-05  5.1882E-05  4.0411E-05
       3.5738E-05  5.0902E-05  5.9818E-05  6.8458E-05  7.1511E-05  7.3413E-05  7.0651E-05  6.4504E-05  4.6991E-05  3.9027E-05
       3.4963E-05  5.4245E-05  6.2908E-05  7.1275E-05  7.0397E-05  7.1718E-05  6.9937E-05  5.8400E-05  4.3389E-05  4.1217E-05
       2.6483E-05  4.6649E-05  6.0363E-05  5.6241E-05  5.8301E-05  5.9265E-05  5.5474E-05  4.7928E-05  4.6137E-05  4.2830E-05
       2.5967E-05  3.6791E-05  4.0367E-05  4.1961E-05  4.8728E-05  4.3709E-05  4.4940E-05  4.1799E-05  3.8809E-05  3.3353E-05

      Percentage errors follow in a matrix A(ix,iy,iz), format (1(5x,1p,10(1x,e11.4)))

       4.0142E+00  2.9397E+00  2.9649E+00  3.0998E+00  2.7338E+00  3.0029E+00  3.0883E+00  2.9426E+00  3.3203E+00  2.9766E+00
       3.1432E+00  3.3716E+00  2.4049E+00  2.3891E+00  2.5623E+00  2.5333E+00  2.8105E+00  2.3042E+00  2.2119E+00  3.8848E+00
       3.9096E+00  3.0968E+00  2.2830E+00  2.3889E+00  3.2110E+00  1.8032E+00  2.4533E+00  2.1050E+00  2.7338E+00  2.4925E+00
       3.2865E+00  1.8055E+00  2.5072E+00  2.7879E+00  2.3860E+00  3.0515E+00  2.2993E+00  2.0855E+00  2.9408E+00  3.0408E+00
       2.6718E+00  2.8539E+00  3.2882E+00  2.4810E+00  2.3656E+00  2.3119E+00  1.9603E+00  2.9001E+00  2.7833E+00  4.0497E+00
       2.2053E+00  3.5486E+00  1.8780E+00  2.2283E+00  2.0072E+00  2.3603E+00  2.8759E+00  2.8474E+00  3.4391E+00  3.2760E+00
       2.6774E+00  3.7171E+00  2.4483E+00  3.0248E+00  2.0767E+00  2.0441E+00  2.6394E+00  3.0008E+00  3.0115E+00  2.0007E+00
       3.9892E+00  3.2294E+00  1.5119E+00  2.3769E+00  2.5702E+00  2.4280E+00  2.0904E+00  2.7258E+00  2.7135E+00  2.5541E+00
       3.5980E+00  3.0037E+00  2.6454E+00  2.8185E+00  2.4174E+00  2.3766E+00  2.3865E+00  2.9559E+00  3.0895E+00  3.0357E+00
       3.2098E+00  3.4078E+00  2.3288E+00  2.4288E+00  2.0060E+00  2.3723E+00  2.9699E+00  4.0150E+00  2.3294E+00  2.6802E+00
       4.7058E+00  3.5939E+00  3.5120E+00  2.5760E+00  2.7978E+00  3.9124E+00  3.7026E+00  3.3649E+00  2.8965E+00  2.7404E+00
       3.8114E+00  3.1645E+00  2.3288E+00  3.5167E+00  2.6315E+00  2.0964E+00  3.3183E+00  2.5488E+00  3.1336E+00  3.8373E+00
       3.7397E+00  3.7241E+00  2.9076E+00  3.4165E+00  2.9226E+00  2.3953E+00  2.7446E+00  2.9285E+00  3.2171E+00  3.2579E+00
       2.7674E+00  2.9012E+00  3.1465E+00  3.1812E+00  1.9852E+00  2.8172E+00  2.5791E+00  1.8526E+00  2.9537E+00  3.5894E+00
       2.9889E+00  4.0512E+00  3.2616E+00  2.1033E+00  3.0306E+00  2.7678E+00  2.8657E+00  2.4946E+00  3.4577E+00  3.7652E+00
       3.1153E+00  3.0094E+00  2.6137E+00  2.3589E+00  2.4884E+00  2.2551E+00  1.9354E+00  3.3504E+00  3.7235E+00  3.1680E+00
       3.0369E+00  2.8478E+00  2.9885E+00  2.6053E+00  1.9123E+00  2.7462E+00  2.0748E+00  2.4093E+00  2.4930E+00  2.9122E+00
       4.3981E+00  3.2328E+00  2.0042E+00  3.0423E+00  2.4869E+00  1.4766E+00  2.1761E+00  2.5751E+00  2.9798E+00  3.0908E+00
       5.2717E+00  3.5283E+00  2.0698E+00  3.5822E+00  2.9122E+00  2.2432E+00  2.2244E+00  3.0993E+00  2.9025E+00  3.1825E+00
       3.7866E+00  3.4011E+00  2.8706E+00  3.4499E+00  3.2941E+00  2.6774E+00  3.6516E+00  3.9265E+00  3.8418E+00  3.3901E+00
       4.2750E+00  4.1408E+00  3.5521E+00  3.1001E+00  2.6772E+00  3.5191E+00  3.9918E+00  3.1964E+00  4.0509E+00  3.9425E+00
       4.6401E+00  3.4142E+00  3.4283E+00  3.3112E+00  2.9644E+00  3.1829E+00  3.6353E+00  2.8437E+00  4.3586E+00  4.6202E+00
       3.1298E+00  4.2698E+00  2.7162E+00  2.3486E+00  2.6156E+00  3.0540E+00  3.0790E+00  2.6521E+00  3.6717E+00  3.5137E+00
       4.6089E+00  3.3379E+00  2.5586E+00  2.8002E+00  2.3387E+00  2.5635E+00  2.9944E+00  2.9628E+00  3.8010E+00  4.1176E+00
       3.7533E+00  3.6560E+00  2.2110E+00  3.1030E+00  3.1921E+00  2.6102E+00  3.0511E+00  2.5082E+00  2.8162E+00  3.3964E+00
       4.2425E+00  5.1404E+00  3.3733E+00  2.9654E+00  3.0547E+00  2.2261E+00  2.1008E+00  3.3303E+00  3.7869E+00  3.5985E+00
       4.6288E+00  3.4666E+00  3.6006E+00  3.7510E+00  2.3100E+00  2.9967E+00  2.3859E+00  2.7379E+00  3.3169E+00  3.3659E+00
       3.3923E+00  3.6118E+00  3.6011E+00  3.0242E+00  2.0223E+00  2.0796E+00  3.6886E+00  3.5550E+00  4.4808E+00  4.8668E+00
       3.6982E+00  4.2818E+00  3.4173E+00  3.3699E+00  2.0351E+00  3.6975E+00  2.4468E+00  3.7674E+00  3.4803E+00  4.2603E+00
       4.2169E+00  2.9415E+00  4.6603E+00  3.2274E+00  3.5580E+00  2.7589E+00  4.0686E+00  4.0024E+00  3.6294E+00  4.3545E+00
       4.6531E+00  4.5630E+00  5.0991E+00  4.5186E+00  4.5378E+00  3.8641E+00  3.1009E+00  4.6463E+00  5.1521E+00  4.7370E+00
       4.8826E+00  3.7937E+00  3.0011E+00  3.6828E+00  3.4491E+00  3.0850E+00  4.2031E+00  4.0790E+00  3.3974E+00  3.6771E+00
       4.5650E+00  4.1130E+00  3.4242E+00  3.1740E+00  2.9204E+00  3.4316E+00  3.3581E+00  2.2404E+00  4.1766E+00  3.5412E+00
       5.3473E+00  3.7798E+00  2.8151E+00  3.2600E+00  2.9601E+00  3.5112E+00  2.6470E+00  2.7680E+00  4.1135E+00  3.0486E+00
       4.5002E+00  3.6114E+00  4.8077E+00  2.4188E+00  3.6461E+00  2.7901E+00  3.2957E+00  3.4032E+00  3.9434E+00  5.2867E+00
       3.4973E+00  3.2697E+00  2.2987E+00  3.1280E+00  3.2884E+00  3.2295E+00  3.2257E+00  3.7468E+00  5.5407E+00  4.2527E+00
       3.8007E+00  4.2620E+00  2.2713E+00  2.7956E+00  2.8233E+00  3.6844E+00  3.3311E+00  3.3201E+00  3.4214E+00  4.0744E+00
       3.5458E+00  4.3684E+00  3.0289E+00  4.6942E+00  3.7066E+00  3.1578E+00  3.7167E+00  3.9901E+00  3.1420E+00  4.5603E+00
       5.2225E+00  4.0959E+00  3.3667E+00  4.2940E+00  2.6983E+00  3.6345E+00  3.5120E+00  3.8740E+00  4.0535E+00  5.2632E+00
       4.1888E+00  4.0024E+00  4.5362E+00  3.9538E+00  2.6678E+00  2.8229E+00  4.1958E+00  5.2093E+00  4.7933E+00  4.7841E+00
       5.0689E+00  4.0717E+00  3.8985E+00  4.6349E+00  4.2071E+00  4.2513E+00  4.6863E+00  4.4737E+00  5.9171E+00  5.2558E+00
       5.9632E+00  4.4089E+00  3.1797E+00  4.5920E+00  3.3067E+00  5.0362E+00  3.8622E+00  3.6794E+00  4.8866E+00  5.1275E+00
       5.4730E+00  5.0244E+00  4.8155E+00  2.7924E+00  4.6823E+00  4.2536E+00  4.3685E+00  3.7837E+00  4.2624E+00  3.9254E+00
       6.3053E+00  4.1389E+00  3.9799E+00  3.2517E+00  3.3436E+00  3.9271E+00  4.1681E+00  2.5042E+00  3.9759E+00  5.7459E+00
       5.2798E+00  3.1670E+00  3.1553E+00  2.8995E+00  3.7017E+00  3.5942E+00  2.6371E+00  3.8704E+00  5.0725E+00  4.6913E+00
       5.8954E+00  3.3670E+00  3.6058E+00  3.8840E+00  3.6006E+00  4.6761E+00  3.6069E+00  3.1858E+00  5.9062E+00  4.8219E+00
       4.0533E+00  3.4623E+00  4.3930E+00  3.8324E+00  3.1271E+00  3.6989E+00  4.2313E+00  2.8781E+00  4.1149E+00  6.5254E+00
       5.9989E+00  3.7216E+00  4.3919E+00  4.5811E+00  4.1539E+00  5.0291E+00  3.4056E+00  3.7512E+00  5.1391E+00  5.5845E+00
       5.1061E+00  4.2077E+00  3.5192E+00  5.2738E+00  3.7283E+00  3.5096E+00  2.9073E+00  4.2731E+00  4.3861E+00  6.1048E+00
       5.7511E+00  4.3574E+00  4.3283E+00  4.3740E+00  3.0083E+00  4.7293E+00  4.7288E+00  4.6305E+00  6.1140E+00  7.3197E+00
       6.4535E+00  4.8882E+00  5.6386E+00  6.1084E+00  5.8555E+00  5.0222E+00  5.6369E+00  3.6253E+00  7.8268E+00  5.4061E+00
       6.2256E+00  7.1937E+00  4.5736E+00  3.3156E+00  5.1910E+00  4.8550E+00  5.1297E+00  4.0200E+00  3.8890E+00  4.5250E+00
       6.3286E+00  5.3258E+00  5.1916E+00  4.4933E+00  4.5922E+00  4.1070E+00  4.2159E+00  3.9728E+00  3.2976E+00  5.5990E+00
       4.1741E+00  4.5189E+00  4.3397E+00  5.3036E+00  4.7553E+00  4.5438E+00  3.8497E+00  3.5143E+00  3.9357E+00  6.3262E+00
       6.1491E+00  4.2141E+00  3.6650E+00  4.2702E+00  5.0721E+00  2.9576E+00  3.6240E+00  2.7297E+00  5.2169E+00  5.3761E+00
       5.9363E+00  5.2262E+00  4.4036E+00  4.2741E+00  3.0512E+00  4.4085E+00  5.1912E+00  4.0415E+00  4.8147E+00  5.9264E+00
       5.2076E+00  4.4161E+00  4.7225E+00  3.6038E+00  3.7447E+00  4.2603E+00  4.1366E+00  4.6315E+00  4.2533E+00  6.6746E+00
       5.0227E+00  4.4221E+00  4.9248E+00  4.8397E+00  4.4235E+00  4.1417E+00  4.1560E+00  4.6174E+00  4.7472E+00  6.1500E+00
       5.5154E+00  3.8418E+00  4.4252E+00  4.5366E+00  5.4438E+00  3.9080E+00  5.1426E+00  5.3905E+00  4.7286E+00  5.1283E+00
       5.7901E+00  4.7573E+00  4.5404E+00  4.6795E+00  5.0448E+00  5.1717E+00  3.9821E+00  4.5971E+00  4.9655E+00  7.7104E+00
       7.0920E+00  6.0964E+00  6.6053E+00  5.5230E+00  6.8619E+00  6.0261E+00  5.6232E+00  6.4163E+00  9.1822E+00  5.2250E+00
       8.1629E+00  6.5833E+00  5.1346E+00  4.0073E+00  4.6053E+00  5.0655E+00  4.6427E+00  5.9347E+00  5.2842E+00  5.9058E+00
       6.3222E+00  5.8347E+00  4.8902E+00  4.6438E+00  5.4042E+00  4.6323E+00  4.0695E+00  4.2906E+00  4.9616E+00  6.2577E+00
       6.1756E+00  5.5732E+00  5.0661E+00  5.4492E+00  5.7091E+00  4.1508E+00  3.4981E+00  5.8132E+00  5.7148E+00  5.2679E+00
       6.7367E+00  6.2081E+00  5.7179E+00  4.8466E+00  4.1930E+00  3.3520E+00  4.1602E+00  3.2531E+00  6.0128E+00  4.7963E+00
       4.5897E+00  5.9314E+00  5.1326E+00  4.4458E+00  4.4623E+00  4.6780E+00  3.9724E+00  3.7420E+00  5.1979E+00  6.5291E+00
       8.2970E+00  5.8331E+00  4.4556E+00  5.3743E+00  4.4018E+00  3.8974E+00  4.2118E+00  5.5927E+00  4.7028E+00  7.6265E+00
       5.4630E+00  5.1479E+00  4.2606E+00  5.6635E+00  4.6712E+00  4.3059E+00  5.3041E+00  3.5721E+00  6.3637E+00  6.6172E+00
       6.9562E+00  5.4112E+00  5.8424E+00  6.7788E+00  4.6930E+00  3.5898E+00  5.9532E+00  6.5047E+00  6.4236E+00  6.9862E+00
       7.7829E+00  4.9206E+00  5.6205E+00  6.5508E+00  5.7118E+00  6.6967E+00  4.9852E+00  6.5135E+00  7.5181E+00  8.0664E+00
       7.0943E+00  6.5303E+00  5.9783E+00  6.8966E+00  6.5830E+00  6.0139E+00  6.3774E+00  6.7058E+00  9.1664E+00  9.6852E+00
       8.6607E+00  6.7223E+00  6.2531E+00  4.5533E+00  6.1530E+00  6.0367E+00  4.2856E+00  7.0554E+00  8.2142E+00  8.2678E+00
       7.2539E+00  6.5783E+00  6.3360E+00  6.5159E+00  5.9801E+00  7.5421E+00  4.0223E+00  7.4317E+00  4.9414E+00  8.6487E+00
       7.7883E+00  4.2525E+00  4.0382E+00  5.8290E+00  6.4337E+00  7.0188E+00  5.0945E+00  5.7517E+00  5.9130E+00  7.2954E+00
       6.0216E+00  7.4703E+00  4.3971E+00  6.2296E+00  5.6506E+00  4.2156E+00  5.1018E+00  5.0842E+00  5.5790E+00  6.8317E+00
       8.9019E+00  5.9999E+00  3.5925E+00  6.0414E+00  5.4367E+00  5.4203E+00  4.7161E+00  5.9446E+00  7.1563E+00  6.5823E+00
       7.2708E+00  6.0322E+00  5.4695E+00  5.0055E+00  4.4891E+00  4.0965E+00  5.2200E+00  6.1917E+00  5.0611E+00  6.3392E+00
       6.9296E+00  6.6551E+00  4.5829E+00  5.4929E+00  4.9322E+00  5.6732E+00  5.4424E+00  5.8880E+00  4.7062E+00  6.4859E+00
       9.7566E+00  5.6878E+00  6.8148E+00  4.3795E+00  5.8595E+00  5.8523E+00  5.5836E+00  6.5747E+00  5.1943E+00  8.7255E+00
       8.6921E+00  7.0367E+00  4.6929E+00  6.9248E+00  6.3852E+00  8.1459E+00  5.1235E+00  5.1297E+00  1.1366E+01  7.9516E+00
       1.1116E+01  7.0719E+00  6.3596E+00  7.7470E+00  7.4044E+00  7.2883E+00  8.4169E+00  8.2573E+00  1.0734E+01  9.7326E+00
       1.0643E+01  8.3749E+00  8.4485E+00  6.5009E+00  5.8987E+00  5.3720E+00  7.0465E+00  5.5764E+00  7.4307E+00  8.8206E+00
       9.1636E+00  7.6712E+00  7.4374E+00  7.0189E+00  8.3340E+00  7.6947E+00  6.8805E+00  6.8341E+00  8.3916E+00  9.2281E+00
       1.0070E+01  7.3941E+00  5.6496E+00  4.2450E+00  5.0143E+00  5.0155E+00  5.2939E+00  6.2722E+00  8.8972E+00  7.6670E+00
       7.3523E+00  5.4633E+00  6.0126E+00  6.3419E+00  5.8497E+00  5.1455E+00  6.9133E+00  5.4306E+00  7.7556E+00  7.5856E+00
       7.8917E+00  6.4130E+00  6.9599E+00  7.1234E+00  6.2620E+00  6.5386E+00  3.1749E+00  6.2376E+00  6.7409E+00  5.1732E+00
       8.7524E+00  5.0526E+00  7.0015E+00  5.1818E+00  5.4289E+00  4.9574E+00  7.0361E+00  6.1495E+00  5.9045E+00  1.0692E+01
       9.1348E+00  7.2307E+00  5.4305E+00  6.1960E+00  6.4575E+00  5.2066E+00  6.6131E+00  5.4269E+00  8.0430E+00  6.3896E+00
       8.9380E+00  6.5966E+00  6.7300E+00  5.8722E+00  6.7585E+00  4.4221E+00  6.9768E+00  7.0540E+00  6.5638E+00  7.3596E+00
       9.3423E+00  7.2257E+00  5.1494E+00  8.0470E+00  6.8179E+00  7.4182E+00  6.2552E+00  7.9163E+00  8.8139E+00  1.0226E+01
       1.1278E+01  7.1625E+00  9.7617E+00  8.9200E+00  7.2271E+00  7.2763E+00  6.5424E+00  7.8440E+00  9.2377E+00  1.0831E+01
       9.3639E+00  7.8645E+00  8.0432E+00  8.8257E+00  7.8157E+00  8.3148E+00  9.0678E+00  7.3250E+00  7.3819E+00  1.0696E+01
       9.2982E+00  7.9139E+00  6.0535E+00  6.3412E+00  6.3769E+00  7.8810E+00  8.2374E+00  6.8634E+00  6.6077E+00  1.1252E+01
       7.3977E+00  9.5016E+00  8.1899E+00  7.3766E+00  7.2676E+00  7.1093E+00  8.4880E+00  7.8073E+00  8.8072E+00  5.7095E+00
       7.0127E+00  8.7259E+00  8.5873E+00  7.3160E+00  6.2108E+00  6.5203E+00  8.1976E+00  7.0228E+00  8.7312E+00  8.8732E+00
       6.5262E+00  9.8632E+00  7.6145E+00  5.8964E+00  7.6380E+00  6.2875E+00  6.2174E+00  7.2029E+00  5.8557E+00  8.6941E+00
       9.2063E+00  8.6190E+00  7.5426E+00  8.8571E+00  7.1182E+00  8.8840E+00  6.4038E+00  7.4926E+00  7.5093E+00  8.2240E+00
       1.1344E+01  7.3500E+00  7.7651E+00  5.6314E+00  5.8969E+00  6.4605E+00  7.3002E+00  8.3592E+00  8.7278E+00  8.2398E+00
       1.1231E+01  1.1308E+01  7.4143E+00  6.1974E+00  6.5146E+00  7.6736E+00  5.5835E+00  5.9527E+00  7.0942E+00  8.0685E+00
       1.0855E+01  8.7864E+00  7.5083E+00  6.8757E+00  5.6704E+00  7.0350E+00  6.9381E+00  8.2546E+00  9.1286E+00  8.8251E+00
