1
   Cartesian binning n.   1  "DoseEq    " , generalized particle n.  240
      X coordinate: from -8.5000E+01 to  8.5000E+01 cm,    10 bins ( 1.7000E+01 cm wide)
      Y coordinate: from -2.5000E+01 to  2.5000E+01 cm,    10 bins ( 5.0000E+00 cm wide)
      Z coordinate: from  2.2500E+02 to  2.7500E+02 cm,    10 bins ( 5.0000E+00 cm wide)
      Data follow in a matrix A(ix,iy,iz), format (1(5x,1p,10(1x,e11.4)))

      accurate deposition along the tracks requested
      this is a track-length binning
       1.3218E-04  1.5662E-04  1.7780E-04  2.0406E-04  2.0061E-04  2.1936E-04  1.8453E-04  1.8163E-04  1.6224E-04  1.2171E-04
       1.3435E-04  1.7421E-04  2.1016E-04  2.4269E-04  2.4553E-04  2.3357E-04  2.1701E-04  1.9587E-04  1.7980E-04  1.3977E-04
       1.5085E-04  1.7036E-04  2.0861E-04  2.4469E-04  2.6299E-04  2.4794E-04  2.3571E-04  2.2136E-04  1.8636E-04  1.5190E-04
       1.5972E-04  1.9071E-04  2.0343E-04  2.4815E-04  2.5386E-04  2.5189E-04  2.6448E-04  2.2613E-04  2.1149E-04  1.6438E-04
       1.4642E-04  1.8416E-04  2.2010E-04  2.5019E-04  2.4907E-04  2.6002E-04  2.5460E-04  2.2809E-04  2.0330E-04  1.4911E-04
       1.5900E-04  1.8678E-04  2.0676E-04  2.5913E-04  2.5226E-04  2.6374E-04  2.5054E-04  2.3885E-04  1.9977E-04  1.6979E-04
       1.4488E-04  1.9326E-04  2.2385E-04  2.4183E-04  2.4524E-04  2.5855E-04  2.4895E-04  2.2926E-04  2.0177E-04  1.5035E-04
       1.4523E-04  1.8891E-04  2.0413E-04  2.3386E-04  2.5441E-04  2.4589E-04  2.5006E-04  2.0957E-04  1.8662E-04  1.4779E-04
       1.5288E-04  1.7580E-04  1.9804E-04  2.3248E-04  2.3759E-04  2.2823E-04  2.1975E-04  1.9926E-04  1.6709E-04  1.5051E-04
       1.3623E-04  1.4194E-04  1.7373E-04  1.8979E-04  2.0125E-04  2.0565E-04  1.9269E-04  1.7493E-04  1.5514E-04  1.2332E-04
       1.1692E-04  1.3339E-04  1.5049E-04  1.8097E-04  1.7043E-04  1.9055E-04  1.6183E-04  1.6152E-04  1.4530E-04  1.0935E-04
       1.2423E-04  1.5491E-04  1.9245E-04  2.2517E-04  2.3745E-04  2.2895E-04  2.0392E-04  1.8901E-04  1.6775E-04  1.2624E-04
       1.4445E-04  1.6024E-04  1.9686E-04  2.2412E-04  2.4686E-04  2.4870E-04  2.3207E-04  2.2297E-04  1.7028E-04  1.3727E-04
       1.5621E-04  1.8803E-04  1.9763E-04  2.4740E-04  2.4830E-04  2.5169E-04  2.4018E-04  2.1849E-04  2.0432E-04  1.5832E-04
       1.4034E-04  1.8433E-04  2.2845E-04  2.4193E-04  2.4736E-04  2.5645E-04  2.4072E-04  2.3809E-04  1.8633E-04  1.5094E-04
       1.4712E-04  1.7633E-04  1.9894E-04  2.5737E-04  2.5009E-04  2.5245E-04  2.4062E-04  2.2894E-04  1.9773E-04  1.5678E-04
       1.4316E-04  1.9486E-04  2.2044E-04  2.3980E-04  2.4317E-04  2.5163E-04  2.3166E-04  2.2807E-04  1.8392E-04  1.4297E-04
       1.3730E-04  1.8528E-04  2.0071E-04  2.2638E-04  2.3782E-04  2.3704E-04  2.3034E-04  2.1161E-04  1.8123E-04  1.4184E-04
       1.2855E-04  1.6779E-04  1.8767E-04  2.2167E-04  2.1006E-04  2.1332E-04  2.0845E-04  1.9522E-04  1.6655E-04  1.3719E-04
       1.0558E-04  1.2860E-04  1.4811E-04  1.7225E-04  1.8034E-04  1.8420E-04  1.7708E-04  1.5411E-04  1.4131E-04  1.0459E-04
       8.8290E-05  1.0646E-04  1.2656E-04  1.5345E-04  1.4753E-04  1.5522E-04  1.3258E-04  1.2593E-04  1.0660E-04  8.3304E-05
       1.0292E-04  1.2652E-04  1.6605E-04  1.9132E-04  2.0319E-04  1.9085E-04  1.8373E-04  1.5639E-04  1.5108E-04  1.0692E-04
       1.2967E-04  1.4407E-04  1.7500E-04  1.9642E-04  2.1668E-04  2.1036E-04  1.9107E-04  1.8242E-04  1.5896E-04  1.1983E-04
       1.3071E-04  1.6299E-04  1.8838E-04  2.2463E-04  2.3336E-04  2.1968E-04  2.3204E-04  1.8898E-04  1.8303E-04  1.3044E-04
       1.1206E-04  1.5087E-04  2.0315E-04  2.2074E-04  2.2605E-04  2.2868E-04  2.1613E-04  2.1435E-04  1.7983E-04  1.3308E-04
       1.2072E-04  1.5903E-04  1.9259E-04  2.1196E-04  2.3285E-04  2.2543E-04  2.1224E-04  2.0524E-04  1.8250E-04  1.3844E-04
       1.1942E-04  1.5695E-04  2.0346E-04  2.1224E-04  2.1631E-04  2.3149E-04  2.0933E-04  2.0227E-04  1.7448E-04  1.2328E-04
       1.1476E-04  1.5063E-04  1.7925E-04  1.9646E-04  2.1954E-04  2.1140E-04  2.0701E-04  1.8277E-04  1.5432E-04  1.1430E-04
       1.0891E-04  1.3430E-04  1.7880E-04  1.7832E-04  1.7918E-04  1.8362E-04  1.8208E-04  1.6386E-04  1.4102E-04  1.1726E-04
       8.1154E-05  1.0630E-04  1.2068E-04  1.4613E-04  1.4235E-04  1.4585E-04  1.4208E-04  1.2587E-04  1.0851E-04  9.2740E-05
       6.3692E-05  9.0510E-05  9.5215E-05  1.1675E-04  1.1704E-04  1.1507E-04  1.0800E-04  9.9540E-05  9.1958E-05  6.4399E-05
       8.6650E-05  1.1301E-04  1.3832E-04  1.6293E-04  1.7631E-04  1.6678E-04  1.4714E-04  1.2997E-04  1.2455E-04  9.3843E-05
       9.5136E-05  1.2970E-04  1.5684E-04  1.7823E-04  1.8846E-04  1.8051E-04  1.7470E-04  1.4939E-04  1.3029E-04  9.0363E-05
       1.0335E-04  1.4677E-04  1.5795E-04  1.7976E-04  2.0184E-04  1.8470E-04  2.0319E-04  1.6511E-04  1.5205E-04  9.2006E-05
       9.9570E-05  1.3225E-04  1.6365E-04  1.8444E-04  1.8991E-04  1.9253E-04  1.8205E-04  1.7598E-04  1.5618E-04  1.1164E-04
       1.0589E-04  1.3339E-04  1.6144E-04  1.8426E-04  1.9349E-04  1.8576E-04  1.7677E-04  1.8691E-04  1.5115E-04  1.2377E-04
       9.5425E-05  1.3085E-04  1.6438E-04  1.8864E-04  1.9361E-04  1.7691E-04  1.5994E-04  1.7460E-04  1.4634E-04  1.0204E-04
       9.5323E-05  1.2956E-04  1.4332E-04  1.6268E-04  1.7618E-04  1.8512E-04  1.6639E-04  1.5459E-04  1.3930E-04  8.6496E-05
       9.2068E-05  1.1263E-04  1.4075E-04  1.3711E-04  1.4665E-04  1.5921E-04  1.4447E-04  1.3393E-04  1.1994E-04  8.1998E-05
       6.4981E-05  9.3046E-05  9.9063E-05  1.1262E-04  1.2011E-04  1.2413E-04  1.1126E-04  9.8610E-05  8.5763E-05  6.8539E-05
       4.6261E-05  6.8620E-05  8.4706E-05  9.0908E-05  1.0003E-04  9.2905E-05  9.2062E-05  7.9246E-05  7.2690E-05  5.1221E-05
       6.2310E-05  9.0550E-05  1.1045E-04  1.3384E-04  1.4561E-04  1.2425E-04  1.3096E-04  1.1294E-04  1.0134E-04  6.9910E-05
       8.5530E-05  1.0351E-04  1.2232E-04  1.5614E-04  1.4496E-04  1.4531E-04  1.3676E-04  1.3042E-04  1.1217E-04  7.5836E-05
       9.0879E-05  1.1302E-04  1.1999E-04  1.5321E-04  1.5716E-04  1.5429E-04  1.6599E-04  1.3978E-04  1.1402E-04  7.7192E-05
       8.4881E-05  1.0914E-04  1.3547E-04  1.4686E-04  1.6462E-04  1.6314E-04  1.5582E-04  1.4017E-04  1.1587E-04  9.2018E-05
       8.2085E-05  1.0776E-04  1.2852E-04  1.5553E-04  1.6297E-04  1.5539E-04  1.4925E-04  1.4608E-04  1.2640E-04  9.7198E-05
       7.8237E-05  1.0554E-04  1.4162E-04  1.5531E-04  1.4998E-04  1.5073E-04  1.3815E-04  1.4482E-04  1.2369E-04  8.7321E-05
       7.3470E-05  1.0028E-04  1.1774E-04  1.4809E-04  1.4363E-04  1.5777E-04  1.4279E-04  1.2166E-04  1.0755E-04  7.5068E-05
       7.2087E-05  9.5968E-05  9.9459E-05  1.2504E-04  1.2590E-04  1.3045E-04  1.1305E-04  1.1554E-04  9.7290E-05  6.5974E-05
       4.9741E-05  7.6045E-05  7.4832E-05  9.1328E-05  9.7261E-05  1.0029E-04  9.1756E-05  7.9843E-05  6.9057E-05  4.7330E-05
       3.4870E-05  6.1070E-05  6.4933E-05  7.3177E-05  8.2219E-05  8.0097E-05  7.5706E-05  6.5832E-05  6.3262E-05  3.9008E-05
       5.0111E-05  7.0140E-05  8.8879E-05  1.1619E-04  1.1261E-04  1.0966E-04  1.0391E-04  9.1535E-05  8.9380E-05  5.4831E-05
       6.4023E-05  8.5757E-05  1.0133E-04  1.2228E-04  1.2859E-04  1.2370E-04  1.0463E-04  1.0597E-04  8.6965E-05  5.2410E-05
       6.4420E-05  8.4667E-05  9.6443E-05  1.2508E-04  1.4166E-04  1.2940E-04  1.2307E-04  1.1968E-04  8.7122E-05  6.5424E-05
       5.8830E-05  8.8111E-05  1.1455E-04  1.2097E-04  1.3320E-04  1.3680E-04  1.2920E-04  1.2098E-04  1.0060E-04  6.6953E-05
       6.0695E-05  8.0468E-05  1.0746E-04  1.2824E-04  1.3430E-04  1.3472E-04  1.2562E-04  1.1002E-04  1.0881E-04  7.3523E-05
       5.9050E-05  8.0958E-05  1.0949E-04  1.3608E-04  1.2328E-04  1.2771E-04  1.2129E-04  1.2328E-04  9.7854E-05  6.8547E-05
       6.5933E-05  7.5480E-05  9.4788E-05  1.2045E-04  1.2113E-04  1.2761E-04  1.2329E-04  1.0475E-04  9.3745E-05  6.4637E-05
       5.4309E-05  7.2931E-05  8.6379E-05  1.0002E-04  1.0130E-04  1.0484E-04  9.5968E-05  8.7586E-05  8.3730E-05  5.7907E-05
       3.8983E-05  5.4535E-05  5.8647E-05  7.2566E-05  7.5366E-05  7.1696E-05  7.0340E-05  6.0410E-05  5.5946E-05  4.1631E-05
       2.7028E-05  4.3249E-05  4.9413E-05  5.3217E-05  6.2569E-05  5.5174E-05  5.3461E-05  5.6172E-05  5.1468E-05  3.2822E-05
       3.5522E-05  5.8749E-05  6.7749E-05  8.5885E-05  8.9029E-05  8.2288E-05  8.8527E-05  7.5279E-05  7.3719E-05  4.5515E-05
       4.7665E-05  6.8714E-05  7.8264E-05  9.4447E-05  1.0154E-04  9.9013E-05  9.3431E-05  8.7113E-05  7.4560E-05  4.3329E-05
       5.0832E-05  6.7092E-05  8.5901E-05  1.0585E-04  1.0866E-04  1.0266E-04  9.0333E-05  9.5900E-05  7.8181E-05  5.3745E-05
       5.4440E-05  7.5391E-05  9.1737E-05  1.0427E-04  1.1538E-04  1.1540E-04  1.0262E-04  1.0336E-04  8.0975E-05  5.4128E-05
       5.3970E-05  6.8927E-05  8.4961E-05  1.0670E-04  1.0880E-04  1.0430E-04  1.0370E-04  9.4087E-05  7.4270E-05  5.6906E-05
       4.2183E-05  6.1083E-05  8.7054E-05  1.0624E-04  1.0497E-04  1.0665E-04  9.6137E-05  8.9991E-05  7.7691E-05  5.4529E-05
       4.2416E-05  5.7251E-05  7.6337E-05  8.9657E-05  9.3570E-05  1.0274E-04  9.7454E-05  8.7521E-05  7.3138E-05  4.8550E-05
       3.6195E-05  5.0234E-05  6.2145E-05  7.8563E-05  8.3859E-05  7.9146E-05  7.6515E-05  8.0724E-05  6.6055E-05  4.5565E-05
       3.1303E-05  4.3046E-05  4.5475E-05  5.7544E-05  6.2785E-05  5.4960E-05  5.2603E-05  5.1820E-05  4.0393E-05  3.1891E-05
       1.9181E-05  3.5216E-05  3.3141E-05  4.5219E-05  4.5861E-05  4.4309E-05  4.1383E-05  4.4344E-05  4.0086E-05  2.3693E-05
       2.4971E-05  4.5821E-05  5.7184E-05  6.0731E-05  6.4353E-05  6.1339E-05  6.4290E-05  5.5155E-05  5.9913E-05  3.6974E-05
       3.5540E-05  5.3546E-05  5.8703E-05  7.8108E-05  7.8749E-05  7.4762E-05  7.3547E-05  7.5138E-05  5.3979E-05  4.1355E-05
       3.0824E-05  5.3951E-05  6.7396E-05  8.3376E-05  8.8995E-05  7.8396E-05  7.2253E-05  7.3669E-05  5.8089E-05  4.2655E-05
       5.1417E-05  5.5252E-05  6.8728E-05  7.9997E-05  9.0243E-05  8.6784E-05  7.2044E-05  6.7059E-05  6.4536E-05  3.7957E-05
       4.2178E-05  6.1506E-05  6.3766E-05  8.8861E-05  9.0348E-05  8.5186E-05  7.4227E-05  7.4201E-05  6.5366E-05  4.2255E-05
       3.9264E-05  5.2749E-05  6.8984E-05  8.4140E-05  7.8333E-05  8.2888E-05  7.9670E-05  6.7857E-05  6.2335E-05  4.2942E-05
       3.5394E-05  3.9603E-05  5.5065E-05  7.0922E-05  8.2825E-05  7.6935E-05  7.0967E-05  6.1235E-05  5.5146E-05  4.1161E-05
       2.8619E-05  3.7218E-05  4.9407E-05  5.8664E-05  6.1555E-05  5.8900E-05  5.3546E-05  5.7053E-05  4.9438E-05  3.4095E-05
       2.4450E-05  3.0815E-05  3.6504E-05  4.3247E-05  4.7984E-05  4.4697E-05  4.5098E-05  4.1730E-05  3.3300E-05  2.7738E-05
       1.7977E-05  2.8525E-05  3.0907E-05  3.5775E-05  3.4531E-05  3.0840E-05  3.4768E-05  3.3949E-05  2.7961E-05  2.3553E-05
       2.3669E-05  3.7786E-05  4.1313E-05  4.3144E-05  4.7056E-05  4.1689E-05  4.1118E-05  4.4248E-05  3.1792E-05  2.6402E-05
       2.8051E-05  4.0622E-05  4.2286E-05  5.9514E-05  6.1250E-05  5.2801E-05  6.0795E-05  4.9966E-05  3.7604E-05  3.3292E-05
       2.5307E-05  4.1194E-05  5.5189E-05  6.1934E-05  7.2954E-05  5.7352E-05  5.5284E-05  5.7918E-05  3.7700E-05  3.2701E-05
       3.9242E-05  3.8418E-05  4.9246E-05  6.7899E-05  6.0425E-05  6.2227E-05  5.2859E-05  5.5189E-05  5.0139E-05  3.5141E-05
       2.9129E-05  3.9208E-05  4.2529E-05  6.0805E-05  6.0794E-05  6.6128E-05  5.6734E-05  5.5859E-05  5.1500E-05  3.0963E-05
       2.4469E-05  3.8279E-05  4.5757E-05  5.5716E-05  6.3807E-05  5.6958E-05  5.9495E-05  5.5623E-05  5.6093E-05  3.2281E-05
       2.3320E-05  3.2540E-05  4.8446E-05  6.1295E-05  5.5814E-05  6.0602E-05  6.0910E-05  5.1266E-05  3.9212E-05  2.8723E-05
       1.9958E-05  3.1504E-05  3.9930E-05  4.6920E-05  4.6392E-05  5.0996E-05  4.5902E-05  4.2344E-05  3.5736E-05  2.6860E-05
       2.2468E-05  2.5334E-05  2.7476E-05  3.2348E-05  3.4781E-05  3.4832E-05  3.8659E-05  3.1283E-05  2.5994E-05  2.4367E-05
       1.2523E-05  1.8372E-05  2.1341E-05  2.5983E-05  2.5159E-05  2.4244E-05  2.4011E-05  2.2303E-05  2.0109E-05  1.3783E-05
       1.5060E-05  2.5860E-05  3.0258E-05  3.4241E-05  3.7565E-05  3.4783E-05  2.9761E-05  2.9376E-05  2.5527E-05  2.1454E-05
       1.7605E-05  2.6893E-05  2.9139E-05  4.2836E-05  4.5003E-05  4.0360E-05  3.5665E-05  2.8739E-05  2.4607E-05  1.9040E-05
       1.8225E-05  2.8026E-05  3.1224E-05  4.3732E-05  4.8821E-05  4.3532E-05  3.7937E-05  3.7381E-05  2.5780E-05  2.2665E-05
       1.9956E-05  2.8017E-05  3.1065E-05  4.2243E-05  4.2934E-05  4.6575E-05  4.3120E-05  3.5324E-05  3.2761E-05  2.5611E-05
       2.1051E-05  2.3766E-05  3.3289E-05  4.1439E-05  3.6586E-05  4.8670E-05  4.0735E-05  3.8694E-05  3.3491E-05  2.3993E-05
       1.8156E-05  2.5549E-05  3.1180E-05  3.8275E-05  3.6990E-05  4.0161E-05  3.9453E-05  3.3404E-05  3.5391E-05  2.3054E-05
       1.9912E-05  2.3454E-05  2.9409E-05  4.3297E-05  3.8235E-05  3.6668E-05  4.0612E-05  3.2685E-05  3.7483E-05  2.0813E-05
       1.8883E-05  2.5355E-05  2.6577E-05  3.4023E-05  3.3808E-05  3.4982E-05  3.2933E-05  3.3062E-05  2.5900E-05  1.4901E-05
       1.5083E-05  2.2360E-05  2.1043E-05  2.5212E-05  2.5729E-05  2.2008E-05  2.8609E-05  2.3606E-05  2.0411E-05  1.0561E-05

      Percentage errors follow in a matrix A(ix,iy,iz), format (1(5x,1p,10(1x,e11.4)))

       4.5918E+00  4.0700E+00  3.7328E+00  3.9641E+00  3.6686E+00  4.4507E+00  4.4367E+00  4.2054E+00  3.3364E+00  5.1482E+00
       4.8556E+00  4.1249E+00  4.2479E+00  4.6566E+00  3.5481E+00  3.7684E+00  3.5399E+00  4.3557E+00  3.5582E+00  4.3569E+00
       4.4889E+00  3.3856E+00  3.3321E+00  3.8428E+00  2.8896E+00  3.9968E+00  3.5291E+00  3.9139E+00  4.9001E+00  4.7487E+00
       5.6842E+00  3.5113E+00  3.6999E+00  3.5744E+00  3.5493E+00  3.9318E+00  3.7063E+00  3.8729E+00  3.9430E+00  4.3350E+00
       4.3415E+00  3.7722E+00  4.2425E+00  2.7907E+00  2.7384E+00  4.9672E+00  2.9011E+00  3.3648E+00  4.4483E+00  5.2473E+00
       4.5863E+00  3.9380E+00  4.4589E+00  3.8727E+00  3.7071E+00  3.6208E+00  3.1384E+00  3.6774E+00  3.7219E+00  4.9070E+00
       5.1722E+00  4.6863E+00  3.9370E+00  3.5026E+00  3.0228E+00  3.3927E+00  4.9624E+00  4.7488E+00  4.3710E+00  6.2495E+00
       3.3042E+00  4.4994E+00  4.6043E+00  4.3477E+00  2.7107E+00  4.6473E+00  4.1004E+00  4.2083E+00  4.6961E+00  5.1317E+00
       4.4725E+00  4.7642E+00  3.5468E+00  4.1739E+00  3.7614E+00  3.5771E+00  3.6612E+00  5.1828E+00  3.5402E+00  5.4676E+00
       5.5650E+00  4.4349E+00  4.5312E+00  4.0911E+00  4.7191E+00  3.2563E+00  5.0920E+00  4.8981E+00  4.6562E+00  5.6446E+00
       5.8254E+00  5.1382E+00  4.7407E+00  3.7598E+00  4.7479E+00  4.7308E+00  4.2812E+00  4.1566E+00  4.2101E+00  4.5105E+00
       4.1049E+00  5.0910E+00  3.8480E+00  4.9997E+00  2.9821E+00  4.5953E+00  4.4517E+00  5.2882E+00  4.0738E+00  4.0858E+00
       4.5567E+00  3.7941E+00  3.3456E+00  4.3658E+00  2.8121E+00  4.1702E+00  3.9179E+00  4.0495E+00  4.2134E+00  3.7244E+00
       5.2249E+00  4.3745E+00  3.8940E+00  4.0816E+00  2.9960E+00  3.5888E+00  3.3419E+00  3.8429E+00  3.8659E+00  4.3521E+00
       4.8435E+00  3.9750E+00  5.3983E+00  4.2916E+00  3.8197E+00  3.7238E+00  4.2635E+00  2.6319E+00  3.4635E+00  4.5064E+00
       5.3442E+00  4.2196E+00  4.4289E+00  4.0629E+00  4.2075E+00  3.6231E+00  3.3485E+00  4.1677E+00  5.3949E+00  5.7962E+00
       4.7003E+00  4.9662E+00  3.3421E+00  4.1757E+00  3.9253E+00  3.7360E+00  4.8146E+00  4.4521E+00  5.7378E+00  6.0253E+00
       5.8378E+00  3.5810E+00  5.5075E+00  5.1127E+00  3.6762E+00  4.8516E+00  3.7522E+00  4.5728E+00  4.5525E+00  4.9626E+00
       5.1952E+00  4.7548E+00  3.9060E+00  4.1719E+00  5.6195E+00  3.5786E+00  3.2241E+00  4.9546E+00  4.6245E+00  6.4862E+00
       5.5272E+00  5.2761E+00  4.6504E+00  5.4368E+00  4.4697E+00  3.7851E+00  5.2456E+00  4.7417E+00  4.9129E+00  5.8524E+00
       5.0430E+00  6.0909E+00  4.5279E+00  4.6028E+00  4.2438E+00  5.0600E+00  4.9021E+00  4.0433E+00  4.0963E+00  5.0351E+00
       5.0303E+00  4.9609E+00  5.1216E+00  4.9767E+00  3.9336E+00  3.9352E+00  3.0582E+00  3.9240E+00  3.9033E+00  6.6609E+00
       4.5834E+00  4.0760E+00  4.6699E+00  4.9571E+00  3.8749E+00  4.1520E+00  4.4741E+00  3.7687E+00  3.9433E+00  4.3838E+00
       5.8462E+00  4.0737E+00  5.3734E+00  5.1025E+00  4.4816E+00  4.2414E+00  3.2382E+00  4.3876E+00  3.5852E+00  5.4181E+00
       5.4158E+00  3.5787E+00  4.3188E+00  4.0276E+00  4.1395E+00  4.9412E+00  3.7690E+00  4.8053E+00  3.2815E+00  5.2167E+00
       3.7147E+00  5.1379E+00  4.2620E+00  3.8190E+00  3.6446E+00  5.2414E+00  3.1868E+00  3.1818E+00  4.2132E+00  5.3345E+00
       5.2793E+00  3.8552E+00  3.7708E+00  5.3808E+00  3.4064E+00  3.5535E+00  3.8894E+00  3.3547E+00  6.1948E+00  6.4795E+00
       6.2445E+00  5.2251E+00  4.4298E+00  4.1585E+00  2.8258E+00  3.2280E+00  5.1757E+00  5.0253E+00  4.8878E+00  6.8493E+00
       5.9531E+00  5.0287E+00  4.5804E+00  4.7853E+00  5.9611E+00  3.4091E+00  4.7457E+00  4.5613E+00  5.4200E+00  5.2703E+00
       7.2170E+00  3.4852E+00  5.7386E+00  4.8712E+00  4.7449E+00  4.1410E+00  4.7543E+00  6.2009E+00  4.6190E+00  5.8983E+00
       5.9285E+00  7.7574E+00  6.6392E+00  4.1484E+00  6.2286E+00  5.0982E+00  4.9266E+00  4.5944E+00  4.4630E+00  6.2117E+00
       6.2431E+00  6.2627E+00  4.4860E+00  4.0326E+00  4.9680E+00  5.7218E+00  2.9848E+00  5.5132E+00  7.2547E+00  8.3413E+00
       4.8983E+00  5.8597E+00  3.8868E+00  6.3288E+00  3.3812E+00  4.9477E+00  4.7022E+00  3.1588E+00  5.7554E+00  5.9522E+00
       5.5686E+00  5.0951E+00  4.4655E+00  4.3458E+00  4.1170E+00  4.6290E+00  3.8101E+00  4.4743E+00  4.3707E+00  6.5995E+00
       6.3834E+00  5.8352E+00  3.7789E+00  4.1872E+00  3.8362E+00  4.0800E+00  4.7228E+00  4.3523E+00  3.8584E+00  4.8704E+00
       3.0649E+00  4.2983E+00  5.1436E+00  5.1366E+00  2.1695E+00  4.3838E+00  3.1684E+00  4.1045E+00  4.1065E+00  5.2431E+00
       6.5595E+00  4.1454E+00  3.9632E+00  3.2293E+00  3.3014E+00  3.7335E+00  4.8472E+00  3.2952E+00  5.5444E+00  5.6865E+00
       6.7364E+00  5.4389E+00  4.8570E+00  4.6600E+00  5.1693E+00  4.9843E+00  5.4216E+00  3.5913E+00  4.6028E+00  6.2969E+00
       7.4283E+00  6.0307E+00  4.4219E+00  4.6360E+00  5.8000E+00  5.2689E+00  5.5192E+00  4.9549E+00  4.7830E+00  5.3915E+00
       7.3687E+00  4.9422E+00  5.3256E+00  4.5204E+00  5.3610E+00  5.3467E+00  4.9761E+00  4.9564E+00  4.5291E+00  6.0011E+00
       7.1118E+00  6.3860E+00  6.4757E+00  7.1427E+00  5.9662E+00  6.3662E+00  5.7153E+00  5.5624E+00  7.1025E+00  7.8592E+00
       8.6003E+00  7.2203E+00  5.3586E+00  5.1023E+00  4.8072E+00  5.4728E+00  5.1860E+00  6.6920E+00  4.2609E+00  5.1123E+00
       6.9881E+00  7.3371E+00  3.9836E+00  5.3284E+00  4.7084E+00  4.2829E+00  5.4176E+00  3.4216E+00  5.2212E+00  7.5095E+00
       6.7852E+00  7.3411E+00  4.7022E+00  5.1333E+00  4.6403E+00  5.0636E+00  4.6976E+00  4.4369E+00  6.0214E+00  6.3467E+00
       7.4671E+00  6.6218E+00  3.7904E+00  5.2589E+00  3.4018E+00  3.9442E+00  4.7652E+00  4.4876E+00  5.3000E+00  5.2132E+00
       5.5025E+00  4.9537E+00  5.8919E+00  4.9758E+00  3.9376E+00  5.2922E+00  5.3165E+00  3.6282E+00  4.4901E+00  5.8838E+00
       6.4857E+00  6.5806E+00  4.1980E+00  4.2382E+00  3.5327E+00  5.3317E+00  5.3175E+00  4.6846E+00  5.3569E+00  6.4947E+00
       7.0499E+00  6.8047E+00  6.3440E+00  4.7335E+00  4.6212E+00  4.0854E+00  4.3131E+00  5.5332E+00  5.9825E+00  6.9490E+00
       8.4889E+00  7.4758E+00  6.9242E+00  5.5297E+00  6.5225E+00  5.9913E+00  6.4134E+00  4.4354E+00  6.7749E+00  6.2005E+00
       8.5682E+00  6.5458E+00  5.1114E+00  6.5684E+00  5.9501E+00  5.1010E+00  5.3981E+00  7.0599E+00  5.4050E+00  7.4167E+00
       1.0148E+01  1.0341E+01  8.3647E+00  7.4669E+00  5.5153E+00  6.4978E+00  6.4162E+00  6.8592E+00  7.7790E+00  9.8480E+00
       8.2804E+00  6.5798E+00  8.6293E+00  4.9396E+00  4.9488E+00  6.3072E+00  6.7536E+00  7.4978E+00  7.0477E+00  7.1964E+00
       6.9724E+00  6.6531E+00  4.8817E+00  7.1498E+00  6.7463E+00  4.6806E+00  4.8445E+00  5.7778E+00  6.1750E+00  7.5461E+00
       5.7235E+00  6.4833E+00  6.1371E+00  6.9684E+00  5.4827E+00  6.0645E+00  4.2223E+00  4.8065E+00  4.8393E+00  7.1108E+00
       6.2100E+00  6.5005E+00  6.4095E+00  5.3343E+00  5.4691E+00  4.6293E+00  5.7921E+00  5.3051E+00  6.4719E+00  5.6272E+00
       7.1834E+00  4.8553E+00  7.5726E+00  3.9726E+00  5.2875E+00  4.9293E+00  5.3876E+00  4.7100E+00  4.1553E+00  5.5902E+00
       7.3463E+00  6.9133E+00  6.9750E+00  4.2335E+00  5.2860E+00  6.1307E+00  8.2796E+00  6.0442E+00  5.4943E+00  8.1034E+00
       7.1804E+00  6.5449E+00  7.6981E+00  4.7694E+00  5.3902E+00  5.6487E+00  3.9713E+00  5.4036E+00  5.3314E+00  6.7531E+00
       8.0340E+00  6.0918E+00  8.2198E+00  5.3476E+00  7.0024E+00  5.5037E+00  7.3405E+00  4.9465E+00  7.7396E+00  9.0645E+00
       5.4608E+00  7.9325E+00  7.4979E+00  5.9768E+00  5.5048E+00  5.0364E+00  5.7626E+00  6.2179E+00  7.7282E+00  9.9538E+00
       9.6924E+00  8.9455E+00  6.8857E+00  6.3106E+00  8.5937E+00  7.4901E+00  7.5170E+00  7.9168E+00  8.1697E+00  1.0339E+01
       1.0282E+01  9.4505E+00  7.8022E+00  5.7120E+00  5.5491E+00  9.3665E+00  5.5258E+00  8.1818E+00  7.8884E+00  8.1598E+00
       9.3572E+00  6.8963E+00  7.4162E+00  9.3922E+00  6.4724E+00  4.2607E+00  5.8253E+00  7.3477E+00  5.9537E+00  1.0720E+01
       9.6827E+00  7.0388E+00  6.3310E+00  7.8444E+00  5.7332E+00  7.5381E+00  4.8345E+00  5.3091E+00  9.5444E+00  8.0572E+00
       7.6810E+00  7.9439E+00  6.4736E+00  7.2742E+00  5.8053E+00  6.8927E+00  5.5231E+00  5.7470E+00  4.7234E+00  8.1763E+00
       6.6720E+00  9.2390E+00  6.8234E+00  5.2886E+00  5.8350E+00  5.2440E+00  4.9152E+00  5.8795E+00  6.1064E+00  6.4382E+00
       9.8822E+00  6.2944E+00  8.2200E+00  5.3048E+00  5.2251E+00  4.5702E+00  5.7800E+00  6.7397E+00  5.9653E+00  5.8746E+00
       9.4957E+00  8.2303E+00  6.4716E+00  6.4530E+00  5.2231E+00  7.0702E+00  5.4644E+00  6.5372E+00  9.5547E+00  7.8129E+00
       1.1309E+01  9.2175E+00  9.5525E+00  7.9148E+00  5.7000E+00  6.1455E+00  6.9975E+00  7.6644E+00  7.8178E+00  1.1561E+01
       1.1993E+01  8.5699E+00  1.0067E+01  3.9388E+00  4.9745E+00  6.3654E+00  8.3889E+00  8.6106E+00  1.2265E+01  7.1892E+00
       1.4039E+01  1.1262E+01  9.5599E+00  6.7247E+00  8.5155E+00  6.6975E+00  8.7980E+00  1.0911E+01  1.0678E+01  9.2688E+00
       1.3166E+01  1.1945E+01  8.7086E+00  7.2088E+00  7.0688E+00  7.7697E+00  9.0051E+00  9.0845E+00  7.5566E+00  8.2078E+00
       9.5510E+00  8.3018E+00  1.0752E+01  8.1281E+00  6.6248E+00  5.2273E+00  7.1878E+00  7.0155E+00  9.0829E+00  1.2434E+01
       9.1596E+00  8.0476E+00  6.7490E+00  8.3683E+00  5.7235E+00  6.6427E+00  7.1241E+00  7.3325E+00  7.9571E+00  9.1777E+00
       8.4328E+00  7.1463E+00  7.4403E+00  6.6613E+00  6.1251E+00  8.4228E+00  6.9243E+00  5.9229E+00  6.1329E+00  9.3832E+00
       7.4885E+00  9.3042E+00  6.5231E+00  5.9756E+00  8.4287E+00  8.6167E+00  5.2918E+00  7.8366E+00  7.7398E+00  9.5154E+00
       9.6152E+00  6.1906E+00  7.0952E+00  8.0875E+00  7.8637E+00  4.3871E+00  8.2676E+00  5.7898E+00  7.7171E+00  8.2265E+00
       1.2081E+01  7.8157E+00  6.3799E+00  6.6232E+00  7.2553E+00  6.4474E+00  7.0598E+00  8.9422E+00  8.9100E+00  8.4178E+00
       8.4577E+00  1.0241E+01  6.9832E+00  7.8708E+00  8.6841E+00  6.8820E+00  6.7643E+00  8.9362E+00  9.4438E+00  8.5783E+00
       1.2119E+01  1.2313E+01  9.6168E+00  6.9789E+00  7.5007E+00  8.2046E+00  8.9324E+00  7.4434E+00  1.4106E+01  9.8032E+00
       1.2345E+01  1.1233E+01  7.5580E+00  7.5744E+00  1.0334E+01  9.0263E+00  7.3364E+00  1.1255E+01  1.1044E+01  1.2891E+01
       9.3398E+00  1.0511E+01  9.4504E+00  1.0385E+01  7.9528E+00  8.4057E+00  1.1199E+01  1.2291E+01  1.0435E+01  1.0024E+01
       8.3814E+00  1.4398E+01  1.2449E+01  8.6157E+00  6.5091E+00  8.2805E+00  8.1920E+00  9.4096E+00  8.2379E+00  6.5979E+00
       1.1296E+01  1.0522E+01  8.8627E+00  9.4990E+00  6.2301E+00  8.2640E+00  7.1902E+00  8.7845E+00  9.4474E+00  9.0329E+00
       9.0447E+00  7.3142E+00  8.1656E+00  7.1951E+00  4.8188E+00  6.1507E+00  9.3996E+00  6.6395E+00  8.2613E+00  9.1837E+00
       7.9272E+00  8.3133E+00  8.2124E+00  7.9569E+00  9.2078E+00  8.0417E+00  9.3292E+00  1.0883E+01  8.3160E+00  8.7552E+00
       1.1831E+01  7.6131E+00  1.0231E+01  7.3158E+00  7.1294E+00  6.8248E+00  8.5007E+00  1.0639E+01  5.7795E+00  1.0455E+01
       1.5649E+01  1.0641E+01  7.6119E+00  7.3405E+00  6.9633E+00  6.8891E+00  8.3087E+00  8.5003E+00  9.6313E+00  1.2258E+01
       1.3631E+01  9.5224E+00  1.1458E+01  1.2168E+01  9.7199E+00  6.2571E+00  9.8818E+00  1.1474E+01  8.6252E+00  1.2454E+01
       1.0743E+01  1.3579E+01  1.3363E+01  7.9398E+00  9.0093E+00  1.0385E+01  1.0592E+01  8.1179E+00  1.1616E+01  1.3177E+01
       1.4620E+01  1.1258E+01  1.0038E+01  1.0413E+01  1.0237E+01  9.9840E+00  1.1053E+01  1.1699E+01  1.5686E+01  1.2712E+01
       1.5326E+01  1.1398E+01  1.1961E+01  9.5458E+00  7.3027E+00  1.1411E+01  7.0088E+00  1.0312E+01  1.0163E+01  1.1573E+01
       1.2061E+01  1.1634E+01  1.0020E+01  9.2389E+00  7.9110E+00  7.4721E+00  1.0655E+01  1.0661E+01  8.1483E+00  1.0359E+01
       1.2044E+01  1.1257E+01  8.9622E+00  8.5196E+00  7.9792E+00  7.8225E+00  9.0754E+00  7.6113E+00  6.0280E+00  9.0376E+00
       1.6890E+01  1.1779E+01  1.0355E+01  6.7460E+00  1.1211E+01  1.1395E+01  9.6631E+00  1.0945E+01  8.1916E+00  1.0111E+01
       1.1712E+01  1.0928E+01  1.0521E+01  9.0519E+00  6.7302E+00  8.5283E+00  1.0964E+01  9.6754E+00  7.4395E+00  8.0739E+00
       1.5235E+01  1.5251E+01  9.7583E+00  9.9937E+00  1.0105E+01  8.2513E+00  8.3787E+00  1.0687E+01  5.0786E+00  9.6151E+00
       1.4550E+01  1.0358E+01  7.9905E+00  7.8601E+00  7.3149E+00  8.3402E+00  7.0399E+00  1.0181E+01  1.1206E+01  1.0856E+01
       1.7084E+01  6.8505E+00  9.4770E+00  1.2084E+01  1.0497E+01  7.6400E+00  1.1014E+01  9.5390E+00  1.3396E+01  1.3786E+01
       1.5846E+01  1.5051E+01  1.4888E+01  9.9942E+00  1.2361E+01  9.8289E+00  1.0424E+01  7.5974E+00  1.0484E+01  1.1123E+01
