1
   Cartesian binning n.   1  "DoseEq    " , generalized particle n.  240
      X coordinate: from -8.5000E+01 to  8.5000E+01 cm,    10 bins ( 1.7000E+01 cm wide)
      Y coordinate: from -2.5000E+01 to  2.5000E+01 cm,    10 bins ( 5.0000E+00 cm wide)
      Z coordinate: from  2.2500E+02 to  2.7500E+02 cm,    10 bins ( 5.0000E+00 cm wide)
      Data follow in a matrix A(ix,iy,iz), format (1(5x,1p,10(1x,e11.4)))

      accurate deposition along the tracks requested
      this is a track-length binning
       2.6474E-04  3.2422E-04  3.8173E-04  3.9372E-04  4.1510E-04  4.1861E-04  4.3304E-04  3.6731E-04  3.2410E-04  2.9342E-04
       2.8459E-04  3.8473E-04  4.3290E-04  4.4622E-04  5.1411E-04  4.8106E-04  4.8339E-04  4.2816E-04  3.7751E-04  3.2044E-04
       2.9901E-04  4.1389E-04  4.5445E-04  4.8156E-04  5.2912E-04  5.0823E-04  5.0949E-04  4.5247E-04  3.8895E-04  3.1287E-04
       3.1981E-04  4.1742E-04  4.4188E-04  5.0056E-04  5.0458E-04  5.1665E-04  5.1067E-04  4.6664E-04  4.0804E-04  3.0975E-04
       3.3517E-04  4.1667E-04  4.7198E-04  5.0996E-04  5.4966E-04  5.1164E-04  5.3128E-04  4.6576E-04  4.0477E-04  3.3329E-04
       3.3103E-04  4.1736E-04  4.8321E-04  4.8984E-04  5.3714E-04  5.2352E-04  5.0864E-04  4.8877E-04  4.1340E-04  3.4570E-04
       3.2518E-04  4.0021E-04  4.8813E-04  5.0866E-04  5.2707E-04  5.3583E-04  5.2894E-04  4.5887E-04  4.2649E-04  3.2286E-04
       3.0880E-04  4.0630E-04  4.6042E-04  4.9952E-04  5.0520E-04  4.9955E-04  5.0818E-04  4.4035E-04  4.2207E-04  3.2852E-04
       3.0542E-04  3.8048E-04  4.4992E-04  4.7111E-04  4.8721E-04  4.8620E-04  4.5159E-04  4.3087E-04  3.9648E-04  3.2482E-04
       2.7965E-04  3.2221E-04  3.7193E-04  4.0662E-04  4.0743E-04  4.1775E-04  4.0170E-04  3.8895E-04  3.4706E-04  2.7002E-04
       2.0187E-04  2.6118E-04  3.0722E-04  3.2281E-04  3.5385E-04  3.4450E-04  3.3929E-04  3.0126E-04  2.6442E-04  2.1981E-04
       2.2824E-04  3.3466E-04  3.8664E-04  4.1093E-04  4.5749E-04  4.2184E-04  4.0848E-04  3.7396E-04  3.1867E-04  2.6058E-04
       2.6125E-04  3.6146E-04  4.1564E-04  4.4681E-04  4.7877E-04  4.5090E-04  4.6424E-04  4.1129E-04  3.5243E-04  2.7056E-04
       2.8473E-04  3.7127E-04  4.2874E-04  4.7615E-04  4.8122E-04  4.7249E-04  4.9384E-04  4.3405E-04  3.4316E-04  2.8260E-04
       2.8118E-04  3.9134E-04  4.3862E-04  4.7897E-04  5.0597E-04  4.7211E-04  4.8191E-04  4.3424E-04  3.6850E-04  2.7996E-04
       2.6616E-04  3.8107E-04  4.3290E-04  4.5233E-04  4.9898E-04  4.8585E-04  4.6987E-04  4.4249E-04  3.7768E-04  2.9281E-04
       2.7397E-04  3.7325E-04  4.5409E-04  4.8178E-04  5.1114E-04  5.0176E-04  4.9691E-04  4.3997E-04  3.5260E-04  2.6877E-04
       2.7469E-04  3.6908E-04  4.3634E-04  4.5440E-04  4.8613E-04  4.7992E-04  4.6705E-04  3.9184E-04  3.6794E-04  2.7259E-04
       2.5650E-04  3.3817E-04  3.7590E-04  4.3585E-04  4.2860E-04  4.2042E-04  4.0192E-04  3.6071E-04  3.4551E-04  2.6250E-04
       2.0799E-04  2.6751E-04  3.0418E-04  3.6098E-04  3.3233E-04  3.5124E-04  3.1495E-04  3.0222E-04  2.7176E-04  2.1809E-04
       1.4954E-04  2.0160E-04  2.2909E-04  2.7076E-04  2.7936E-04  2.8199E-04  2.5069E-04  2.2746E-04  1.8789E-04  1.7032E-04
       1.8460E-04  2.6732E-04  3.1708E-04  3.3481E-04  3.7334E-04  3.4881E-04  3.3673E-04  2.9117E-04  2.5946E-04  2.2004E-04
       1.9648E-04  2.9921E-04  3.6895E-04  3.6913E-04  3.9486E-04  3.7145E-04  3.7325E-04  3.3124E-04  2.9429E-04  2.1939E-04
       2.2364E-04  3.0698E-04  3.7539E-04  4.1300E-04  4.0734E-04  4.0827E-04  4.0803E-04  3.5313E-04  2.9847E-04  2.2546E-04
       2.3272E-04  3.1124E-04  3.6586E-04  4.1511E-04  4.2552E-04  4.2225E-04  4.0247E-04  3.5490E-04  3.0471E-04  2.3569E-04
       2.2525E-04  3.1595E-04  3.6660E-04  3.8867E-04  4.1664E-04  4.2083E-04  3.9632E-04  3.6847E-04  3.1945E-04  2.4175E-04
       2.2503E-04  2.9458E-04  3.5846E-04  4.0243E-04  4.2008E-04  4.1302E-04  3.9957E-04  3.6403E-04  2.9681E-04  2.2441E-04
       2.1825E-04  2.9544E-04  3.5882E-04  3.6578E-04  3.9701E-04  3.9862E-04  3.7921E-04  3.3973E-04  3.1375E-04  2.2567E-04
       1.9165E-04  2.6292E-04  3.1014E-04  3.4918E-04  3.4713E-04  3.6763E-04  3.4097E-04  2.8629E-04  2.8574E-04  2.0314E-04
       1.5380E-04  1.9630E-04  2.4389E-04  2.7409E-04  2.6461E-04  2.7892E-04  2.4590E-04  2.3771E-04  2.2463E-04  1.6323E-04
       1.1029E-04  1.6069E-04  1.7732E-04  2.1431E-04  1.9600E-04  2.1104E-04  1.9927E-04  1.7627E-04  1.3887E-04  1.2106E-04
       1.4116E-04  2.1197E-04  2.5002E-04  2.6204E-04  2.8898E-04  2.8904E-04  2.8181E-04  2.3102E-04  1.9885E-04  1.5168E-04
       1.5899E-04  2.4122E-04  2.9819E-04  3.0010E-04  3.2188E-04  3.0020E-04  3.0983E-04  2.6994E-04  2.4184E-04  1.6063E-04
       1.7019E-04  2.4727E-04  2.9207E-04  3.2461E-04  3.3089E-04  3.2225E-04  3.3529E-04  2.8602E-04  2.4567E-04  1.7576E-04
       1.8524E-04  2.4588E-04  3.0287E-04  3.3065E-04  3.4198E-04  3.3969E-04  3.4196E-04  2.9020E-04  2.4583E-04  1.7499E-04
       1.8743E-04  2.6877E-04  2.8938E-04  3.2129E-04  3.4691E-04  3.4803E-04  3.3528E-04  3.0080E-04  2.5640E-04  1.8061E-04
       1.6683E-04  2.2565E-04  2.8746E-04  3.3851E-04  3.3612E-04  3.3961E-04  3.2446E-04  2.9039E-04  2.4485E-04  1.7232E-04
       1.6695E-04  2.3292E-04  2.9038E-04  3.2800E-04  3.2329E-04  3.2463E-04  3.0944E-04  2.6439E-04  2.3582E-04  1.7777E-04
       1.5372E-04  2.1447E-04  2.4370E-04  2.8747E-04  2.9027E-04  2.9201E-04  2.5943E-04  2.3161E-04  2.1838E-04  1.5200E-04
       1.0602E-04  1.6728E-04  1.8951E-04  2.1632E-04  2.1031E-04  2.1989E-04  1.8752E-04  1.8702E-04  1.6663E-04  1.1869E-04
       8.5736E-05  1.1791E-04  1.5076E-04  1.4893E-04  1.5018E-04  1.6973E-04  1.5607E-04  1.3563E-04  1.1263E-04  9.0560E-05
       1.0964E-04  1.6508E-04  1.9923E-04  2.2632E-04  2.1840E-04  2.2693E-04  2.1767E-04  1.7571E-04  1.6082E-04  1.0787E-04
       1.2775E-04  1.8319E-04  2.1719E-04  2.4259E-04  2.4904E-04  2.2794E-04  2.4380E-04  2.1024E-04  1.9331E-04  1.2429E-04
       1.3002E-04  1.9569E-04  2.3007E-04  2.5080E-04  2.6516E-04  2.7740E-04  2.6413E-04  2.1478E-04  2.0260E-04  1.3776E-04
       1.4950E-04  2.1309E-04  2.5034E-04  2.7448E-04  2.8393E-04  2.8230E-04  2.8699E-04  2.3524E-04  1.9337E-04  1.4081E-04
       1.3790E-04  2.0747E-04  2.4364E-04  2.6241E-04  2.7881E-04  2.8693E-04  2.7792E-04  2.3415E-04  1.8869E-04  1.3174E-04
       1.3343E-04  1.8505E-04  2.3040E-04  2.6472E-04  2.7228E-04  2.7746E-04  2.5456E-04  2.3081E-04  1.9505E-04  1.2840E-04
       1.3561E-04  1.8979E-04  2.1216E-04  2.4771E-04  2.5310E-04  2.5604E-04  2.4219E-04  2.1892E-04  1.8009E-04  1.3550E-04
       1.1145E-04  1.5748E-04  1.9704E-04  2.1583E-04  2.2365E-04  2.3006E-04  2.0478E-04  1.8249E-04  1.6882E-04  1.1779E-04
       8.4474E-05  1.2207E-04  1.4945E-04  1.5514E-04  1.6287E-04  1.6784E-04  1.5057E-04  1.3253E-04  1.2621E-04  8.8952E-05
       6.7021E-05  9.6066E-05  1.1474E-04  1.1586E-04  1.1411E-04  1.4097E-04  1.2406E-04  1.0142E-04  8.3843E-05  6.2772E-05
       8.0068E-05  1.3170E-04  1.5015E-04  1.7770E-04  1.6571E-04  1.8648E-04  1.6339E-04  1.4413E-04  1.2637E-04  7.9938E-05
       9.5789E-05  1.3207E-04  1.7114E-04  1.9451E-04  1.9258E-04  1.9693E-04  1.8804E-04  1.7729E-04  1.5180E-04  9.1633E-05
       1.0978E-04  1.5292E-04  1.9113E-04  2.1314E-04  2.0825E-04  2.1710E-04  1.9537E-04  1.7510E-04  1.5876E-04  1.0215E-04
       1.1625E-04  1.5612E-04  1.9250E-04  2.2087E-04  2.2691E-04  2.2951E-04  2.2517E-04  1.8265E-04  1.5684E-04  1.0860E-04
       1.0622E-04  1.7293E-04  1.9983E-04  1.9851E-04  2.1561E-04  2.2948E-04  2.0483E-04  1.8085E-04  1.5508E-04  1.0709E-04
       9.4202E-05  1.4671E-04  2.0211E-04  2.1396E-04  2.0566E-04  2.2391E-04  1.9581E-04  1.8504E-04  1.5255E-04  1.0412E-04
       9.4174E-05  1.4067E-04  1.7502E-04  2.0424E-04  1.8426E-04  2.0363E-04  1.8376E-04  1.6087E-04  1.5245E-04  9.6888E-05
       7.8772E-05  1.1997E-04  1.5255E-04  1.6943E-04  1.8287E-04  1.8577E-04  1.6945E-04  1.4025E-04  1.3265E-04  8.8857E-05
       6.9406E-05  1.0139E-04  1.0768E-04  1.2421E-04  1.2285E-04  1.2938E-04  1.2659E-04  1.0314E-04  9.7401E-05  6.1977E-05
       5.7777E-05  6.7885E-05  9.2014E-05  8.7879E-05  9.5380E-05  1.1232E-04  9.4805E-05  7.9847E-05  7.1078E-05  4.5380E-05
       6.5702E-05  1.0180E-04  1.2014E-04  1.2772E-04  1.3199E-04  1.4632E-04  1.2614E-04  1.1771E-04  9.4545E-05  6.5213E-05
       7.7945E-05  1.0912E-04  1.3270E-04  1.4179E-04  1.5513E-04  1.6168E-04  1.4370E-04  1.3584E-04  1.1728E-04  6.9378E-05
       8.4178E-05  1.1383E-04  1.5077E-04  1.7152E-04  1.6844E-04  1.6314E-04  1.5276E-04  1.3819E-04  1.1200E-04  8.5762E-05
       8.7009E-05  1.2676E-04  1.5828E-04  1.7517E-04  1.7406E-04  1.7065E-04  1.6574E-04  1.3428E-04  1.1743E-04  8.1964E-05
       8.4661E-05  1.3188E-04  1.5388E-04  1.6107E-04  1.7517E-04  1.6203E-04  1.6377E-04  1.3938E-04  1.2648E-04  7.8810E-05
       7.4995E-05  1.2639E-04  1.6169E-04  1.6815E-04  1.6098E-04  1.6602E-04  1.5426E-04  1.4351E-04  1.2281E-04  8.1643E-05
       7.1869E-05  1.0780E-04  1.4163E-04  1.4014E-04  1.6038E-04  1.6945E-04  1.4092E-04  1.2935E-04  1.2433E-04  7.8638E-05
       7.3094E-05  9.1197E-05  1.0962E-04  1.2383E-04  1.3550E-04  1.3905E-04  1.3396E-04  1.1052E-04  9.9480E-05  7.0492E-05
       5.5936E-05  7.9170E-05  8.7411E-05  9.5233E-05  9.5887E-05  9.4304E-05  9.3218E-05  7.9612E-05  8.0049E-05  5.2494E-05
       4.2169E-05  5.0135E-05  6.5826E-05  6.5732E-05  8.0483E-05  8.4103E-05  7.6536E-05  6.7071E-05  5.9594E-05  3.7358E-05
       4.9306E-05  6.8625E-05  9.6366E-05  1.0249E-04  1.0570E-04  1.1389E-04  1.0394E-04  9.2964E-05  6.5763E-05  5.1813E-05
       5.5144E-05  8.8187E-05  9.7858E-05  1.0849E-04  1.2756E-04  1.2603E-04  1.0790E-04  1.0166E-04  8.5146E-05  5.5720E-05
       5.9158E-05  9.5356E-05  1.1303E-04  1.3295E-04  1.2962E-04  1.3459E-04  1.2821E-04  1.0575E-04  8.7755E-05  5.6911E-05
       6.7035E-05  9.7510E-05  1.1322E-04  1.3709E-04  1.4122E-04  1.3543E-04  1.2897E-04  1.1549E-04  9.2126E-05  5.9289E-05
       6.7870E-05  9.5175E-05  1.1793E-04  1.3805E-04  1.4060E-04  1.1790E-04  1.3359E-04  1.2420E-04  1.0123E-04  5.8891E-05
       5.3265E-05  9.9539E-05  1.2606E-04  1.3219E-04  1.3430E-04  1.3253E-04  1.2999E-04  1.0820E-04  9.8931E-05  7.0495E-05
       6.0440E-05  8.2983E-05  1.0290E-04  1.1533E-04  1.2172E-04  1.3243E-04  1.0678E-04  1.1427E-04  8.8495E-05  6.4132E-05
       5.3696E-05  6.7808E-05  8.5110E-05  9.7230E-05  1.1308E-04  1.0831E-04  1.0235E-04  8.8122E-05  7.0471E-05  5.5627E-05
       4.2640E-05  5.8655E-05  6.6595E-05  7.1732E-05  7.7688E-05  6.4664E-05  6.6858E-05  6.6262E-05  6.2072E-05  4.3810E-05
       3.2339E-05  4.5314E-05  5.2488E-05  6.1149E-05  6.1701E-05  6.5551E-05  6.2937E-05  4.8629E-05  4.0052E-05  3.3022E-05
       3.2485E-05  5.5484E-05  7.4075E-05  7.5186E-05  8.2623E-05  8.5889E-05  7.8558E-05  7.3351E-05  4.9172E-05  4.3076E-05
       3.8344E-05  5.8425E-05  7.6887E-05  8.4868E-05  9.3950E-05  9.2061E-05  8.2128E-05  7.4849E-05  6.4926E-05  4.5585E-05
       4.8522E-05  6.5768E-05  7.7316E-05  9.7205E-05  1.0195E-04  9.8539E-05  8.8323E-05  8.6125E-05  6.1828E-05  4.9149E-05
       4.9644E-05  7.0353E-05  8.7045E-05  9.4979E-05  1.0017E-04  9.5267E-05  9.4225E-05  9.5631E-05  7.3455E-05  4.7640E-05
       4.8381E-05  7.0536E-05  8.9741E-05  9.6025E-05  9.7139E-05  9.8185E-05  9.9632E-05  1.0165E-04  8.2924E-05  5.3275E-05
       3.8749E-05  7.1299E-05  8.8563E-05  9.1804E-05  9.3578E-05  1.0142E-04  9.6655E-05  7.9717E-05  8.3036E-05  4.9933E-05
       4.8880E-05  5.5725E-05  7.3176E-05  9.0026E-05  9.4738E-05  9.5111E-05  8.3861E-05  8.0493E-05  7.4405E-05  4.4987E-05
       4.0727E-05  4.7493E-05  5.9624E-05  8.1000E-05  8.4241E-05  8.4931E-05  7.6231E-05  6.6937E-05  6.3104E-05  3.7698E-05
       3.3271E-05  4.3623E-05  5.1061E-05  5.5616E-05  5.6639E-05  5.4829E-05  5.0425E-05  5.4833E-05  5.1389E-05  3.0067E-05
       2.6433E-05  3.1796E-05  3.9248E-05  3.8963E-05  4.0380E-05  4.7165E-05  4.3527E-05  3.5093E-05  2.9320E-05  2.3126E-05
       2.5771E-05  4.0305E-05  4.2708E-05  5.3314E-05  5.8873E-05  6.9216E-05  5.1449E-05  5.1854E-05  3.8967E-05  3.1062E-05
       3.5659E-05  4.2381E-05  5.1112E-05  5.7805E-05  6.3784E-05  5.9864E-05  6.6282E-05  5.0720E-05  4.4588E-05  3.1695E-05
       3.4279E-05  4.5779E-05  5.7833E-05  6.2902E-05  6.9242E-05  6.4054E-05  6.2676E-05  5.6212E-05  4.8143E-05  3.3953E-05
       3.5653E-05  4.8285E-05  6.0449E-05  5.9240E-05  6.6772E-05  6.5088E-05  5.9970E-05  6.2563E-05  5.4094E-05  3.2933E-05
       3.7486E-05  5.1094E-05  6.0728E-05  6.2073E-05  6.7553E-05  7.0270E-05  6.2409E-05  6.8084E-05  5.3285E-05  3.5996E-05
       3.0788E-05  4.7345E-05  5.3550E-05  6.4000E-05  6.5517E-05  6.1682E-05  6.6270E-05  6.2825E-05  4.8683E-05  3.7267E-05
       2.9300E-05  4.1640E-05  5.7594E-05  6.3173E-05  7.1377E-05  6.8733E-05  6.0456E-05  5.8453E-05  5.0249E-05  3.4989E-05
       2.8863E-05  3.5618E-05  4.2550E-05  5.7052E-05  5.8452E-05  6.0317E-05  5.1600E-05  5.3158E-05  4.3654E-05  3.0169E-05
       2.4975E-05  3.2321E-05  3.9240E-05  4.3167E-05  4.3187E-05  4.1218E-05  3.5904E-05  3.6972E-05  3.7371E-05  2.1386E-05

      Percentage errors follow in a matrix A(ix,iy,iz), format (1(5x,1p,10(1x,e11.4)))

       2.8692E+00  2.7981E+00  2.9647E+00  3.1059E+00  3.1942E+00  1.7599E+00  2.3449E+00  3.3826E+00  3.9183E+00  2.6177E+00
       3.6170E+00  4.2863E+00  2.3406E+00  2.7154E+00  2.1068E+00  3.2076E+00  3.1102E+00  2.8774E+00  3.0942E+00  2.4505E+00
       2.7231E+00  3.5319E+00  3.0837E+00  2.9934E+00  2.5148E+00  2.1725E+00  1.9421E+00  3.3911E+00  3.2722E+00  3.5973E+00
       3.1599E+00  2.3165E+00  2.5510E+00  2.5598E+00  2.3148E+00  2.6374E+00  2.7935E+00  2.9718E+00  2.7918E+00  3.4344E+00
       3.0863E+00  3.0988E+00  2.7950E+00  2.4857E+00  3.1063E+00  2.5803E+00  3.2575E+00  2.4117E+00  2.9317E+00  3.1552E+00
       3.1400E+00  2.2611E+00  2.6307E+00  3.0595E+00  2.2702E+00  2.0066E+00  2.6036E+00  2.1945E+00  2.2187E+00  3.5534E+00
       4.0178E+00  2.2402E+00  2.6987E+00  2.3794E+00  1.9035E+00  3.7580E+00  2.2717E+00  2.4716E+00  2.7498E+00  3.2415E+00
       2.7439E+00  2.0446E+00  1.7972E+00  2.6350E+00  2.2864E+00  2.1751E+00  2.5520E+00  3.2800E+00  2.6390E+00  3.0893E+00
       2.7263E+00  2.8085E+00  3.3571E+00  2.3903E+00  2.6132E+00  2.4307E+00  3.0976E+00  3.1019E+00  3.1381E+00  2.4963E+00
       3.5831E+00  2.5949E+00  2.9237E+00  2.3579E+00  2.8429E+00  2.6912E+00  2.8357E+00  2.6781E+00  3.9685E+00  2.6026E+00
       3.1546E+00  3.7353E+00  2.4267E+00  3.4198E+00  3.9181E+00  2.0888E+00  2.9296E+00  3.4668E+00  4.7484E+00  3.7795E+00
       4.4572E+00  3.3598E+00  3.2043E+00  2.6376E+00  3.0314E+00  2.6899E+00  3.3291E+00  3.9064E+00  3.1298E+00  2.5743E+00
       4.4282E+00  2.5925E+00  3.3948E+00  2.2756E+00  3.3168E+00  3.6519E+00  2.9391E+00  3.1528E+00  2.9016E+00  3.9091E+00
       3.2046E+00  2.8877E+00  3.1673E+00  2.9405E+00  3.1819E+00  3.3744E+00  2.6828E+00  3.5460E+00  2.6783E+00  3.1254E+00
       3.0818E+00  3.0519E+00  3.3930E+00  3.1933E+00  2.9350E+00  2.7909E+00  2.6418E+00  2.7279E+00  3.4341E+00  3.3267E+00
       4.1315E+00  2.5987E+00  3.4991E+00  3.2786E+00  2.5059E+00  2.8134E+00  2.8436E+00  2.2749E+00  3.4682E+00  3.5623E+00
       3.8960E+00  2.7808E+00  3.8523E+00  2.6750E+00  2.7964E+00  2.8531E+00  3.0620E+00  2.8734E+00  2.6387E+00  4.2453E+00
       3.5627E+00  2.6304E+00  2.7573E+00  3.2450E+00  3.8181E+00  2.5306E+00  1.9616E+00  2.7891E+00  2.1123E+00  4.0824E+00
       3.4592E+00  3.7611E+00  2.9928E+00  2.5268E+00  3.6259E+00  3.1104E+00  2.9087E+00  2.9776E+00  3.1182E+00  4.0156E+00
       3.7993E+00  2.1874E+00  2.2247E+00  2.3917E+00  4.0532E+00  3.2015E+00  2.5933E+00  3.8073E+00  4.6340E+00  4.2268E+00
       4.7830E+00  4.0114E+00  3.6582E+00  3.7370E+00  3.6037E+00  3.8178E+00  3.2697E+00  4.6300E+00  5.7530E+00  4.6117E+00
       3.1867E+00  2.7389E+00  3.6658E+00  2.9368E+00  2.5595E+00  2.0000E+00  3.6553E+00  2.0940E+00  3.0879E+00  3.3208E+00
       5.2522E+00  4.5588E+00  3.1466E+00  2.8399E+00  3.3094E+00  3.6486E+00  3.8075E+00  3.2174E+00  3.5599E+00  2.6447E+00
       4.5847E+00  3.8218E+00  3.6302E+00  2.3826E+00  2.7303E+00  3.1313E+00  2.8893E+00  3.0701E+00  3.2508E+00  4.1747E+00
       3.9467E+00  4.1733E+00  4.2392E+00  2.4158E+00  2.8749E+00  3.3329E+00  2.8371E+00  3.7673E+00  3.0887E+00  4.3165E+00
       3.6120E+00  3.0251E+00  4.2147E+00  2.9778E+00  3.4147E+00  2.7131E+00  3.5353E+00  2.2947E+00  3.0726E+00  4.2205E+00
       4.1742E+00  3.6589E+00  4.6288E+00  3.4642E+00  2.5398E+00  4.2951E+00  2.4497E+00  3.1935E+00  2.6749E+00  4.5961E+00
       3.5482E+00  2.8714E+00  3.4392E+00  3.4317E+00  3.8124E+00  2.6580E+00  2.3539E+00  2.6283E+00  2.9559E+00  4.1197E+00
       3.7649E+00  3.2336E+00  3.2423E+00  3.2177E+00  3.7959E+00  2.6296E+00  3.9746E+00  3.8964E+00  3.4413E+00  6.3424E+00
       4.1780E+00  4.4867E+00  4.1529E+00  3.8092E+00  4.7425E+00  3.3080E+00  3.3153E+00  3.8116E+00  5.1230E+00  5.6030E+00
       4.6278E+00  3.8852E+00  3.9091E+00  3.6578E+00  3.3517E+00  4.2167E+00  3.8205E+00  4.7089E+00  4.6405E+00  5.7623E+00
       6.3028E+00  3.2389E+00  5.3222E+00  3.0685E+00  3.5014E+00  2.4208E+00  3.8768E+00  2.5431E+00  4.0253E+00  5.2121E+00
       5.5742E+00  3.6434E+00  3.5715E+00  2.8447E+00  3.4194E+00  3.8462E+00  3.6377E+00  1.9707E+00  3.6022E+00  5.4697E+00
       5.4974E+00  4.3096E+00  3.5891E+00  3.5512E+00  3.2374E+00  4.0631E+00  3.1141E+00  2.9873E+00  2.8714E+00  5.5045E+00
       4.0012E+00  4.2253E+00  4.0244E+00  3.2617E+00  3.4279E+00  3.4510E+00  2.8139E+00  4.3604E+00  3.7696E+00  3.9920E+00
       3.6220E+00  3.5020E+00  4.5863E+00  3.0992E+00  3.6860E+00  3.5613E+00  3.0826E+00  2.8472E+00  4.2973E+00  5.0513E+00
       4.8143E+00  3.8040E+00  3.6955E+00  3.2683E+00  2.8485E+00  4.0035E+00  2.6595E+00  3.5799E+00  3.7708E+00  5.0118E+00
       4.7428E+00  2.9733E+00  3.1189E+00  3.5496E+00  4.0970E+00  3.5329E+00  3.5654E+00  3.1427E+00  4.3303E+00  4.8351E+00
       4.3924E+00  3.8437E+00  3.4598E+00  3.2065E+00  4.0349E+00  3.1257E+00  3.5012E+00  4.1622E+00  3.6081E+00  3.9159E+00
       6.4362E+00  5.9391E+00  3.8241E+00  3.3847E+00  5.1289E+00  3.4612E+00  4.7439E+00  3.6262E+00  3.6336E+00  8.4466E+00
       5.8292E+00  5.0257E+00  4.4048E+00  5.0294E+00  5.1847E+00  3.3117E+00  4.5961E+00  4.6963E+00  6.3567E+00  6.4168E+00
       6.4676E+00  5.3771E+00  4.5167E+00  3.3785E+00  3.0972E+00  4.5187E+00  4.1044E+00  5.8089E+00  5.3625E+00  6.1216E+00
       6.2199E+00  4.1482E+00  3.3865E+00  3.3698E+00  2.5324E+00  4.7287E+00  4.1151E+00  3.1812E+00  3.8448E+00  3.3530E+00
       5.0356E+00  4.0928E+00  3.4650E+00  4.0437E+00  4.2266E+00  3.3898E+00  3.7171E+00  4.6218E+00  3.9980E+00  4.1102E+00
       4.2114E+00  4.8472E+00  3.5232E+00  5.1187E+00  4.1821E+00  2.5509E+00  3.7896E+00  3.4041E+00  3.9290E+00  5.0398E+00
       4.8749E+00  5.5590E+00  3.4203E+00  3.4892E+00  4.0539E+00  2.8939E+00  3.9278E+00  3.7596E+00  4.1766E+00  5.6381E+00
       5.2865E+00  4.6666E+00  4.1640E+00  3.8486E+00  3.7146E+00  3.9434E+00  3.3634E+00  4.3729E+00  5.6893E+00  5.2760E+00
       4.8696E+00  5.3066E+00  4.2594E+00  3.7775E+00  3.6845E+00  3.7744E+00  3.3525E+00  5.0124E+00  4.1684E+00  4.7071E+00
       5.8091E+00  3.8341E+00  4.3856E+00  4.3598E+00  3.5178E+00  2.7348E+00  3.5804E+00  4.2534E+00  4.9423E+00  4.2693E+00
       5.7916E+00  4.3827E+00  4.5205E+00  5.1280E+00  4.9481E+00  3.9830E+00  4.5541E+00  5.8264E+00  5.4346E+00  7.3849E+00
       6.5752E+00  4.1327E+00  5.3286E+00  5.0575E+00  4.5198E+00  5.8332E+00  4.7730E+00  4.7262E+00  6.9699E+00  7.0327E+00
       6.3625E+00  4.7081E+00  4.3018E+00  3.7788E+00  4.6284E+00  5.2123E+00  4.0711E+00  4.1987E+00  4.9491E+00  5.2835E+00
       6.8330E+00  4.3573E+00  4.8475E+00  5.4747E+00  4.3987E+00  6.0420E+00  4.5121E+00  4.1145E+00  6.0538E+00  4.2437E+00
       4.1930E+00  3.5768E+00  3.5606E+00  4.4265E+00  5.7263E+00  3.8357E+00  3.9863E+00  4.3745E+00  5.0211E+00  5.6576E+00
       3.9325E+00  6.0337E+00  3.9536E+00  5.6392E+00  4.1891E+00  4.2038E+00  4.9498E+00  5.6415E+00  6.3992E+00  5.7746E+00
       4.9110E+00  4.0552E+00  4.7986E+00  3.4039E+00  3.5036E+00  3.3453E+00  4.1722E+00  4.4551E+00  4.7309E+00  5.5395E+00
       6.2106E+00  4.1668E+00  4.6927E+00  5.2992E+00  4.5875E+00  4.2897E+00  3.5706E+00  4.1511E+00  4.2674E+00  6.8933E+00
       5.3243E+00  4.4466E+00  4.6577E+00  4.7016E+00  4.4136E+00  3.3238E+00  3.9659E+00  5.1268E+00  5.9902E+00  6.2126E+00
       5.2638E+00  5.4718E+00  5.3986E+00  4.8500E+00  4.7253E+00  3.0890E+00  3.8620E+00  4.4881E+00  6.1699E+00  5.5398E+00
       4.6212E+00  4.2126E+00  4.7098E+00  4.8740E+00  6.0391E+00  4.3640E+00  4.0123E+00  4.3631E+00  6.9360E+00  5.6603E+00
       8.0925E+00  6.3065E+00  5.5305E+00  8.0043E+00  5.1761E+00  5.2281E+00  4.8427E+00  7.0256E+00  8.6308E+00  7.3416E+00
       5.8611E+00  5.8788E+00  5.8502E+00  5.6267E+00  4.3340E+00  4.9818E+00  5.5654E+00  5.5487E+00  7.3121E+00  6.8625E+00
       6.5073E+00  5.7454E+00  5.2956E+00  4.9430E+00  4.3607E+00  6.6640E+00  4.7965E+00  5.0967E+00  6.0350E+00  8.4933E+00
       4.7251E+00  5.1597E+00  4.6382E+00  4.2111E+00  5.9864E+00  5.7166E+00  5.5763E+00  4.9765E+00  5.6624E+00  6.5577E+00
       5.6411E+00  3.8456E+00  6.1166E+00  2.7324E+00  3.3452E+00  5.2061E+00  6.6437E+00  5.4474E+00  7.7884E+00  4.8886E+00
       5.7947E+00  6.3740E+00  4.1198E+00  5.2098E+00  3.6311E+00  3.9368E+00  5.0247E+00  4.9520E+00  4.9484E+00  8.1794E+00
       8.1013E+00  4.5636E+00  5.0883E+00  4.8846E+00  3.4063E+00  4.4044E+00  5.5580E+00  5.5707E+00  4.8566E+00  9.0897E+00
       6.1651E+00  4.6855E+00  5.0441E+00  4.2139E+00  4.1028E+00  4.4337E+00  3.3258E+00  5.3138E+00  5.6761E+00  7.9089E+00
       9.0879E+00  4.9504E+00  6.4036E+00  5.7569E+00  5.8303E+00  4.3659E+00  4.6353E+00  6.2733E+00  5.4038E+00  6.8273E+00
       6.9264E+00  5.7472E+00  6.7797E+00  6.1732E+00  5.7423E+00  4.8158E+00  5.5824E+00  4.9596E+00  7.5731E+00  7.7887E+00
       9.4560E+00  9.8895E+00  7.4752E+00  6.1126E+00  9.2442E+00  5.1507E+00  4.8255E+00  7.2895E+00  8.1160E+00  8.2580E+00
       6.8686E+00  6.7525E+00  6.1811E+00  6.3945E+00  6.6299E+00  6.6863E+00  4.4103E+00  7.8329E+00  8.1385E+00  8.9735E+00
       6.2259E+00  5.9184E+00  6.1382E+00  5.7858E+00  6.4447E+00  7.2021E+00  3.2506E+00  5.0331E+00  5.4406E+00  8.2174E+00
       5.8247E+00  5.5951E+00  5.9875E+00  3.8318E+00  4.9847E+00  5.9976E+00  5.6180E+00  4.9852E+00  7.1830E+00  8.9471E+00
       7.2587E+00  6.1396E+00  5.3641E+00  5.6822E+00  5.2656E+00  6.1493E+00  3.2973E+00  6.6625E+00  5.1901E+00  6.0417E+00
       6.4753E+00  6.6623E+00  5.2682E+00  5.5869E+00  5.9111E+00  4.4992E+00  4.4105E+00  6.6886E+00  4.2018E+00  8.0996E+00
       6.5600E+00  6.6370E+00  5.1425E+00  4.8541E+00  5.1714E+00  5.2116E+00  5.1732E+00  7.6800E+00  5.0526E+00  9.4130E+00
       7.6111E+00  6.5167E+00  6.7780E+00  4.4934E+00  4.9829E+00  6.8929E+00  5.3095E+00  5.7535E+00  6.4281E+00  7.0319E+00
       9.4721E+00  5.6037E+00  6.5604E+00  6.3579E+00  5.2748E+00  4.8060E+00  5.5759E+00  6.0572E+00  5.8252E+00  8.3704E+00
       8.6898E+00  7.9799E+00  9.9199E+00  7.1664E+00  6.8030E+00  6.0135E+00  5.7188E+00  4.9488E+00  7.1652E+00  7.3996E+00
       1.0881E+01  9.7119E+00  7.4181E+00  6.8332E+00  7.2011E+00  7.4385E+00  4.6689E+00  6.5601E+00  7.6603E+00  1.0038E+01
       8.4956E+00  7.6676E+00  6.8502E+00  7.1263E+00  5.3325E+00  6.5456E+00  5.3442E+00  7.0034E+00  9.0119E+00  9.6905E+00
       8.9727E+00  6.9687E+00  7.7557E+00  8.2541E+00  6.1616E+00  7.3043E+00  7.0955E+00  6.0611E+00  6.8059E+00  8.7479E+00
       9.9386E+00  5.9998E+00  5.8305E+00  4.6941E+00  4.8466E+00  5.3160E+00  5.0440E+00  6.7216E+00  8.6958E+00  9.0275E+00
       7.1744E+00  6.6948E+00  5.5852E+00  5.2249E+00  6.9880E+00  6.4711E+00  6.6400E+00  5.7797E+00  4.4962E+00  8.1871E+00
       8.4239E+00  8.2356E+00  6.1242E+00  6.1354E+00  5.4183E+00  4.7731E+00  6.0174E+00  7.2613E+00  6.2270E+00  8.7384E+00
       7.5407E+00  7.3953E+00  6.2791E+00  7.2508E+00  5.5989E+00  4.1028E+00  6.3091E+00  6.7165E+00  6.3055E+00  7.7536E+00
       7.9793E+00  7.4846E+00  6.4596E+00  5.9759E+00  4.3262E+00  5.0903E+00  7.7024E+00  5.8879E+00  8.1331E+00  6.9971E+00
       1.0351E+01  5.8976E+00  9.3890E+00  8.1589E+00  4.6933E+00  5.7617E+00  9.0949E+00  6.8940E+00  5.3532E+00  8.0772E+00
       9.9519E+00  1.0250E+01  1.0661E+01  6.4569E+00  7.8691E+00  6.3751E+00  7.3792E+00  8.4908E+00  9.3064E+00  1.1554E+01
       1.3856E+01  1.0116E+01  6.2876E+00  7.6753E+00  7.6890E+00  8.0397E+00  8.5103E+00  9.0465E+00  8.8456E+00  1.0482E+01
       6.8514E+00  7.9000E+00  9.8986E+00  7.2366E+00  6.6830E+00  6.4121E+00  5.8619E+00  7.5336E+00  1.1726E+01  1.2369E+01
       1.0150E+01  6.1857E+00  8.0846E+00  7.9243E+00  7.5397E+00  7.7991E+00  5.5639E+00  8.6913E+00  1.1722E+01  1.1610E+01
       1.0299E+01  7.7233E+00  7.0933E+00  7.2585E+00  7.9865E+00  7.8946E+00  7.8985E+00  6.3050E+00  7.1504E+00  1.0136E+01
       8.9364E+00  9.0756E+00  7.6546E+00  6.7262E+00  6.4732E+00  6.4916E+00  7.8781E+00  7.2216E+00  7.9240E+00  7.8216E+00
       9.5418E+00  8.7198E+00  7.5623E+00  6.6133E+00  6.1429E+00  5.4005E+00  7.1135E+00  6.8772E+00  6.2094E+00  1.0454E+01
       9.2005E+00  8.4883E+00  9.4449E+00  7.7486E+00  6.4547E+00  5.6339E+00  6.2848E+00  8.6003E+00  6.6861E+00  8.8418E+00
       9.7091E+00  7.5154E+00  6.0393E+00  8.0604E+00  5.6350E+00  7.6273E+00  7.4936E+00  7.6986E+00  7.1629E+00  9.7445E+00
       7.9274E+00  1.0563E+01  9.6222E+00  9.2293E+00  8.0920E+00  7.5351E+00  7.1165E+00  8.8920E+00  7.3997E+00  7.6075E+00
       8.3488E+00  9.5225E+00  9.8527E+00  7.5236E+00  9.2817E+00  9.1769E+00  7.9689E+00  5.1098E+00  8.7032E+00  1.5234E+01
