1
   Cartesian binning n.   1  "DoseEq    " , generalized particle n.  240
      X coordinate: from -8.5000E+01 to  8.5000E+01 cm,    10 bins ( 1.7000E+01 cm wide)
      Y coordinate: from -2.5000E+01 to  2.5000E+01 cm,    10 bins ( 5.0000E+00 cm wide)
      Z coordinate: from  2.2500E+02 to  2.7500E+02 cm,    10 bins ( 5.0000E+00 cm wide)
      Data follow in a matrix A(ix,iy,iz), format (1(5x,1p,10(1x,e11.4)))

      accurate deposition along the tracks requested
      this is a track-length binning
       2.4141E-04  3.0497E-04  3.3806E-04  3.5374E-04  3.8512E-04  4.0176E-04  3.7657E-04  3.4840E-04  3.2532E-04  2.6629E-04
       2.7979E-04  3.4827E-04  3.9534E-04  4.1624E-04  4.4909E-04  4.6877E-04  4.4009E-04  4.0184E-04  3.5887E-04  2.8386E-04
       2.9401E-04  3.7391E-04  4.1543E-04  4.3144E-04  4.6026E-04  4.9315E-04  4.9134E-04  4.3161E-04  3.7466E-04  2.9195E-04
       3.1144E-04  3.8506E-04  4.3471E-04  4.6684E-04  4.8834E-04  4.8735E-04  4.7852E-04  4.1662E-04  3.6184E-04  2.9726E-04
       3.0537E-04  3.6562E-04  4.3146E-04  4.8418E-04  4.9934E-04  4.6927E-04  5.0641E-04  4.4027E-04  3.7860E-04  3.0821E-04
       3.1007E-04  3.9661E-04  4.4326E-04  4.8687E-04  5.0552E-04  4.8738E-04  4.9633E-04  4.3780E-04  3.9613E-04  3.0732E-04
       3.0277E-04  3.7815E-04  4.4002E-04  4.8563E-04  4.9572E-04  4.9223E-04  5.0056E-04  4.4784E-04  4.0023E-04  3.1786E-04
       2.9836E-04  3.6603E-04  4.4049E-04  4.8452E-04  4.9206E-04  4.7508E-04  4.7690E-04  4.1648E-04  3.6412E-04  2.9434E-04
       2.8392E-04  3.5946E-04  4.1288E-04  4.4099E-04  4.5693E-04  4.3589E-04  4.2848E-04  4.1357E-04  3.5962E-04  2.7390E-04
       2.5235E-04  3.0098E-04  3.4349E-04  3.7421E-04  3.8836E-04  3.7818E-04  3.7903E-04  3.4625E-04  2.9897E-04  2.3852E-04
       1.8604E-04  2.4674E-04  2.9154E-04  2.9056E-04  3.1888E-04  3.3359E-04  3.0286E-04  2.9541E-04  2.7290E-04  2.0204E-04
       2.4023E-04  3.1064E-04  3.6534E-04  3.8372E-04  4.0649E-04  4.1341E-04  4.0259E-04  3.6655E-04  3.2662E-04  2.4288E-04
       2.4661E-04  3.4196E-04  3.9991E-04  4.2693E-04  4.2825E-04  4.5508E-04  4.4443E-04  3.8340E-04  3.3480E-04  2.5211E-04
       2.6743E-04  3.6197E-04  4.1515E-04  4.4321E-04  4.6098E-04  4.5372E-04  4.3948E-04  3.8634E-04  3.1346E-04  2.5490E-04
       2.7015E-04  3.5664E-04  4.0626E-04  4.4236E-04  4.7919E-04  4.6878E-04  4.5825E-04  4.0442E-04  3.5860E-04  2.7130E-04
       2.6910E-04  3.6195E-04  4.2270E-04  4.5883E-04  4.8639E-04  4.5918E-04  4.6809E-04  4.1049E-04  3.6025E-04  2.7648E-04
       2.6594E-04  3.5181E-04  4.1414E-04  4.5966E-04  4.6926E-04  4.6620E-04  4.5943E-04  4.1780E-04  3.8233E-04  2.7123E-04
       2.7464E-04  3.5388E-04  4.0184E-04  4.3269E-04  4.4558E-04  4.3822E-04  4.3069E-04  3.8487E-04  3.4711E-04  2.4244E-04
       2.2628E-04  3.2784E-04  3.7395E-04  4.0065E-04  3.9958E-04  3.9123E-04  3.7578E-04  3.6147E-04  3.2708E-04  2.3634E-04
       1.8832E-04  2.3927E-04  2.9075E-04  3.1202E-04  3.1021E-04  3.2221E-04  3.0968E-04  2.8364E-04  2.5096E-04  1.7788E-04
       1.4075E-04  1.9288E-04  2.2306E-04  2.4012E-04  2.4791E-04  2.5122E-04  2.3130E-04  2.1736E-04  1.9037E-04  1.4815E-04
       1.8659E-04  2.4931E-04  2.9015E-04  3.3325E-04  3.4419E-04  3.3344E-04  3.2278E-04  2.6410E-04  2.5181E-04  1.8957E-04
       2.0669E-04  2.9041E-04  3.5070E-04  3.6391E-04  3.6753E-04  3.7067E-04  3.6738E-04  3.0833E-04  2.8554E-04  2.0872E-04
       2.0889E-04  3.0789E-04  3.5526E-04  3.7142E-04  3.8019E-04  3.9193E-04  3.6965E-04  3.1610E-04  2.8778E-04  2.1854E-04
       1.9620E-04  2.9410E-04  3.5426E-04  3.8017E-04  3.9659E-04  3.8107E-04  3.8812E-04  3.4599E-04  3.1348E-04  2.2220E-04
       2.0617E-04  3.2211E-04  3.4368E-04  3.9317E-04  4.1640E-04  3.9386E-04  3.9935E-04  3.6083E-04  2.9088E-04  2.2636E-04
       2.2137E-04  2.9297E-04  3.5528E-04  3.8001E-04  3.9130E-04  3.9247E-04  3.6767E-04  3.4420E-04  3.0275E-04  2.1832E-04
       2.1406E-04  2.8891E-04  3.4874E-04  3.5487E-04  3.6704E-04  3.5945E-04  3.4617E-04  3.2696E-04  2.8162E-04  2.0255E-04
       1.7694E-04  2.4363E-04  3.0080E-04  3.2713E-04  3.2740E-04  3.2125E-04  3.0473E-04  2.8655E-04  2.6593E-04  1.7810E-04
       1.3241E-04  1.8538E-04  2.2988E-04  2.4960E-04  2.4395E-04  2.4337E-04  2.3502E-04  2.2639E-04  2.0570E-04  1.4326E-04
       1.0074E-04  1.3824E-04  1.7196E-04  1.9530E-04  1.8426E-04  2.0040E-04  1.8873E-04  1.6369E-04  1.5459E-04  1.0799E-04
       1.2985E-04  1.9619E-04  2.3671E-04  2.5679E-04  2.6522E-04  2.6362E-04  2.5573E-04  2.0869E-04  1.8667E-04  1.4277E-04
       1.5936E-04  2.2923E-04  2.6699E-04  2.8260E-04  2.8995E-04  3.0636E-04  2.9006E-04  2.4059E-04  2.1511E-04  1.6548E-04
       1.6891E-04  2.4407E-04  2.7915E-04  3.0744E-04  3.0457E-04  3.1535E-04  2.9868E-04  2.4642E-04  2.2404E-04  1.7120E-04
       1.5723E-04  2.3337E-04  2.9174E-04  3.1903E-04  3.1117E-04  3.2035E-04  3.1398E-04  2.8948E-04  2.5105E-04  1.7467E-04
       1.7368E-04  2.5823E-04  2.8864E-04  3.2264E-04  3.4032E-04  3.4001E-04  3.2377E-04  2.9131E-04  2.3733E-04  1.7618E-04
       1.7933E-04  2.2698E-04  2.8893E-04  3.1447E-04  3.1880E-04  3.1988E-04  3.0776E-04  2.9192E-04  2.4997E-04  1.6679E-04
       1.5318E-04  2.1710E-04  2.7116E-04  3.1242E-04  3.0421E-04  2.9636E-04  2.8175E-04  2.6214E-04  2.0804E-04  1.6316E-04
       1.3904E-04  1.9217E-04  2.3427E-04  2.5488E-04  2.5968E-04  2.6357E-04  2.4236E-04  2.2766E-04  2.0209E-04  1.4408E-04
       1.0468E-04  1.4868E-04  1.6930E-04  1.8242E-04  1.8659E-04  1.9080E-04  1.9647E-04  1.7281E-04  1.4607E-04  1.0822E-04
       7.0389E-05  1.0686E-04  1.2484E-04  1.4935E-04  1.4286E-04  1.6204E-04  1.4775E-04  1.2258E-04  1.2014E-04  8.2642E-05
       1.0146E-04  1.4465E-04  1.8183E-04  2.0363E-04  2.0769E-04  2.0836E-04  2.0075E-04  1.6720E-04  1.4471E-04  9.9229E-05
       1.3138E-04  1.7089E-04  1.9148E-04  2.2026E-04  2.2930E-04  2.5936E-04  2.3881E-04  2.0604E-04  1.7066E-04  1.3760E-04
       1.3208E-04  1.9434E-04  2.2256E-04  2.4070E-04  2.5953E-04  2.7078E-04  2.4461E-04  2.0928E-04  1.7766E-04  1.3139E-04
       1.2441E-04  1.8902E-04  2.3287E-04  2.6268E-04  2.7014E-04  2.6744E-04  2.5620E-04  2.3144E-04  1.9263E-04  1.3459E-04
       1.4548E-04  2.0202E-04  2.4227E-04  2.4873E-04  2.8722E-04  2.6872E-04  2.5499E-04  2.2516E-04  1.8475E-04  1.4057E-04
       1.3784E-04  1.7306E-04  2.2973E-04  2.4286E-04  2.7440E-04  2.6256E-04  2.4722E-04  2.1656E-04  1.9536E-04  1.2089E-04
       1.1689E-04  1.6210E-04  2.2433E-04  2.4250E-04  2.5761E-04  2.3752E-04  2.2982E-04  2.0884E-04  1.5467E-04  1.1128E-04
       1.0548E-04  1.5466E-04  1.8764E-04  2.0481E-04  2.0628E-04  2.1584E-04  2.0094E-04  1.8124E-04  1.4403E-04  1.1088E-04
       7.8501E-05  1.0530E-04  1.2502E-04  1.4393E-04  1.5470E-04  1.5639E-04  1.5541E-04  1.3562E-04  1.1026E-04  8.0138E-05
       5.3089E-05  8.3965E-05  1.0208E-04  1.1566E-04  1.0259E-04  1.2521E-04  1.1581E-04  9.3174E-05  9.5693E-05  6.7423E-05
       7.8904E-05  1.1092E-04  1.4043E-04  1.6363E-04  1.5866E-04  1.6931E-04  1.5871E-04  1.5188E-04  1.1923E-04  8.0811E-05
       1.0320E-04  1.4416E-04  1.7125E-04  1.7678E-04  1.7316E-04  1.8982E-04  1.8548E-04  1.7185E-04  1.3409E-04  9.9981E-05
       1.0177E-04  1.5360E-04  1.7558E-04  1.9222E-04  1.8811E-04  1.9537E-04  1.8436E-04  1.7785E-04  1.3789E-04  1.0162E-04
       9.7636E-05  1.5606E-04  1.7500E-04  2.0024E-04  2.0892E-04  2.1153E-04  1.9993E-04  1.8460E-04  1.5677E-04  1.0258E-04
       1.0870E-04  1.6796E-04  1.7133E-04  1.9690E-04  2.3168E-04  2.1688E-04  2.1362E-04  1.7592E-04  1.5301E-04  1.1744E-04
       9.9802E-05  1.5007E-04  1.9111E-04  2.1085E-04  2.1835E-04  2.0623E-04  1.8835E-04  1.7933E-04  1.5063E-04  9.7872E-05
       9.6298E-05  1.3491E-04  1.6524E-04  1.8802E-04  1.9922E-04  1.8858E-04  1.7431E-04  1.4818E-04  1.3086E-04  8.4997E-05
       8.4762E-05  1.1358E-04  1.4327E-04  1.5573E-04  1.6150E-04  1.5527E-04  1.4756E-04  1.3823E-04  1.1134E-04  8.4233E-05
       5.8089E-05  7.8556E-05  1.0043E-04  1.2301E-04  1.2111E-04  1.1689E-04  1.1919E-04  1.0029E-04  8.6079E-05  5.9923E-05
       3.9790E-05  5.8663E-05  7.9881E-05  8.1090E-05  8.5324E-05  9.8219E-05  9.3368E-05  7.6894E-05  7.2576E-05  4.5980E-05
       6.4832E-05  8.7758E-05  1.0895E-04  1.1399E-04  1.2218E-04  1.1475E-04  1.2031E-04  1.1344E-04  8.8788E-05  6.5367E-05
       7.7396E-05  1.0365E-04  1.3322E-04  1.3601E-04  1.3307E-04  1.5332E-04  1.4213E-04  1.1942E-04  1.0280E-04  8.5716E-05
       8.0015E-05  1.1746E-04  1.3675E-04  1.6013E-04  1.4969E-04  1.6380E-04  1.4390E-04  1.3291E-04  1.1595E-04  7.9953E-05
       7.4365E-05  1.2465E-04  1.3849E-04  1.5692E-04  1.6517E-04  1.6828E-04  1.5650E-04  1.3995E-04  1.2116E-04  7.5873E-05
       7.5071E-05  1.2834E-04  1.3866E-04  1.5108E-04  1.8809E-04  1.6510E-04  1.5424E-04  1.3526E-04  1.2051E-04  8.8983E-05
       7.4058E-05  1.1499E-04  1.4048E-04  1.6093E-04  1.7510E-04  1.5435E-04  1.5397E-04  1.3596E-04  1.1561E-04  7.7791E-05
       7.4150E-05  1.1130E-04  1.2386E-04  1.4730E-04  1.6459E-04  1.4007E-04  1.4190E-04  1.1983E-04  1.0755E-04  7.7919E-05
       5.9781E-05  9.6083E-05  1.1529E-04  1.2287E-04  1.3273E-04  1.1012E-04  1.2428E-04  1.0502E-04  8.9214E-05  5.3467E-05
       5.0635E-05  5.9383E-05  7.3060E-05  8.5109E-05  9.2404E-05  8.0961E-05  8.5084E-05  7.8945E-05  6.4573E-05  5.1782E-05
       4.3876E-05  4.7523E-05  6.4104E-05  6.8168E-05  6.8607E-05  6.8962E-05  8.1068E-05  5.4920E-05  5.5164E-05  4.1173E-05
       5.0282E-05  6.9914E-05  7.3518E-05  9.0415E-05  8.7281E-05  9.2452E-05  1.0001E-04  8.4526E-05  6.5935E-05  5.7936E-05
       5.6067E-05  8.2544E-05  1.0345E-04  9.6241E-05  1.0754E-04  1.0899E-04  1.0205E-04  9.5218E-05  8.0017E-05  5.6042E-05
       6.8942E-05  8.6572E-05  1.0280E-04  1.0449E-04  1.1338E-04  1.1252E-04  1.1720E-04  1.0610E-04  9.2282E-05  6.5110E-05
       5.6194E-05  9.7188E-05  1.1069E-04  1.1122E-04  1.3125E-04  1.1233E-04  1.1718E-04  1.0799E-04  1.0014E-04  6.0835E-05
       6.2946E-05  9.6025E-05  1.0700E-04  1.2417E-04  1.4434E-04  1.1702E-04  1.2117E-04  1.0713E-04  9.1467E-05  6.2267E-05
       6.7984E-05  8.3493E-05  9.6496E-05  1.2779E-04  1.3855E-04  1.1405E-04  1.1768E-04  1.0119E-04  9.6794E-05  5.7337E-05
       6.3229E-05  8.4420E-05  8.8559E-05  1.1822E-04  1.2217E-04  1.1258E-04  1.1213E-04  9.2003E-05  8.8520E-05  6.5152E-05
       5.1549E-05  7.4988E-05  8.8429E-05  9.7069E-05  1.0348E-04  8.7786E-05  9.9410E-05  7.6310E-05  7.2109E-05  5.3082E-05
       4.0230E-05  5.3953E-05  6.4862E-05  6.6572E-05  6.7393E-05  6.1242E-05  7.2445E-05  6.2013E-05  5.0465E-05  4.3403E-05
       3.6619E-05  3.4436E-05  4.3455E-05  5.2440E-05  5.6680E-05  5.5914E-05  4.8507E-05  4.6441E-05  4.0134E-05  3.2671E-05
       3.9875E-05  4.7220E-05  5.9504E-05  6.8576E-05  7.0902E-05  7.5919E-05  7.0302E-05  5.9393E-05  4.7749E-05  4.0904E-05
       4.9662E-05  6.5105E-05  7.6773E-05  6.4224E-05  8.4795E-05  8.2667E-05  8.6828E-05  7.4994E-05  5.7806E-05  4.3290E-05
       5.5816E-05  6.7293E-05  8.4977E-05  8.5269E-05  8.7153E-05  8.3391E-05  9.1283E-05  7.5752E-05  6.0253E-05  4.5694E-05
       5.1183E-05  6.6193E-05  8.5580E-05  9.5639E-05  9.7762E-05  8.4064E-05  9.6935E-05  6.9542E-05  6.7240E-05  4.9433E-05
       4.4386E-05  6.2298E-05  8.4662E-05  9.1247E-05  1.0453E-04  8.8504E-05  1.0082E-04  6.9239E-05  6.2464E-05  4.4004E-05
       3.9375E-05  6.3642E-05  8.2010E-05  9.1926E-05  1.0341E-04  9.0106E-05  9.9868E-05  7.3075E-05  6.7058E-05  4.4873E-05
       4.7515E-05  6.4025E-05  8.1436E-05  9.0820E-05  9.1657E-05  8.9725E-05  8.5867E-05  7.1563E-05  5.8848E-05  4.4777E-05
       4.4024E-05  4.9476E-05  6.8859E-05  7.4445E-05  7.8129E-05  7.5856E-05  8.1690E-05  5.9449E-05  6.1550E-05  3.9810E-05
       3.2596E-05  3.9998E-05  5.0790E-05  5.7535E-05  5.3325E-05  4.7063E-05  5.5305E-05  4.4552E-05  4.1048E-05  2.9739E-05
       2.4644E-05  2.8326E-05  3.4356E-05  3.5877E-05  3.7039E-05  4.2740E-05  3.6317E-05  3.5029E-05  3.2477E-05  2.8509E-05
       3.1335E-05  3.8515E-05  4.6973E-05  5.0888E-05  4.9218E-05  5.2761E-05  4.5587E-05  4.6604E-05  3.3667E-05  2.8791E-05
       3.9036E-05  4.9011E-05  5.1175E-05  5.3727E-05  5.1158E-05  5.7666E-05  5.6777E-05  4.6993E-05  5.0140E-05  3.0571E-05
       3.9720E-05  5.1510E-05  5.4336E-05  6.3720E-05  6.6447E-05  5.9071E-05  6.1558E-05  5.1944E-05  4.7071E-05  2.9629E-05
       3.3177E-05  4.8937E-05  5.7265E-05  6.5695E-05  6.1100E-05  5.2947E-05  6.6739E-05  4.8471E-05  4.0106E-05  3.6987E-05
       3.3013E-05  5.2634E-05  5.8508E-05  6.5992E-05  6.8439E-05  7.0722E-05  6.8075E-05  4.8626E-05  4.0490E-05  3.5646E-05
       3.3785E-05  4.9569E-05  5.7622E-05  6.1347E-05  6.3928E-05  6.3480E-05  6.6517E-05  4.7029E-05  4.5292E-05  3.2817E-05
       3.6361E-05  4.3743E-05  5.1157E-05  5.8152E-05  6.2201E-05  6.1804E-05  5.9523E-05  5.2105E-05  4.2094E-05  3.5438E-05
       3.3237E-05  4.0280E-05  5.2289E-05  5.8341E-05  5.1136E-05  5.2587E-05  5.0189E-05  4.5106E-05  3.3173E-05  3.4384E-05
       2.2634E-05  2.8043E-05  3.3525E-05  3.9235E-05  4.0879E-05  3.6579E-05  3.9874E-05  3.7666E-05  3.1608E-05  2.6527E-05

      Percentage errors follow in a matrix A(ix,iy,iz), format (1(5x,1p,10(1x,e11.4)))

       3.8822E+00  2.8225E+00  2.7731E+00  2.4052E+00  2.9630E+00  2.5605E+00  2.5362E+00  3.0374E+00  3.3573E+00  2.2572E+00
       3.0771E+00  2.3968E+00  2.2447E+00  2.8589E+00  2.5053E+00  2.0301E+00  3.1405E+00  3.0043E+00  2.9207E+00  3.9003E+00
       3.5017E+00  4.2618E+00  2.1555E+00  2.9081E+00  2.5435E+00  2.8412E+00  3.9913E+00  2.5750E+00  2.9755E+00  2.4622E+00
       3.7304E+00  3.3282E+00  2.2718E+00  3.0405E+00  1.5734E+00  3.5308E+00  2.9075E+00  3.5749E+00  2.5649E+00  3.3251E+00
       3.0546E+00  3.4421E+00  2.7410E+00  3.4030E+00  3.0906E+00  2.9603E+00  2.5351E+00  3.0375E+00  2.0185E+00  3.4368E+00
       2.5479E+00  2.7467E+00  2.4002E+00  3.2479E+00  1.5631E+00  2.5161E+00  2.1177E+00  3.2891E+00  3.3050E+00  3.8956E+00
       3.9329E+00  3.4970E+00  2.2027E+00  2.0830E+00  2.0932E+00  3.4782E+00  2.8090E+00  3.0938E+00  3.1197E+00  4.3358E+00
       3.6318E+00  2.7403E+00  2.8389E+00  1.7031E+00  2.2807E+00  1.9220E+00  3.2275E+00  3.1296E+00  2.3820E+00  2.8916E+00
       2.5708E+00  4.1145E+00  2.7062E+00  2.4796E+00  3.0470E+00  2.5578E+00  2.3771E+00  2.9805E+00  3.2578E+00  4.3572E+00
       2.8672E+00  3.5605E+00  4.1062E+00  3.6229E+00  2.7538E+00  2.6937E+00  2.3731E+00  2.6379E+00  3.2730E+00  3.0441E+00
       5.0227E+00  3.1693E+00  3.1484E+00  2.4300E+00  2.7092E+00  3.5571E+00  2.7084E+00  2.5070E+00  4.5508E+00  4.3657E+00
       4.2396E+00  3.4403E+00  3.3701E+00  3.0747E+00  2.1623E+00  2.7869E+00  2.9741E+00  3.4985E+00  3.0785E+00  3.5767E+00
       3.9916E+00  3.6584E+00  3.0894E+00  2.2686E+00  1.9858E+00  3.1469E+00  3.1024E+00  2.6805E+00  3.9663E+00  4.1883E+00
       4.4089E+00  3.6822E+00  2.5085E+00  3.3470E+00  2.5000E+00  2.9400E+00  3.5183E+00  2.8642E+00  3.9551E+00  4.5082E+00
       5.0207E+00  4.0393E+00  2.9655E+00  3.2775E+00  2.6043E+00  2.8131E+00  2.6189E+00  3.7053E+00  3.1236E+00  3.6276E+00
       3.2690E+00  2.4341E+00  2.6860E+00  2.9672E+00  2.7743E+00  2.2160E+00  3.6950E+00  3.1429E+00  2.6364E+00  4.2872E+00
       4.6864E+00  4.2556E+00  2.6951E+00  2.5726E+00  3.1690E+00  2.2405E+00  3.3973E+00  3.5293E+00  3.5482E+00  4.8745E+00
       3.9261E+00  3.9193E+00  3.5026E+00  2.1398E+00  2.1101E+00  2.9953E+00  2.7979E+00  3.6638E+00  3.0440E+00  4.2834E+00
       4.3677E+00  3.9806E+00  2.4459E+00  2.4381E+00  2.9368E+00  2.7442E+00  3.8417E+00  4.0188E+00  2.5422E+00  4.4876E+00
       3.8501E+00  3.5999E+00  4.4057E+00  2.8583E+00  3.7992E+00  3.7523E+00  2.9581E+00  3.3786E+00  4.1411E+00  4.6936E+00
       5.6949E+00  4.6406E+00  2.8522E+00  3.7276E+00  3.4455E+00  4.2014E+00  3.7136E+00  2.8694E+00  3.9755E+00  3.2066E+00
       4.5771E+00  4.0298E+00  3.0752E+00  3.9348E+00  3.1174E+00  3.0514E+00  3.6045E+00  3.5575E+00  3.8619E+00  3.2680E+00
       4.6287E+00  3.1602E+00  3.0371E+00  3.6856E+00  2.7643E+00  3.7367E+00  2.7163E+00  3.6641E+00  3.2866E+00  3.2957E+00
       4.1881E+00  3.6563E+00  2.7250E+00  3.5310E+00  3.1705E+00  3.1555E+00  2.5727E+00  3.6405E+00  4.7237E+00  4.1849E+00
       4.8209E+00  3.7784E+00  3.4320E+00  3.8668E+00  3.1135E+00  3.0848E+00  2.0642E+00  4.0830E+00  3.5047E+00  5.8272E+00
       2.9900E+00  3.6377E+00  3.4222E+00  4.4539E+00  3.1690E+00  2.2395E+00  2.4576E+00  2.8308E+00  3.2188E+00  5.1275E+00
       3.8067E+00  3.4205E+00  3.1715E+00  3.5830E+00  2.9975E+00  2.5272E+00  3.7024E+00  3.3522E+00  3.5395E+00  4.3604E+00
       5.8589E+00  3.4457E+00  2.6684E+00  3.5391E+00  3.3358E+00  3.3442E+00  4.1565E+00  4.6187E+00  3.4346E+00  6.2930E+00
       3.6625E+00  4.5971E+00  3.9842E+00  3.0900E+00  3.8655E+00  2.4093E+00  4.6273E+00  4.2555E+00  3.9281E+00  5.4827E+00
       5.7917E+00  4.1832E+00  3.8096E+00  2.9222E+00  2.6202E+00  4.6556E+00  3.1037E+00  5.1495E+00  5.3693E+00  7.2230E+00
       5.9178E+00  6.2509E+00  4.7791E+00  3.4097E+00  4.5856E+00  4.3514E+00  2.3568E+00  5.2274E+00  3.4767E+00  6.0631E+00
       4.6548E+00  3.2378E+00  2.9568E+00  3.5175E+00  3.6618E+00  3.8922E+00  4.5239E+00  3.6171E+00  3.8314E+00  4.1745E+00
       4.1924E+00  4.4439E+00  3.5580E+00  3.5126E+00  4.4424E+00  3.7625E+00  2.8735E+00  3.2763E+00  3.6967E+00  4.5166E+00
       5.7340E+00  4.3554E+00  3.7765E+00  3.4336E+00  3.6553E+00  4.0371E+00  3.1250E+00  4.6424E+00  4.4267E+00  4.2030E+00
       5.1412E+00  4.1104E+00  3.5684E+00  3.9873E+00  3.1955E+00  3.6148E+00  2.7896E+00  3.6567E+00  4.2638E+00  4.7957E+00
       3.8727E+00  4.6702E+00  4.3933E+00  3.8517E+00  3.6911E+00  2.6341E+00  3.5641E+00  3.8140E+00  3.6694E+00  5.0299E+00
       4.3195E+00  3.9478E+00  4.3329E+00  2.6621E+00  3.4331E+00  4.0440E+00  3.1927E+00  4.1430E+00  3.7332E+00  6.6088E+00
       4.4868E+00  3.7576E+00  4.2241E+00  3.3664E+00  3.3742E+00  3.5220E+00  3.9456E+00  4.0028E+00  4.5511E+00  7.3058E+00
       5.0927E+00  3.6255E+00  2.2598E+00  2.8779E+00  4.5433E+00  3.9548E+00  4.9163E+00  4.6163E+00  3.9606E+00  6.3414E+00
       5.8096E+00  5.2897E+00  4.1983E+00  2.6652E+00  3.9111E+00  4.0339E+00  4.0602E+00  3.9217E+00  5.0650E+00  6.3779E+00
       4.5748E+00  5.5953E+00  4.9776E+00  3.5181E+00  5.3399E+00  4.1367E+00  4.5481E+00  4.6762E+00  3.6988E+00  3.5642E+00
       7.1924E+00  4.1642E+00  4.4161E+00  3.5417E+00  3.4647E+00  5.3838E+00  4.4505E+00  3.5018E+00  5.4236E+00  5.3027E+00
       6.1640E+00  3.9963E+00  4.5189E+00  3.0595E+00  3.0793E+00  3.1667E+00  3.8571E+00  3.4310E+00  4.5045E+00  6.2064E+00
       6.0003E+00  3.8786E+00  4.1075E+00  4.2510E+00  4.0926E+00  3.1618E+00  3.7288E+00  3.6659E+00  4.6384E+00  4.9950E+00
       3.5739E+00  5.4193E+00  3.7212E+00  4.2406E+00  3.8663E+00  3.3169E+00  3.2976E+00  3.5076E+00  3.9539E+00  5.6278E+00
       4.5376E+00  4.4193E+00  4.0554E+00  4.1817E+00  3.5974E+00  4.6486E+00  3.9328E+00  2.7826E+00  3.7950E+00  4.6103E+00
       5.4255E+00  4.3695E+00  4.0836E+00  5.0069E+00  3.2231E+00  5.0193E+00  3.5011E+00  4.6221E+00  4.3135E+00  6.4174E+00
       5.2442E+00  3.6122E+00  4.1808E+00  3.2091E+00  3.5969E+00  4.0949E+00  4.4903E+00  4.3195E+00  3.6794E+00  4.3574E+00
       4.1361E+00  5.2705E+00  4.1531E+00  4.6653E+00  4.7017E+00  4.9223E+00  4.4450E+00  3.9360E+00  4.7269E+00  6.1968E+00
       5.9574E+00  5.6602E+00  4.8622E+00  4.8277E+00  5.9060E+00  4.4475E+00  3.8953E+00  4.5043E+00  5.2563E+00  7.4014E+00
       7.2932E+00  5.1979E+00  5.3889E+00  5.3597E+00  3.3845E+00  4.8791E+00  4.9477E+00  6.5914E+00  4.4820E+00  6.3080E+00
       9.2162E+00  4.6199E+00  4.9493E+00  4.5631E+00  4.5668E+00  5.3075E+00  6.2611E+00  4.1979E+00  5.3823E+00  4.8171E+00
       6.5448E+00  4.4879E+00  4.6878E+00  4.3062E+00  4.0695E+00  4.6581E+00  4.4318E+00  4.1656E+00  5.6669E+00  5.1022E+00
       6.5500E+00  4.8105E+00  5.7039E+00  5.9303E+00  4.7203E+00  3.7016E+00  4.1956E+00  4.8334E+00  5.9564E+00  4.5423E+00
       5.1012E+00  4.3572E+00  3.2713E+00  4.7672E+00  5.3389E+00  4.3668E+00  3.5760E+00  4.3663E+00  3.1137E+00  6.5950E+00
       7.5503E+00  4.7849E+00  4.3989E+00  4.7068E+00  4.6521E+00  5.4110E+00  4.7657E+00  4.4487E+00  3.8236E+00  4.9241E+00
       4.7437E+00  5.4867E+00  4.5245E+00  3.6846E+00  3.6890E+00  4.4125E+00  3.4434E+00  4.4758E+00  5.1552E+00  6.4331E+00
       6.5168E+00  5.4047E+00  4.8526E+00  3.5357E+00  4.3549E+00  4.1251E+00  5.4157E+00  3.1912E+00  5.8957E+00  5.5726E+00
       7.6701E+00  7.1994E+00  5.6919E+00  3.9441E+00  4.3260E+00  4.6430E+00  5.0232E+00  4.7335E+00  5.9741E+00  6.6958E+00
       4.9950E+00  6.1559E+00  5.6984E+00  4.9872E+00  5.3563E+00  4.9260E+00  4.1226E+00  6.8446E+00  6.2208E+00  8.4260E+00
       7.8423E+00  6.7703E+00  7.0073E+00  6.4224E+00  4.9205E+00  5.9287E+00  6.3060E+00  7.5617E+00  7.3688E+00  1.1370E+01
       8.1319E+00  5.8678E+00  4.7269E+00  7.3629E+00  6.1814E+00  5.4388E+00  6.1524E+00  5.9631E+00  5.7647E+00  6.2711E+00
       6.4586E+00  7.2664E+00  5.2034E+00  5.3653E+00  5.4129E+00  5.2095E+00  5.0010E+00  4.8458E+00  5.8430E+00  9.6331E+00
       6.3013E+00  6.0488E+00  5.5101E+00  5.5580E+00  4.7058E+00  4.4566E+00  5.8069E+00  4.7421E+00  6.7668E+00  6.0219E+00
       5.2131E+00  6.4358E+00  4.8376E+00  4.2635E+00  5.3357E+00  5.9013E+00  4.8124E+00  4.5634E+00  5.2703E+00  5.9045E+00
       7.8777E+00  6.6804E+00  5.2314E+00  4.1659E+00  5.4847E+00  5.1102E+00  5.8808E+00  5.3575E+00  4.6273E+00  4.8178E+00
       6.5565E+00  6.0917E+00  4.8289E+00  5.9756E+00  4.3624E+00  3.3996E+00  3.4602E+00  4.8417E+00  6.5536E+00  7.4542E+00
       8.6678E+00  7.3530E+00  4.7238E+00  4.8537E+00  4.7973E+00  3.2946E+00  6.2295E+00  4.5801E+00  5.1571E+00  5.9868E+00
       1.0401E+01  8.7205E+00  5.9568E+00  4.4790E+00  4.6613E+00  5.2791E+00  4.5750E+00  5.4480E+00  6.3583E+00  7.5736E+00
       9.9676E+00  7.1776E+00  6.4916E+00  5.3906E+00  5.8732E+00  4.3767E+00  5.9313E+00  5.3729E+00  9.7745E+00  9.7161E+00
       9.5503E+00  6.6062E+00  6.5251E+00  7.1985E+00  5.1432E+00  7.0376E+00  5.4073E+00  8.0709E+00  7.2849E+00  1.1095E+01
       6.6166E+00  7.8044E+00  7.1820E+00  8.4169E+00  5.5202E+00  6.0709E+00  5.1595E+00  8.9703E+00  7.3170E+00  7.0189E+00
       6.8149E+00  7.1097E+00  5.7702E+00  5.3523E+00  4.9482E+00  5.0231E+00  4.6547E+00  7.9699E+00  7.5657E+00  8.3172E+00
       8.1462E+00  8.4191E+00  4.8127E+00  5.4986E+00  6.7209E+00  4.3802E+00  5.7337E+00  5.9992E+00  6.3888E+00  7.8803E+00
       7.7048E+00  7.4912E+00  4.8925E+00  4.1212E+00  5.6239E+00  5.8108E+00  4.2725E+00  4.4728E+00  5.1778E+00  6.4595E+00
       8.8742E+00  5.5620E+00  5.4274E+00  5.4817E+00  5.6311E+00  4.5491E+00  5.1940E+00  6.5982E+00  5.2150E+00  5.8721E+00
       7.0444E+00  7.3945E+00  7.5113E+00  6.0352E+00  4.3614E+00  5.9147E+00  4.7106E+00  7.8379E+00  6.3460E+00  1.0309E+01
       6.1714E+00  6.6641E+00  4.9946E+00  7.2021E+00  5.3010E+00  4.9598E+00  6.0400E+00  5.3492E+00  6.8708E+00  8.6395E+00
       9.0925E+00  7.6474E+00  7.4900E+00  5.5735E+00  4.0060E+00  5.3197E+00  4.7698E+00  6.2472E+00  8.8463E+00  1.1902E+01
       7.1389E+00  1.0096E+01  7.1859E+00  5.5771E+00  6.1005E+00  4.8332E+00  7.7565E+00  7.7915E+00  8.8419E+00  1.0974E+01
       8.9454E+00  6.8436E+00  6.7733E+00  9.3848E+00  7.2245E+00  7.2472E+00  8.6318E+00  1.0217E+01  8.0443E+00  9.0063E+00
       7.7981E+00  8.4319E+00  8.6573E+00  7.6632E+00  6.9415E+00  6.9668E+00  6.4069E+00  9.0608E+00  8.2020E+00  7.9681E+00
       9.7624E+00  6.3693E+00  8.1555E+00  8.8692E+00  5.1884E+00  6.9687E+00  5.8948E+00  7.8167E+00  9.3230E+00  8.4947E+00
       1.0151E+01  7.6160E+00  6.2557E+00  6.6144E+00  7.6757E+00  6.0031E+00  5.8610E+00  4.2777E+00  8.7360E+00  1.0684E+01
       9.7874E+00  1.0752E+01  7.0329E+00  6.4252E+00  6.6383E+00  6.8110E+00  5.9857E+00  6.0939E+00  6.2919E+00  7.6035E+00
       9.1764E+00  6.6198E+00  5.9980E+00  7.4375E+00  6.6572E+00  6.7158E+00  6.3955E+00  7.6269E+00  5.7516E+00  6.4662E+00
       7.8025E+00  9.0664E+00  7.3677E+00  4.0746E+00  5.5291E+00  4.9490E+00  4.5665E+00  8.8959E+00  8.5220E+00  9.3046E+00
       9.6366E+00  9.3624E+00  5.7926E+00  7.6849E+00  7.0595E+00  4.7412E+00  6.1838E+00  5.7059E+00  7.6155E+00  7.9040E+00
       8.2974E+00  9.3453E+00  7.3260E+00  7.7674E+00  6.1484E+00  5.5650E+00  5.6170E+00  5.1989E+00  8.5860E+00  1.3085E+01
       1.3014E+01  1.1201E+01  7.5979E+00  9.2047E+00  6.2818E+00  6.2953E+00  9.8119E+00  7.8458E+00  7.6830E+00  7.8861E+00
       1.0280E+01  9.8145E+00  7.2830E+00  1.0842E+01  7.7335E+00  8.0240E+00  9.3086E+00  9.1823E+00  8.6458E+00  8.5321E+00
       9.3996E+00  7.4080E+00  8.7297E+00  9.4057E+00  7.6892E+00  6.6068E+00  6.7736E+00  7.9668E+00  6.9097E+00  1.6822E+01
       8.9621E+00  7.4310E+00  7.1441E+00  1.0309E+01  6.0284E+00  9.8855E+00  5.9268E+00  1.0047E+01  1.1482E+01  8.6083E+00
       1.0560E+01  7.7379E+00  6.0536E+00  6.7816E+00  6.7357E+00  6.5901E+00  1.1060E+01  7.3811E+00  7.9139E+00  1.1902E+01
       1.0627E+01  8.3411E+00  7.3519E+00  5.5236E+00  7.3397E+00  6.5488E+00  8.4399E+00  8.7936E+00  8.8347E+00  9.0924E+00
       9.8286E+00  7.4796E+00  6.4893E+00  6.4697E+00  6.3292E+00  6.3686E+00  7.2608E+00  6.5936E+00  7.1534E+00  7.7090E+00
       8.8936E+00  5.8796E+00  8.7211E+00  7.4506E+00  5.5854E+00  6.8415E+00  5.0429E+00  8.6123E+00  8.5091E+00  9.9425E+00
       8.0709E+00  8.3062E+00  7.5935E+00  8.7241E+00  6.3598E+00  7.4701E+00  6.8052E+00  7.7623E+00  6.7000E+00  6.8442E+00
       1.1414E+01  1.1241E+01  7.8005E+00  9.5828E+00  7.4526E+00  1.0690E+01  7.5053E+00  6.6335E+00  8.9613E+00  1.1944E+01
       1.1625E+01  9.3493E+00  1.4093E+01  1.0349E+01  7.9045E+00  7.6988E+00  8.0949E+00  8.8736E+00  8.2703E+00  1.3167E+01
