1
   Cartesian binning n.   1  "DoseEq    " , generalized particle n.  240
      X coordinate: from -8.5000E+01 to  8.5000E+01 cm,    10 bins ( 1.7000E+01 cm wide)
      Y coordinate: from -2.5000E+01 to  2.5000E+01 cm,    10 bins ( 5.0000E+00 cm wide)
      Z coordinate: from  2.2500E+02 to  2.7500E+02 cm,    10 bins ( 5.0000E+00 cm wide)
      Data follow in a matrix A(ix,iy,iz), format (1(5x,1p,10(1x,e11.4)))

      accurate deposition along the tracks requested
      this is a track-length binning
       1.0347E-04  1.2539E-04  1.5202E-04  1.6683E-04  1.5792E-04  1.7316E-04  1.6090E-04  1.5019E-04  1.2776E-04  1.0734E-04
       1.2535E-04  1.4786E-04  1.7117E-04  1.8745E-04  1.8148E-04  1.8357E-04  1.7355E-04  1.6537E-04  1.5798E-04  1.2254E-04
       1.2243E-04  1.4947E-04  1.8751E-04  1.8683E-04  2.0435E-04  2.0414E-04  1.9607E-04  1.8333E-04  1.5924E-04  1.3289E-04
       1.2820E-04  1.6577E-04  1.9004E-04  2.0626E-04  2.1818E-04  2.0779E-04  2.1236E-04  1.8737E-04  1.7524E-04  1.3943E-04
       1.1525E-04  1.6701E-04  1.9887E-04  1.9974E-04  2.1643E-04  2.2437E-04  2.1031E-04  1.8992E-04  1.7470E-04  1.3034E-04
       1.3322E-04  1.6569E-04  1.6836E-04  1.9303E-04  2.2016E-04  2.1851E-04  2.1380E-04  1.9144E-04  1.8254E-04  1.3252E-04
       1.2345E-04  1.6871E-04  1.8856E-04  2.0777E-04  2.1246E-04  2.0939E-04  1.9829E-04  1.9526E-04  1.7490E-04  1.2883E-04
       1.2934E-04  1.6097E-04  1.6750E-04  1.9874E-04  2.0618E-04  2.1385E-04  1.9015E-04  1.7847E-04  1.5417E-04  1.1459E-04
       1.3159E-04  1.4947E-04  1.7340E-04  1.8899E-04  1.9472E-04  1.9599E-04  1.8462E-04  1.6200E-04  1.4628E-04  1.2216E-04
       1.1403E-04  1.3210E-04  1.4889E-04  1.7265E-04  1.7158E-04  1.6105E-04  1.5578E-04  1.4763E-04  1.3076E-04  1.0431E-04
       9.0508E-05  1.1833E-04  1.4234E-04  1.5405E-04  1.4704E-04  1.5923E-04  1.5087E-04  1.4439E-04  1.1865E-04  8.9866E-05
       1.1881E-04  1.4992E-04  1.6836E-04  1.7890E-04  1.7439E-04  1.8557E-04  1.6521E-04  1.5888E-04  1.4938E-04  1.2374E-04
       1.1413E-04  1.4344E-04  1.8627E-04  1.9409E-04  1.9531E-04  1.9631E-04  1.9489E-04  1.7449E-04  1.6417E-04  1.2391E-04
       1.1697E-04  1.5628E-04  1.7379E-04  2.1200E-04  2.1163E-04  2.2493E-04  2.1054E-04  1.9444E-04  1.6518E-04  1.2508E-04
       1.2311E-04  1.6313E-04  1.8426E-04  2.1214E-04  2.0601E-04  2.1927E-04  2.1119E-04  1.9840E-04  1.7284E-04  1.3470E-04
       1.2776E-04  1.7484E-04  1.7602E-04  1.9965E-04  2.1592E-04  2.1858E-04  2.1461E-04  1.9519E-04  1.8011E-04  1.2242E-04
       1.2064E-04  1.6492E-04  1.7751E-04  2.1053E-04  2.1317E-04  2.1130E-04  2.1050E-04  1.8786E-04  1.6185E-04  1.2556E-04
       1.2634E-04  1.5989E-04  1.6749E-04  1.9433E-04  2.1218E-04  1.9556E-04  1.7604E-04  1.7281E-04  1.4972E-04  1.1052E-04
       1.1939E-04  1.4349E-04  1.6342E-04  1.8685E-04  1.7490E-04  1.7889E-04  1.6727E-04  1.6018E-04  1.3871E-04  1.1289E-04
       9.2646E-05  1.1219E-04  1.3134E-04  1.5996E-04  1.4667E-04  1.4753E-04  1.4083E-04  1.3179E-04  1.1231E-04  9.4605E-05
       7.0585E-05  9.1669E-05  1.0548E-04  1.3206E-04  1.2404E-04  1.3288E-04  1.1451E-04  1.1119E-04  9.8993E-05  6.9059E-05
       9.9735E-05  1.2403E-04  1.4316E-04  1.5248E-04  1.5776E-04  1.6484E-04  1.4821E-04  1.3616E-04  1.3383E-04  9.2292E-05
       9.6919E-05  1.2711E-04  1.6071E-04  1.7949E-04  1.7836E-04  1.6143E-04  1.7620E-04  1.5570E-04  1.4216E-04  1.0722E-04
       1.0740E-04  1.4630E-04  1.6245E-04  1.8866E-04  1.9918E-04  1.9087E-04  1.9098E-04  1.7833E-04  1.4996E-04  1.1032E-04
       1.0373E-04  1.4592E-04  1.7190E-04  1.9002E-04  1.9206E-04  2.0045E-04  1.8702E-04  1.7965E-04  1.4417E-04  1.2362E-04
       1.0628E-04  1.4654E-04  1.6972E-04  1.7062E-04  1.9052E-04  1.9048E-04  1.8405E-04  1.6516E-04  1.5591E-04  1.0908E-04
       1.0472E-04  1.4335E-04  1.7727E-04  1.7656E-04  2.0056E-04  1.9425E-04  1.7825E-04  1.5848E-04  1.5629E-04  1.1070E-04
       1.0722E-04  1.4150E-04  1.5016E-04  1.7401E-04  1.9608E-04  1.7121E-04  1.7258E-04  1.5251E-04  1.4556E-04  8.6103E-05
       9.6777E-05  1.1469E-04  1.3964E-04  1.5890E-04  1.5652E-04  1.5735E-04  1.5701E-04  1.3267E-04  1.1810E-04  9.2210E-05
       7.5703E-05  9.2608E-05  1.1151E-04  1.1892E-04  1.1883E-04  1.1962E-04  1.1393E-04  1.0186E-04  9.0345E-05  7.5076E-05
       6.2226E-05  7.9542E-05  8.5208E-05  1.0500E-04  9.5076E-05  1.0533E-04  9.0014E-05  7.8973E-05  8.3966E-05  5.0716E-05
       7.7143E-05  1.0692E-04  1.1602E-04  1.1702E-04  1.3321E-04  1.4082E-04  1.2821E-04  1.1328E-04  1.0939E-04  7.3808E-05
       7.6118E-05  1.1776E-04  1.2656E-04  1.4153E-04  1.5133E-04  1.5227E-04  1.4188E-04  1.2714E-04  1.1868E-04  7.4155E-05
       8.5925E-05  1.2649E-04  1.3342E-04  1.6215E-04  1.6588E-04  1.5072E-04  1.6481E-04  1.4688E-04  1.2100E-04  8.6280E-05
       8.8225E-05  1.3317E-04  1.5510E-04  1.5640E-04  1.7342E-04  1.6787E-04  1.5608E-04  1.4827E-04  1.2343E-04  9.7603E-05
       9.1914E-05  1.2208E-04  1.4051E-04  1.3538E-04  1.6539E-04  1.6755E-04  1.4764E-04  1.4006E-04  1.4471E-04  9.4744E-05
       9.4235E-05  1.2172E-04  1.4800E-04  1.5031E-04  1.6648E-04  1.4727E-04  1.4746E-04  1.2598E-04  1.4505E-04  8.2085E-05
       8.5102E-05  1.1272E-04  1.2838E-04  1.6161E-04  1.5357E-04  1.5357E-04  1.3951E-04  1.3544E-04  1.2092E-04  7.7134E-05
       7.9463E-05  1.0588E-04  1.0809E-04  1.4038E-04  1.2809E-04  1.3027E-04  1.3488E-04  1.0828E-04  1.1011E-04  7.5605E-05
       5.4643E-05  7.7642E-05  9.2821E-05  9.2713E-05  1.0291E-04  9.7784E-05  9.8765E-05  8.7104E-05  7.4038E-05  5.3739E-05
       4.7713E-05  6.9898E-05  6.9167E-05  8.8628E-05  7.9504E-05  8.9071E-05  7.6205E-05  6.8010E-05  6.5800E-05  3.7575E-05
       6.0214E-05  8.2419E-05  9.2702E-05  9.8031E-05  1.1507E-04  1.1772E-04  1.0953E-04  9.4513E-05  8.7732E-05  5.4348E-05
       5.5133E-05  9.4318E-05  1.1418E-04  1.1771E-04  1.2022E-04  1.2903E-04  1.1704E-04  1.0592E-04  9.6458E-05  6.2456E-05
       7.1561E-05  9.8442E-05  1.1914E-04  1.3942E-04  1.3404E-04  1.2170E-04  1.3334E-04  1.2047E-04  9.9004E-05  7.2790E-05
       7.2800E-05  1.0719E-04  1.2463E-04  1.3596E-04  1.4209E-04  1.4347E-04  1.3191E-04  1.3071E-04  9.6787E-05  7.0751E-05
       7.2901E-05  1.0229E-04  1.2115E-04  1.3762E-04  1.3375E-04  1.3410E-04  1.2505E-04  1.2280E-04  1.1485E-04  7.5214E-05
       7.4086E-05  9.4016E-05  1.3220E-04  1.3045E-04  1.3471E-04  1.3348E-04  1.2952E-04  1.2172E-04  1.0713E-04  7.1557E-05
       7.0064E-05  9.8903E-05  1.1448E-04  1.2948E-04  1.2356E-04  1.3363E-04  1.1837E-04  1.0946E-04  9.8260E-05  6.4671E-05
       6.9662E-05  8.5353E-05  9.4326E-05  1.1562E-04  1.0451E-04  1.0966E-04  1.1433E-04  8.3819E-05  8.4737E-05  5.8060E-05
       4.4616E-05  6.4387E-05  6.6326E-05  7.5570E-05  8.1659E-05  8.1262E-05  7.7603E-05  6.8490E-05  6.4289E-05  4.7447E-05
       3.9118E-05  5.0382E-05  5.8840E-05  6.9083E-05  7.2968E-05  6.8954E-05  6.3371E-05  6.3078E-05  4.8956E-05  3.2279E-05
       5.2084E-05  6.9037E-05  7.8993E-05  8.4254E-05  9.4631E-05  9.4092E-05  1.0022E-04  7.7679E-05  6.9629E-05  4.2954E-05
       5.0916E-05  7.6665E-05  9.0984E-05  8.7867E-05  9.8808E-05  1.0064E-04  1.1337E-04  9.5136E-05  7.7780E-05  5.1121E-05
       4.9364E-05  7.5462E-05  1.0641E-04  1.0487E-04  1.1347E-04  1.0011E-04  1.1189E-04  1.0855E-04  7.9493E-05  6.1505E-05
       5.9078E-05  7.9492E-05  1.1432E-04  1.0969E-04  1.2386E-04  1.1186E-04  1.0892E-04  1.0858E-04  8.6131E-05  6.3099E-05
       5.6463E-05  8.3769E-05  1.0183E-04  1.0084E-04  1.1908E-04  1.0966E-04  1.1236E-04  1.0247E-04  8.9061E-05  5.2216E-05
       5.3652E-05  7.8771E-05  9.6607E-05  1.0763E-04  1.1131E-04  1.1470E-04  1.0512E-04  9.8220E-05  8.6474E-05  6.1016E-05
       5.4840E-05  7.4085E-05  8.6577E-05  1.0579E-04  9.0158E-05  1.1180E-04  9.0554E-05  8.7643E-05  8.0547E-05  5.0063E-05
       4.9579E-05  6.5892E-05  7.8979E-05  9.9299E-05  8.8647E-05  8.7756E-05  8.6720E-05  7.9700E-05  6.3061E-05  4.6168E-05
       3.3494E-05  4.7031E-05  5.7803E-05  6.0047E-05  6.8054E-05  6.0723E-05  5.7534E-05  5.7868E-05  4.5145E-05  4.1249E-05
       3.0115E-05  3.9992E-05  4.6577E-05  5.1579E-05  5.4587E-05  4.7278E-05  5.5526E-05  5.3200E-05  4.2106E-05  2.6970E-05
       4.1316E-05  5.2924E-05  5.8063E-05  6.6298E-05  6.4586E-05  7.2847E-05  7.3883E-05  6.1662E-05  6.3950E-05  3.2921E-05
       3.9211E-05  6.3577E-05  6.4121E-05  8.5111E-05  7.4752E-05  7.7348E-05  8.3853E-05  7.8206E-05  6.1190E-05  3.9203E-05
       4.5920E-05  6.0495E-05  7.7706E-05  7.9130E-05  9.0898E-05  8.2790E-05  8.2478E-05  7.9030E-05  5.9392E-05  4.7515E-05
       5.4919E-05  6.8434E-05  8.8032E-05  8.9901E-05  9.4110E-05  8.9994E-05  9.1044E-05  8.9040E-05  6.7801E-05  5.1314E-05
       4.0050E-05  7.0892E-05  8.1632E-05  9.2657E-05  9.8468E-05  8.7640E-05  9.2237E-05  8.3472E-05  7.0497E-05  4.8729E-05
       3.8685E-05  6.4212E-05  7.6477E-05  9.3628E-05  8.8352E-05  9.8700E-05  9.2447E-05  8.5632E-05  6.1370E-05  5.1411E-05
       4.3433E-05  5.9634E-05  7.5532E-05  8.4624E-05  7.8397E-05  8.9798E-05  7.9220E-05  7.4062E-05  6.2621E-05  4.0512E-05
       3.7758E-05  5.0273E-05  6.1157E-05  7.3980E-05  7.1628E-05  6.9690E-05  6.8938E-05  6.6683E-05  4.5726E-05  3.4407E-05
       2.8982E-05  4.3608E-05  4.1787E-05  5.1913E-05  5.8759E-05  4.9119E-05  5.0093E-05  4.8195E-05  2.9436E-05  2.7483E-05
       1.9694E-05  3.1717E-05  3.4227E-05  3.8125E-05  3.5337E-05  3.4170E-05  4.2804E-05  3.6507E-05  3.5479E-05  1.9537E-05
       2.8940E-05  4.3667E-05  5.1422E-05  5.3887E-05  5.8451E-05  5.5968E-05  5.8791E-05  5.0114E-05  4.7797E-05  2.7389E-05
       3.1969E-05  5.0081E-05  5.5907E-05  6.5003E-05  5.5713E-05  6.4505E-05  6.7813E-05  6.5021E-05  4.8701E-05  2.9642E-05
       3.3676E-05  4.7195E-05  6.1891E-05  7.1204E-05  7.5538E-05  6.8252E-05  6.8001E-05  5.9665E-05  5.4838E-05  3.4248E-05
       4.2465E-05  4.9384E-05  6.2094E-05  7.0984E-05  7.6828E-05  7.5876E-05  6.8308E-05  6.6260E-05  5.2375E-05  3.6228E-05
       3.1473E-05  4.8577E-05  6.1250E-05  7.6198E-05  7.5342E-05  6.9406E-05  7.1558E-05  6.7651E-05  5.5136E-05  3.6832E-05
       2.9903E-05  4.6275E-05  6.7165E-05  7.9100E-05  6.7589E-05  6.8280E-05  7.2872E-05  6.3461E-05  5.4885E-05  3.6571E-05
       3.5405E-05  3.9392E-05  5.7916E-05  7.1860E-05  6.0051E-05  7.0275E-05  5.9402E-05  5.4774E-05  4.6167E-05  3.7755E-05
       2.4468E-05  3.8560E-05  5.1814E-05  6.4993E-05  5.9700E-05  6.3746E-05  5.4510E-05  5.1981E-05  3.7433E-05  3.4631E-05
       2.1804E-05  2.8079E-05  3.3968E-05  3.8086E-05  4.5839E-05  4.5131E-05  3.9674E-05  3.8711E-05  3.0080E-05  2.4692E-05
       1.9096E-05  2.3983E-05  2.6648E-05  3.1097E-05  2.8034E-05  2.7208E-05  3.3218E-05  3.1670E-05  2.4728E-05  1.7914E-05
       2.2349E-05  3.0211E-05  4.1332E-05  3.9249E-05  4.4211E-05  3.9339E-05  4.3581E-05  3.5255E-05  3.3485E-05  2.3372E-05
       2.4330E-05  3.4931E-05  4.2115E-05  4.7745E-05  4.7609E-05  5.2274E-05  4.5116E-05  4.6764E-05  4.0347E-05  2.9510E-05
       2.6883E-05  3.6510E-05  4.9495E-05  5.4157E-05  5.3388E-05  4.9052E-05  4.9247E-05  5.0407E-05  4.4622E-05  2.9706E-05
       2.6673E-05  3.4365E-05  4.8892E-05  5.5511E-05  5.3897E-05  5.0410E-05  4.5929E-05  4.5031E-05  4.6362E-05  2.9720E-05
       2.3323E-05  4.0665E-05  4.6172E-05  5.7416E-05  5.3681E-05  4.9826E-05  5.4648E-05  4.2566E-05  4.3382E-05  2.9768E-05
       2.6239E-05  3.9076E-05  4.4558E-05  5.4116E-05  5.3309E-05  5.0390E-05  5.8871E-05  4.7860E-05  4.3671E-05  2.7984E-05
       2.3856E-05  3.3344E-05  4.5520E-05  5.7603E-05  4.7716E-05  5.3595E-05  5.4015E-05  4.7730E-05  4.1023E-05  2.6834E-05
       2.1351E-05  2.9647E-05  3.5595E-05  4.6698E-05  3.8722E-05  4.7338E-05  4.3130E-05  4.0282E-05  2.8929E-05  2.9958E-05
       1.9399E-05  2.3110E-05  2.6982E-05  3.3700E-05  3.3206E-05  3.3362E-05  3.4563E-05  2.6776E-05  2.4581E-05  1.7474E-05
       1.5848E-05  1.9013E-05  2.1156E-05  2.2634E-05  1.8582E-05  2.1716E-05  2.1085E-05  2.0240E-05  1.6893E-05  1.2578E-05
       1.4182E-05  1.8040E-05  2.5024E-05  2.7105E-05  2.7655E-05  3.1672E-05  2.8919E-05  3.1912E-05  2.0736E-05  1.5905E-05
       1.4383E-05  2.6029E-05  2.8979E-05  3.4937E-05  3.4394E-05  3.4824E-05  2.9310E-05  2.6898E-05  2.5542E-05  1.8034E-05
       1.7423E-05  2.5431E-05  3.0301E-05  3.9368E-05  3.7749E-05  4.2369E-05  3.3487E-05  4.0281E-05  3.0162E-05  2.6283E-05
       1.6954E-05  2.9652E-05  3.9354E-05  3.6800E-05  4.1976E-05  3.7413E-05  3.5162E-05  2.7465E-05  2.9094E-05  2.3876E-05
       1.4015E-05  2.7684E-05  3.0628E-05  3.8356E-05  3.8279E-05  3.4007E-05  3.4370E-05  3.1235E-05  3.2196E-05  2.1583E-05
       1.5462E-05  2.8899E-05  2.9867E-05  2.9551E-05  3.6993E-05  3.1522E-05  3.8080E-05  2.7967E-05  3.4231E-05  1.8109E-05
       1.3484E-05  2.1219E-05  3.0784E-05  3.4946E-05  3.2992E-05  3.0329E-05  3.4135E-05  2.8877E-05  2.8664E-05  1.7347E-05
       1.1904E-05  2.2087E-05  2.3225E-05  2.8235E-05  2.8665E-05  3.3359E-05  2.5387E-05  3.2485E-05  2.1308E-05  1.7987E-05
       1.2432E-05  1.4444E-05  2.1434E-05  2.5645E-05  2.3782E-05  2.4668E-05  2.3830E-05  2.1895E-05  2.0541E-05  1.5595E-05

      Percentage errors follow in a matrix A(ix,iy,iz), format (1(5x,1p,10(1x,e11.4)))

       4.6957E+00  5.7912E+00  3.0591E+00  4.7067E+00  3.2760E+00  5.0833E+00  3.1183E+00  4.0843E+00  5.5392E+00  6.1998E+00
       5.1673E+00  4.2465E+00  4.6493E+00  4.3938E+00  4.0122E+00  3.9455E+00  4.0969E+00  3.8991E+00  5.1421E+00  5.9539E+00
       3.5673E+00  4.3263E+00  5.2674E+00  3.5664E+00  4.8336E+00  4.8058E+00  4.1306E+00  4.4309E+00  4.1323E+00  4.1268E+00
       5.9678E+00  4.5946E+00  3.6850E+00  2.4583E+00  4.3924E+00  3.4709E+00  3.1345E+00  3.4653E+00  5.0532E+00  5.4721E+00
       3.3119E+00  3.6609E+00  4.9350E+00  4.2257E+00  4.5872E+00  3.3336E+00  4.0831E+00  3.6984E+00  3.4286E+00  5.6373E+00
       3.4060E+00  4.6203E+00  5.0429E+00  2.8057E+00  3.7128E+00  3.1261E+00  3.4633E+00  3.4314E+00  4.3560E+00  5.0191E+00
       5.2266E+00  4.5479E+00  3.1195E+00  3.7180E+00  3.7051E+00  4.4985E+00  4.0136E+00  3.5266E+00  4.5845E+00  4.5482E+00
       5.3524E+00  3.8880E+00  4.4896E+00  3.7155E+00  3.7011E+00  4.1027E+00  3.2128E+00  4.0959E+00  3.7600E+00  2.9684E+00
       4.5805E+00  4.3803E+00  4.6950E+00  4.9914E+00  3.7171E+00  4.3889E+00  5.0938E+00  3.6134E+00  4.3065E+00  5.3412E+00
       6.4477E+00  5.4963E+00  4.1551E+00  5.0323E+00  3.9160E+00  3.0721E+00  3.1114E+00  4.0120E+00  4.6498E+00  6.0684E+00
       6.6739E+00  5.5411E+00  3.4463E+00  4.9263E+00  4.3464E+00  6.1424E+00  3.8552E+00  3.6299E+00  5.6188E+00  8.5838E+00
       4.5659E+00  4.4588E+00  5.2477E+00  4.5390E+00  3.4423E+00  4.6997E+00  3.8742E+00  5.0754E+00  4.0632E+00  3.8852E+00
       4.9800E+00  6.0467E+00  4.5735E+00  4.0471E+00  4.4984E+00  5.0933E+00  4.1606E+00  4.7139E+00  4.6323E+00  4.9562E+00
       7.1806E+00  4.9768E+00  3.9168E+00  4.1217E+00  4.6971E+00  4.7602E+00  3.3814E+00  3.2392E+00  4.3239E+00  3.5055E+00
       5.0097E+00  2.8939E+00  3.9670E+00  4.1688E+00  4.7277E+00  2.3167E+00  4.8188E+00  3.9564E+00  3.9240E+00  6.4353E+00
       5.5896E+00  3.2375E+00  4.9058E+00  3.3289E+00  4.5316E+00  3.7089E+00  3.4704E+00  3.6946E+00  4.6497E+00  4.6132E+00
       6.0827E+00  4.8882E+00  4.3565E+00  3.8731E+00  3.6591E+00  4.9225E+00  3.7106E+00  5.1232E+00  3.5377E+00  5.3970E+00
       5.7311E+00  3.6655E+00  4.6218E+00  4.0110E+00  4.7487E+00  4.6868E+00  4.1430E+00  3.8030E+00  5.0298E+00  4.8137E+00
       4.6634E+00  4.9671E+00  4.8361E+00  4.7817E+00  4.7995E+00  4.0092E+00  5.2881E+00  3.4101E+00  4.4686E+00  5.1306E+00
       5.7259E+00  4.2384E+00  4.9750E+00  4.9609E+00  5.3205E+00  4.1830E+00  3.5404E+00  4.8796E+00  5.1833E+00  6.2297E+00
       7.3708E+00  4.9995E+00  4.6603E+00  4.2973E+00  6.5535E+00  4.8919E+00  5.3599E+00  6.5878E+00  5.0685E+00  6.6485E+00
       6.1828E+00  5.7481E+00  6.1725E+00  4.1745E+00  3.9208E+00  6.8050E+00  4.1214E+00  6.3900E+00  5.4204E+00  5.0550E+00
       5.9250E+00  6.4838E+00  6.2785E+00  4.6439E+00  4.2557E+00  5.8556E+00  4.9508E+00  4.6924E+00  4.0856E+00  7.0666E+00
       6.8634E+00  4.4229E+00  4.2569E+00  5.0368E+00  4.1749E+00  3.6706E+00  2.9535E+00  4.4031E+00  5.1253E+00  4.1558E+00
       6.8266E+00  5.6065E+00  4.1161E+00  3.6363E+00  4.1396E+00  4.5910E+00  4.5739E+00  4.7198E+00  3.6915E+00  4.4439E+00
       5.1108E+00  6.2111E+00  5.2122E+00  4.0173E+00  4.5874E+00  4.1000E+00  3.7356E+00  3.4034E+00  4.2965E+00  6.8628E+00
       6.0880E+00  6.6390E+00  5.6238E+00  4.2631E+00  5.1881E+00  4.3535E+00  3.5363E+00  4.8208E+00  5.0622E+00  6.7669E+00
       5.2662E+00  4.5291E+00  5.0500E+00  5.4455E+00  4.4757E+00  5.8822E+00  4.6747E+00  6.1855E+00  4.7279E+00  6.4968E+00
       4.7386E+00  4.4529E+00  4.9382E+00  3.6388E+00  4.1155E+00  5.3122E+00  5.2445E+00  5.6720E+00  5.0292E+00  3.9770E+00
       7.4331E+00  5.4987E+00  5.2279E+00  4.2705E+00  4.5822E+00  5.5502E+00  5.8957E+00  5.2733E+00  6.0867E+00  7.5320E+00
       6.7399E+00  5.5082E+00  4.1457E+00  3.6477E+00  6.1677E+00  5.5043E+00  5.1042E+00  6.8894E+00  5.5224E+00  8.7486E+00
       5.7757E+00  6.4490E+00  5.9984E+00  4.1339E+00  5.9748E+00  6.5648E+00  3.6724E+00  5.3512E+00  5.0377E+00  8.2426E+00
       7.9560E+00  7.6760E+00  4.9037E+00  5.6923E+00  5.0378E+00  4.2493E+00  4.3682E+00  6.1325E+00  4.5684E+00  6.2147E+00
       6.2591E+00  6.0742E+00  4.4435E+00  4.5038E+00  5.1704E+00  4.1823E+00  3.8134E+00  4.6624E+00  6.7465E+00  4.8537E+00
       5.2934E+00  6.9886E+00  4.0065E+00  3.3856E+00  5.9457E+00  4.0903E+00  4.4403E+00  4.9276E+00  4.9333E+00  4.6971E+00
       5.4924E+00  5.6461E+00  5.9305E+00  3.9670E+00  4.2725E+00  3.3593E+00  4.9885E+00  5.5481E+00  5.9313E+00  6.3797E+00
       6.5146E+00  6.4093E+00  4.8856E+00  3.8826E+00  4.4816E+00  3.9793E+00  3.6602E+00  4.4230E+00  4.6392E+00  6.6680E+00
       6.4505E+00  5.6000E+00  4.9884E+00  4.7381E+00  4.6694E+00  5.3375E+00  3.9778E+00  5.3318E+00  7.4688E+00  5.6659E+00
       8.1148E+00  6.3582E+00  6.9754E+00  3.8723E+00  4.2535E+00  5.3090E+00  3.8249E+00  5.4146E+00  4.3989E+00  4.6766E+00
       8.6323E+00  8.0304E+00  5.9984E+00  6.7148E+00  6.6792E+00  4.9636E+00  5.2831E+00  6.7262E+00  8.2451E+00  8.4463E+00
       7.7285E+00  6.1825E+00  6.2113E+00  6.3934E+00  5.8281E+00  5.3510E+00  6.9391E+00  7.3152E+00  6.3252E+00  9.2082E+00
       6.3914E+00  5.6399E+00  5.3141E+00  5.6649E+00  6.0251E+00  5.1706E+00  5.6293E+00  5.8168E+00  4.8128E+00  6.3082E+00
       7.0677E+00  6.4621E+00  6.9857E+00  5.6310E+00  5.8994E+00  5.7568E+00  5.7296E+00  5.6499E+00  6.8750E+00  7.9960E+00
       9.7625E+00  4.9095E+00  3.8009E+00  4.9267E+00  4.1293E+00  5.4816E+00  3.7343E+00  3.0183E+00  6.1418E+00  6.0361E+00
       6.3658E+00  7.1123E+00  5.7131E+00  4.1964E+00  4.9535E+00  5.5436E+00  5.9371E+00  4.9594E+00  6.1101E+00  5.3257E+00
       5.4835E+00  7.7419E+00  6.2787E+00  5.2293E+00  5.0382E+00  4.3808E+00  5.5066E+00  5.8729E+00  5.3492E+00  8.0737E+00
       4.9523E+00  9.0762E+00  4.9052E+00  4.3609E+00  5.2611E+00  6.7448E+00  4.3058E+00  6.0482E+00  6.9887E+00  6.8809E+00
       6.5612E+00  7.9742E+00  4.5708E+00  4.2567E+00  5.6498E+00  4.5095E+00  4.8746E+00  6.8546E+00  6.5132E+00  7.9552E+00
       1.1271E+01  7.8878E+00  5.4346E+00  6.0414E+00  4.6583E+00  4.6699E+00  6.3918E+00  5.5343E+00  6.2270E+00  6.5709E+00
       9.8254E+00  9.9969E+00  6.7526E+00  4.8099E+00  7.3709E+00  5.7598E+00  6.2785E+00  9.2661E+00  6.0405E+00  7.2905E+00
       7.0931E+00  9.1837E+00  5.9647E+00  6.5280E+00  7.2250E+00  6.0215E+00  8.7320E+00  8.2419E+00  8.5370E+00  9.6005E+00
       8.2177E+00  7.7457E+00  7.8004E+00  5.9470E+00  4.7112E+00  5.1990E+00  4.5692E+00  6.4735E+00  5.4303E+00  1.0305E+01
       8.4782E+00  5.8795E+00  5.7153E+00  5.0723E+00  3.9024E+00  5.8691E+00  4.4093E+00  5.3104E+00  7.3925E+00  8.3065E+00
       8.8181E+00  5.4482E+00  5.9170E+00  6.4811E+00  4.6397E+00  6.2472E+00  6.9455E+00  5.6327E+00  6.6354E+00  6.4409E+00
       1.0229E+01  6.3967E+00  5.6435E+00  3.3372E+00  6.4774E+00  4.1785E+00  7.1860E+00  5.4727E+00  6.6466E+00  6.4791E+00
       6.8362E+00  6.5370E+00  7.0543E+00  4.9926E+00  5.3770E+00  5.7995E+00  4.3205E+00  5.7965E+00  5.6192E+00  7.3462E+00
       8.8331E+00  6.8534E+00  6.7255E+00  4.1705E+00  5.6499E+00  4.6075E+00  5.2597E+00  5.7659E+00  8.1589E+00  7.8260E+00
       7.3394E+00  7.3679E+00  6.6586E+00  5.1957E+00  8.3534E+00  4.8516E+00  4.9599E+00  6.9486E+00  6.7743E+00  8.8603E+00
       9.0523E+00  8.7081E+00  8.0707E+00  6.3513E+00  6.9776E+00  6.3235E+00  6.1297E+00  6.8923E+00  8.2369E+00  9.6536E+00
       7.2650E+00  1.0523E+01  6.9906E+00  5.2664E+00  6.8880E+00  7.5802E+00  5.2820E+00  8.6225E+00  7.7128E+00  8.2019E+00
       1.0642E+01  9.0820E+00  9.3745E+00  7.8033E+00  1.0802E+01  7.9156E+00  9.9920E+00  1.0937E+01  1.2075E+01  9.4539E+00
       9.9610E+00  7.4701E+00  7.7829E+00  7.9642E+00  6.6920E+00  6.0433E+00  5.2548E+00  8.9654E+00  4.9322E+00  9.5296E+00
       8.9080E+00  7.8079E+00  5.0065E+00  7.9638E+00  6.8802E+00  6.8171E+00  5.4402E+00  6.0170E+00  8.4003E+00  7.4071E+00
       9.8751E+00  6.4395E+00  5.8887E+00  6.8861E+00  7.0685E+00  6.9302E+00  8.7990E+00  6.0004E+00  7.4547E+00  8.7359E+00
       8.4912E+00  7.5309E+00  5.6058E+00  8.0722E+00  7.1781E+00  6.4671E+00  6.9404E+00  6.6511E+00  8.7280E+00  8.3409E+00
       5.4775E+00  7.0404E+00  7.0654E+00  7.1049E+00  7.0240E+00  5.1976E+00  4.4781E+00  6.3403E+00  7.9495E+00  8.8184E+00
       7.1088E+00  8.4230E+00  7.4129E+00  6.9500E+00  5.2628E+00  5.9664E+00  6.2731E+00  7.1637E+00  7.4030E+00  9.7486E+00
       8.0287E+00  7.8076E+00  7.8322E+00  7.8297E+00  6.7104E+00  7.2958E+00  5.8959E+00  7.1231E+00  8.0488E+00  7.0854E+00
       1.1400E+01  1.0910E+01  5.8669E+00  6.4252E+00  6.6571E+00  6.3659E+00  6.1743E+00  5.2367E+00  9.1446E+00  5.8015E+00
       1.0007E+01  7.9105E+00  6.7987E+00  9.3433E+00  8.8245E+00  8.8277E+00  7.1229E+00  7.9771E+00  9.0862E+00  1.0370E+01
       1.0218E+01  1.1745E+01  1.0863E+01  8.4987E+00  9.4960E+00  9.4000E+00  1.0722E+01  8.9800E+00  1.1812E+01  1.2572E+01
       8.7202E+00  8.9336E+00  7.1753E+00  7.9911E+00  5.4286E+00  7.6391E+00  6.1724E+00  6.7179E+00  8.8278E+00  7.1421E+00
       1.2027E+01  1.0286E+01  9.0009E+00  9.2162E+00  7.0776E+00  6.5796E+00  7.5845E+00  6.6010E+00  8.9234E+00  9.8792E+00
       1.2508E+01  9.4599E+00  6.8182E+00  8.1681E+00  7.4697E+00  6.2955E+00  7.9781E+00  7.7028E+00  1.0449E+01  8.7147E+00
       8.1584E+00  8.5046E+00  5.2134E+00  4.9250E+00  6.5186E+00  7.8562E+00  7.8055E+00  7.5857E+00  1.0816E+01  9.5609E+00
       9.4798E+00  7.5657E+00  8.8323E+00  6.7227E+00  5.6210E+00  5.6973E+00  8.4597E+00  7.2818E+00  9.5116E+00  9.2122E+00
       1.0732E+01  8.5653E+00  7.8780E+00  7.4846E+00  7.6548E+00  5.3769E+00  5.9642E+00  7.0741E+00  8.2351E+00  1.3478E+01
       1.0959E+01  8.6270E+00  5.7645E+00  9.1243E+00  6.3458E+00  8.3036E+00  7.3933E+00  6.3552E+00  1.0540E+01  9.1240E+00
       1.4776E+01  1.0291E+01  7.1564E+00  8.6862E+00  6.7945E+00  5.5180E+00  8.1622E+00  6.6860E+00  9.3070E+00  1.0949E+01
       1.5075E+01  9.3203E+00  8.2083E+00  9.8730E+00  6.3260E+00  6.3860E+00  7.8725E+00  8.7451E+00  9.0020E+00  1.2593E+01
       1.0011E+01  1.1908E+01  1.4103E+01  7.4914E+00  1.2038E+01  9.7395E+00  1.3298E+01  1.1572E+01  1.1997E+01  1.2994E+01
       9.5181E+00  1.0325E+01  8.8674E+00  8.7971E+00  7.3341E+00  9.9134E+00  9.6976E+00  8.3099E+00  1.0572E+01  9.5834E+00
       1.1893E+01  1.0030E+01  9.7301E+00  8.7215E+00  8.5767E+00  8.6780E+00  8.5277E+00  9.1128E+00  1.4389E+01  1.0291E+01
       1.0245E+01  6.7681E+00  8.9091E+00  8.9227E+00  8.6122E+00  8.1172E+00  7.2066E+00  8.5606E+00  9.2756E+00  1.2591E+01
       1.0292E+01  9.7081E+00  8.3922E+00  7.7212E+00  6.0484E+00  6.1941E+00  7.1737E+00  1.1347E+01  1.0036E+01  1.1908E+01
       7.5796E+00  7.7495E+00  1.0777E+01  7.7659E+00  7.6576E+00  8.9595E+00  8.7343E+00  9.8818E+00  1.0095E+01  1.2786E+01
       1.0046E+01  1.0286E+01  1.0840E+01  6.8354E+00  7.4048E+00  6.0289E+00  6.0819E+00  7.4754E+00  1.0043E+01  1.4098E+01
       1.2277E+01  1.2804E+01  7.2391E+00  8.7573E+00  9.5973E+00  6.8865E+00  9.9960E+00  7.6079E+00  9.7250E+00  1.0974E+01
       1.0711E+01  1.0935E+01  1.1695E+01  7.5868E+00  9.9734E+00  7.0203E+00  6.0300E+00  9.5427E+00  9.8866E+00  9.4125E+00
       1.5277E+01  1.2977E+01  1.0494E+01  9.0570E+00  1.0665E+01  8.9874E+00  9.1893E+00  1.0462E+01  1.0314E+01  1.4106E+01
       1.4137E+01  1.3085E+01  9.5070E+00  1.0857E+01  1.1909E+01  1.4560E+01  1.2647E+01  1.1842E+01  1.1055E+01  1.3374E+01
       1.3986E+01  1.6088E+01  8.7270E+00  1.1988E+01  1.0667E+01  8.6920E+00  7.9455E+00  1.1261E+01  9.4659E+00  1.2390E+01
       1.4747E+01  9.8200E+00  8.4503E+00  1.0233E+01  9.8404E+00  1.2002E+01  1.1362E+01  1.0128E+01  1.0730E+01  1.2104E+01
       1.3881E+01  1.1374E+01  1.0200E+01  9.9437E+00  7.7953E+00  6.8851E+00  9.3551E+00  9.9488E+00  1.1558E+01  1.2577E+01
       1.4003E+01  8.8043E+00  8.6769E+00  9.6846E+00  8.3062E+00  7.2342E+00  1.2572E+01  1.0181E+01  8.3625E+00  1.1386E+01
       1.3299E+01  1.1969E+01  1.1434E+01  8.3665E+00  1.0200E+01  7.3340E+00  8.4353E+00  1.1068E+01  8.3373E+00  1.0026E+01
       1.2341E+01  7.7937E+00  1.2234E+01  9.9207E+00  7.9594E+00  9.9012E+00  1.0511E+01  1.1258E+01  9.7675E+00  1.2053E+01
       1.0766E+01  1.0063E+01  8.9289E+00  1.0518E+01  9.2768E+00  7.8049E+00  8.3598E+00  1.0395E+01  1.0373E+01  1.1591E+01
       1.2970E+01  1.1680E+01  1.3984E+01  1.1715E+01  1.2166E+01  1.0394E+01  1.2348E+01  1.0088E+01  1.0935E+01  1.5570E+01
       1.5377E+01  1.6497E+01  1.5603E+01  9.9860E+00  1.2114E+01  1.0312E+01  1.1361E+01  1.0158E+01  1.3278E+01  1.3993E+01
