1
   Cartesian binning n.   1  "DoseEq    " , generalized particle n.  240
      X coordinate: from -8.5000E+01 to  8.5000E+01 cm,    10 bins ( 1.7000E+01 cm wide)
      Y coordinate: from -2.5000E+01 to  2.5000E+01 cm,    10 bins ( 5.0000E+00 cm wide)
      Z coordinate: from  2.2500E+02 to  2.7500E+02 cm,    10 bins ( 5.0000E+00 cm wide)
      Data follow in a matrix A(ix,iy,iz), format (1(5x,1p,10(1x,e11.4)))

      accurate deposition along the tracks requested
      this is a track-length binning
       2.9757E-03  4.9837E-03  8.6434E-03  1.5656E-02  2.6487E-02  2.6560E-02  1.5570E-02  8.5702E-03  5.0046E-03  2.9744E-03
       3.2337E-03  5.6560E-03  9.8814E-03  1.9205E-02  3.7525E-02  3.7723E-02  1.9329E-02  9.8727E-03  5.6929E-03  3.3001E-03
       3.4821E-03  6.1117E-03  1.0929E-02  2.2837E-02  5.6561E-02  5.6612E-02  2.2889E-02  1.0857E-02  6.0487E-03  3.4489E-03
       3.6624E-03  6.3668E-03  1.1537E-02  2.6098E-02  8.8496E-02  8.8665E-02  2.6001E-02  1.1688E-02  6.3638E-03  3.5777E-03
       3.7636E-03  6.6483E-03  1.2028E-02  2.7907E-02  1.2170E-01  1.2180E-01  2.8129E-02  1.2156E-02  6.6148E-03  3.7205E-03
       3.8033E-03  6.8379E-03  1.2341E-02  2.8253E-02  1.2169E-01  1.2179E-01  2.8421E-02  1.2294E-02  6.7632E-03  3.8311E-03
       3.9158E-03  6.8823E-03  1.2466E-02  2.7148E-02  8.9679E-02  9.0148E-02  2.7129E-02  1.2446E-02  6.9396E-03  3.9290E-03
       4.1290E-03  7.1644E-03  1.2495E-02  2.5116E-02  5.9572E-02  5.9577E-02  2.5196E-02  1.2591E-02  7.1874E-03  4.1447E-03
       4.6040E-03  8.1240E-03  1.3415E-02  2.4371E-02  4.3793E-02  4.4050E-02  2.4342E-02  1.3572E-02  8.0545E-03  4.6930E-03
       6.3892E-03  1.0813E-02  1.7188E-02  2.7625E-02  4.1541E-02  4.1328E-02  2.7627E-02  1.7132E-02  1.0728E-02  6.4006E-03
       3.0097E-03  4.9853E-03  8.3648E-03  1.4706E-02  2.4559E-02  2.4630E-02  1.4750E-02  8.3079E-03  5.0060E-03  2.9740E-03
       3.3524E-03  5.8172E-03  9.8237E-03  1.8485E-02  3.5870E-02  3.5774E-02  1.8532E-02  9.8008E-03  5.7571E-03  3.3962E-03
       3.6464E-03  6.3448E-03  1.0899E-02  2.1964E-02  5.4298E-02  5.4300E-02  2.2040E-02  1.0961E-02  6.2592E-03  3.6511E-03
       3.8502E-03  6.6440E-03  1.1656E-02  2.4939E-02  8.4116E-02  8.4320E-02  2.5035E-02  1.1708E-02  6.6157E-03  3.7541E-03
       3.9364E-03  6.8988E-03  1.2232E-02  2.6914E-02  1.1310E-01  1.1323E-01  2.7154E-02  1.2336E-02  6.9705E-03  3.9315E-03
       3.9736E-03  7.1233E-03  1.2500E-02  2.7401E-02  1.1322E-01  1.1328E-01  2.7395E-02  1.2462E-02  7.1217E-03  4.0287E-03
       4.2126E-03  7.3371E-03  1.2736E-02  2.6606E-02  8.5429E-02  8.5981E-02  2.6495E-02  1.2756E-02  7.2509E-03  4.1971E-03
       4.4470E-03  7.6739E-03  1.3096E-02  2.4988E-02  5.8059E-02  5.7683E-02  2.4928E-02  1.3086E-02  7.7716E-03  4.4363E-03
       5.0933E-03  8.7538E-03  1.4286E-02  2.4662E-02  4.3096E-02  4.3348E-02  2.4680E-02  1.4200E-02  8.7334E-03  5.0061E-03
       6.7878E-03  1.1460E-02  1.7762E-02  2.7702E-02  4.0748E-02  4.0488E-02  2.7842E-02  1.7766E-02  1.1268E-02  6.8374E-03
       2.9401E-03  4.8037E-03  7.8882E-03  1.3523E-02  2.2339E-02  2.2188E-02  1.3353E-02  7.8360E-03  4.8016E-03  2.8597E-03
       3.4186E-03  5.6585E-03  9.4278E-03  1.7018E-02  3.3055E-02  3.3001E-02  1.7250E-02  9.3877E-03  5.6153E-03  3.2939E-03
       3.6512E-03  6.2553E-03  1.0472E-02  2.0279E-02  5.0549E-02  5.0500E-02  2.0366E-02  1.0430E-02  6.1752E-03  3.6342E-03
       3.8576E-03  6.5729E-03  1.1362E-02  2.3170E-02  7.6893E-02  7.7090E-02  2.3121E-02  1.1398E-02  6.5225E-03  3.8284E-03
       3.9473E-03  6.8979E-03  1.1907E-02  2.4998E-02  1.0173E-01  1.0183E-01  2.5235E-02  1.1917E-02  6.8482E-03  3.9030E-03
       4.0643E-03  7.1643E-03  1.2130E-02  2.5458E-02  1.0216E-01  1.0184E-01  2.5624E-02  1.2067E-02  7.0752E-03  4.0791E-03
       4.2319E-03  7.3582E-03  1.2328E-02  2.4947E-02  7.8411E-02  7.8940E-02  2.4789E-02  1.2367E-02  7.3227E-03  4.2192E-03
       4.4719E-03  7.7118E-03  1.2676E-02  2.3618E-02  5.4212E-02  5.3827E-02  2.3475E-02  1.2743E-02  7.7316E-03  4.4298E-03
       5.1633E-03  8.6755E-03  1.3901E-02  2.3277E-02  4.0297E-02  4.0336E-02  2.3380E-02  1.3853E-02  8.6668E-03  5.0507E-03
       6.7168E-03  1.1044E-02  1.7150E-02  2.6178E-02  3.7578E-02  3.7695E-02  2.6303E-02  1.7257E-02  1.1113E-02  6.6389E-03
       2.8334E-03  4.5539E-03  7.3387E-03  1.2200E-02  1.9655E-02  1.9600E-02  1.2111E-02  7.3788E-03  4.5365E-03  2.7731E-03
       3.3130E-03  5.4385E-03  8.8248E-03  1.5468E-02  2.9758E-02  2.9574E-02  1.5553E-02  8.9019E-03  5.4380E-03  3.1430E-03
       3.4294E-03  5.9420E-03  9.8401E-03  1.8434E-02  4.5692E-02  4.5777E-02  1.8535E-02  9.8422E-03  5.9131E-03  3.5043E-03
       3.7347E-03  6.3457E-03  1.0596E-02  2.1004E-02  6.9126E-02  6.9110E-02  2.1062E-02  1.0651E-02  6.3203E-03  3.7419E-03
       3.8157E-03  6.6439E-03  1.1207E-02  2.2792E-02  9.0563E-02  9.0331E-02  2.2970E-02  1.1205E-02  6.6178E-03  3.8490E-03
       3.9872E-03  6.9015E-03  1.1411E-02  2.3250E-02  9.0494E-02  9.0303E-02  2.3352E-02  1.1492E-02  6.8122E-03  3.9625E-03
       4.0844E-03  7.1927E-03  1.1646E-02  2.2706E-02  7.0697E-02  7.1012E-02  2.2529E-02  1.1685E-02  7.0684E-03  4.0346E-03
       4.3577E-03  7.5087E-03  1.1976E-02  2.1367E-02  4.9353E-02  4.9235E-02  2.1418E-02  1.1981E-02  7.4255E-03  4.2864E-03
       4.9008E-03  8.4169E-03  1.3129E-02  2.1358E-02  3.6696E-02  3.6703E-02  2.1437E-02  1.3116E-02  8.3461E-03  4.8555E-03
       6.4215E-03  1.0595E-02  1.6119E-02  2.4104E-02  3.4040E-02  3.4202E-02  2.4079E-02  1.6030E-02  1.0558E-02  6.4191E-03
       2.6658E-03  4.3041E-03  6.7414E-03  1.0806E-02  1.7385E-02  1.7303E-02  1.0754E-02  6.7192E-03  4.2075E-03  2.6204E-03
       3.0392E-03  5.1605E-03  8.1644E-03  1.3763E-02  2.6460E-02  2.6112E-02  1.3935E-02  8.1350E-03  5.0835E-03  2.9801E-03
       3.3253E-03  5.6880E-03  9.0733E-03  1.6422E-02  4.1083E-02  4.0907E-02  1.6522E-02  9.1291E-03  5.5904E-03  3.3106E-03
       3.5675E-03  6.1168E-03  9.8628E-03  1.8840E-02  6.1652E-02  6.1452E-02  1.8846E-02  9.8354E-03  6.0514E-03  3.5233E-03
       3.6653E-03  6.3012E-03  1.0377E-02  2.0504E-02  7.9850E-02  7.9896E-02  2.0664E-02  1.0331E-02  6.2511E-03  3.6619E-03
       3.7825E-03  6.5461E-03  1.0546E-02  2.0889E-02  7.9772E-02  7.9822E-02  2.0940E-02  1.0628E-02  6.4560E-03  3.7434E-03
       3.8570E-03  6.8017E-03  1.0758E-02  2.0238E-02  6.3003E-02  6.3057E-02  2.0372E-02  1.0806E-02  6.7344E-03  3.8538E-03
       4.1152E-03  7.0290E-03  1.1107E-02  1.9387E-02  4.4204E-02  4.3987E-02  1.9397E-02  1.1101E-02  7.0351E-03  4.0287E-03
       4.6251E-03  7.8637E-03  1.2129E-02  1.9293E-02  3.2849E-02  3.2803E-02  1.9334E-02  1.2187E-02  7.7848E-03  4.5516E-03
       6.0103E-03  9.8762E-03  1.4825E-02  2.1765E-02  3.0545E-02  3.0466E-02  2.1894E-02  1.4789E-02  9.8933E-03  6.0240E-03
       2.4637E-03  3.9866E-03  6.1023E-03  9.3260E-03  1.4783E-02  1.4782E-02  9.3651E-03  6.0870E-03  3.9469E-03  2.5097E-03
       2.8924E-03  4.7962E-03  7.3967E-03  1.1870E-02  2.2836E-02  2.2695E-02  1.2013E-02  7.3393E-03  4.7342E-03  2.8264E-03
       3.1509E-03  5.2595E-03  8.2578E-03  1.4320E-02  3.5674E-02  3.5648E-02  1.4152E-02  8.2840E-03  5.2141E-03  3.0955E-03
       3.3252E-03  5.6336E-03  8.8801E-03  1.6408E-02  5.4140E-02  5.3766E-02  1.6351E-02  8.7701E-03  5.5619E-03  3.3372E-03
       3.5068E-03  5.8420E-03  9.3774E-03  1.7744E-02  6.9608E-02  6.9704E-02  1.7886E-02  9.2402E-03  5.8204E-03  3.4633E-03
       3.5361E-03  6.0681E-03  9.5021E-03  1.8129E-02  6.9989E-02  6.9489E-02  1.8304E-02  9.5478E-03  5.9872E-03  3.5168E-03
       3.5641E-03  6.1904E-03  9.6671E-03  1.7604E-02  5.5412E-02  5.5330E-02  1.7651E-02  9.7096E-03  6.2367E-03  3.6064E-03
       3.8285E-03  6.5334E-03  1.0085E-02  1.6751E-02  3.8977E-02  3.8435E-02  1.6834E-02  1.0074E-02  6.4891E-03  3.8360E-03
       4.3449E-03  7.2554E-03  1.0964E-02  1.6915E-02  2.8639E-02  2.8707E-02  1.6862E-02  1.0995E-02  7.2449E-03  4.2802E-03
       5.6356E-03  9.1770E-03  1.3562E-02  1.9423E-02  2.6772E-02  2.6692E-02  1.9341E-02  1.3545E-02  9.1175E-03  5.6115E-03
       2.3002E-03  3.6654E-03  5.3920E-03  8.0339E-03  1.0816E-02  1.0701E-02  8.0248E-03  5.4788E-03  3.6280E-03  2.3176E-03
       2.6468E-03  4.4016E-03  6.5163E-03  9.8966E-03  1.4538E-02  1.4315E-02  9.8361E-03  6.5655E-03  4.3164E-03  2.6230E-03
       2.8975E-03  4.8676E-03  7.4084E-03  1.1335E-02  1.9379E-02  1.9187E-02  1.1300E-02  7.3326E-03  4.7052E-03  2.8724E-03
       3.0200E-03  5.1001E-03  7.8807E-03  1.2482E-02  2.5473E-02  2.5444E-02  1.2524E-02  7.8757E-03  5.0336E-03  3.1188E-03
       3.1308E-03  5.3216E-03  8.3444E-03  1.3243E-02  3.0723E-02  3.0770E-02  1.3333E-02  8.2358E-03  5.3083E-03  3.2120E-03
       3.2937E-03  5.5105E-03  8.4254E-03  1.3671E-02  3.1095E-02  3.1000E-02  1.3693E-02  8.4277E-03  5.5311E-03  3.2311E-03
       3.3929E-03  5.7146E-03  8.7414E-03  1.3658E-02  2.6775E-02  2.6618E-02  1.3618E-02  8.7703E-03  5.6414E-03  3.3667E-03
       3.5551E-03  6.0364E-03  9.0997E-03  1.3642E-02  2.2132E-02  2.1896E-02  1.3707E-02  9.0310E-03  5.9654E-03  3.5051E-03
       4.0307E-03  6.6499E-03  1.0004E-02  1.4385E-02  1.9758E-02  1.9925E-02  1.4294E-02  9.8566E-03  6.6309E-03  3.9177E-03
       5.2240E-03  8.4053E-03  1.2362E-02  1.7116E-02  2.1604E-02  2.1374E-02  1.7102E-02  1.2310E-02  8.4216E-03  5.1879E-03
       2.1250E-03  3.3470E-03  4.8973E-03  7.0458E-03  9.1306E-03  9.0586E-03  7.0997E-03  4.9078E-03  3.2995E-03  2.0827E-03
       2.3928E-03  3.8951E-03  5.8237E-03  8.5765E-03  1.1471E-02  1.1366E-02  8.5542E-03  5.8668E-03  3.9188E-03  2.4145E-03
       2.6630E-03  4.3053E-03  6.4816E-03  9.7912E-03  1.3428E-02  1.3328E-02  9.7417E-03  6.4554E-03  4.2799E-03  2.5752E-03
       2.7796E-03  4.5918E-03  6.9933E-03  1.0647E-02  1.4943E-02  1.5003E-02  1.0549E-02  6.9227E-03  4.5637E-03  2.7415E-03
       2.8425E-03  4.7431E-03  7.2835E-03  1.1006E-02  1.6125E-02  1.6057E-02  1.1050E-02  7.3258E-03  4.7152E-03  2.8348E-03
       2.9889E-03  4.9617E-03  7.5126E-03  1.1393E-02  1.6479E-02  1.6367E-02  1.1535E-02  7.6079E-03  4.9107E-03  2.9261E-03
       3.0219E-03  5.1025E-03  7.7027E-03  1.1706E-02  1.6072E-02  1.6082E-02  1.1682E-02  7.7266E-03  5.1073E-03  3.0596E-03
       3.2169E-03  5.4913E-03  8.1222E-03  1.1799E-02  1.5679E-02  1.5732E-02  1.1805E-02  8.0707E-03  5.3485E-03  3.1726E-03
       3.6296E-03  5.9617E-03  8.8404E-03  1.2521E-02  1.6107E-02  1.6049E-02  1.2496E-02  8.8317E-03  5.9901E-03  3.6432E-03
       4.8206E-03  7.5794E-03  1.1054E-02  1.5037E-02  1.8506E-02  1.8536E-02  1.5037E-02  1.1027E-02  7.6117E-03  4.6753E-03
       1.9020E-03  2.9777E-03  4.2584E-03  6.1064E-03  7.7095E-03  7.6975E-03  6.0015E-03  4.3263E-03  2.9999E-03  1.8825E-03
       2.1384E-03  3.4401E-03  5.0595E-03  7.3583E-03  9.4533E-03  9.4652E-03  7.3226E-03  5.0627E-03  3.4247E-03  2.1229E-03
       2.2812E-03  3.7593E-03  5.6260E-03  8.1923E-03  1.0833E-02  1.0830E-02  8.2271E-03  5.5368E-03  3.7328E-03  2.3172E-03
       2.4354E-03  4.0509E-03  6.0614E-03  8.8796E-03  1.2038E-02  1.2175E-02  8.8959E-03  5.9337E-03  3.9838E-03  2.4270E-03
       2.4935E-03  4.1270E-03  6.2142E-03  9.2708E-03  1.2851E-02  1.2874E-02  9.3249E-03  6.2399E-03  4.1371E-03  2.5724E-03
       2.6080E-03  4.2534E-03  6.4677E-03  9.6457E-03  1.3159E-02  1.3180E-02  9.6295E-03  6.5352E-03  4.2538E-03  2.6173E-03
       2.6363E-03  4.3763E-03  6.5561E-03  9.7209E-03  1.2913E-02  1.2899E-02  9.7420E-03  6.6828E-03  4.4291E-03  2.6273E-03
       2.8081E-03  4.6143E-03  6.8653E-03  9.9647E-03  1.2731E-02  1.2858E-02  9.8381E-03  6.8893E-03  4.6171E-03  2.8015E-03
       3.1566E-03  5.2065E-03  7.5579E-03  1.0648E-02  1.3354E-02  1.3274E-02  1.0553E-02  7.5834E-03  5.1854E-03  3.2039E-03
       4.2513E-03  6.6474E-03  9.5802E-03  1.3108E-02  1.5818E-02  1.5841E-02  1.2948E-02  9.5322E-03  6.7300E-03  4.2326E-03
       1.6395E-03  2.5601E-03  3.5609E-03  4.9707E-03  6.2072E-03  6.2880E-03  5.0195E-03  3.6011E-03  2.5618E-03  1.6406E-03
       1.8459E-03  2.8417E-03  4.1130E-03  5.9108E-03  7.4071E-03  7.4603E-03  5.8925E-03  4.1756E-03  2.8019E-03  1.7873E-03
       1.9350E-03  3.0424E-03  4.6245E-03  6.5816E-03  8.3842E-03  8.3727E-03  6.5136E-03  4.4959E-03  3.0638E-03  1.9654E-03
       1.9966E-03  3.1722E-03  4.8748E-03  6.9935E-03  9.1522E-03  9.2278E-03  7.0405E-03  4.7918E-03  3.2118E-03  2.0794E-03
       2.0806E-03  3.3477E-03  4.9865E-03  7.3078E-03  9.7069E-03  9.8462E-03  7.4306E-03  5.0741E-03  3.4004E-03  2.1280E-03
       2.1647E-03  3.4596E-03  5.1018E-03  7.6477E-03  9.9352E-03  9.9341E-03  7.5191E-03  5.2202E-03  3.4759E-03  2.1809E-03
       2.1899E-03  3.5847E-03  5.2643E-03  7.5814E-03  9.8212E-03  9.8499E-03  7.6236E-03  5.2451E-03  3.5775E-03  2.1947E-03
       2.2950E-03  3.7326E-03  5.4412E-03  7.7474E-03  9.7472E-03  9.7341E-03  7.7507E-03  5.4589E-03  3.7059E-03  2.2474E-03
       2.6053E-03  4.1645E-03  6.0048E-03  8.4015E-03  1.0187E-02  1.0179E-02  8.1877E-03  5.9223E-03  4.1612E-03  2.5901E-03
       3.4912E-03  5.4752E-03  7.6951E-03  1.0464E-02  1.2547E-02  1.2472E-02  1.0423E-02  7.6852E-03  5.4507E-03  3.4936E-03

      Percentage errors follow in a matrix A(ix,iy,iz), format (1(5x,1p,10(1x,e11.4)))

       1.4352E+00  6.7955E-01  5.7801E-01  5.4773E-01  4.4320E-01  3.4653E-01  7.2279E-01  6.1099E-01  8.3799E-01  1.2979E+00
       8.8376E-01  1.0058E+00  7.6231E-01  5.6239E-01  3.1847E-01  2.5678E-01  4.5770E-01  6.7292E-01  1.1805E+00  9.1083E-01
       1.1709E+00  8.7850E-01  6.4733E-01  4.8302E-01  2.3933E-01  3.1061E-01  4.0536E-01  6.1269E-01  8.3626E-01  1.0513E+00
       1.1795E+00  5.8038E-01  5.5780E-01  3.8685E-01  3.1828E-01  2.4447E-01  4.5222E-01  4.5807E-01  7.3189E-01  9.9720E-01
       9.5882E-01  7.5750E-01  6.9389E-01  4.5969E-01  2.4685E-01  2.1412E-01  5.6038E-01  4.7504E-01  7.3694E-01  8.7982E-01
       6.8005E-01  7.7152E-01  5.4874E-01  4.5202E-01  1.7512E-01  2.5067E-01  3.6974E-01  7.0853E-01  7.4552E-01  9.4928E-01
       1.1854E+00  9.8991E-01  5.1536E-01  3.1512E-01  2.7025E-01  2.0060E-01  2.9868E-01  4.6763E-01  9.2768E-01  1.2540E+00
       8.7565E-01  7.3532E-01  6.6213E-01  5.1240E-01  2.4374E-01  3.7861E-01  4.3351E-01  4.1016E-01  7.5955E-01  1.0321E+00
       1.0327E+00  7.7696E-01  4.9672E-01  5.8975E-01  3.1274E-01  2.8193E-01  3.2898E-01  4.6523E-01  7.2665E-01  6.8295E-01
       4.9257E-01  6.1063E-01  4.3230E-01  4.2881E-01  3.8187E-01  2.8093E-01  3.1069E-01  3.3202E-01  5.9870E-01  7.7174E-01
       9.3327E-01  6.4205E-01  5.8187E-01  6.0699E-01  5.3912E-01  4.1941E-01  6.3823E-01  9.6726E-01  1.1722E+00  1.0097E+00
       9.4661E-01  8.1611E-01  5.5336E-01  4.8565E-01  3.2294E-01  3.4867E-01  5.9387E-01  6.3542E-01  1.1978E+00  1.2961E+00
       1.1068E+00  8.3816E-01  5.0116E-01  6.1166E-01  1.9409E-01  2.9237E-01  3.7394E-01  5.8376E-01  9.5679E-01  8.6677E-01
       8.8475E-01  8.1953E-01  6.6082E-01  4.5293E-01  1.8699E-01  2.6998E-01  5.1110E-01  7.4836E-01  8.8831E-01  1.1715E+00
       1.0261E+00  7.2114E-01  5.6958E-01  4.8723E-01  2.1196E-01  2.3786E-01  5.0883E-01  5.5965E-01  7.3250E-01  1.0763E+00
       8.8558E-01  6.0229E-01  6.3918E-01  3.7876E-01  2.1549E-01  2.6202E-01  5.0626E-01  5.6340E-01  6.7704E-01  1.1784E+00
       8.2098E-01  8.2613E-01  5.3599E-01  4.1705E-01  2.4982E-01  1.7172E-01  4.0377E-01  4.9675E-01  1.0039E+00  1.0108E+00
       6.9563E-01  8.5868E-01  5.9532E-01  3.9388E-01  2.5839E-01  3.0372E-01  3.5127E-01  3.9615E-01  7.2934E-01  7.6578E-01
       1.1327E+00  6.4574E-01  4.7037E-01  4.4185E-01  3.4570E-01  3.5189E-01  3.8344E-01  4.6706E-01  7.1566E-01  7.4637E-01
       7.4968E-01  4.3528E-01  4.3627E-01  4.8740E-01  3.8275E-01  3.1444E-01  4.0760E-01  3.8844E-01  5.8451E-01  6.2243E-01
       1.3971E+00  8.9301E-01  6.2548E-01  6.3375E-01  4.9677E-01  4.5207E-01  5.4997E-01  7.7517E-01  9.9865E-01  1.4040E+00
       1.2034E+00  9.5225E-01  8.7484E-01  5.6283E-01  2.6844E-01  4.3111E-01  5.4934E-01  7.0820E-01  9.0735E-01  9.6195E-01
       9.4458E-01  7.3664E-01  7.4764E-01  5.8706E-01  3.9127E-01  3.0514E-01  4.6996E-01  6.2496E-01  8.2450E-01  8.1663E-01
       8.8719E-01  6.2546E-01  8.0854E-01  5.1366E-01  2.2081E-01  3.7045E-01  3.8068E-01  6.4678E-01  7.9575E-01  1.0965E+00
       1.0340E+00  6.5887E-01  5.4325E-01  5.1337E-01  2.4866E-01  2.3827E-01  5.3507E-01  5.1438E-01  9.0301E-01  9.9876E-01
       1.0128E+00  8.3124E-01  6.2694E-01  4.1269E-01  2.4163E-01  3.0123E-01  4.6469E-01  7.3617E-01  7.0969E-01  1.1359E+00
       1.0658E+00  7.1720E-01  4.2016E-01  3.7666E-01  2.7222E-01  2.3758E-01  5.3188E-01  7.3292E-01  7.7465E-01  9.2107E-01
       6.1216E-01  7.0705E-01  5.7180E-01  3.4378E-01  3.5590E-01  3.1646E-01  3.0377E-01  5.8047E-01  5.8213E-01  7.3636E-01
       9.8303E-01  4.9711E-01  6.6138E-01  4.2270E-01  2.6147E-01  4.3271E-01  4.3877E-01  5.9216E-01  7.0023E-01  1.0206E+00
       7.5228E-01  5.6558E-01  5.2260E-01  4.1364E-01  2.6268E-01  4.2929E-01  3.2146E-01  4.0405E-01  4.9225E-01  7.3198E-01
       1.0273E+00  1.0708E+00  6.7706E-01  6.3854E-01  5.5681E-01  3.9666E-01  4.7708E-01  6.6427E-01  9.5363E-01  1.6627E+00
       9.9405E-01  9.9203E-01  6.0662E-01  6.2999E-01  2.9681E-01  3.6748E-01  6.1547E-01  6.9046E-01  8.5740E-01  1.2826E+00
       1.2178E+00  9.4469E-01  5.6104E-01  6.8787E-01  3.3393E-01  4.5253E-01  6.1971E-01  7.3801E-01  6.7250E-01  9.9093E-01
       1.1444E+00  8.2375E-01  8.5402E-01  5.6946E-01  3.0507E-01  3.5212E-01  4.9234E-01  7.3818E-01  7.7814E-01  9.4150E-01
       1.3162E+00  8.8159E-01  6.2298E-01  5.1249E-01  2.3414E-01  2.2393E-01  5.5700E-01  5.6293E-01  9.5197E-01  6.9522E-01
       1.0851E+00  9.2031E-01  4.9046E-01  5.3755E-01  2.4754E-01  2.7933E-01  5.2145E-01  7.4770E-01  7.2294E-01  1.0248E+00
       8.0076E-01  7.0085E-01  5.1145E-01  3.3850E-01  2.7713E-01  2.6050E-01  5.5464E-01  7.9116E-01  6.9969E-01  8.1122E-01
       7.4903E-01  5.7657E-01  6.1138E-01  4.5875E-01  3.2670E-01  2.6736E-01  3.4591E-01  6.1431E-01  5.5124E-01  9.6377E-01
       1.0192E+00  5.6669E-01  6.9068E-01  4.1613E-01  4.3768E-01  4.0003E-01  4.7823E-01  5.8885E-01  6.0323E-01  7.9941E-01
       8.3580E-01  5.6327E-01  5.0209E-01  4.0103E-01  2.8544E-01  3.3639E-01  3.2063E-01  3.6686E-01  4.9537E-01  8.3346E-01
       1.2921E+00  9.8870E-01  8.8790E-01  5.3849E-01  5.8155E-01  4.0659E-01  7.0842E-01  8.8371E-01  1.1780E+00  1.2330E+00
       1.0764E+00  8.1635E-01  6.8847E-01  7.0604E-01  3.7668E-01  4.9136E-01  4.2364E-01  6.4666E-01  1.0072E+00  9.4260E-01
       1.2130E+00  8.0555E-01  6.6583E-01  4.6890E-01  4.5187E-01  4.3859E-01  5.2640E-01  6.8825E-01  8.0094E-01  1.0627E+00
       1.2464E+00  7.1861E-01  8.8636E-01  6.0012E-01  3.3330E-01  2.9770E-01  4.1970E-01  7.6985E-01  6.2359E-01  1.0022E+00
       1.2974E+00  8.7011E-01  6.3293E-01  4.7764E-01  2.9502E-01  3.0648E-01  5.7245E-01  5.2572E-01  7.5056E-01  1.3080E+00
       1.1921E+00  7.6919E-01  6.7050E-01  4.0819E-01  2.4914E-01  3.2340E-01  6.1688E-01  6.9881E-01  7.8026E-01  1.0143E+00
       1.1027E+00  8.1599E-01  4.6411E-01  3.9439E-01  2.7446E-01  1.6692E-01  4.9511E-01  5.6956E-01  8.1902E-01  1.0187E+00
       1.0534E+00  5.9431E-01  6.1597E-01  4.8119E-01  3.8390E-01  3.8222E-01  3.3346E-01  5.8742E-01  6.2003E-01  9.9114E-01
       1.2346E+00  5.4564E-01  7.3472E-01  4.3781E-01  3.9119E-01  3.0223E-01  5.2564E-01  4.6214E-01  7.1003E-01  1.0381E+00
       1.0949E+00  5.7781E-01  4.7713E-01  5.2640E-01  3.4495E-01  4.7703E-01  3.1326E-01  3.7052E-01  5.6047E-01  9.0070E-01
       1.1159E+00  8.3153E-01  8.3497E-01  5.7029E-01  4.7140E-01  4.1899E-01  5.3048E-01  8.7334E-01  1.1130E+00  1.1087E+00
       1.1983E+00  6.8204E-01  8.6417E-01  3.9352E-01  5.3745E-01  5.3010E-01  6.0739E-01  6.4565E-01  8.9523E-01  1.2557E+00
       8.2114E-01  8.4082E-01  6.6795E-01  5.7956E-01  5.5490E-01  4.0993E-01  6.6898E-01  6.2734E-01  8.9583E-01  1.1571E+00
       1.1111E+00  1.0009E+00  8.0669E-01  7.7760E-01  4.0047E-01  3.4437E-01  4.7185E-01  6.8320E-01  9.7497E-01  1.1043E+00
       1.2615E+00  6.4753E-01  8.8353E-01  6.2938E-01  2.4315E-01  3.8016E-01  7.1515E-01  7.3725E-01  7.6742E-01  9.4766E-01
       1.1637E+00  9.0026E-01  6.1045E-01  5.0249E-01  2.4595E-01  3.5848E-01  5.0629E-01  6.7091E-01  6.6824E-01  9.7277E-01
       1.1086E+00  8.3149E-01  5.3211E-01  5.4023E-01  3.2665E-01  3.1941E-01  4.4807E-01  5.5662E-01  9.9343E-01  8.4120E-01
       8.7212E-01  7.5641E-01  4.4283E-01  4.6761E-01  4.5570E-01  4.8605E-01  4.2178E-01  6.0709E-01  8.2509E-01  8.8374E-01
       9.9748E-01  6.8170E-01  5.3987E-01  2.7266E-01  4.2175E-01  3.8465E-01  6.3233E-01  6.5391E-01  7.7119E-01  1.0837E+00
       8.9211E-01  5.7510E-01  4.2268E-01  3.3410E-01  4.1878E-01  2.4061E-01  3.6463E-01  5.2641E-01  6.3256E-01  7.0838E-01
       1.6724E+00  1.1783E+00  1.2696E+00  6.7364E-01  5.5819E-01  6.1514E-01  7.6741E-01  8.0348E-01  1.1809E+00  1.1383E+00
       1.5579E+00  1.0380E+00  1.0622E+00  6.9957E-01  6.3425E-01  5.6354E-01  6.1582E-01  8.4010E-01  8.1796E-01  8.9659E-01
       1.1422E+00  9.1159E-01  7.2332E-01  7.7568E-01  5.5153E-01  3.5762E-01  5.5538E-01  5.9786E-01  5.6352E-01  1.0772E+00
       1.3295E+00  8.4215E-01  6.2204E-01  5.3783E-01  4.2418E-01  2.8485E-01  6.8396E-01  6.0060E-01  7.6950E-01  1.2317E+00
       1.3624E+00  9.6628E-01  6.6568E-01  4.5527E-01  3.8267E-01  4.4838E-01  6.0067E-01  7.1795E-01  1.0050E+00  1.0431E+00
       1.2781E+00  8.9980E-01  8.6163E-01  3.2912E-01  3.4275E-01  3.9481E-01  4.6993E-01  6.5354E-01  8.8840E-01  1.0176E+00
       1.4618E+00  7.8674E-01  5.7534E-01  5.2083E-01  5.1514E-01  3.3340E-01  5.5918E-01  5.1721E-01  7.9749E-01  9.1215E-01
       1.1036E+00  4.8503E-01  6.4604E-01  4.7474E-01  5.3213E-01  3.1467E-01  4.7301E-01  6.0692E-01  8.2670E-01  1.3068E+00
       8.2796E-01  5.3774E-01  5.5470E-01  3.8112E-01  5.2703E-01  4.9395E-01  3.7466E-01  6.3062E-01  9.1515E-01  9.9096E-01
       1.0485E+00  6.5872E-01  4.8050E-01  5.6362E-01  4.9116E-01  2.9832E-01  5.8774E-01  5.5946E-01  7.1536E-01  9.5913E-01
       1.7067E+00  1.2454E+00  1.0893E+00  6.5773E-01  9.2144E-01  8.0029E-01  8.7786E-01  5.8046E-01  1.1568E+00  1.5150E+00
       1.2506E+00  9.4233E-01  8.6698E-01  6.0154E-01  7.1461E-01  5.7825E-01  6.5465E-01  7.8934E-01  9.4176E-01  1.0933E+00
       8.9975E-01  1.2175E+00  8.6156E-01  7.1402E-01  3.8997E-01  6.3810E-01  7.5169E-01  6.0099E-01  8.2889E-01  1.2231E+00
       1.3670E+00  8.6849E-01  7.8358E-01  5.3777E-01  5.2314E-01  5.2630E-01  5.2486E-01  8.8670E-01  9.5319E-01  1.4946E+00
       1.4195E+00  1.0475E+00  7.3889E-01  5.1845E-01  3.2721E-01  5.1362E-01  7.0431E-01  6.9542E-01  8.7405E-01  1.0503E+00
       1.0559E+00  1.0072E+00  7.0814E-01  4.8612E-01  3.5673E-01  6.0283E-01  5.5819E-01  7.5646E-01  1.2088E+00  1.5299E+00
       9.9133E-01  1.0442E+00  8.2368E-01  3.9595E-01  3.8190E-01  4.6578E-01  5.6647E-01  6.5590E-01  1.1438E+00  8.8341E-01
       9.7888E-01  1.0953E+00  5.8613E-01  6.4392E-01  4.9134E-01  3.9860E-01  5.8949E-01  6.2903E-01  9.5688E-01  8.4053E-01
       1.0176E+00  6.5752E-01  5.8555E-01  6.7222E-01  4.7523E-01  5.0633E-01  4.9042E-01  5.0191E-01  9.5291E-01  9.5697E-01
       1.1059E+00  6.4261E-01  7.5542E-01  5.8750E-01  6.0774E-01  3.6653E-01  4.4051E-01  5.7908E-01  9.1279E-01  8.6240E-01
       1.2956E+00  1.2157E+00  9.8007E-01  6.4586E-01  8.5976E-01  6.5738E-01  5.8101E-01  1.0612E+00  1.4158E+00  1.8456E+00
       1.3334E+00  8.9347E-01  1.0549E+00  6.8834E-01  7.9226E-01  7.2055E-01  8.0390E-01  8.8644E-01  1.1438E+00  1.2450E+00
       1.1655E+00  1.1026E+00  7.7766E-01  7.0646E-01  6.7843E-01  5.9292E-01  7.6239E-01  9.5136E-01  8.3617E-01  1.2522E+00
       1.5611E+00  9.0210E-01  7.6931E-01  5.6483E-01  7.3952E-01  4.6203E-01  5.1177E-01  7.7799E-01  9.4315E-01  1.3600E+00
       1.4725E+00  7.9013E-01  7.2934E-01  5.7005E-01  4.6494E-01  6.0275E-01  6.1703E-01  9.6862E-01  9.2720E-01  1.0211E+00
       1.1902E+00  1.0582E+00  7.9370E-01  4.4448E-01  5.5604E-01  6.1004E-01  5.1641E-01  7.1021E-01  1.3601E+00  1.3189E+00
       1.2255E+00  8.6751E-01  6.2025E-01  4.3904E-01  5.2265E-01  5.9753E-01  5.8563E-01  7.9121E-01  1.1295E+00  1.2848E+00
       1.2110E+00  1.0822E+00  7.6705E-01  6.8560E-01  5.7396E-01  5.7219E-01  5.2671E-01  8.2946E-01  1.2065E+00  9.3703E-01
       1.2216E+00  6.0292E-01  5.3015E-01  6.5570E-01  5.7650E-01  4.7879E-01  5.5178E-01  7.5158E-01  7.8865E-01  1.1284E+00
       8.1470E-01  6.4003E-01  8.1731E-01  4.9228E-01  4.3551E-01  4.4218E-01  6.3849E-01  5.2392E-01  7.4532E-01  1.0450E+00
       1.4266E+00  1.1247E+00  1.1651E+00  7.5289E-01  1.0925E+00  7.2661E-01  6.0378E-01  1.1320E+00  1.2949E+00  1.4880E+00
       1.2554E+00  1.1617E+00  1.2030E+00  6.5595E-01  9.4840E-01  7.0297E-01  6.6375E-01  7.7333E-01  1.0875E+00  1.2428E+00
       1.3673E+00  1.3340E+00  9.0537E-01  8.8269E-01  7.7268E-01  6.2907E-01  7.5560E-01  9.2036E-01  1.0106E+00  1.0602E+00
       1.7092E+00  1.0382E+00  9.5662E-01  6.9795E-01  7.4758E-01  4.7580E-01  5.8080E-01  8.8551E-01  9.9289E-01  1.6607E+00
       1.3533E+00  1.1437E+00  5.9293E-01  7.9775E-01  6.3110E-01  6.3586E-01  7.2429E-01  9.5883E-01  1.1677E+00  1.1717E+00
       1.3503E+00  1.0440E+00  7.6142E-01  6.7752E-01  4.8892E-01  4.2450E-01  7.3862E-01  9.0910E-01  1.3170E+00  1.5502E+00
       1.2220E+00  8.7932E-01  7.7798E-01  7.2608E-01  6.2155E-01  6.4634E-01  5.3071E-01  8.5007E-01  1.2306E+00  1.9424E+00
       1.6664E+00  1.1286E+00  1.0274E+00  6.1880E-01  6.5793E-01  7.2082E-01  5.0003E-01  7.8614E-01  1.1498E+00  1.6390E+00
       1.0910E+00  9.7810E-01  9.1427E-01  7.3923E-01  5.3928E-01  4.7495E-01  6.8456E-01  8.3320E-01  1.0540E+00  1.3110E+00
       1.1367E+00  7.3701E-01  7.2317E-01  4.3491E-01  6.0489E-01  5.0769E-01  6.5083E-01  8.1828E-01  9.2538E-01  1.0265E+00
