1
   Cartesian binning n.   1  "DoseEq    " , generalized particle n.  240
      X coordinate: from -8.5000E+01 to  8.5000E+01 cm,    10 bins ( 1.7000E+01 cm wide)
      Y coordinate: from -2.5000E+01 to  2.5000E+01 cm,    10 bins ( 5.0000E+00 cm wide)
      Z coordinate: from  2.2500E+02 to  2.7500E+02 cm,    10 bins ( 5.0000E+00 cm wide)
      Data follow in a matrix A(ix,iy,iz), format (1(5x,1p,10(1x,e11.4)))

      accurate deposition along the tracks requested
      this is a track-length binning
       5.1788E-03  9.3540E-03  1.6978E-02  3.3563E-02  6.2202E-02  6.1589E-02  3.3645E-02  1.7070E-02  9.4417E-03  5.2422E-03
       5.6469E-03  1.0585E-02  1.9775E-02  4.2762E-02  9.1746E-02  9.1782E-02  4.2534E-02  1.9759E-02  1.0602E-02  5.7708E-03
       5.9856E-03  1.1424E-02  2.1883E-02  5.1542E-02  1.3934E-01  1.3901E-01  5.1517E-02  2.1862E-02  1.1452E-02  6.1276E-03
       6.2197E-03  1.1950E-02  2.3402E-02  5.9561E-02  2.3581E-01  2.3675E-01  5.9760E-02  2.3587E-02  1.2136E-02  6.4018E-03
       6.4229E-03  1.2253E-02  2.3952E-02  6.4643E-02  3.8934E-01  3.9005E-01  6.4543E-02  2.4023E-02  1.2135E-02  6.4121E-03
       6.3854E-03  1.2236E-02  2.4135E-02  6.4698E-02  3.8951E-01  3.9043E-01  6.4330E-02  2.4238E-02  1.2155E-02  6.3720E-03
       6.3541E-03  1.1853E-02  2.3406E-02  5.9661E-02  2.3598E-01  2.3649E-01  5.9686E-02  2.3325E-02  1.1973E-02  6.2895E-03
       6.1214E-03  1.1418E-02  2.1931E-02  5.2031E-02  1.3988E-01  1.3968E-01  5.1840E-02  2.1910E-02  1.1410E-02  6.1057E-03
       5.6949E-03  1.0628E-02  1.9786E-02  4.2756E-02  9.1976E-02  9.2251E-02  4.2651E-02  1.9760E-02  1.0493E-02  5.7010E-03
       5.2372E-03  9.3721E-03  1.7091E-02  3.3637E-02  6.1972E-02  6.2058E-02  3.3714E-02  1.6949E-02  9.3576E-03  5.1657E-03
       5.1757E-03  9.3624E-03  1.7221E-02  3.4034E-02  6.1505E-02  6.1300E-02  3.3655E-02  1.7177E-02  9.5423E-03  5.2982E-03
       5.8010E-03  1.0912E-02  2.0555E-02  4.3596E-02  9.1566E-02  9.1122E-02  4.3696E-02  2.0214E-02  1.0941E-02  5.9536E-03
       6.1964E-03  1.1875E-02  2.2714E-02  5.2538E-02  1.3760E-01  1.3755E-01  5.2988E-02  2.2708E-02  1.1988E-02  6.3510E-03
       6.6027E-03  1.2554E-02  2.4479E-02  6.0530E-02  2.2998E-01  2.3001E-01  6.0750E-02  2.4529E-02  1.2660E-02  6.6787E-03
       6.6589E-03  1.2824E-02  2.5229E-02  6.5414E-02  3.6548E-01  3.6644E-01  6.5911E-02  2.5424E-02  1.2705E-02  6.7037E-03
       6.6300E-03  1.2918E-02  2.5211E-02  6.5888E-02  3.6589E-01  3.6654E-01  6.5877E-02  2.5316E-02  1.2824E-02  6.6505E-03
       6.6545E-03  1.2511E-02  2.4585E-02  6.1006E-02  2.2956E-01  2.3091E-01  6.0778E-02  2.4389E-02  1.2707E-02  6.5901E-03
       6.4266E-03  1.1918E-02  2.2809E-02  5.3185E-02  1.3837E-01  1.3833E-01  5.2934E-02  2.2743E-02  1.1929E-02  6.3332E-03
       5.8597E-03  1.0972E-02  2.0355E-02  4.3719E-02  9.1881E-02  9.1665E-02  4.3473E-02  2.0489E-02  1.0903E-02  5.9392E-03
       5.2041E-03  9.5108E-03  1.7200E-02  3.3913E-02  6.1594E-02  6.1399E-02  3.3796E-02  1.7360E-02  9.3946E-03  5.2077E-03
       5.1130E-03  9.1859E-03  1.6928E-02  3.2847E-02  5.9059E-02  5.8888E-02  3.2759E-02  1.6760E-02  9.2669E-03  5.1652E-03
       5.8247E-03  1.0856E-02  2.0394E-02  4.2784E-02  8.8008E-02  8.8285E-02  4.2897E-02  2.0129E-02  1.0783E-02  5.8979E-03
       6.2600E-03  1.1907E-02  2.2692E-02  5.1873E-02  1.3223E-01  1.3197E-01  5.2068E-02  2.2695E-02  1.2010E-02  6.3777E-03
       6.5697E-03  1.2470E-02  2.4403E-02  5.9691E-02  2.1685E-01  2.1713E-01  5.9476E-02  2.4493E-02  1.2614E-02  6.6017E-03
       6.7157E-03  1.2870E-02  2.5312E-02  6.3907E-02  3.3346E-01  3.3389E-01  6.4404E-02  2.5361E-02  1.2935E-02  6.7356E-03
       6.6960E-03  1.2995E-02  2.5340E-02  6.4228E-02  3.3328E-01  3.3368E-01  6.4363E-02  2.5292E-02  1.2894E-02  6.6368E-03
       6.6632E-03  1.2594E-02  2.4545E-02  5.9853E-02  2.1709E-01  2.1745E-01  5.9562E-02  2.4175E-02  1.2720E-02  6.5294E-03
       6.3347E-03  1.1903E-02  2.2782E-02  5.2121E-02  1.3319E-01  1.3258E-01  5.1959E-02  2.2774E-02  1.1942E-02  6.3600E-03
       5.8101E-03  1.0933E-02  2.0210E-02  4.2819E-02  8.8639E-02  8.8120E-02  4.2793E-02  2.0196E-02  1.0704E-02  5.9362E-03
       5.0899E-03  9.2705E-03  1.6809E-02  3.2983E-02  5.9317E-02  5.9158E-02  3.3217E-02  1.6879E-02  9.2570E-03  5.1902E-03
       4.9320E-03  8.8644E-03  1.6192E-02  3.1505E-02  5.5790E-02  5.5831E-02  3.1472E-02  1.6143E-02  8.9846E-03  4.9789E-03
       5.6791E-03  1.0538E-02  1.9757E-02  4.1003E-02  8.2943E-02  8.3083E-02  4.1239E-02  1.9531E-02  1.0581E-02  5.6787E-03
       6.1258E-03  1.1476E-02  2.2005E-02  4.9673E-02  1.2447E-01  1.2460E-01  4.9862E-02  2.2058E-02  1.1626E-02  6.1276E-03
       6.3484E-03  1.2170E-02  2.3803E-02  5.6962E-02  2.0084E-01  2.0122E-01  5.7098E-02  2.3644E-02  1.2324E-02  6.4640E-03
       6.5143E-03  1.2453E-02  2.4779E-02  6.1186E-02  2.9901E-01  2.9894E-01  6.1503E-02  2.4502E-02  1.2642E-02  6.5477E-03
       6.5386E-03  1.2536E-02  2.4762E-02  6.1468E-02  2.9843E-01  2.9911E-01  6.1339E-02  2.4504E-02  1.2565E-02  6.5646E-03
       6.4497E-03  1.2311E-02  2.3944E-02  5.7289E-02  2.0087E-01  2.0153E-01  5.7173E-02  2.3626E-02  1.2412E-02  6.4940E-03
       6.2069E-03  1.1605E-02  2.2079E-02  4.9762E-02  1.2527E-01  1.2483E-01  4.9712E-02  2.2124E-02  1.1612E-02  6.1506E-03
       5.6181E-03  1.0713E-02  1.9466E-02  4.1055E-02  8.3859E-02  8.3435E-02  4.0926E-02  1.9589E-02  1.0467E-02  5.7514E-03
       4.8934E-03  8.9620E-03  1.6176E-02  3.1426E-02  5.6014E-02  5.6263E-02  3.1454E-02  1.6195E-02  9.0415E-03  4.9860E-03
       4.7297E-03  8.5224E-03  1.5396E-02  2.9618E-02  5.2308E-02  5.2263E-02  2.9808E-02  1.5311E-02  8.5880E-03  4.7950E-03
       5.4264E-03  1.0007E-02  1.8590E-02  3.8479E-02  7.7443E-02  7.7408E-02  3.8813E-02  1.8767E-02  1.0053E-02  5.4721E-03
       5.9314E-03  1.1035E-02  2.0921E-02  4.6653E-02  1.1582E-01  1.1558E-01  4.6875E-02  2.0962E-02  1.1196E-02  5.8685E-03
       6.1294E-03  1.1695E-02  2.2660E-02  5.3392E-02  1.8333E-01  1.8364E-01  5.3583E-02  2.2638E-02  1.1823E-02  6.1791E-03
       6.2678E-03  1.1998E-02  2.3546E-02  5.7371E-02  2.6491E-01  2.6474E-01  5.7679E-02  2.3417E-02  1.2174E-02  6.2803E-03
       6.3146E-03  1.2095E-02  2.3703E-02  5.7581E-02  2.6443E-01  2.6490E-01  5.7859E-02  2.3621E-02  1.2113E-02  6.3166E-03
       6.1641E-03  1.1774E-02  2.2827E-02  5.3812E-02  1.8306E-01  1.8378E-01  5.3695E-02  2.2477E-02  1.1805E-02  6.1914E-03
       5.8982E-03  1.1210E-02  2.1170E-02  4.6738E-02  1.1647E-01  1.1588E-01  4.6939E-02  2.0920E-02  1.1179E-02  5.8926E-03
       5.4491E-03  1.0219E-02  1.8741E-02  3.8580E-02  7.7982E-02  7.7600E-02  3.8608E-02  1.8659E-02  9.9343E-03  5.5084E-03
       4.7403E-03  8.5731E-03  1.5409E-02  2.9722E-02  5.2657E-02  5.2460E-02  2.9716E-02  1.5404E-02  8.6170E-03  4.7307E-03
       4.4521E-03  8.0232E-03  1.4387E-02  2.7554E-02  4.8159E-02  4.8380E-02  2.7548E-02  1.4379E-02  8.1432E-03  4.4950E-03
       5.1336E-03  9.4204E-03  1.7339E-02  3.5857E-02  7.1626E-02  7.1181E-02  3.5999E-02  1.7436E-02  9.6214E-03  5.1250E-03
       5.6721E-03  1.0427E-02  1.9475E-02  4.3112E-02  1.0633E-01  1.0613E-01  4.3340E-02  1.9640E-02  1.0547E-02  5.5783E-03
       5.8902E-03  1.0958E-02  2.1178E-02  4.9476E-02  1.6594E-01  1.6592E-01  4.9729E-02  2.1175E-02  1.1198E-02  5.9284E-03
       5.9412E-03  1.1360E-02  2.2060E-02  5.3297E-02  2.3287E-01  2.3355E-01  5.3434E-02  2.1871E-02  1.1500E-02  6.0497E-03
       5.9649E-03  1.1448E-02  2.2120E-02  5.3338E-02  2.3308E-01  2.3357E-01  5.3442E-02  2.2086E-02  1.1488E-02  6.0779E-03
       5.9615E-03  1.1152E-02  2.1453E-02  4.9695E-02  1.6529E-01  1.6592E-01  4.9784E-02  2.1052E-02  1.1079E-02  5.8783E-03
       5.5661E-03  1.0657E-02  1.9762E-02  4.3532E-02  1.0652E-01  1.0645E-01  4.3533E-02  1.9532E-02  1.0435E-02  5.6649E-03
       5.1843E-03  9.5523E-03  1.7506E-02  3.5821E-02  7.1539E-02  7.1391E-02  3.5919E-02  1.7487E-02  9.5659E-03  5.1740E-03
       4.5084E-03  8.1450E-03  1.4519E-02  2.7424E-02  4.8424E-02  4.8100E-02  2.7547E-02  1.4318E-02  8.0378E-03  4.5019E-03
       4.1716E-03  7.5750E-03  1.3334E-02  2.5371E-02  4.4159E-02  4.3890E-02  2.5406E-02  1.3254E-02  7.6312E-03  4.2393E-03
       4.7696E-03  8.8111E-03  1.6168E-02  3.2890E-02  6.5409E-02  6.4879E-02  3.2836E-02  1.6130E-02  8.9526E-03  4.8214E-03
       5.1899E-03  9.7146E-03  1.8245E-02  3.9572E-02  9.6351E-02  9.6159E-02  3.9839E-02  1.8213E-02  9.8261E-03  5.1910E-03
       5.5007E-03  1.0330E-02  1.9605E-02  4.5212E-02  1.4795E-01  1.4854E-01  4.5544E-02  1.9661E-02  1.0397E-02  5.5134E-03
       5.4988E-03  1.0586E-02  2.0315E-02  4.8706E-02  2.0321E-01  2.0418E-01  4.8930E-02  2.0293E-02  1.0715E-02  5.6580E-03
       5.5767E-03  1.0607E-02  2.0440E-02  4.8950E-02  2.0314E-01  2.0384E-01  4.8728E-02  2.0380E-02  1.0654E-02  5.6334E-03
       5.4679E-03  1.0257E-02  1.9804E-02  4.5328E-02  1.4787E-01  1.4840E-01  4.5436E-02  1.9456E-02  1.0241E-02  5.4719E-03
       5.2452E-03  9.7795E-03  1.8321E-02  3.9879E-02  9.6533E-02  9.6754E-02  3.9687E-02  1.8169E-02  9.6678E-03  5.2850E-03
       4.8745E-03  8.7986E-03  1.6211E-02  3.2960E-02  6.5060E-02  6.4888E-02  3.2924E-02  1.6091E-02  8.9374E-03  4.8059E-03
       4.2463E-03  7.5882E-03  1.3489E-02  2.5452E-02  4.4180E-02  4.3953E-02  2.5222E-02  1.3294E-02  7.4978E-03  4.2710E-03
       3.8771E-03  6.9183E-03  1.2155E-02  2.2857E-02  3.9663E-02  3.9625E-02  2.2853E-02  1.2131E-02  6.9803E-03  3.8845E-03
       4.4349E-03  8.0908E-03  1.4638E-02  2.9678E-02  5.8349E-02  5.8125E-02  2.9387E-02  1.4648E-02  8.0859E-03  4.4396E-03
       4.8227E-03  8.8780E-03  1.6574E-02  3.5520E-02  8.5842E-02  8.6364E-02  3.5764E-02  1.6434E-02  8.8931E-03  4.8345E-03
       5.0764E-03  9.3829E-03  1.7765E-02  4.0799E-02  1.3064E-01  1.3108E-01  4.0710E-02  1.7672E-02  9.4904E-03  5.0314E-03
       5.0806E-03  9.6462E-03  1.8337E-02  4.3797E-02  1.7670E-01  1.7780E-01  4.3627E-02  1.8379E-02  9.6662E-03  5.1729E-03
       5.1023E-03  9.6615E-03  1.8370E-02  4.3649E-02  1.7664E-01  1.7667E-01  4.3492E-02  1.8447E-02  9.7421E-03  5.1088E-03
       4.9421E-03  9.3436E-03  1.7838E-02  4.0594E-02  1.3052E-01  1.3103E-01  4.0677E-02  1.7706E-02  9.3469E-03  5.0393E-03
       4.8412E-03  8.8841E-03  1.6592E-02  3.5848E-02  8.6325E-02  8.6565E-02  3.5678E-02  1.6395E-02  8.8604E-03  4.7821E-03
       4.4447E-03  8.0771E-03  1.4864E-02  2.9701E-02  5.8281E-02  5.8304E-02  2.9617E-02  1.4613E-02  8.1170E-03  4.4208E-03
       3.9010E-03  6.9376E-03  1.2297E-02  2.3012E-02  3.9517E-02  3.9376E-02  2.2808E-02  1.2174E-02  6.9956E-03  3.8752E-03
       3.5235E-03  6.2308E-03  1.0791E-02  2.0146E-02  3.4714E-02  3.4794E-02  2.0057E-02  1.0814E-02  6.2133E-03  3.5100E-03
       4.0402E-03  7.2558E-03  1.2916E-02  2.5675E-02  5.1045E-02  5.1078E-02  2.5629E-02  1.2883E-02  7.1993E-03  4.0410E-03
       4.3811E-03  7.8400E-03  1.4397E-02  3.0881E-02  7.5011E-02  7.5652E-02  3.1119E-02  1.4536E-02  7.8641E-03  4.3609E-03
       4.5305E-03  8.2497E-03  1.5398E-02  3.5435E-02  1.1344E-01  1.1376E-01  3.5318E-02  1.5431E-02  8.2885E-03  4.5193E-03
       4.6148E-03  8.4775E-03  1.5956E-02  3.8032E-02  1.5124E-01  1.5200E-01  3.7860E-02  1.6170E-02  8.4647E-03  4.6332E-03
       4.5725E-03  8.4633E-03  1.6097E-02  3.7991E-02  1.5166E-01  1.5136E-01  3.7923E-02  1.6178E-02  8.5837E-03  4.6071E-03
       4.4238E-03  8.3383E-03  1.5663E-02  3.5368E-02  1.1351E-01  1.1372E-01  3.5428E-02  1.5566E-02  8.2863E-03  4.4907E-03
       4.2876E-03  7.9065E-03  1.4620E-02  3.1121E-02  7.5586E-02  7.5937E-02  3.1311E-02  1.4507E-02  7.9234E-03  4.2802E-03
       4.0398E-03  7.2193E-03  1.3154E-02  2.5879E-02  5.1151E-02  5.1175E-02  2.6050E-02  1.2946E-02  7.2723E-03  4.0129E-03
       3.5742E-03  6.2179E-03  1.0963E-02  2.0126E-02  3.4697E-02  3.4526E-02  2.0306E-02  1.0862E-02  6.2923E-03  3.5389E-03
       3.1400E-03  5.3878E-03  9.2407E-03  1.6912E-02  2.9140E-02  2.9239E-02  1.6933E-02  9.2613E-03  5.2959E-03  3.1054E-03
       3.4828E-03  6.0456E-03  1.0657E-02  2.1317E-02  4.2589E-02  4.2587E-02  2.1193E-02  1.0806E-02  6.0594E-03  3.4358E-03
       3.6580E-03  6.5907E-03  1.1871E-02  2.5339E-02  6.3314E-02  6.3469E-02  2.5476E-02  1.1947E-02  6.5666E-03  3.5630E-03
       3.8402E-03  6.8743E-03  1.2765E-02  2.9071E-02  9.5664E-02  9.5914E-02  2.9281E-02  1.2801E-02  6.8385E-03  3.7829E-03
       3.8144E-03  6.9895E-03  1.3120E-02  3.1312E-02  1.2627E-01  1.2683E-01  3.1238E-02  1.3201E-02  6.9916E-03  3.8676E-03
       3.7846E-03  7.0304E-03  1.3142E-02  3.1356E-02  1.2674E-01  1.2655E-01  3.1231E-02  1.3228E-02  7.0831E-03  3.8408E-03
       3.7764E-03  6.8614E-03  1.2887E-02  2.9137E-02  9.5377E-02  9.5793E-02  2.9349E-02  1.2919E-02  6.8593E-03  3.7669E-03
       3.6110E-03  6.6337E-03  1.1979E-02  2.5561E-02  6.3724E-02  6.4002E-02  2.5709E-02  1.2162E-02  6.5648E-03  3.6417E-03
       3.5010E-03  6.1117E-03  1.0883E-02  2.1550E-02  4.2649E-02  4.2816E-02  2.1536E-02  1.0842E-02  6.0806E-03  3.3946E-03
       3.1401E-03  5.4200E-03  9.4316E-03  1.6961E-02  2.9055E-02  2.9177E-02  1.6988E-02  9.2407E-03  5.3690E-03  3.1584E-03

      Percentage errors follow in a matrix A(ix,iy,iz), format (1(5x,1p,10(1x,e11.4)))

       9.0826E-01  8.1175E-01  4.4071E-01  3.0834E-01  3.0350E-01  3.1563E-01  3.6715E-01  5.7901E-01  5.4253E-01  1.0207E+00
       1.0755E+00  7.4956E-01  3.6932E-01  3.6881E-01  2.0530E-01  2.5423E-01  3.5603E-01  4.6722E-01  6.6613E-01  8.1480E-01
       8.5553E-01  8.0826E-01  5.3642E-01  2.5193E-01  1.8809E-01  2.1990E-01  3.7525E-01  5.2753E-01  6.4182E-01  7.1880E-01
       9.0585E-01  4.6594E-01  5.4901E-01  2.6462E-01  1.8545E-01  1.5143E-01  2.8348E-01  5.1078E-01  5.4684E-01  8.3504E-01
       9.5050E-01  6.3664E-01  4.4731E-01  3.0543E-01  1.0587E-01  1.3739E-01  2.5824E-01  4.5219E-01  7.7363E-01  1.0218E+00
       6.0325E-01  6.3964E-01  4.0352E-01  3.1198E-01  1.4377E-01  1.2875E-01  2.9034E-01  3.9960E-01  6.6381E-01  8.6587E-01
       8.5118E-01  6.8862E-01  5.0148E-01  2.9673E-01  1.8376E-01  1.4865E-01  2.8115E-01  3.9757E-01  6.2256E-01  5.7446E-01
       7.1327E-01  6.1795E-01  3.7487E-01  4.0150E-01  1.5676E-01  2.3337E-01  2.9568E-01  4.6112E-01  5.1643E-01  7.1039E-01
       8.7690E-01  6.1590E-01  6.1198E-01  3.9221E-01  2.0024E-01  1.9500E-01  2.5663E-01  4.4694E-01  7.3409E-01  8.3153E-01
       9.1674E-01  6.4516E-01  6.3472E-01  4.0714E-01  2.7446E-01  2.4506E-01  3.7311E-01  4.7614E-01  5.0499E-01  8.9093E-01
       9.9972E-01  9.1913E-01  3.7153E-01  4.0321E-01  2.9598E-01  2.4117E-01  3.4273E-01  4.7107E-01  4.7087E-01  9.6657E-01
       8.3933E-01  7.8265E-01  3.8709E-01  2.8071E-01  1.5123E-01  1.8088E-01  2.8212E-01  4.0541E-01  6.3661E-01  8.9127E-01
       9.4579E-01  6.0730E-01  6.7179E-01  2.9762E-01  2.0363E-01  1.6498E-01  2.0695E-01  4.3764E-01  7.0945E-01  7.7528E-01
       8.4000E-01  5.1726E-01  3.5264E-01  3.2395E-01  1.7447E-01  1.5258E-01  3.8674E-01  4.3145E-01  6.2106E-01  6.1903E-01
       7.5221E-01  6.3961E-01  4.4084E-01  2.9815E-01  1.0166E-01  1.4252E-01  3.0449E-01  3.7026E-01  5.1520E-01  9.4501E-01
       6.3424E-01  5.6170E-01  5.0190E-01  3.1740E-01  1.3132E-01  1.1063E-01  3.0295E-01  4.9096E-01  6.7935E-01  7.0257E-01
       6.9048E-01  7.2480E-01  4.1513E-01  3.2364E-01  1.6465E-01  1.5377E-01  2.2886E-01  4.3587E-01  5.7362E-01  9.2509E-01
       8.1675E-01  5.7219E-01  5.2255E-01  3.2631E-01  1.9415E-01  2.1780E-01  3.3199E-01  5.1998E-01  7.1153E-01  8.5760E-01
       7.0579E-01  7.6582E-01  4.6985E-01  4.2717E-01  1.8020E-01  2.6919E-01  2.2450E-01  3.1784E-01  6.4407E-01  8.2148E-01
       9.3901E-01  6.5181E-01  5.2870E-01  3.5809E-01  3.0318E-01  3.1213E-01  3.0342E-01  6.0895E-01  5.3807E-01  7.7707E-01
       9.3570E-01  5.8834E-01  4.3903E-01  2.7727E-01  2.2910E-01  2.8247E-01  4.0950E-01  4.7544E-01  7.5394E-01  9.0969E-01
       1.0393E+00  6.5264E-01  4.0748E-01  3.4237E-01  2.3299E-01  2.5204E-01  4.0701E-01  3.7228E-01  5.3080E-01  1.1720E+00
       7.0856E-01  7.8919E-01  3.8581E-01  3.0066E-01  1.7491E-01  1.9687E-01  2.8697E-01  4.3182E-01  5.8310E-01  9.9939E-01
       9.5271E-01  6.2107E-01  4.3167E-01  3.1146E-01  1.4769E-01  1.4963E-01  2.5751E-01  5.3947E-01  6.2204E-01  8.2410E-01
       7.9260E-01  3.8852E-01  4.3482E-01  2.8974E-01  1.2292E-01  1.4484E-01  2.4915E-01  3.7725E-01  6.9301E-01  7.8630E-01
       8.7559E-01  4.7581E-01  5.5153E-01  2.1368E-01  1.3969E-01  1.2657E-01  3.1968E-01  4.0058E-01  7.7942E-01  7.8436E-01
       1.0830E+00  6.9103E-01  5.5442E-01  2.7113E-01  1.3930E-01  1.6118E-01  2.5927E-01  4.5818E-01  5.6309E-01  7.8641E-01
       7.5446E-01  5.1804E-01  4.9605E-01  2.3203E-01  2.0626E-01  2.3296E-01  3.7323E-01  4.2381E-01  6.4761E-01  9.2899E-01
       7.5643E-01  4.9057E-01  5.0447E-01  3.8619E-01  1.4185E-01  2.1576E-01  3.1851E-01  5.5323E-01  7.1668E-01  7.9445E-01
       7.5840E-01  7.1100E-01  4.4420E-01  4.0628E-01  2.0065E-01  3.0716E-01  3.2037E-01  4.7305E-01  4.9341E-01  9.6740E-01
       9.6313E-01  7.4352E-01  5.2003E-01  3.5632E-01  2.4783E-01  2.3944E-01  4.0842E-01  5.8152E-01  7.4088E-01  8.1960E-01
       1.0118E+00  7.5261E-01  4.9628E-01  3.3085E-01  2.5531E-01  2.5507E-01  2.6948E-01  5.4666E-01  5.9354E-01  9.3594E-01
       1.0045E+00  6.0765E-01  4.8827E-01  2.8646E-01  1.7279E-01  1.7203E-01  4.4930E-01  5.1531E-01  7.1378E-01  8.8141E-01
       9.6781E-01  6.3275E-01  4.9095E-01  4.0757E-01  1.6231E-01  1.6813E-01  2.8583E-01  4.1901E-01  7.2972E-01  7.0236E-01
       8.8556E-01  5.6847E-01  3.7445E-01  3.1608E-01  1.3346E-01  1.3743E-01  2.8216E-01  3.3629E-01  6.1407E-01  6.4440E-01
       7.6105E-01  5.3892E-01  4.7055E-01  2.5223E-01  1.5613E-01  1.3676E-01  3.4876E-01  3.8449E-01  6.4203E-01  8.1989E-01
       1.1000E+00  5.5931E-01  4.6725E-01  2.5279E-01  1.6853E-01  1.6033E-01  2.8936E-01  5.5411E-01  8.3039E-01  7.5818E-01
       6.2007E-01  5.5954E-01  3.7809E-01  2.4910E-01  2.4931E-01  2.4256E-01  3.1593E-01  4.0555E-01  5.3927E-01  9.5097E-01
       8.8385E-01  5.6970E-01  6.2698E-01  2.9641E-01  1.5847E-01  2.3639E-01  2.7535E-01  6.1945E-01  6.7553E-01  9.0997E-01
       8.0278E-01  7.8509E-01  5.7303E-01  4.6526E-01  3.0990E-01  3.3399E-01  3.6391E-01  5.6178E-01  5.7990E-01  8.8625E-01
       6.8246E-01  8.0915E-01  4.1183E-01  4.0769E-01  2.5694E-01  1.4713E-01  3.0214E-01  4.9990E-01  6.0333E-01  7.3895E-01
       8.6522E-01  7.4073E-01  4.0968E-01  2.6381E-01  2.9316E-01  2.9266E-01  3.2246E-01  5.5716E-01  7.1782E-01  1.0052E+00
       1.0276E+00  8.1630E-01  4.9847E-01  3.0450E-01  1.4837E-01  2.0629E-01  2.6437E-01  4.3362E-01  7.5273E-01  9.2007E-01
       1.1310E+00  6.2461E-01  5.8059E-01  3.4187E-01  1.5453E-01  1.7113E-01  1.9088E-01  3.0575E-01  4.7146E-01  8.3783E-01
       9.2060E-01  7.7606E-01  4.6232E-01  2.8948E-01  1.1726E-01  1.7226E-01  2.7696E-01  4.2724E-01  5.9411E-01  9.0557E-01
       6.8065E-01  6.7931E-01  5.6300E-01  2.1236E-01  1.5249E-01  1.8059E-01  2.5185E-01  4.0694E-01  6.2459E-01  6.0786E-01
       6.4951E-01  6.9802E-01  4.5814E-01  2.9145E-01  2.1163E-01  1.4813E-01  3.4450E-01  6.7495E-01  8.3710E-01  8.3922E-01
       1.0128E+00  7.8429E-01  4.9113E-01  2.9088E-01  1.8344E-01  2.3603E-01  3.5136E-01  4.1165E-01  7.1595E-01  7.1144E-01
       9.5242E-01  5.6746E-01  5.2344E-01  3.2050E-01  2.2282E-01  1.7585E-01  4.1012E-01  6.0372E-01  7.4962E-01  1.0137E+00
       8.9315E-01  8.3063E-01  4.5963E-01  3.8805E-01  4.2102E-01  3.1596E-01  4.7586E-01  4.5733E-01  9.2384E-01  1.3039E+00
       1.2031E+00  6.6329E-01  4.9987E-01  3.2357E-01  2.1849E-01  2.3911E-01  4.4141E-01  5.9415E-01  6.5522E-01  8.6976E-01
       8.9759E-01  7.6479E-01  4.8256E-01  3.1544E-01  2.9535E-01  3.3510E-01  3.1284E-01  4.7293E-01  7.1083E-01  8.5192E-01
       7.5300E-01  7.0973E-01  4.5266E-01  3.1689E-01  1.8493E-01  2.3825E-01  3.6185E-01  5.2065E-01  7.7212E-01  1.0119E+00
       8.4564E-01  6.8775E-01  5.0204E-01  2.9228E-01  1.4974E-01  2.1791E-01  3.5605E-01  4.8780E-01  5.4596E-01  9.6846E-01
       8.0720E-01  7.7532E-01  3.9602E-01  3.1591E-01  1.1562E-01  1.5049E-01  3.0013E-01  5.1003E-01  4.6239E-01  1.1111E+00
       8.3769E-01  5.9962E-01  5.3105E-01  3.6112E-01  1.4976E-01  1.6061E-01  2.9274E-01  3.5360E-01  5.2962E-01  1.0658E+00
       9.1023E-01  7.2557E-01  4.0313E-01  2.6914E-01  1.9743E-01  1.5506E-01  3.5132E-01  5.9057E-01  6.3196E-01  1.0658E+00
       1.0028E+00  6.2735E-01  4.3710E-01  2.8007E-01  2.3087E-01  2.7321E-01  3.1337E-01  4.5790E-01  6.3432E-01  7.6083E-01
       9.2382E-01  6.7336E-01  4.5509E-01  3.0314E-01  1.7949E-01  2.6814E-01  3.6480E-01  6.3872E-01  6.2093E-01  7.4379E-01
       9.3404E-01  6.7742E-01  6.7413E-01  4.0181E-01  3.2567E-01  3.3676E-01  2.9302E-01  4.7259E-01  8.1036E-01  1.1507E+00
       9.0047E-01  6.0904E-01  4.6953E-01  3.1408E-01  3.4571E-01  3.5735E-01  3.1197E-01  4.6321E-01  5.4071E-01  8.7363E-01
       9.2448E-01  6.6775E-01  4.1408E-01  3.9171E-01  2.5015E-01  2.3702E-01  2.9110E-01  4.0715E-01  5.3531E-01  6.9169E-01
       1.1474E+00  8.5262E-01  4.8224E-01  3.7390E-01  2.5221E-01  2.1838E-01  3.0812E-01  5.8060E-01  8.5543E-01  8.3343E-01
       9.2500E-01  8.4607E-01  5.8273E-01  3.2819E-01  1.1876E-01  1.9422E-01  3.6735E-01  5.2407E-01  6.0532E-01  8.9314E-01
       9.8136E-01  6.8065E-01  3.6076E-01  3.1638E-01  1.4264E-01  1.3155E-01  3.0093E-01  4.3830E-01  5.8009E-01  8.5681E-01
       8.9419E-01  6.3598E-01  5.6310E-01  2.9820E-01  1.6285E-01  1.5935E-01  2.6179E-01  4.3174E-01  5.7193E-01  8.6014E-01
       8.0844E-01  5.4550E-01  4.9011E-01  3.5997E-01  1.2125E-01  1.9167E-01  3.5016E-01  4.6628E-01  7.1336E-01  1.0248E+00
       6.8826E-01  6.5279E-01  3.6799E-01  3.4783E-01  2.0510E-01  1.8265E-01  2.7797E-01  5.8555E-01  7.4872E-01  7.1065E-01
       9.6415E-01  7.2928E-01  7.3218E-01  3.8796E-01  2.6977E-01  2.6397E-01  2.9201E-01  5.6938E-01  9.7916E-01  1.0958E+00
       1.0317E+00  7.6508E-01  5.4737E-01  4.5223E-01  3.3972E-01  4.2556E-01  4.2813E-01  5.2364E-01  8.5340E-01  1.0022E+00
       9.0100E-01  9.1140E-01  5.6237E-01  5.7490E-01  4.0527E-01  3.1206E-01  3.5668E-01  5.1630E-01  6.2588E-01  6.2288E-01
       1.0167E+00  7.2511E-01  4.5454E-01  3.6411E-01  2.6144E-01  3.1059E-01  3.5597E-01  5.1932E-01  7.6354E-01  1.0855E+00
       8.9594E-01  8.3179E-01  5.5651E-01  3.7478E-01  1.8366E-01  2.4844E-01  2.9698E-01  5.4960E-01  5.6660E-01  7.0811E-01
       1.0269E+00  6.8331E-01  5.4757E-01  3.1787E-01  1.5756E-01  2.3021E-01  3.4614E-01  4.8808E-01  5.8472E-01  8.2824E-01
       9.8544E-01  6.3796E-01  4.4804E-01  2.8347E-01  1.4003E-01  1.5952E-01  3.1824E-01  4.5732E-01  6.7871E-01  8.4841E-01
       8.8281E-01  8.2843E-01  3.2429E-01  3.3583E-01  1.7636E-01  1.6834E-01  4.1221E-01  5.3993E-01  7.1153E-01  9.2402E-01
       8.3687E-01  7.3035E-01  4.0317E-01  2.8348E-01  1.6756E-01  1.5351E-01  3.5460E-01  6.3214E-01  6.5984E-01  7.7165E-01
       8.5369E-01  7.3643E-01  6.4304E-01  3.1719E-01  2.7534E-01  2.0373E-01  3.4670E-01  6.1520E-01  5.7373E-01  9.6214E-01
       1.0784E+00  7.8508E-01  5.7754E-01  3.2835E-01  2.8706E-01  2.9912E-01  3.4286E-01  4.5413E-01  8.1451E-01  1.2381E+00
       9.3326E-01  7.5664E-01  6.2330E-01  4.4775E-01  2.4605E-01  3.0374E-01  5.3761E-01  3.8566E-01  8.0794E-01  1.0882E+00
       5.9112E-01  1.1313E+00  5.4381E-01  4.8231E-01  3.3104E-01  2.6181E-01  4.4744E-01  5.5804E-01  6.9283E-01  9.0256E-01
       1.1062E+00  8.1887E-01  4.6989E-01  4.6290E-01  2.4872E-01  2.1520E-01  5.1610E-01  6.3012E-01  8.2220E-01  1.1240E+00
       8.6192E-01  8.7533E-01  5.7190E-01  4.7412E-01  2.8099E-01  2.8152E-01  2.8231E-01  6.6482E-01  6.0709E-01  1.0026E+00
       9.6450E-01  8.4022E-01  4.0820E-01  3.9319E-01  1.5857E-01  2.3258E-01  3.9282E-01  4.1669E-01  4.9633E-01  7.5254E-01
       8.1448E-01  6.7591E-01  4.2367E-01  3.3393E-01  1.8198E-01  2.0001E-01  2.5142E-01  6.5034E-01  7.4472E-01  1.1927E+00
       7.4655E-01  7.3883E-01  4.2696E-01  3.0594E-01  1.3873E-01  1.7117E-01  3.5893E-01  4.9247E-01  8.3928E-01  1.1112E+00
       9.4109E-01  5.8298E-01  3.8876E-01  3.9176E-01  1.9448E-01  1.5684E-01  3.0275E-01  4.0014E-01  5.2062E-01  7.9653E-01
       7.4077E-01  8.0940E-01  4.6179E-01  3.9532E-01  3.5336E-01  2.7696E-01  4.8671E-01  7.2747E-01  7.0918E-01  6.7119E-01
       8.8005E-01  9.0032E-01  6.8774E-01  3.7308E-01  2.5259E-01  2.5673E-01  3.3413E-01  6.7613E-01  8.3629E-01  8.5517E-01
       7.9475E-01  9.0697E-01  7.4782E-01  3.9147E-01  3.9087E-01  4.0758E-01  4.6709E-01  5.6740E-01  1.0133E+00  1.1139E+00
       9.1242E-01  1.2376E+00  7.7571E-01  6.7610E-01  3.8878E-01  3.6666E-01  3.9175E-01  7.5469E-01  7.3334E-01  1.0335E+00
       9.4471E-01  8.8574E-01  6.5888E-01  5.2465E-01  3.1098E-01  2.0891E-01  4.0552E-01  8.4960E-01  7.0052E-01  1.2764E+00
       1.0016E+00  7.9606E-01  5.5483E-01  5.6479E-01  2.6711E-01  2.0755E-01  4.4335E-01  5.6780E-01  5.7423E-01  9.7619E-01
       7.3014E-01  9.3504E-01  5.6754E-01  4.1973E-01  2.4255E-01  2.8118E-01  3.6438E-01  6.1160E-01  8.3441E-01  1.0864E+00
       8.3228E-01  8.5439E-01  5.5410E-01  3.8412E-01  1.9475E-01  2.4743E-01  3.7710E-01  4.3296E-01  8.4503E-01  1.0430E+00
       7.5945E-01  6.8223E-01  4.9765E-01  4.0997E-01  1.8882E-01  1.7986E-01  4.0518E-01  5.0950E-01  9.8229E-01  8.0494E-01
       1.0500E+00  6.8624E-01  5.7963E-01  3.9874E-01  2.3298E-01  2.0046E-01  3.8169E-01  5.6590E-01  6.8630E-01  1.1569E+00
       8.0950E-01  1.0265E+00  5.1465E-01  4.9659E-01  2.9840E-01  3.1834E-01  4.6810E-01  5.0329E-01  7.1806E-01  9.1673E-01
       1.2326E+00  5.8045E-01  5.3692E-01  5.1541E-01  3.9491E-01  3.3643E-01  5.3005E-01  5.6687E-01  1.1631E+00  8.6595E-01
       1.1201E+00  6.3715E-01  5.9332E-01  5.0487E-01  3.4860E-01  4.5007E-01  6.1562E-01  8.3227E-01  7.6386E-01  1.4186E+00
