1
   Cartesian binning n.   1  "DoseEq    " , generalized particle n.  240
      X coordinate: from -8.5000E+01 to  8.5000E+01 cm,    10 bins ( 1.7000E+01 cm wide)
      Y coordinate: from -2.5000E+01 to  2.5000E+01 cm,    10 bins ( 5.0000E+00 cm wide)
      Z coordinate: from  2.2500E+02 to  2.7500E+02 cm,    10 bins ( 5.0000E+00 cm wide)
      Data follow in a matrix A(ix,iy,iz), format (1(5x,1p,10(1x,e11.4)))

      accurate deposition along the tracks requested
      this is a track-length binning
       8.3690E-04  1.3600E-03  1.9709E-03  2.6440E-03  3.1688E-03  3.1076E-03  2.6826E-03  1.9609E-03  1.3147E-03  8.3626E-04
       9.3163E-04  1.5249E-03  2.2524E-03  3.0033E-03  3.5919E-03  3.6328E-03  3.0056E-03  2.2248E-03  1.5273E-03  9.3014E-04
       1.0125E-03  1.6496E-03  2.4727E-03  3.2984E-03  3.9838E-03  4.0495E-03  3.3181E-03  2.4953E-03  1.6440E-03  1.0591E-03
       1.1070E-03  1.7816E-03  2.6466E-03  3.5242E-03  4.3006E-03  4.2767E-03  3.6207E-03  2.6303E-03  1.7787E-03  1.1288E-03
       1.1602E-03  1.9179E-03  2.8487E-03  3.8721E-03  4.6423E-03  4.5903E-03  3.8306E-03  2.8381E-03  1.9530E-03  1.2140E-03
       1.2492E-03  2.1248E-03  3.0639E-03  4.1098E-03  4.9602E-03  4.8906E-03  4.1583E-03  3.1723E-03  2.0773E-03  1.2897E-03
       1.4261E-03  2.3753E-03  3.4582E-03  4.5492E-03  5.4272E-03  5.3736E-03  4.5600E-03  3.5413E-03  2.3383E-03  1.4278E-03
       1.7641E-03  2.9147E-03  4.2069E-03  5.5391E-03  6.5108E-03  6.5528E-03  5.5109E-03  4.2932E-03  2.8979E-03  1.7380E-03
       2.5177E-03  4.1629E-03  5.9970E-03  7.8400E-03  9.2612E-03  9.1829E-03  7.7948E-03  5.9595E-03  4.0814E-03  2.5113E-03
       4.7908E-03  7.6705E-03  1.1176E-02  1.4406E-02  1.6960E-02  1.6916E-02  1.4493E-02  1.0991E-02  7.5931E-03  4.8107E-03
       8.5679E-04  1.3269E-03  1.8952E-03  2.5235E-03  2.9878E-03  2.9158E-03  2.5357E-03  1.9072E-03  1.3185E-03  8.4627E-04
       9.5017E-04  1.5534E-03  2.2337E-03  2.9275E-03  3.4781E-03  3.4813E-03  2.9613E-03  2.2125E-03  1.5185E-03  9.6301E-04
       1.0463E-03  1.7335E-03  2.5176E-03  3.3005E-03  3.8598E-03  3.9207E-03  3.3072E-03  2.4501E-03  1.7420E-03  1.0920E-03
       1.1594E-03  1.8901E-03  2.7164E-03  3.5903E-03  4.2280E-03  4.2158E-03  3.5988E-03  2.7223E-03  1.8698E-03  1.1805E-03
       1.2430E-03  2.0106E-03  2.9377E-03  3.9604E-03  4.6386E-03  4.6572E-03  3.8797E-03  2.9561E-03  2.0384E-03  1.2410E-03
       1.3431E-03  2.2636E-03  3.2016E-03  4.3021E-03  5.0350E-03  4.9903E-03  4.3280E-03  3.2998E-03  2.2092E-03  1.3715E-03
       1.5399E-03  2.6157E-03  3.7046E-03  4.8540E-03  5.7327E-03  5.5975E-03  4.8049E-03  3.7325E-03  2.5772E-03  1.5586E-03
       1.9194E-03  3.2912E-03  4.6385E-03  6.0617E-03  7.0847E-03  6.9756E-03  5.9440E-03  4.6460E-03  3.1783E-03  1.9185E-03
       2.8123E-03  4.6395E-03  6.6636E-03  8.6640E-03  9.8999E-03  9.9213E-03  8.4684E-03  6.6275E-03  4.5608E-03  2.8186E-03
       4.9864E-03  8.0112E-03  1.1403E-02  1.4840E-02  1.6997E-02  1.6902E-02  1.4579E-02  1.1348E-02  7.8425E-03  4.9724E-03
       8.1277E-04  1.2484E-03  1.8059E-03  2.3255E-03  2.7821E-03  2.7024E-03  2.3586E-03  1.8403E-03  1.3074E-03  8.0493E-04
       9.3556E-04  1.4936E-03  2.1450E-03  2.7577E-03  3.2793E-03  3.2405E-03  2.7761E-03  2.1754E-03  1.5361E-03  9.4446E-04
       1.0151E-03  1.6999E-03  2.4394E-03  3.1568E-03  3.6343E-03  3.6999E-03  3.1583E-03  2.4012E-03  1.7292E-03  1.0440E-03
       1.1307E-03  1.8559E-03  2.5954E-03  3.4470E-03  4.0211E-03  4.0441E-03  3.4204E-03  2.6376E-03  1.8669E-03  1.1307E-03
       1.2300E-03  2.0403E-03  2.9096E-03  3.8210E-03  4.3618E-03  4.4019E-03  3.7648E-03  2.8911E-03  2.0503E-03  1.2440E-03
       1.3300E-03  2.2576E-03  3.2324E-03  4.1978E-03  4.8217E-03  4.8470E-03  4.1606E-03  3.2427E-03  2.2391E-03  1.3771E-03
       1.5782E-03  2.6222E-03  3.7075E-03  4.7522E-03  5.4848E-03  5.4936E-03  4.7470E-03  3.7513E-03  2.5853E-03  1.5958E-03
       1.9832E-03  3.3018E-03  4.6025E-03  5.8545E-03  6.8247E-03  6.8535E-03  5.8156E-03  4.5968E-03  3.2171E-03  1.9822E-03
       2.7709E-03  4.6058E-03  6.4611E-03  8.2220E-03  9.4844E-03  9.5234E-03  8.1682E-03  6.4918E-03  4.5022E-03  2.8451E-03
       4.7046E-03  7.5016E-03  1.0671E-02  1.3651E-02  1.5494E-02  1.5408E-02  1.3436E-02  1.0541E-02  7.4161E-03  4.7472E-03
       7.5982E-04  1.1635E-03  1.6917E-03  2.0989E-03  2.5306E-03  2.4844E-03  2.1323E-03  1.7108E-03  1.2263E-03  7.6348E-04
       9.0639E-04  1.4396E-03  1.9864E-03  2.6019E-03  2.9773E-03  2.9462E-03  2.5356E-03  2.0378E-03  1.4708E-03  9.1463E-04
       9.9152E-04  1.5985E-03  2.2585E-03  2.9545E-03  3.3595E-03  3.3999E-03  2.9116E-03  2.2944E-03  1.6373E-03  9.8255E-04
       1.0852E-03  1.7294E-03  2.4927E-03  3.1907E-03  3.7043E-03  3.7452E-03  3.2013E-03  2.5318E-03  1.7841E-03  1.1005E-03
       1.1759E-03  1.9106E-03  2.8005E-03  3.5321E-03  3.9833E-03  4.0797E-03  3.5307E-03  2.7474E-03  1.9354E-03  1.1828E-03
       1.3135E-03  2.1625E-03  3.1499E-03  3.9346E-03  4.5347E-03  4.5438E-03  3.9011E-03  3.1150E-03  2.1796E-03  1.3310E-03
       1.4905E-03  2.5112E-03  3.5771E-03  4.5517E-03  5.1351E-03  5.1427E-03  4.4791E-03  3.6022E-03  2.5126E-03  1.5610E-03
       1.8910E-03  3.1283E-03  4.3409E-03  5.5466E-03  6.3289E-03  6.2840E-03  5.4620E-03  4.3429E-03  3.1073E-03  1.8886E-03
       2.5693E-03  4.2933E-03  6.0132E-03  7.6666E-03  8.7081E-03  8.6916E-03  7.5769E-03  5.9427E-03  4.2392E-03  2.6043E-03
       4.2968E-03  6.8342E-03  9.6338E-03  1.2272E-02  1.3851E-02  1.3775E-02  1.2144E-02  9.5250E-03  6.7898E-03  4.3347E-03
       7.1339E-04  1.1047E-03  1.5576E-03  1.8812E-03  2.2581E-03  2.2256E-03  1.9534E-03  1.5738E-03  1.1665E-03  7.2962E-04
       8.3006E-04  1.3334E-03  1.8178E-03  2.3614E-03  2.7201E-03  2.6449E-03  2.3879E-03  1.8866E-03  1.3589E-03  8.2465E-04
       9.3405E-04  1.5066E-03  2.0909E-03  2.6530E-03  3.0930E-03  3.0814E-03  2.6329E-03  2.1583E-03  1.5352E-03  9.2117E-04
       1.0085E-03  1.6441E-03  2.3511E-03  2.9639E-03  3.3755E-03  3.4184E-03  2.9645E-03  2.3809E-03  1.6750E-03  9.9572E-04
       1.1279E-03  1.8308E-03  2.5897E-03  3.2285E-03  3.7582E-03  3.7505E-03  3.3255E-03  2.5661E-03  1.8514E-03  1.0918E-03
       1.2397E-03  2.0091E-03  2.8738E-03  3.6564E-03  4.1935E-03  4.1215E-03  3.5848E-03  2.8574E-03  2.0317E-03  1.2563E-03
       1.3931E-03  2.3571E-03  3.3120E-03  4.2113E-03  4.7360E-03  4.6124E-03  4.1302E-03  3.2968E-03  2.3594E-03  1.4313E-03
       1.7273E-03  2.9036E-03  4.0262E-03  5.0971E-03  5.7754E-03  5.7383E-03  5.0375E-03  3.9956E-03  2.8933E-03  1.7316E-03
       2.3919E-03  3.9096E-03  5.4176E-03  6.9362E-03  7.7191E-03  7.7840E-03  6.8560E-03  5.3507E-03  3.8620E-03  2.4194E-03
       3.9015E-03  6.1393E-03  8.6073E-03  1.0755E-02  1.2048E-02  1.2180E-02  1.0802E-02  8.5421E-03  6.1010E-03  3.8973E-03
       6.6808E-04  1.0287E-03  1.4363E-03  1.7423E-03  1.9677E-03  1.9671E-03  1.7435E-03  1.4037E-03  1.0708E-03  6.5966E-04
       7.7202E-04  1.2428E-03  1.6613E-03  2.1308E-03  2.4201E-03  2.3599E-03  2.1800E-03  1.6920E-03  1.2734E-03  8.0999E-04
       8.7706E-04  1.4189E-03  1.8912E-03  2.3576E-03  2.7417E-03  2.7350E-03  2.4427E-03  1.9478E-03  1.4218E-03  8.7996E-04
       9.4024E-04  1.5453E-03  2.1188E-03  2.6710E-03  3.0372E-03  3.0292E-03  2.6798E-03  2.1463E-03  1.5618E-03  9.5858E-04
       1.0551E-03  1.7054E-03  2.4048E-03  2.9353E-03  3.3804E-03  3.2987E-03  2.9424E-03  2.3154E-03  1.7100E-03  1.0662E-03
       1.1563E-03  1.8645E-03  2.6420E-03  3.3382E-03  3.7105E-03  3.6747E-03  3.2267E-03  2.5796E-03  1.8815E-03  1.1758E-03
       1.3071E-03  2.1490E-03  2.9887E-03  3.7791E-03  4.1422E-03  4.1711E-03  3.6740E-03  2.9512E-03  2.1509E-03  1.3198E-03
       1.5794E-03  2.6475E-03  3.6022E-03  4.5461E-03  5.0719E-03  5.1047E-03  4.4537E-03  3.5972E-03  2.6485E-03  1.6004E-03
       2.1885E-03  3.5652E-03  4.7859E-03  6.1141E-03  6.7942E-03  6.8854E-03  5.9990E-03  4.7638E-03  3.5122E-03  2.2062E-03
       3.4808E-03  5.5606E-03  7.5932E-03  9.4460E-03  1.0614E-02  1.0559E-02  9.3145E-03  7.4579E-03  5.4516E-03  3.5408E-03
       6.1631E-04  9.4685E-04  1.2875E-03  1.5835E-03  1.7633E-03  1.7626E-03  1.5317E-03  1.2431E-03  9.6959E-04  6.2001E-04
       7.2775E-04  1.1208E-03  1.4599E-03  1.8505E-03  2.1098E-03  2.1064E-03  1.8865E-03  1.5209E-03  1.1311E-03  7.2554E-04
       8.2371E-04  1.3008E-03  1.7082E-03  2.1161E-03  2.4316E-03  2.4296E-03  2.1620E-03  1.7325E-03  1.2894E-03  8.1185E-04
       8.5389E-04  1.4293E-03  1.9092E-03  2.3907E-03  2.7293E-03  2.6366E-03  2.3498E-03  1.9576E-03  1.4017E-03  8.5332E-04
       9.7715E-04  1.5713E-03  2.0992E-03  2.6475E-03  2.9644E-03  2.8851E-03  2.6003E-03  2.1234E-03  1.5368E-03  9.4818E-04
       1.0700E-03  1.7083E-03  2.3175E-03  2.9215E-03  3.2353E-03  3.1872E-03  2.8761E-03  2.3091E-03  1.7082E-03  1.0550E-03
       1.1816E-03  1.9658E-03  2.6212E-03  3.2621E-03  3.6743E-03  3.6373E-03  3.2675E-03  2.6263E-03  1.9583E-03  1.1977E-03
       1.4802E-03  2.3644E-03  3.1594E-03  4.0207E-03  4.4479E-03  4.4544E-03  3.8903E-03  3.1775E-03  2.3638E-03  1.4382E-03
       1.9659E-03  3.2335E-03  4.2205E-03  5.3737E-03  5.9648E-03  5.9427E-03  5.2946E-03  4.2570E-03  3.1097E-03  1.9443E-03
       3.1464E-03  4.8698E-03  6.6417E-03  8.2977E-03  9.2426E-03  9.1297E-03  8.1063E-03  6.5267E-03  4.7751E-03  3.1081E-03
       5.6502E-04  8.3850E-04  1.1007E-03  1.3790E-03  1.5395E-03  1.5440E-03  1.3493E-03  1.0975E-03  8.6503E-04  5.5459E-04
       6.6364E-04  9.9981E-04  1.3124E-03  1.6572E-03  1.7928E-03  1.8161E-03  1.6354E-03  1.3386E-03  1.0121E-03  6.3937E-04
       7.3006E-04  1.1278E-03  1.5195E-03  1.8452E-03  2.0701E-03  2.0934E-03  1.8647E-03  1.5077E-03  1.1230E-03  7.3589E-04
       7.8123E-04  1.2330E-03  1.6674E-03  2.0311E-03  2.3373E-03  2.2974E-03  2.0483E-03  1.6978E-03  1.2336E-03  7.5466E-04
       8.3031E-04  1.3586E-03  1.8277E-03  2.2497E-03  2.5424E-03  2.4307E-03  2.2628E-03  1.8471E-03  1.3784E-03  8.2489E-04
       9.2964E-04  1.4906E-03  1.9996E-03  2.4816E-03  2.7663E-03  2.7766E-03  2.4605E-03  2.0137E-03  1.4746E-03  9.4666E-04
       1.0436E-03  1.7218E-03  2.3191E-03  2.8027E-03  3.1512E-03  3.1667E-03  2.8121E-03  2.2949E-03  1.7202E-03  1.0731E-03
       1.2703E-03  2.0770E-03  2.7259E-03  3.4723E-03  3.8013E-03  3.8035E-03  3.3861E-03  2.7911E-03  2.0371E-03  1.3031E-03
       1.7299E-03  2.7587E-03  3.6906E-03  4.5583E-03  5.0929E-03  5.0490E-03  4.5457E-03  3.6923E-03  2.7395E-03  1.7418E-03
       2.7730E-03  4.2645E-03  5.6785E-03  7.1109E-03  7.8721E-03  7.8228E-03  6.9758E-03  5.7539E-03  4.1271E-03  2.7372E-03
       4.9059E-04  7.5896E-04  9.6697E-04  1.1506E-03  1.3210E-03  1.3088E-03  1.1532E-03  9.4590E-04  7.4404E-04  4.8742E-04
       5.4474E-04  8.5932E-04  1.1298E-03  1.4012E-03  1.5460E-03  1.5053E-03  1.3483E-03  1.0891E-03  8.3514E-04  5.6262E-04
       6.0996E-04  9.5801E-04  1.2694E-03  1.5674E-03  1.7078E-03  1.7452E-03  1.5891E-03  1.2441E-03  9.8209E-04  6.2698E-04
       6.7184E-04  1.0320E-03  1.3962E-03  1.7177E-03  1.9266E-03  1.9012E-03  1.7144E-03  1.4234E-03  1.0346E-03  6.5118E-04
       7.3405E-04  1.1438E-03  1.5134E-03  1.8605E-03  2.0771E-03  2.0650E-03  1.8910E-03  1.5488E-03  1.1051E-03  7.2219E-04
       8.1054E-04  1.2826E-03  1.6496E-03  2.0379E-03  2.2943E-03  2.2714E-03  2.0815E-03  1.6739E-03  1.2928E-03  8.0394E-04
       8.9259E-04  1.5227E-03  1.9116E-03  2.2885E-03  2.5940E-03  2.5415E-03  2.3717E-03  1.9293E-03  1.4602E-03  9.0645E-04
       1.0748E-03  1.7546E-03  2.2663E-03  2.8153E-03  3.1006E-03  3.0594E-03  2.7974E-03  2.3409E-03  1.6797E-03  1.0911E-03
       1.4580E-03  2.3235E-03  3.0150E-03  3.7055E-03  4.1757E-03  4.1483E-03  3.7565E-03  3.0651E-03  2.2858E-03  1.4793E-03
       2.3884E-03  3.6693E-03  4.8133E-03  5.9108E-03  6.5532E-03  6.5016E-03  5.8012E-03  4.7486E-03  3.5555E-03  2.3951E-03
       4.1880E-04  6.1245E-04  7.9891E-04  9.3255E-04  1.0472E-03  1.0656E-03  9.4744E-04  7.9291E-04  6.0335E-04  4.1520E-04
       4.5509E-04  6.9560E-04  9.0516E-04  1.1186E-03  1.2255E-03  1.1969E-03  1.0373E-03  8.9948E-04  6.7686E-04  4.8333E-04
       4.9962E-04  7.6483E-04  1.0133E-03  1.2185E-03  1.3628E-03  1.3645E-03  1.2373E-03  9.9396E-04  7.8523E-04  5.1397E-04
       5.5040E-04  8.2292E-04  1.0983E-03  1.3565E-03  1.5095E-03  1.5175E-03  1.3854E-03  1.1275E-03  8.2112E-04  5.6103E-04
       5.8531E-04  9.0119E-04  1.1640E-03  1.4329E-03  1.6033E-03  1.6074E-03  1.4872E-03  1.2021E-03  8.6953E-04  5.6604E-04
       6.3939E-04  1.0364E-03  1.2762E-03  1.5639E-03  1.7815E-03  1.7172E-03  1.6088E-03  1.3478E-03  1.0071E-03  6.3282E-04
       7.2357E-04  1.1532E-03  1.4716E-03  1.7908E-03  2.0050E-03  1.9436E-03  1.8048E-03  1.5029E-03  1.1186E-03  7.0783E-04
       8.4282E-04  1.3302E-03  1.6830E-03  2.1022E-03  2.3476E-03  2.3220E-03  2.1012E-03  1.7266E-03  1.2895E-03  8.2941E-04
       1.1484E-03  1.7406E-03  2.2867E-03  2.7685E-03  3.0938E-03  3.0795E-03  2.7360E-03  2.2643E-03  1.7047E-03  1.1311E-03
       1.9170E-03  2.8398E-03  3.7525E-03  4.5549E-03  4.9480E-03  4.9186E-03  4.4892E-03  3.6780E-03  2.7462E-03  1.9044E-03

      Percentage errors follow in a matrix A(ix,iy,iz), format (1(5x,1p,10(1x,e11.4)))

       2.1676E+00  1.6393E+00  1.5309E+00  9.8466E-01  1.0462E+00  1.1774E+00  1.5076E+00  1.6582E+00  1.7175E+00  2.4362E+00
       2.2613E+00  1.3901E+00  1.2644E+00  1.0808E+00  1.2327E+00  1.0994E+00  1.1625E+00  1.7281E+00  1.9519E+00  2.5297E+00
       2.4592E+00  1.3868E+00  1.3732E+00  1.1528E+00  1.0293E+00  8.9771E-01  1.2270E+00  1.3921E+00  1.4863E+00  1.9062E+00
       2.6965E+00  1.0875E+00  1.1483E+00  6.9459E-01  8.3823E-01  8.7747E-01  9.8188E-01  1.0634E+00  1.0809E+00  2.1063E+00
       2.3305E+00  1.5331E+00  1.3113E+00  8.9492E-01  9.9848E-01  1.0141E+00  1.0359E+00  1.0948E+00  1.1735E+00  1.8542E+00
       1.7827E+00  1.6430E+00  1.3475E+00  1.2719E+00  5.2910E-01  9.1618E-01  8.9751E-01  8.2790E-01  1.5073E+00  2.3734E+00
       1.5331E+00  1.4529E+00  1.2353E+00  8.3771E-01  7.7911E-01  1.0240E+00  9.7409E-01  9.9088E-01  1.4264E+00  1.3198E+00
       1.4212E+00  1.2621E+00  8.6031E-01  1.0163E+00  8.0187E-01  5.7210E-01  8.1854E-01  9.0568E-01  1.0844E+00  1.5674E+00
       1.0407E+00  8.8763E-01  9.9486E-01  8.3760E-01  5.3251E-01  5.4410E-01  4.4877E-01  5.7960E-01  8.4780E-01  1.1243E+00
       7.8385E-01  7.4712E-01  5.7162E-01  5.5735E-01  4.8253E-01  4.6085E-01  4.6365E-01  5.9371E-01  7.7563E-01  1.0110E+00
       2.0701E+00  1.7471E+00  1.3933E+00  1.1881E+00  1.1917E+00  1.2057E+00  1.5368E+00  1.7326E+00  2.0379E+00  1.8623E+00
       2.0292E+00  1.4946E+00  1.2730E+00  1.4368E+00  1.0719E+00  1.3158E+00  1.7659E+00  1.5545E+00  2.0035E+00  1.8160E+00
       2.4125E+00  1.6126E+00  1.1451E+00  1.3021E+00  1.1407E+00  1.1018E+00  1.4843E+00  1.5394E+00  1.1474E+00  1.6346E+00
       2.3952E+00  1.4916E+00  9.1006E-01  6.5379E-01  9.2933E-01  8.0097E-01  1.0571E+00  1.4188E+00  8.9182E-01  2.2890E+00
       1.9119E+00  1.3684E+00  1.0430E+00  9.1031E-01  7.4329E-01  8.6638E-01  1.0733E+00  1.1694E+00  1.1552E+00  2.1366E+00
       1.8711E+00  1.5386E+00  1.0098E+00  8.0759E-01  8.6648E-01  7.3398E-01  1.0676E+00  9.6977E-01  1.3212E+00  1.8897E+00
       1.8796E+00  1.3981E+00  7.9438E-01  8.7290E-01  9.3881E-01  7.5834E-01  9.9574E-01  1.0523E+00  1.2070E+00  1.5967E+00
       1.3498E+00  1.1628E+00  6.2053E-01  9.7193E-01  9.7204E-01  7.8630E-01  6.5394E-01  7.8377E-01  1.0174E+00  1.4330E+00
       1.2801E+00  8.7326E-01  1.0502E+00  5.9924E-01  6.5231E-01  4.6496E-01  5.7308E-01  6.4646E-01  9.3180E-01  9.6836E-01
       9.6458E-01  7.2575E-01  7.4656E-01  4.5625E-01  4.0622E-01  4.8788E-01  5.7140E-01  5.3662E-01  7.4183E-01  9.7438E-01
       2.3662E+00  1.8502E+00  1.9405E+00  1.3347E+00  1.4311E+00  1.2570E+00  1.4679E+00  1.6551E+00  1.7350E+00  1.9643E+00
       1.9851E+00  1.0774E+00  1.3349E+00  1.1500E+00  1.1537E+00  9.1216E-01  1.6025E+00  1.4508E+00  1.1331E+00  2.5698E+00
       2.2759E+00  1.5146E+00  1.2995E+00  1.1971E+00  1.4055E+00  1.4242E+00  1.2932E+00  1.2862E+00  1.3051E+00  1.6213E+00
       1.8112E+00  1.2371E+00  1.3835E+00  1.1099E+00  7.1147E-01  1.0860E+00  1.4492E+00  1.4259E+00  1.7132E+00  1.9689E+00
       1.4520E+00  1.3879E+00  1.2388E+00  8.1896E-01  1.0017E+00  1.1733E+00  1.2284E+00  1.3263E+00  1.7102E+00  1.3167E+00
       2.2589E+00  1.0888E+00  9.7612E-01  1.2963E+00  1.0848E+00  7.5873E-01  1.2143E+00  9.4559E-01  1.4161E+00  2.0197E+00
       1.5726E+00  1.1201E+00  8.7548E-01  1.0619E+00  6.4590E-01  8.5781E-01  8.4418E-01  7.4288E-01  1.1380E+00  2.1509E+00
       1.4806E+00  1.1909E+00  1.0145E+00  9.5264E-01  9.1742E-01  7.3585E-01  6.5373E-01  7.1867E-01  1.1428E+00  1.4896E+00
       1.3357E+00  9.3101E-01  5.9667E-01  5.7377E-01  5.9062E-01  5.1403E-01  5.7509E-01  8.1215E-01  7.5321E-01  1.1076E+00
       1.1385E+00  5.6692E-01  7.5936E-01  5.3735E-01  5.6569E-01  6.1646E-01  4.9442E-01  6.4597E-01  8.9237E-01  1.0521E+00
       2.9170E+00  1.4411E+00  1.5499E+00  1.4547E+00  1.1200E+00  1.2126E+00  1.3084E+00  1.8848E+00  1.4010E+00  2.6121E+00
       1.7892E+00  1.5082E+00  1.6059E+00  1.3575E+00  1.2470E+00  1.1487E+00  1.6281E+00  1.7144E+00  1.7844E+00  2.0739E+00
       1.4374E+00  1.4125E+00  1.2574E+00  1.1308E+00  1.3702E+00  1.3055E+00  1.5569E+00  1.5716E+00  1.3717E+00  1.7110E+00
       1.9022E+00  1.1232E+00  1.3742E+00  1.3674E+00  1.0969E+00  1.1199E+00  1.2079E+00  1.2465E+00  1.2573E+00  2.1249E+00
       1.6410E+00  1.1475E+00  1.1383E+00  1.0893E+00  7.9062E-01  1.2456E+00  1.0955E+00  1.3907E+00  1.2881E+00  1.8888E+00
       1.7998E+00  9.4522E-01  1.1018E+00  1.1091E+00  9.4463E-01  9.8527E-01  1.1298E+00  1.3631E+00  1.4179E+00  1.7889E+00
       1.3183E+00  1.4202E+00  1.0014E+00  1.1763E+00  1.0254E+00  8.0755E-01  7.0753E-01  9.4723E-01  1.2137E+00  1.7623E+00
       1.0480E+00  1.3823E+00  7.6507E-01  8.2235E-01  9.7244E-01  6.8669E-01  1.0808E+00  4.5703E-01  1.3872E+00  1.5033E+00
       1.2667E+00  1.0646E+00  6.5315E-01  5.8408E-01  5.9763E-01  5.9914E-01  6.7933E-01  8.3137E-01  1.1679E+00  1.4434E+00
       1.1723E+00  9.0766E-01  6.0449E-01  5.0881E-01  5.3301E-01  6.1496E-01  5.1982E-01  7.3581E-01  9.1027E-01  7.8003E-01
       2.3489E+00  2.0188E+00  1.8415E+00  1.3799E+00  1.3100E+00  1.5988E+00  1.1231E+00  1.5855E+00  1.4701E+00  2.3781E+00
       1.4933E+00  1.7007E+00  1.9678E+00  1.4157E+00  1.5198E+00  1.1598E+00  1.2332E+00  1.4134E+00  1.6181E+00  2.0557E+00
       1.7247E+00  1.2348E+00  1.7862E+00  1.0053E+00  1.3677E+00  1.2923E+00  1.1293E+00  1.5826E+00  1.2583E+00  1.5967E+00
       1.8516E+00  1.7004E+00  1.2857E+00  1.3886E+00  1.2190E+00  1.2129E+00  1.3574E+00  1.3901E+00  1.5151E+00  2.1910E+00
       1.6325E+00  1.1300E+00  1.3289E+00  1.2904E+00  9.4854E-01  1.0949E+00  1.1890E+00  1.3684E+00  1.5462E+00  1.6468E+00
       1.7100E+00  9.8181E-01  1.0224E+00  1.3105E+00  8.8576E-01  1.2480E+00  9.6339E-01  1.2761E+00  1.2562E+00  1.6778E+00
       1.6241E+00  1.4714E+00  1.1328E+00  1.0354E+00  9.0013E-01  1.0988E+00  7.7683E-01  8.7120E-01  1.4050E+00  1.8148E+00
       1.6242E+00  1.0063E+00  8.2956E-01  8.6448E-01  9.9052E-01  8.5137E-01  9.5120E-01  8.2322E-01  1.0964E+00  1.4433E+00
       1.5480E+00  8.9346E-01  8.6202E-01  7.3746E-01  8.0152E-01  5.7935E-01  6.5084E-01  7.2126E-01  9.1192E-01  9.8208E-01
       1.1810E+00  9.2735E-01  7.3733E-01  5.0869E-01  6.2583E-01  5.4932E-01  6.6173E-01  8.3552E-01  8.0093E-01  9.9425E-01
       2.2393E+00  2.1351E+00  1.5572E+00  9.2650E-01  1.1878E+00  1.5817E+00  1.4946E+00  2.2635E+00  1.7839E+00  2.5128E+00
       1.8339E+00  1.9609E+00  1.7008E+00  1.3401E+00  1.5937E+00  1.3983E+00  1.1936E+00  1.2512E+00  1.5764E+00  2.6667E+00
       2.2572E+00  1.8793E+00  1.6510E+00  1.4809E+00  1.2877E+00  1.3510E+00  1.6570E+00  1.6819E+00  1.4209E+00  2.1757E+00
       1.5122E+00  1.5834E+00  1.5033E+00  1.5088E+00  1.1913E+00  1.0895E+00  1.2896E+00  1.1153E+00  1.7248E+00  2.5981E+00
       1.7530E+00  1.9970E+00  1.7890E+00  1.5435E+00  1.4961E+00  1.0237E+00  1.8921E+00  1.5427E+00  1.9224E+00  1.8009E+00
       1.5294E+00  1.3615E+00  1.0669E+00  1.2466E+00  1.1679E+00  1.0614E+00  1.2138E+00  9.5438E-01  1.1913E+00  1.5921E+00
       1.9165E+00  1.2893E+00  8.7915E-01  9.8914E-01  1.0800E+00  8.2977E-01  6.4239E-01  1.1126E+00  1.1951E+00  1.5560E+00
       1.7205E+00  9.6071E-01  1.0426E+00  7.9759E-01  1.1124E+00  6.1526E-01  1.0425E+00  9.0098E-01  1.1361E+00  1.3797E+00
       1.7898E+00  1.2014E+00  6.6537E-01  5.8084E-01  6.8354E-01  5.3495E-01  7.0185E-01  8.0299E-01  1.1216E+00  1.3746E+00
       1.0395E+00  8.6575E-01  7.5046E-01  6.1067E-01  6.6319E-01  4.7244E-01  4.1803E-01  9.0992E-01  9.0087E-01  1.0796E+00
       2.5226E+00  2.1083E+00  1.7458E+00  1.0545E+00  1.3707E+00  1.7572E+00  1.5264E+00  2.1668E+00  2.2632E+00  3.1666E+00
       2.0825E+00  2.0767E+00  1.6032E+00  1.2084E+00  1.1904E+00  1.7141E+00  1.4007E+00  1.5337E+00  1.4722E+00  2.4098E+00
       2.2002E+00  1.6662E+00  1.9304E+00  1.2824E+00  1.6643E+00  1.5518E+00  1.9135E+00  1.8906E+00  1.6901E+00  2.8091E+00
       2.1569E+00  1.5980E+00  1.7217E+00  1.2023E+00  1.3177E+00  1.0762E+00  1.2073E+00  1.5283E+00  1.3422E+00  1.7929E+00
       2.0260E+00  1.9236E+00  1.6169E+00  1.2561E+00  1.4410E+00  1.6199E+00  1.5453E+00  1.6335E+00  1.7488E+00  1.4703E+00
       2.2449E+00  1.2659E+00  1.3810E+00  1.2246E+00  1.5527E+00  1.0938E+00  1.1156E+00  1.4481E+00  1.5664E+00  1.7020E+00
       1.7349E+00  1.3822E+00  1.4195E+00  9.3138E-01  1.1124E+00  9.1764E-01  9.5782E-01  1.4866E+00  1.4340E+00  2.1605E+00
       1.9859E+00  1.0469E+00  1.2114E+00  9.5181E-01  9.7521E-01  8.9412E-01  9.7634E-01  1.1374E+00  1.2151E+00  1.2466E+00
       1.4741E+00  1.0409E+00  1.0318E+00  7.5510E-01  8.2636E-01  8.0313E-01  6.6045E-01  9.1440E-01  1.2017E+00  1.6542E+00
       1.2951E+00  1.1278E+00  8.4210E-01  7.5317E-01  7.2146E-01  9.1629E-01  7.3157E-01  8.9349E-01  8.1432E-01  1.4472E+00
       2.1364E+00  2.2582E+00  1.7497E+00  1.7520E+00  1.7403E+00  1.8368E+00  1.8471E+00  2.5511E+00  2.7188E+00  2.9472E+00
       2.7177E+00  1.7886E+00  1.8226E+00  1.5440E+00  1.2587E+00  1.8827E+00  1.4934E+00  1.7267E+00  2.1802E+00  3.5482E+00
       2.1481E+00  1.6015E+00  2.1325E+00  1.5326E+00  1.4829E+00  1.3720E+00  1.4908E+00  1.5463E+00  1.7950E+00  2.0130E+00
       1.8986E+00  1.2039E+00  1.7001E+00  1.7026E+00  1.5358E+00  1.4130E+00  1.7304E+00  1.5307E+00  1.8341E+00  2.0573E+00
       2.5576E+00  1.6713E+00  1.8129E+00  1.2485E+00  1.6837E+00  1.3582E+00  1.5050E+00  1.7275E+00  1.4902E+00  2.0950E+00
       2.6707E+00  1.9314E+00  1.2084E+00  1.4420E+00  1.4254E+00  1.3446E+00  8.5123E-01  1.4805E+00  1.4911E+00  2.1668E+00
       2.4294E+00  1.5757E+00  1.4590E+00  1.3409E+00  1.2471E+00  9.4450E-01  8.9044E-01  1.4667E+00  1.3738E+00  2.0884E+00
       2.3253E+00  1.3043E+00  1.1021E+00  1.0252E+00  1.0975E+00  7.8154E-01  8.9707E-01  1.2168E+00  1.3638E+00  1.2066E+00
       1.2238E+00  1.1843E+00  1.2404E+00  8.5609E-01  7.8398E-01  9.6720E-01  6.4305E-01  8.1340E-01  1.0885E+00  1.8818E+00
       1.1536E+00  1.2114E+00  1.0547E+00  8.1698E-01  7.3362E-01  9.8631E-01  8.3356E-01  8.5264E-01  1.1824E+00  1.0992E+00
       2.9604E+00  2.4251E+00  1.7587E+00  1.4258E+00  1.4624E+00  1.5359E+00  1.9361E+00  1.9815E+00  2.9712E+00  2.7027E+00
       3.1346E+00  2.0526E+00  1.6430E+00  1.9558E+00  1.8315E+00  1.8380E+00  1.4985E+00  2.0683E+00  1.9154E+00  2.8204E+00
       3.3751E+00  2.4014E+00  2.0761E+00  2.0749E+00  2.2619E+00  1.5965E+00  1.4583E+00  1.7246E+00  1.9493E+00  2.3727E+00
       2.9425E+00  1.8389E+00  1.6844E+00  2.2641E+00  1.8653E+00  1.4587E+00  1.6705E+00  1.7608E+00  2.0116E+00  3.4161E+00
       2.4551E+00  1.1216E+00  1.8660E+00  9.9709E-01  1.8223E+00  1.7196E+00  1.1287E+00  2.0833E+00  1.8579E+00  2.1442E+00
       1.8563E+00  1.8574E+00  1.3826E+00  1.1117E+00  1.3245E+00  1.9790E+00  9.0531E-01  1.8496E+00  2.3510E+00  2.0262E+00
       2.5703E+00  2.1051E+00  1.3797E+00  1.2342E+00  1.2141E+00  1.1430E+00  1.4501E+00  1.0681E+00  1.7293E+00  2.2412E+00
       1.7076E+00  1.7009E+00  1.4284E+00  8.2023E-01  1.1565E+00  1.0994E+00  1.2320E+00  8.9161E-01  1.5430E+00  1.9959E+00
       1.4870E+00  1.3855E+00  1.3810E+00  1.1001E+00  1.1042E+00  1.2835E+00  9.3438E-01  7.5834E-01  1.4379E+00  1.5178E+00
       1.5354E+00  1.4069E+00  1.2324E+00  8.9772E-01  1.0866E+00  9.0285E-01  1.1879E+00  1.0395E+00  1.0778E+00  1.4410E+00
       2.6454E+00  2.3153E+00  2.3557E+00  2.1497E+00  1.6241E+00  1.9223E+00  1.7826E+00  1.7940E+00  3.0653E+00  2.8612E+00
       2.7279E+00  2.0061E+00  1.8048E+00  1.6386E+00  2.3834E+00  1.7183E+00  2.2875E+00  1.8010E+00  2.3013E+00  2.8912E+00
       2.9179E+00  2.4055E+00  1.9619E+00  2.4570E+00  1.8928E+00  1.3216E+00  1.6300E+00  2.0432E+00  2.7236E+00  2.3668E+00
       2.6895E+00  1.8446E+00  1.5532E+00  1.8993E+00  1.6708E+00  1.0258E+00  1.4832E+00  2.0606E+00  2.6329E+00  3.5362E+00
       2.6427E+00  1.7058E+00  1.6010E+00  1.5047E+00  1.4487E+00  1.6577E+00  1.6366E+00  2.2625E+00  2.5142E+00  2.2028E+00
       2.7431E+00  2.4816E+00  1.8061E+00  1.6852E+00  1.2557E+00  2.1543E+00  1.4453E+00  1.7949E+00  2.5489E+00  2.2539E+00
       3.2547E+00  2.0151E+00  1.7022E+00  1.7915E+00  1.6077E+00  1.5387E+00  1.8913E+00  1.7271E+00  1.7655E+00  2.6073E+00
       1.7727E+00  2.2339E+00  1.4038E+00  1.8498E+00  1.0740E+00  1.2613E+00  1.5293E+00  1.3325E+00  1.6911E+00  1.8772E+00
       1.3921E+00  2.0560E+00  9.0524E-01  1.2245E+00  1.0304E+00  1.0472E+00  1.3248E+00  1.1227E+00  1.4474E+00  1.5769E+00
       1.2600E+00  1.3073E+00  1.0931E+00  1.1123E+00  7.3812E-01  1.1990E+00  1.2344E+00  1.2442E+00  1.1856E+00  1.4239E+00
