1
   Cartesian binning n.   1  "DoseEq    " , generalized particle n.  240
      X coordinate: from -8.5000E+01 to  8.5000E+01 cm,    10 bins ( 1.7000E+01 cm wide)
      Y coordinate: from -2.5000E+01 to  2.5000E+01 cm,    10 bins ( 5.0000E+00 cm wide)
      Z coordinate: from  2.2500E+02 to  2.7500E+02 cm,    10 bins ( 5.0000E+00 cm wide)
      Data follow in a matrix A(ix,iy,iz), format (1(5x,1p,10(1x,e11.4)))

      accurate deposition along the tracks requested
      this is a track-length binning
       2.4334E-03  4.2404E-03  7.8187E-03  1.5783E-02  2.9406E-02  2.9193E-02  1.5763E-02  7.8317E-03  4.2426E-03  2.3806E-03
       2.6972E-03  4.8278E-03  9.1433E-03  2.0146E-02  4.2100E-02  4.2190E-02  1.9949E-02  9.0622E-03  4.7937E-03  2.6680E-03
       2.8624E-03  5.1548E-03  1.0080E-02  2.4226E-02  5.6928E-02  5.6840E-02  2.4251E-02  1.0112E-02  5.2272E-03  2.8621E-03
       2.9194E-03  5.4827E-03  1.0746E-02  2.7910E-02  7.0983E-02  7.0594E-02  2.8034E-02  1.0829E-02  5.3973E-03  2.9103E-03
       2.9529E-03  5.5241E-03  1.1056E-02  3.0113E-02  7.9609E-02  7.9643E-02  3.0161E-02  1.1171E-02  5.5871E-03  2.9610E-03
       2.9379E-03  5.5631E-03  1.1130E-02  3.0009E-02  7.9990E-02  7.9526E-02  2.9959E-02  1.1099E-02  5.6070E-03  2.9271E-03
       2.8899E-03  5.3742E-03  1.0710E-02  2.7854E-02  7.1075E-02  7.0781E-02  2.7903E-02  1.0783E-02  5.4195E-03  2.8885E-03
       2.7642E-03  5.2007E-03  1.0077E-02  2.4100E-02  5.7082E-02  5.7007E-02  2.4411E-02  1.0088E-02  5.1641E-03  2.8258E-03
       2.6859E-03  4.8156E-03  9.0338E-03  2.0129E-02  4.2093E-02  4.2029E-02  2.0206E-02  9.1076E-03  4.8823E-03  2.6338E-03
       2.4220E-03  4.2828E-03  7.8265E-03  1.5744E-02  2.9477E-02  2.9435E-02  1.5862E-02  7.8145E-03  4.2467E-03  2.4035E-03
       2.3999E-03  4.2243E-03  7.4824E-03  1.4935E-02  2.7248E-02  2.7254E-02  1.4885E-02  7.5082E-03  4.2109E-03  2.3860E-03
       2.6661E-03  4.8743E-03  8.9969E-03  1.9370E-02  3.9088E-02  3.9244E-02  1.9174E-02  8.8956E-03  4.8458E-03  2.6742E-03
       2.8663E-03  5.2730E-03  9.9411E-03  2.3190E-02  5.1961E-02  5.1837E-02  2.3125E-02  9.8830E-03  5.2532E-03  2.8699E-03
       2.9493E-03  5.5322E-03  1.0557E-02  2.6717E-02  6.3899E-02  6.3665E-02  2.6813E-02  1.0670E-02  5.5754E-03  2.9992E-03
       3.0289E-03  5.6163E-03  1.1003E-02  2.8687E-02  7.1070E-02  7.1025E-02  2.8686E-02  1.1065E-02  5.6851E-03  3.1185E-03
       3.0807E-03  5.6498E-03  1.1036E-02  2.8559E-02  7.1256E-02  7.0920E-02  2.8561E-02  1.1002E-02  5.7352E-03  3.0966E-03
       2.9892E-03  5.5173E-03  1.0697E-02  2.6575E-02  6.3910E-02  6.3792E-02  2.6571E-02  1.0668E-02  5.5018E-03  3.0337E-03
       2.8459E-03  5.2615E-03  9.9741E-03  2.3097E-02  5.1822E-02  5.2199E-02  2.3413E-02  9.8755E-03  5.2829E-03  2.9205E-03
       2.6186E-03  4.8495E-03  8.8071E-03  1.9169E-02  3.8947E-02  3.9037E-02  1.9224E-02  8.8922E-03  4.9001E-03  2.6554E-03
       2.4213E-03  4.2655E-03  7.3774E-03  1.4772E-02  2.7155E-02  2.7320E-02  1.4951E-02  7.5332E-03  4.2013E-03  2.3483E-03
       2.3214E-03  3.9991E-03  6.8008E-03  1.2983E-02  2.3995E-02  2.4066E-02  1.2914E-02  6.9028E-03  4.0041E-03  2.2919E-03
       2.6226E-03  4.6599E-03  8.2489E-03  1.7040E-02  3.4725E-02  3.4978E-02  1.6891E-02  8.1869E-03  4.6800E-03  2.6119E-03
       2.8257E-03  5.1202E-03  9.1193E-03  2.0759E-02  4.6454E-02  4.6266E-02  2.0618E-02  9.1809E-03  5.2018E-03  2.8417E-03
       2.9767E-03  5.3784E-03  9.7642E-03  2.3974E-02  5.6789E-02  5.6763E-02  2.3957E-02  9.7366E-03  5.3463E-03  2.9642E-03
       3.0036E-03  5.5146E-03  1.0080E-02  2.5718E-02  6.2925E-02  6.2920E-02  2.5649E-02  1.0180E-02  5.4867E-03  3.0511E-03
       2.9243E-03  5.5079E-03  1.0111E-02  2.5578E-02  6.3061E-02  6.2755E-02  2.5642E-02  1.0095E-02  5.5147E-03  3.0081E-03
       2.9504E-03  5.4031E-03  9.9091E-03  2.3744E-02  5.6971E-02  5.6940E-02  2.3887E-02  9.7885E-03  5.3953E-03  2.9579E-03
       2.8133E-03  5.0790E-03  9.1627E-03  2.0736E-02  4.6309E-02  4.6817E-02  2.0907E-02  9.0195E-03  5.0765E-03  2.8301E-03
       2.6400E-03  4.6176E-03  8.1331E-03  1.6817E-02  3.4843E-02  3.4887E-02  1.7084E-02  8.1452E-03  4.7213E-03  2.6030E-03
       2.3099E-03  4.0116E-03  6.7467E-03  1.2797E-02  2.3901E-02  2.4111E-02  1.3059E-02  6.7900E-03  4.0667E-03  2.2965E-03
       2.2006E-03  3.7347E-03  6.1086E-03  9.7378E-03  1.4799E-02  1.4906E-02  9.6979E-03  6.1453E-03  3.7850E-03  2.1618E-03
       2.5156E-03  4.4555E-03  7.3491E-03  1.2294E-02  2.0633E-02  2.0651E-02  1.2332E-02  7.3559E-03  4.4243E-03  2.5019E-03
       2.7070E-03  4.7781E-03  8.1838E-03  1.4498E-02  2.6747E-02  2.6676E-02  1.4304E-02  8.0993E-03  4.8202E-03  2.7291E-03
       2.8329E-03  5.0851E-03  8.6946E-03  1.6034E-02  3.2581E-02  3.2591E-02  1.5966E-02  8.6458E-03  5.0185E-03  2.8992E-03
       2.8892E-03  5.2282E-03  8.8408E-03  1.6841E-02  3.6154E-02  3.5959E-02  1.6944E-02  8.8478E-03  5.1473E-03  2.8901E-03
       2.8317E-03  5.2022E-03  8.9640E-03  1.6871E-02  3.6262E-02  3.6106E-02  1.6972E-02  8.8538E-03  5.1249E-03  2.8876E-03
       2.7913E-03  5.1109E-03  8.7851E-03  1.5904E-02  3.2500E-02  3.2526E-02  1.6041E-02  8.5635E-03  5.0734E-03  2.8023E-03
       2.6755E-03  4.7867E-03  8.1367E-03  1.4426E-02  2.6691E-02  2.6856E-02  1.4439E-02  8.0502E-03  4.8711E-03  2.7008E-03
       2.4965E-03  4.3372E-03  7.2526E-03  1.2313E-02  2.0592E-02  2.0612E-02  1.2460E-02  7.3681E-03  4.4354E-03  2.4858E-03
       2.2147E-03  3.7346E-03  6.0216E-03  9.7064E-03  1.4679E-02  1.4810E-02  9.7772E-03  6.1357E-03  3.7924E-03  2.2193E-03
       2.0595E-03  3.4806E-03  5.5574E-03  8.4369E-03  1.0934E-02  1.1039E-02  8.3212E-03  5.5546E-03  3.5420E-03  2.0786E-03
       2.3839E-03  4.0837E-03  6.6533E-03  1.0274E-02  1.3605E-02  1.3701E-02  1.0240E-02  6.6255E-03  4.1622E-03  2.4045E-03
       2.5764E-03  4.4400E-03  7.3079E-03  1.1644E-02  1.5593E-02  1.5716E-02  1.1586E-02  7.3912E-03  4.4921E-03  2.5536E-03
       2.6715E-03  4.6551E-03  7.8863E-03  1.2509E-02  1.7231E-02  1.7331E-02  1.2494E-02  7.7835E-03  4.7650E-03  2.6796E-03
       2.7435E-03  4.8306E-03  8.0477E-03  1.2904E-02  1.7992E-02  1.8059E-02  1.2857E-02  8.1497E-03  4.8731E-03  2.7073E-03
       2.7312E-03  4.8265E-03  8.0712E-03  1.3002E-02  1.7860E-02  1.7873E-02  1.2982E-02  8.0951E-03  4.8659E-03  2.6897E-03
       2.6555E-03  4.7525E-03  7.8890E-03  1.2524E-02  1.7200E-02  1.7171E-02  1.2470E-02  7.8794E-03  4.7693E-03  2.6498E-03
       2.5459E-03  4.5177E-03  7.3622E-03  1.1604E-02  1.5736E-02  1.5655E-02  1.1607E-02  7.3662E-03  4.5808E-03  2.5825E-03
       2.3311E-03  3.9992E-03  6.6193E-03  1.0258E-02  1.3679E-02  1.3700E-02  1.0184E-02  6.6315E-03  4.1509E-03  2.3601E-03
       2.0910E-03  3.4688E-03  5.5207E-03  8.3481E-03  1.0964E-02  1.1012E-02  8.3472E-03  5.5597E-03  3.5288E-03  2.0573E-03
       1.9075E-03  3.1650E-03  4.9670E-03  7.3955E-03  9.4293E-03  9.3712E-03  7.3143E-03  5.0408E-03  3.1646E-03  1.9516E-03
       2.1447E-03  3.7734E-03  5.9606E-03  8.9422E-03  1.1597E-02  1.1615E-02  8.9205E-03  5.9008E-03  3.7943E-03  2.2563E-03
       2.3368E-03  4.0630E-03  6.5559E-03  1.0079E-02  1.3171E-02  1.3086E-02  1.0097E-02  6.5770E-03  4.1423E-03  2.3729E-03
       2.4925E-03  4.3067E-03  7.0808E-03  1.0782E-02  1.4199E-02  1.4242E-02  1.0900E-02  7.0388E-03  4.3896E-03  2.4824E-03
       2.5418E-03  4.4624E-03  7.3236E-03  1.1201E-02  1.4806E-02  1.4722E-02  1.1136E-02  7.2746E-03  4.4958E-03  2.5196E-03
       2.5459E-03  4.4275E-03  7.2713E-03  1.1317E-02  1.4704E-02  1.4698E-02  1.1152E-02  7.2639E-03  4.4807E-03  2.5167E-03
       2.5192E-03  4.3424E-03  7.0791E-03  1.0950E-02  1.4214E-02  1.4070E-02  1.0851E-02  7.1052E-03  4.3861E-03  2.4277E-03
       2.3888E-03  4.1315E-03  6.6140E-03  1.0089E-02  1.3119E-02  1.3135E-02  1.0025E-02  6.6634E-03  4.1968E-03  2.3706E-03
       2.1862E-03  3.7079E-03  5.9568E-03  8.9698E-03  1.1578E-02  1.1464E-02  8.9207E-03  6.0233E-03  3.7757E-03  2.2264E-03
       1.9383E-03  3.1885E-03  4.9731E-03  7.4809E-03  9.3367E-03  9.3493E-03  7.3544E-03  5.0455E-03  3.1846E-03  1.8976E-03
       1.7632E-03  2.9230E-03  4.4974E-03  6.4488E-03  7.9618E-03  8.0860E-03  6.4001E-03  4.4350E-03  2.9228E-03  1.7898E-03
       2.0079E-03  3.4419E-03  5.3107E-03  7.7192E-03  9.8360E-03  9.7922E-03  7.8001E-03  5.2911E-03  3.4357E-03  2.0361E-03
       2.1847E-03  3.7068E-03  5.8367E-03  8.6490E-03  1.1075E-02  1.1082E-02  8.7028E-03  5.8590E-03  3.7814E-03  2.1866E-03
       2.2984E-03  3.9553E-03  6.2608E-03  9.2233E-03  1.1808E-02  1.1821E-02  9.4255E-03  6.2188E-03  3.9919E-03  2.2789E-03
       2.3556E-03  4.0533E-03  6.4671E-03  9.5853E-03  1.2429E-02  1.2350E-02  9.5921E-03  6.2997E-03  4.0515E-03  2.3715E-03
       2.3456E-03  4.0618E-03  6.3859E-03  9.5616E-03  1.2282E-02  1.2218E-02  9.5542E-03  6.3443E-03  4.0732E-03  2.3547E-03
       2.3237E-03  3.9530E-03  6.2269E-03  9.3733E-03  1.1924E-02  1.1814E-02  9.2835E-03  6.2909E-03  3.9614E-03  2.2557E-03
       2.1997E-03  3.7685E-03  5.8541E-03  8.6584E-03  1.1147E-02  1.1058E-02  8.7558E-03  5.9208E-03  3.7858E-03  2.1933E-03
       2.0416E-03  3.4094E-03  5.2944E-03  7.7624E-03  9.8046E-03  9.6196E-03  7.7786E-03  5.3601E-03  3.4505E-03  2.0358E-03
       1.8109E-03  2.9608E-03  4.4390E-03  6.4400E-03  7.9813E-03  7.9046E-03  6.4832E-03  4.4839E-03  2.9503E-03  1.7701E-03
       1.6282E-03  2.6725E-03  3.9607E-03  5.5149E-03  6.8218E-03  6.7612E-03  5.4811E-03  3.8596E-03  2.6337E-03  1.6575E-03
       1.8555E-03  3.0812E-03  4.6958E-03  6.5852E-03  8.2569E-03  8.1710E-03  6.6078E-03  4.5786E-03  3.1117E-03  1.8447E-03
       1.9979E-03  3.4081E-03  5.2026E-03  7.3830E-03  9.2569E-03  9.2329E-03  7.4208E-03  5.1031E-03  3.4053E-03  2.0043E-03
       2.1119E-03  3.5323E-03  5.4607E-03  7.8008E-03  9.7765E-03  9.8628E-03  7.9108E-03  5.3374E-03  3.4983E-03  2.0989E-03
       2.1026E-03  3.6766E-03  5.5900E-03  8.0615E-03  1.0209E-02  1.0239E-02  8.1558E-03  5.4719E-03  3.5777E-03  2.1451E-03
       2.1020E-03  3.6069E-03  5.5371E-03  8.1296E-03  1.0280E-02  1.0233E-02  8.1963E-03  5.6160E-03  3.5964E-03  2.1673E-03
       2.0728E-03  3.5869E-03  5.4064E-03  7.9381E-03  9.8690E-03  9.9351E-03  7.8577E-03  5.4945E-03  3.5603E-03  2.0985E-03
       2.0055E-03  3.4145E-03  5.1374E-03  7.4132E-03  9.2217E-03  9.1728E-03  7.3420E-03  5.1925E-03  3.3842E-03  1.9085E-03
       1.8669E-03  3.1166E-03  4.7357E-03  6.6610E-03  8.2377E-03  8.0935E-03  6.6894E-03  4.7333E-03  3.0759E-03  1.8198E-03
       1.6636E-03  2.6231E-03  3.9415E-03  5.5144E-03  6.8608E-03  6.7880E-03  5.5235E-03  3.9354E-03  2.6533E-03  1.6218E-03
       1.4691E-03  2.3723E-03  3.4268E-03  4.6449E-03  5.6673E-03  5.6690E-03  4.6743E-03  3.4391E-03  2.3503E-03  1.4831E-03
       1.6331E-03  2.6916E-03  3.9896E-03  5.5158E-03  6.7758E-03  6.6950E-03  5.5431E-03  3.9454E-03  2.6561E-03  1.6341E-03
       1.7698E-03  2.9435E-03  4.3964E-03  6.1743E-03  7.4978E-03  7.6141E-03  6.1394E-03  4.2841E-03  2.8710E-03  1.7677E-03
       1.9140E-03  3.0171E-03  4.6120E-03  6.4697E-03  7.9530E-03  8.0059E-03  6.5813E-03  4.5617E-03  3.0226E-03  1.8289E-03
       1.8994E-03  3.1348E-03  4.7408E-03  6.6184E-03  8.2368E-03  8.3324E-03  6.7160E-03  4.7304E-03  3.1135E-03  1.8846E-03
       1.8763E-03  3.1559E-03  4.7259E-03  6.5814E-03  8.2293E-03  8.4030E-03  6.7233E-03  4.7282E-03  3.1058E-03  1.9220E-03
       1.8524E-03  3.0852E-03  4.5980E-03  6.5689E-03  8.0503E-03  8.1288E-03  6.5392E-03  4.6185E-03  3.0535E-03  1.8699E-03
       1.7911E-03  2.9394E-03  4.3414E-03  6.0903E-03  7.5323E-03  7.4514E-03  6.1201E-03  4.3966E-03  2.8667E-03  1.7543E-03
       1.6581E-03  2.7263E-03  3.9957E-03  5.6263E-03  6.8304E-03  6.6547E-03  5.5662E-03  4.0675E-03  2.6691E-03  1.6656E-03
       1.4770E-03  2.3339E-03  3.4443E-03  4.6126E-03  5.7562E-03  5.6729E-03  4.6584E-03  3.4695E-03  2.3110E-03  1.4556E-03
       1.2768E-03  2.0050E-03  2.8131E-03  3.8322E-03  4.6164E-03  4.4896E-03  3.7697E-03  2.8293E-03  1.8951E-03  1.2718E-03
       1.3884E-03  2.2212E-03  3.2279E-03  4.3372E-03  5.2087E-03  5.3228E-03  4.3900E-03  3.2351E-03  2.1937E-03  1.3505E-03
       1.4808E-03  2.4171E-03  3.4497E-03  4.8462E-03  5.7951E-03  5.8796E-03  4.7913E-03  3.4776E-03  2.3467E-03  1.4732E-03
       1.5388E-03  2.5000E-03  3.6501E-03  5.0402E-03  6.1880E-03  6.1951E-03  5.0878E-03  3.7088E-03  2.4818E-03  1.5193E-03
       1.5631E-03  2.4524E-03  3.7376E-03  5.1879E-03  6.3595E-03  6.3764E-03  5.2279E-03  3.7554E-03  2.5238E-03  1.5982E-03
       1.5615E-03  2.5286E-03  3.6893E-03  5.1402E-03  6.3406E-03  6.3688E-03  5.2568E-03  3.7692E-03  2.5083E-03  1.5843E-03
       1.5749E-03  2.5134E-03  3.6690E-03  5.1251E-03  6.1905E-03  6.1776E-03  5.1534E-03  3.6834E-03  2.4443E-03  1.6109E-03
       1.4770E-03  2.3876E-03  3.4738E-03  4.7548E-03  5.8564E-03  5.8043E-03  4.8592E-03  3.5045E-03  2.3046E-03  1.4835E-03
       1.4107E-03  2.2042E-03  3.2372E-03  4.4325E-03  5.3370E-03  5.2423E-03  4.3724E-03  3.2595E-03  2.2004E-03  1.4463E-03
       1.2569E-03  1.9971E-03  2.8256E-03  3.7556E-03  4.6091E-03  4.5352E-03  3.8046E-03  2.8802E-03  1.9654E-03  1.2586E-03

      Percentage errors follow in a matrix A(ix,iy,iz), format (1(5x,1p,10(1x,e11.4)))

       1.1250E+00  1.0778E+00  6.3261E-01  3.3688E-01  2.2216E-01  4.3702E-01  4.0863E-01  7.4733E-01  9.3904E-01  1.3837E+00
       1.2391E+00  1.0526E+00  6.6725E-01  5.9441E-01  4.1582E-01  3.6054E-01  5.5958E-01  7.4130E-01  9.5069E-01  1.0886E+00
       1.1009E+00  1.1651E+00  5.9149E-01  4.7033E-01  3.3843E-01  3.6194E-01  4.7464E-01  3.8849E-01  8.8058E-01  1.2210E+00
       9.9855E-01  9.0458E-01  6.1803E-01  4.9303E-01  2.8989E-01  3.2687E-01  3.7857E-01  5.6284E-01  9.8470E-01  1.3854E+00
       9.8601E-01  1.1937E+00  5.4688E-01  5.0719E-01  2.7183E-01  2.2569E-01  3.0508E-01  6.1877E-01  9.4069E-01  1.4293E+00
       1.1093E+00  7.7708E-01  7.2767E-01  2.3978E-01  2.4241E-01  2.6386E-01  5.5002E-01  4.5502E-01  9.4398E-01  9.6688E-01
       8.8126E-01  9.3123E-01  5.5150E-01  4.1958E-01  2.6355E-01  3.6515E-01  5.1305E-01  3.6094E-01  3.8596E-01  8.6410E-01
       1.3789E+00  9.8014E-01  6.7805E-01  6.3255E-01  3.8803E-01  2.1288E-01  4.3430E-01  4.7752E-01  7.5449E-01  1.0962E+00
       1.1700E+00  8.5712E-01  5.7163E-01  4.5036E-01  3.2586E-01  4.2227E-01  3.3250E-01  6.6523E-01  9.7226E-01  1.4122E+00
       1.2173E+00  8.3326E-01  7.9860E-01  4.4328E-01  4.5406E-01  4.3913E-01  4.1916E-01  8.6965E-01  1.1120E+00  1.4280E+00
       1.0866E+00  8.6140E-01  6.4324E-01  5.4338E-01  4.4914E-01  6.0784E-01  6.1452E-01  7.3220E-01  8.3985E-01  1.4101E+00
       1.2654E+00  1.0699E+00  5.5244E-01  5.5548E-01  4.1866E-01  3.4784E-01  5.4436E-01  8.1528E-01  8.3401E-01  1.0899E+00
       1.4130E+00  8.5606E-01  5.9183E-01  5.2917E-01  3.6054E-01  3.3194E-01  4.0483E-01  4.3051E-01  9.3487E-01  8.6885E-01
       1.6558E+00  7.2732E-01  6.5746E-01  4.2328E-01  3.3455E-01  4.1320E-01  4.5754E-01  5.6471E-01  9.8092E-01  1.3569E+00
       1.4257E+00  7.4879E-01  6.1233E-01  5.2604E-01  2.6302E-01  3.3942E-01  3.6066E-01  5.9094E-01  9.9531E-01  9.7353E-01
       9.6594E-01  8.7274E-01  7.3090E-01  4.2915E-01  2.7217E-01  2.8777E-01  4.0575E-01  5.6984E-01  8.8344E-01  9.2898E-01
       1.1046E+00  1.1559E+00  5.8434E-01  3.9922E-01  3.0914E-01  4.3280E-01  4.9234E-01  3.7583E-01  8.2437E-01  9.7442E-01
       1.2559E+00  9.9053E-01  5.3290E-01  5.4470E-01  4.2125E-01  2.7725E-01  4.3837E-01  6.7895E-01  8.8668E-01  9.2726E-01
       1.4001E+00  8.8250E-01  6.9095E-01  5.0444E-01  5.2249E-01  4.8477E-01  4.5663E-01  6.6795E-01  8.1032E-01  1.4390E+00
       1.0683E+00  7.2664E-01  7.2642E-01  5.2834E-01  5.1266E-01  4.9507E-01  4.7421E-01  7.6037E-01  1.1656E+00  1.5627E+00
       1.0350E+00  8.8699E-01  9.2935E-01  5.2444E-01  4.9419E-01  4.8969E-01  6.1675E-01  8.2363E-01  1.2128E+00  1.4322E+00
       1.4374E+00  9.3615E-01  7.6645E-01  5.2230E-01  3.4303E-01  4.5184E-01  4.4515E-01  7.5669E-01  9.4298E-01  9.8115E-01
       1.0507E+00  8.9093E-01  5.5217E-01  5.3849E-01  3.2902E-01  2.5576E-01  4.3014E-01  5.3101E-01  9.3693E-01  8.5751E-01
       1.2490E+00  1.0400E+00  5.1145E-01  5.7141E-01  3.8364E-01  3.8946E-01  4.9414E-01  5.8680E-01  6.9186E-01  9.1611E-01
       1.1116E+00  7.9403E-01  7.9401E-01  5.7292E-01  3.3095E-01  2.4968E-01  3.8752E-01  6.7476E-01  9.3595E-01  8.7485E-01
       1.1737E+00  8.5094E-01  7.3518E-01  4.6292E-01  2.6132E-01  3.0677E-01  3.6786E-01  6.0249E-01  8.2841E-01  1.3579E+00
       1.1364E+00  1.0095E+00  6.0925E-01  4.5453E-01  2.7070E-01  4.5210E-01  4.6618E-01  6.2980E-01  7.8906E-01  1.2341E+00
       1.4011E+00  7.8842E-01  8.2174E-01  5.1839E-01  3.8958E-01  3.3855E-01  4.8081E-01  5.9708E-01  1.0220E+00  9.2157E-01
       1.6112E+00  9.1039E-01  8.7055E-01  5.3563E-01  4.2795E-01  4.6746E-01  4.9989E-01  7.5718E-01  8.4332E-01  1.2903E+00
       1.4751E+00  9.7169E-01  7.9528E-01  5.0651E-01  4.9853E-01  5.4210E-01  5.0247E-01  6.5063E-01  9.4764E-01  1.3714E+00
       1.1240E+00  9.1627E-01  9.3034E-01  7.3896E-01  5.1543E-01  4.2275E-01  4.2069E-01  9.0239E-01  1.1392E+00  1.4809E+00
       1.1091E+00  1.0214E+00  7.6840E-01  5.9311E-01  3.3986E-01  3.9281E-01  5.5257E-01  8.8007E-01  1.0307E+00  1.3704E+00
       8.8655E-01  7.6043E-01  7.2608E-01  6.5676E-01  4.0669E-01  4.5680E-01  6.0588E-01  5.6010E-01  9.5747E-01  1.2990E+00
       1.1406E+00  1.1993E+00  5.2810E-01  5.6282E-01  5.4648E-01  3.3570E-01  5.2024E-01  5.0755E-01  7.8009E-01  9.9698E-01
       1.1856E+00  1.0868E+00  6.0475E-01  6.0147E-01  2.4915E-01  3.0509E-01  4.6214E-01  5.5674E-01  1.1518E+00  9.1788E-01
       1.0781E+00  1.0794E+00  6.8719E-01  6.4305E-01  3.5861E-01  3.1090E-01  4.1107E-01  9.5247E-01  7.0819E-01  1.0672E+00
       1.2577E+00  1.0519E+00  4.2540E-01  5.5981E-01  4.2329E-01  3.4499E-01  4.2782E-01  7.7435E-01  8.6667E-01  1.3088E+00
       1.2837E+00  1.0371E+00  5.7054E-01  4.0749E-01  4.1966E-01  4.5175E-01  5.9424E-01  6.5900E-01  1.0496E+00  1.3728E+00
       1.1872E+00  7.9840E-01  8.1646E-01  4.9424E-01  4.7797E-01  4.9523E-01  7.1793E-01  7.9944E-01  1.0847E+00  1.4450E+00
       1.2072E+00  1.2126E+00  9.5535E-01  6.1335E-01  6.5098E-01  4.7479E-01  5.5350E-01  6.5745E-01  1.0247E+00  1.1459E+00
       1.3415E+00  1.1540E+00  8.6916E-01  7.2267E-01  5.6667E-01  3.2859E-01  5.9370E-01  8.5553E-01  1.4540E+00  1.5271E+00
       8.8272E-01  8.6017E-01  8.3004E-01  6.4759E-01  4.9345E-01  5.4895E-01  5.8951E-01  9.0746E-01  9.8659E-01  1.0770E+00
       1.2780E+00  8.4058E-01  5.7668E-01  6.3314E-01  5.3172E-01  5.3942E-01  6.1928E-01  9.5499E-01  6.9183E-01  1.1467E+00
       1.0214E+00  1.1771E+00  6.8337E-01  6.5418E-01  5.0335E-01  4.0967E-01  6.7980E-01  6.8649E-01  9.3059E-01  9.4917E-01
       1.2012E+00  9.1881E-01  5.9105E-01  4.9944E-01  4.4240E-01  6.2480E-01  6.0974E-01  5.7132E-01  9.4187E-01  1.4526E+00
       1.4369E+00  1.2412E+00  6.7846E-01  7.3105E-01  5.0585E-01  5.4858E-01  5.5415E-01  6.4324E-01  9.2364E-01  1.1786E+00
       1.5394E+00  9.8212E-01  5.7426E-01  5.4283E-01  4.4529E-01  4.2821E-01  4.1746E-01  9.5566E-01  1.1325E+00  1.5031E+00
       1.1695E+00  9.4675E-01  7.0955E-01  6.2563E-01  4.4676E-01  5.5218E-01  5.3842E-01  6.9241E-01  9.7287E-01  1.2701E+00
       1.4185E+00  8.6527E-01  6.4588E-01  6.1103E-01  4.6538E-01  4.7413E-01  5.6784E-01  9.1514E-01  9.9902E-01  1.1118E+00
       1.2108E+00  9.3251E-01  8.0067E-01  7.3271E-01  5.5505E-01  5.8915E-01  8.6966E-01  9.8230E-01  1.2280E+00  1.1358E+00
       1.4475E+00  1.4671E+00  8.1969E-01  7.8328E-01  4.9898E-01  6.3005E-01  6.6155E-01  8.0819E-01  1.3470E+00  1.4971E+00
       1.5336E+00  9.3633E-01  8.5237E-01  8.0892E-01  6.0466E-01  3.5890E-01  7.0513E-01  5.7541E-01  9.1784E-01  1.1368E+00
       1.0774E+00  1.1182E+00  8.4805E-01  7.6857E-01  5.9822E-01  3.3076E-01  7.3762E-01  8.4611E-01  8.3460E-01  9.0232E-01
       1.3048E+00  7.1595E-01  5.9943E-01  6.3660E-01  5.6872E-01  5.9216E-01  7.1606E-01  8.6233E-01  1.0356E+00  1.0814E+00
       1.5019E+00  8.5921E-01  8.9460E-01  7.0095E-01  5.3346E-01  4.1765E-01  5.7709E-01  7.0109E-01  1.3235E+00  1.2070E+00
       1.7287E+00  1.0610E+00  6.5312E-01  6.0036E-01  4.8549E-01  4.2984E-01  6.3491E-01  7.3371E-01  1.1621E+00  1.5169E+00
       1.1825E+00  1.0478E+00  7.9364E-01  7.5457E-01  5.0675E-01  4.0577E-01  5.9204E-01  8.9858E-01  1.0426E+00  1.1949E+00
       1.3198E+00  8.1259E-01  7.7245E-01  7.0229E-01  6.3480E-01  6.3976E-01  7.1414E-01  7.1979E-01  8.4319E-01  1.1739E+00
       1.5460E+00  1.0213E+00  8.1457E-01  6.9751E-01  4.8818E-01  4.4262E-01  7.9059E-01  8.4980E-01  1.0000E+00  1.1121E+00
       1.7436E+00  1.0782E+00  7.0527E-01  8.2309E-01  5.8995E-01  5.4134E-01  5.9774E-01  9.4653E-01  9.5004E-01  1.2968E+00
       1.7156E+00  1.2639E+00  1.3231E+00  6.3353E-01  5.4919E-01  7.1230E-01  7.6856E-01  1.0509E+00  1.0923E+00  1.4809E+00
       1.4101E+00  7.8912E-01  9.4445E-01  6.6213E-01  6.8722E-01  5.2351E-01  7.7535E-01  9.2466E-01  1.1748E+00  1.9241E+00
       1.3150E+00  1.1894E+00  7.2554E-01  9.1157E-01  7.9714E-01  5.7687E-01  8.0471E-01  7.5873E-01  1.3440E+00  1.2778E+00
       1.2538E+00  7.3688E-01  8.0751E-01  7.1187E-01  6.1956E-01  6.0026E-01  6.6867E-01  8.8773E-01  8.5256E-01  1.4288E+00
       1.4064E+00  1.1094E+00  6.8815E-01  6.3025E-01  5.8130E-01  4.5586E-01  6.3716E-01  5.9275E-01  1.0429E+00  1.2183E+00
       1.6506E+00  1.6012E+00  9.1149E-01  5.2833E-01  5.2510E-01  5.0238E-01  6.2322E-01  7.2693E-01  9.5034E-01  1.2589E+00
       1.0905E+00  1.0468E+00  7.4619E-01  4.7015E-01  6.8143E-01  5.9037E-01  6.0346E-01  7.9003E-01  9.1856E-01  1.5861E+00
       1.5638E+00  7.5341E-01  5.4870E-01  6.4010E-01  4.5704E-01  5.2606E-01  7.8949E-01  8.2576E-01  8.1636E-01  1.4959E+00
       1.1409E+00  1.1438E+00  6.9637E-01  6.8006E-01  6.1393E-01  6.4649E-01  8.5458E-01  8.1780E-01  9.9792E-01  1.5062E+00
       1.2365E+00  1.3144E+00  1.1299E+00  7.5904E-01  4.9612E-01  5.3207E-01  8.4070E-01  9.7710E-01  1.2532E+00  1.1874E+00
       1.5499E+00  1.1696E+00  7.7715E-01  6.9593E-01  7.1613E-01  7.2865E-01  6.9567E-01  9.7412E-01  9.9020E-01  1.8612E+00
       1.5451E+00  1.2661E+00  9.8289E-01  7.7858E-01  7.6141E-01  6.4724E-01  8.5800E-01  7.4584E-01  1.2446E+00  1.5164E+00
       1.5615E+00  1.0864E+00  8.4597E-01  6.9571E-01  9.3534E-01  7.1283E-01  6.4899E-01  6.1706E-01  1.1044E+00  1.7410E+00
       1.4886E+00  9.6391E-01  9.6447E-01  7.9739E-01  7.1423E-01  7.8446E-01  9.1464E-01  8.1838E-01  8.7740E-01  1.2933E+00
       1.3094E+00  8.9533E-01  1.0334E+00  6.7533E-01  6.3875E-01  6.6863E-01  7.4628E-01  7.1963E-01  9.4783E-01  1.5240E+00
       9.9971E-01  1.1606E+00  8.3462E-01  6.4002E-01  6.4957E-01  5.7499E-01  4.9599E-01  8.2221E-01  7.8766E-01  1.1967E+00
       1.3363E+00  9.8221E-01  8.0765E-01  7.0164E-01  7.6423E-01  7.8072E-01  8.0169E-01  7.7881E-01  9.9036E-01  9.6626E-01
       1.3387E+00  9.2194E-01  4.5369E-01  7.0744E-01  6.6355E-01  4.7201E-01  9.3814E-01  9.5927E-01  1.2662E+00  1.6527E+00
       1.6186E+00  1.2712E+00  6.9716E-01  8.9492E-01  5.5046E-01  8.3672E-01  6.2993E-01  9.2290E-01  1.0767E+00  1.3290E+00
       1.9152E+00  1.4746E+00  1.1798E+00  8.5545E-01  6.2870E-01  9.4365E-01  8.7155E-01  7.0610E-01  1.2283E+00  1.4745E+00
       1.7322E+00  1.2437E+00  1.0892E+00  1.1388E+00  7.1180E-01  8.1379E-01  6.5589E-01  1.2376E+00  1.6039E+00  1.2919E+00
       1.8899E+00  1.1870E+00  1.0629E+00  1.0819E+00  7.6226E-01  6.1217E-01  9.8379E-01  1.0496E+00  1.1625E+00  1.7161E+00
       1.5940E+00  9.3258E-01  9.6430E-01  7.5778E-01  1.0021E+00  7.5432E-01  8.6960E-01  9.8388E-01  1.2507E+00  2.1206E+00
       1.2932E+00  1.1271E+00  8.7115E-01  8.0816E-01  6.3295E-01  8.6039E-01  7.1184E-01  7.9579E-01  1.2170E+00  1.6137E+00
       1.1120E+00  1.1611E+00  7.0910E-01  3.3847E-01  6.8768E-01  6.4723E-01  1.0568E+00  6.7620E-01  1.0964E+00  1.3628E+00
       1.3732E+00  9.2961E-01  9.5158E-01  8.1291E-01  5.9242E-01  4.9190E-01  7.7288E-01  9.5277E-01  1.2436E+00  1.2868E+00
       1.5733E+00  1.1736E+00  7.5908E-01  8.8365E-01  8.3690E-01  7.1690E-01  9.3261E-01  9.8240E-01  1.0321E+00  1.2857E+00
       1.4617E+00  1.2132E+00  1.0012E+00  8.5563E-01  5.1543E-01  6.8718E-01  8.9618E-01  1.0154E+00  1.1679E+00  1.8797E+00
       1.4958E+00  1.4359E+00  8.7062E-01  8.4962E-01  7.2860E-01  8.7713E-01  6.2044E-01  9.3692E-01  1.0537E+00  1.1587E+00
       1.7969E+00  1.2870E+00  8.5102E-01  9.5292E-01  5.9015E-01  6.9303E-01  1.0686E+00  9.6501E-01  1.3650E+00  1.1668E+00
       1.2793E+00  1.5921E+00  1.0089E+00  1.1902E+00  1.0624E+00  8.1561E-01  8.8225E-01  9.9028E-01  1.3919E+00  2.2384E+00
       1.2898E+00  1.5958E+00  1.0782E+00  8.8202E-01  9.9302E-01  1.0011E+00  9.6163E-01  1.0747E+00  1.0490E+00  1.4929E+00
       1.8639E+00  1.1116E+00  8.6219E-01  8.9276E-01  1.0339E+00  9.7383E-01  9.1795E-01  1.0960E+00  1.1641E+00  1.7401E+00
       1.4009E+00  1.3566E+00  9.1764E-01  7.1396E-01  6.7061E-01  1.0993E+00  6.7644E-01  1.3087E+00  1.2349E+00  1.3748E+00
       1.7400E+00  8.7422E-01  1.0632E+00  6.9121E-01  1.0519E+00  8.6078E-01  9.0221E-01  1.1406E+00  1.2075E+00  1.5414E+00
       1.9737E+00  1.2726E+00  6.1528E-01  1.0385E+00  9.0883E-01  8.2607E-01  8.3544E-01  1.5232E+00  1.3235E+00  1.4272E+00
       1.7794E+00  1.4019E+00  9.9418E-01  7.6659E-01  8.6205E-01  8.3763E-01  8.7831E-01  1.0607E+00  1.1731E+00  1.8636E+00
       2.1818E+00  1.4642E+00  9.9221E-01  7.9939E-01  8.6004E-01  8.1720E-01  1.0871E+00  1.2289E+00  1.5901E+00  1.4953E+00
       1.7765E+00  1.1240E+00  9.9807E-01  9.5617E-01  8.3528E-01  7.8325E-01  1.1011E+00  1.0711E+00  1.1839E+00  1.5996E+00
       1.6073E+00  1.2144E+00  1.0776E+00  1.1779E+00  9.0971E-01  8.4210E-01  1.0264E+00  1.0540E+00  1.6814E+00  1.2589E+00
