1
   Cartesian binning n.   1  "DoseEq    " , generalized particle n.  240
      X coordinate: from -8.5000E+01 to  8.5000E+01 cm,    10 bins ( 1.7000E+01 cm wide)
      Y coordinate: from -2.5000E+01 to  2.5000E+01 cm,    10 bins ( 5.0000E+00 cm wide)
      Z coordinate: from  2.2500E+02 to  2.7500E+02 cm,    10 bins ( 5.0000E+00 cm wide)
      Data follow in a matrix A(ix,iy,iz), format (1(5x,1p,10(1x,e11.4)))

      accurate deposition along the tracks requested
      this is a track-length binning
       8.8927E-03  1.2199E-02  1.7270E-02  2.9189E-02  6.6279E-02  6.6208E-02  2.9209E-02  1.7198E-02  1.2132E-02  8.8335E-03
       9.8835E-03  1.3749E-02  1.9669E-02  3.9871E-02  1.2158E-01  1.2151E-01  4.0170E-02  1.9640E-02  1.3566E-02  9.7927E-03
       1.0272E-02  1.4539E-02  2.1415E-02  5.2764E-02  2.0763E-01  2.0792E-01  5.2545E-02  2.1360E-02  1.4583E-02  1.0157E-02
       1.0266E-02  1.4962E-02  2.2669E-02  6.5253E-02  3.0784E-01  3.0832E-01  6.4961E-02  2.2603E-02  1.5087E-02  1.0482E-02
       1.0510E-02  1.5163E-02  2.2989E-02  7.3133E-02  3.8003E-01  3.8067E-01  7.3171E-02  2.3193E-02  1.5102E-02  1.0552E-02
       1.0325E-02  1.5106E-02  2.3010E-02  7.3142E-02  3.8069E-01  3.8126E-01  7.3443E-02  2.3239E-02  1.5126E-02  1.0635E-02
       1.0326E-02  1.4991E-02  2.2377E-02  6.4626E-02  3.0765E-01  3.0908E-01  6.5142E-02  2.2572E-02  1.4941E-02  1.0290E-02
       1.0256E-02  1.4525E-02  2.1378E-02  5.2492E-02  2.0711E-01  2.0741E-01  5.2477E-02  2.1503E-02  1.4644E-02  1.0111E-02
       9.8081E-03  1.3730E-02  1.9795E-02  4.0122E-02  1.2138E-01  1.2139E-01  3.9895E-02  1.9565E-02  1.3721E-02  9.8948E-03
       8.9298E-03  1.2303E-02  1.7311E-02  2.9094E-02  6.6154E-02  6.6484E-02  2.9476E-02  1.7125E-02  1.2365E-02  8.8451E-03
       8.3994E-03  1.2170E-02  1.7996E-02  3.3758E-02  7.9722E-02  7.9742E-02  3.3716E-02  1.8077E-02  1.2096E-02  8.4496E-03
       9.7988E-03  1.4465E-02  2.1701E-02  4.8584E-02  1.4680E-01  1.4701E-01  4.8892E-02  2.1853E-02  1.4367E-02  9.6446E-03
       1.0384E-02  1.5595E-02  2.4320E-02  6.4829E-02  2.4333E-01  2.4334E-01  6.4868E-02  2.4174E-02  1.5447E-02  1.0224E-02
       1.0498E-02  1.6231E-02  2.5997E-02  8.0620E-02  3.5093E-01  3.5183E-01  8.0341E-02  2.5958E-02  1.6177E-02  1.0606E-02
       1.0740E-02  1.6436E-02  2.6835E-02  9.0272E-02  4.2628E-01  4.2664E-01  9.0715E-02  2.6846E-02  1.6458E-02  1.0732E-02
       1.0614E-02  1.6559E-02  2.6828E-02  9.0374E-02  4.2712E-01  4.2721E-01  9.0448E-02  2.7035E-02  1.6430E-02  1.0699E-02
       1.0527E-02  1.6274E-02  2.5995E-02  8.0224E-02  3.5083E-01  3.5191E-01  8.0509E-02  2.6070E-02  1.6076E-02  1.0564E-02
       1.0207E-02  1.5533E-02  2.4385E-02  6.4805E-02  2.4265E-01  2.4345E-01  6.4702E-02  2.4517E-02  1.5563E-02  1.0263E-02
       9.6367E-03  1.4390E-02  2.1869E-02  4.8780E-02  1.4635E-01  1.4621E-01  4.8529E-02  2.1875E-02  1.4405E-02  9.8155E-03
       8.4822E-03  1.2223E-02  1.8165E-02  3.3663E-02  7.9635E-02  7.9674E-02  3.3820E-02  1.7932E-02  1.2175E-02  8.4205E-03
       7.6438E-03  1.1597E-02  1.7824E-02  3.6536E-02  8.8169E-02  8.8385E-02  3.6711E-02  1.7897E-02  1.1641E-02  7.7186E-03
       9.1688E-03  1.4218E-02  2.2432E-02  5.4186E-02  1.6040E-01  1.6093E-01  5.4245E-02  2.2521E-02  1.4102E-02  9.1473E-03
       9.8615E-03  1.5505E-02  2.5684E-02  7.2969E-02  2.5894E-01  2.5878E-01  7.2790E-02  2.5625E-02  1.5506E-02  9.8822E-03
       1.0218E-02  1.6277E-02  2.7792E-02  8.9969E-02  3.6420E-01  3.6507E-01  9.0199E-02  2.7648E-02  1.6342E-02  1.0174E-02
       1.0331E-02  1.6656E-02  2.8697E-02  1.0117E-01  4.3659E-01  4.3679E-01  1.0124E-01  2.8875E-02  1.6585E-02  1.0314E-02
       1.0402E-02  1.6648E-02  2.8684E-02  1.0119E-01  4.3684E-01  4.3644E-01  1.0119E-01  2.9143E-02  1.6538E-02  1.0266E-02
       1.0152E-02  1.6245E-02  2.7740E-02  8.9853E-02  3.6451E-01  3.6463E-01  9.0329E-02  2.7817E-02  1.6180E-02  1.0170E-02
       9.7549E-03  1.5479E-02  2.5596E-02  7.2734E-02  2.5773E-01  2.5894E-01  7.2949E-02  2.5818E-02  1.5580E-02  9.8884E-03
       9.1247E-03  1.4165E-02  2.2665E-02  5.4276E-02  1.6046E-01  1.6028E-01  5.4022E-02  2.2645E-02  1.4152E-02  9.2118E-03
       7.7281E-03  1.1685E-02  1.7947E-02  3.6423E-02  8.8042E-02  8.8321E-02  3.6690E-02  1.7873E-02  1.1570E-02  7.7929E-03
       7.0410E-03  1.0892E-02  1.7663E-02  3.8502E-02  9.3439E-02  9.3642E-02  3.8368E-02  1.7616E-02  1.0960E-02  7.0903E-03
       8.4973E-03  1.3611E-02  2.2923E-02  5.8146E-02  1.6721E-01  1.6746E-01  5.8186E-02  2.2775E-02  1.3519E-02  8.5356E-03
       9.3837E-03  1.5108E-02  2.6369E-02  7.8294E-02  2.6260E-01  2.6241E-01  7.7888E-02  2.6131E-02  1.5017E-02  9.2589E-03
       9.7447E-03  1.5937E-02  2.8876E-02  9.6076E-02  3.6134E-01  3.6140E-01  9.6434E-02  2.8829E-02  1.6018E-02  9.6740E-03
       9.8300E-03  1.6302E-02  2.9848E-02  1.0712E-01  4.2682E-01  4.2772E-01  1.0747E-01  3.0162E-02  1.6281E-02  9.7705E-03
       9.9090E-03  1.6129E-02  2.9759E-02  1.0734E-01  4.2760E-01  4.2791E-01  1.0754E-01  3.0145E-02  1.6478E-02  9.7102E-03
       9.6149E-03  1.5900E-02  2.8833E-02  9.5667E-02  3.6174E-01  3.6147E-01  9.6147E-02  2.8740E-02  1.5941E-02  9.7611E-03
       9.2418E-03  1.4984E-02  2.6280E-02  7.8020E-02  2.6186E-01  2.6232E-01  7.7688E-02  2.6422E-02  1.5341E-02  9.4368E-03
       8.5703E-03  1.3549E-02  2.2909E-02  5.7987E-02  1.6690E-01  1.6736E-01  5.7896E-02  2.2857E-02  1.3647E-02  8.5319E-03
       7.1646E-03  1.1075E-02  1.7722E-02  3.8495E-02  9.3301E-02  9.3710E-02  3.8435E-02  1.7707E-02  1.0974E-02  7.1309E-03
       6.5178E-03  1.0277E-02  1.7394E-02  3.9723E-02  9.6191E-02  9.5932E-02  3.9811E-02  1.7329E-02  1.0338E-02  6.4906E-03
       7.9321E-03  1.2889E-02  2.2962E-02  6.0551E-02  1.6862E-01  1.6829E-01  6.0656E-02  2.2656E-02  1.3031E-02  7.9016E-03
       8.7249E-03  1.4581E-02  2.6656E-02  8.1094E-02  2.5825E-01  2.5834E-01  8.0779E-02  2.6493E-02  1.4588E-02  8.6863E-03
       9.1414E-03  1.5373E-02  2.9236E-02  9.9394E-02  3.4836E-01  3.4871E-01  9.9239E-02  2.9231E-02  1.5454E-02  8.9961E-03
       9.3538E-03  1.6016E-02  3.0385E-02  1.0994E-01  4.0699E-01  4.0809E-01  1.1023E-01  3.0614E-02  1.5903E-02  9.1556E-03
       9.3508E-03  1.5794E-02  3.0340E-02  1.0995E-01  4.0773E-01  4.0820E-01  1.1010E-01  3.0618E-02  1.5853E-02  9.1674E-03
       9.2363E-03  1.5379E-02  2.9211E-02  9.8414E-02  3.4861E-01  3.4889E-01  9.9083E-02  2.9204E-02  1.5396E-02  9.1542E-03
       8.7079E-03  1.4533E-02  2.6562E-02  8.0702E-02  2.5796E-01  2.5832E-01  8.0587E-02  2.6641E-02  1.4780E-02  8.8583E-03
       7.9472E-03  1.2988E-02  2.2662E-02  6.0502E-02  1.6822E-01  1.6817E-01  5.9988E-02  2.2740E-02  1.3038E-02  7.9977E-03
       6.5150E-03  1.0420E-02  1.7601E-02  3.9601E-02  9.5808E-02  9.6131E-02  3.9823E-02  1.7488E-02  1.0390E-02  6.4445E-03
       5.9838E-03  9.7868E-03  1.6881E-02  4.0467E-02  9.6553E-02  9.6008E-02  4.0379E-02  1.6881E-02  9.7763E-03  5.9731E-03
       7.3711E-03  1.2402E-02  2.2470E-02  6.1317E-02  1.6561E-01  1.6551E-01  6.1379E-02  2.2358E-02  1.2229E-02  7.3955E-03
       8.0861E-03  1.3899E-02  2.6606E-02  8.2050E-02  2.4823E-01  2.4826E-01  8.1700E-02  2.6331E-02  1.3772E-02  8.0408E-03
       8.5556E-03  1.4811E-02  2.9309E-02  9.9697E-02  3.2868E-01  3.2955E-01  9.9353E-02  2.9063E-02  1.4736E-02  8.4277E-03
       8.8383E-03  1.5323E-02  3.0531E-02  1.0995E-01  3.8050E-01  3.8112E-01  1.1010E-01  3.0593E-02  1.5122E-02  8.6473E-03
       8.8091E-03  1.5200E-02  3.0318E-02  1.1017E-01  3.8125E-01  3.8148E-01  1.1057E-01  3.0660E-02  1.5268E-02  8.6246E-03
       8.4962E-03  1.4829E-02  2.8850E-02  9.8907E-02  3.2951E-01  3.2955E-01  9.9417E-02  2.9085E-02  1.4735E-02  8.5229E-03
       8.1767E-03  1.3868E-02  2.6213E-02  8.1663E-02  2.4838E-01  2.4858E-01  8.1412E-02  2.6492E-02  1.3810E-02  8.1877E-03
       7.3650E-03  1.2438E-02  2.2462E-02  6.1252E-02  1.6539E-01  1.6545E-01  6.1341E-02  2.2576E-02  1.2384E-02  7.3430E-03
       5.9374E-03  9.9086E-03  1.7037E-02  4.0201E-02  9.6082E-02  9.6362E-02  4.0522E-02  1.7014E-02  9.7814E-03  6.0080E-03
       5.5558E-03  9.1003E-03  1.6321E-02  4.0326E-02  9.4465E-02  9.4329E-02  4.0225E-02  1.6464E-02  9.0259E-03  5.5712E-03
       6.7277E-03  1.1602E-02  2.1869E-02  6.0748E-02  1.5861E-01  1.5886E-01  6.0576E-02  2.1705E-02  1.1477E-02  6.7752E-03
       7.4890E-03  1.3053E-02  2.5887E-02  8.0480E-02  2.3366E-01  2.3360E-01  8.0507E-02  2.5694E-02  1.3177E-02  7.4855E-03
       7.9291E-03  1.3928E-02  2.8496E-02  9.7728E-02  3.0512E-01  3.0519E-01  9.7581E-02  2.8468E-02  1.4036E-02  7.9370E-03
       8.1692E-03  1.4512E-02  2.9968E-02  1.0750E-01  3.5007E-01  3.5035E-01  1.0782E-01  2.9786E-02  1.4484E-02  8.0005E-03
       8.2265E-03  1.4444E-02  2.9916E-02  1.0756E-01  3.5023E-01  3.5051E-01  1.0769E-01  2.9854E-02  1.4471E-02  8.0156E-03
       7.8852E-03  1.4043E-02  2.8469E-02  9.7040E-02  3.0543E-01  3.0548E-01  9.7076E-02  2.8411E-02  1.3957E-02  7.8819E-03
       7.5100E-03  1.3099E-02  2.5653E-02  8.0443E-02  2.3351E-01  2.3403E-01  8.0355E-02  2.5758E-02  1.3023E-02  7.5431E-03
       6.7591E-03  1.1725E-02  2.1818E-02  6.0907E-02  1.5892E-01  1.5879E-01  6.0756E-02  2.2023E-02  1.1665E-02  6.7988E-03
       5.5501E-03  9.2550E-03  1.6511E-02  4.0130E-02  9.4330E-02  9.4299E-02  4.0548E-02  1.6365E-02  9.2022E-03  5.6215E-03
       5.1059E-03  8.4297E-03  1.5634E-02  3.9226E-02  9.0239E-02  9.0303E-02  3.9334E-02  1.5613E-02  8.4076E-03  5.1301E-03
       6.1945E-03  1.0684E-02  2.0914E-02  5.8589E-02  1.4920E-01  1.4915E-01  5.8788E-02  2.0867E-02  1.0805E-02  6.2995E-03
       6.9418E-03  1.2123E-02  2.4806E-02  7.7299E-02  2.1584E-01  2.1573E-01  7.7481E-02  2.4627E-02  1.2201E-02  6.8849E-03
       7.2947E-03  1.3175E-02  2.7487E-02  9.2954E-02  2.7733E-01  2.7765E-01  9.2942E-02  2.7072E-02  1.3156E-02  7.2027E-03
       7.4917E-03  1.3618E-02  2.8687E-02  1.0231E-01  3.1556E-01  3.1701E-01  1.0228E-01  2.8685E-02  1.3416E-02  7.4236E-03
       7.4443E-03  1.3438E-02  2.8612E-02  1.0239E-01  3.1609E-01  3.1634E-01  1.0217E-01  2.8660E-02  1.3431E-02  7.3780E-03
       7.3791E-03  1.2969E-02  2.7322E-02  9.2669E-02  2.7714E-01  2.7796E-01  9.2777E-02  2.7292E-02  1.2923E-02  7.3049E-03
       6.8300E-03  1.2134E-02  2.4433E-02  7.7194E-02  2.1503E-01  2.1604E-01  7.7149E-02  2.4689E-02  1.2104E-02  6.8838E-03
       6.2126E-03  1.0800E-02  2.0917E-02  5.8785E-02  1.4912E-01  1.4916E-01  5.8722E-02  2.1069E-02  1.0735E-02  6.2475E-03
       5.1208E-03  8.4264E-03  1.5727E-02  3.9144E-02  9.0265E-02  9.0238E-02  3.9370E-02  1.5740E-02  8.6208E-03  5.1264E-03
       4.6673E-03  7.7030E-03  1.4546E-02  3.7125E-02  8.4093E-02  8.4085E-02  3.7252E-02  1.4628E-02  7.7165E-03  4.6577E-03
       5.6619E-03  9.7076E-03  1.9431E-02  5.4821E-02  1.3606E-01  1.3612E-01  5.5099E-02  1.9275E-02  9.8817E-03  5.6714E-03
       6.1518E-03  1.1022E-02  2.2803E-02  7.1781E-02  1.9373E-01  1.9385E-01  7.1673E-02  2.2897E-02  1.0996E-02  6.2377E-03
       6.5298E-03  1.1932E-02  2.5065E-02  8.5854E-02  2.4685E-01  2.4690E-01  8.5673E-02  2.4975E-02  1.1818E-02  6.4687E-03
       6.6632E-03  1.2092E-02  2.6383E-02  9.4010E-02  2.7903E-01  2.7890E-01  9.4091E-02  2.6300E-02  1.2044E-02  6.7257E-03
       6.7537E-03  1.2028E-02  2.6245E-02  9.4067E-02  2.7906E-01  2.7912E-01  9.4114E-02  2.6389E-02  1.2071E-02  6.6467E-03
       6.5864E-03  1.1624E-02  2.4861E-02  8.5056E-02  2.4600E-01  2.4734E-01  8.5945E-02  2.5022E-02  1.1635E-02  6.5420E-03
       6.1651E-03  1.0917E-02  2.2457E-02  7.1738E-02  1.9356E-01  1.9391E-01  7.1764E-02  2.2808E-02  1.0997E-02  6.2520E-03
       5.6837E-03  9.8699E-03  1.9370E-02  5.5131E-02  1.3610E-01  1.3662E-01  5.5001E-02  1.9358E-02  9.7251E-03  5.6423E-03
       4.6289E-03  7.8017E-03  1.4608E-02  3.7168E-02  8.4144E-02  8.4072E-02  3.7125E-02  1.4741E-02  7.8649E-03  4.6010E-03
       4.1147E-03  6.7332E-03  1.2871E-02  3.3189E-02  7.4383E-02  7.4713E-02  3.3377E-02  1.2855E-02  6.7395E-03  4.0799E-03
       4.8784E-03  8.2825E-03  1.6600E-02  4.8041E-02  1.1787E-01  1.1810E-01  4.8162E-02  1.6739E-02  8.3915E-03  4.8555E-03
       5.2872E-03  9.3066E-03  1.9472E-02  6.2431E-02  1.6588E-01  1.6612E-01  6.2285E-02  1.9545E-02  9.3035E-03  5.3825E-03
       5.6029E-03  9.8954E-03  2.1462E-02  7.4283E-02  2.0956E-01  2.0907E-01  7.4277E-02  2.1397E-02  9.7962E-03  5.6385E-03
       5.6951E-03  1.0202E-02  2.2462E-02  8.1294E-02  2.3600E-01  2.3549E-01  8.1305E-02  2.2612E-02  9.9397E-03  5.7199E-03
       5.7435E-03  1.0090E-02  2.2488E-02  8.1042E-02  2.3537E-01  2.3598E-01  8.1126E-02  2.2376E-02  1.0154E-02  5.7016E-03
       5.6103E-03  9.8550E-03  2.1179E-02  7.3638E-02  2.0903E-01  2.0960E-01  7.4087E-02  2.1427E-02  9.6662E-03  5.5834E-03
       5.2612E-03  9.2539E-03  1.9323E-02  6.1946E-02  1.6564E-01  1.6562E-01  6.2166E-02  1.9417E-02  9.2598E-03  5.4117E-03
       4.9013E-03  8.3991E-03  1.6728E-02  4.8063E-02  1.1775E-01  1.1836E-01  4.7873E-02  1.6728E-02  8.2877E-03  4.8963E-03
       4.1550E-03  6.7664E-03  1.2800E-02  3.3305E-02  7.4755E-02  7.4340E-02  3.3322E-02  1.2914E-02  6.7244E-03  4.0677E-03

      Percentage errors follow in a matrix A(ix,iy,iz), format (1(5x,1p,10(1x,e11.4)))

       7.0062E-01  5.9394E-01  6.1150E-01  3.1585E-01  1.7944E-01  3.2811E-01  4.2952E-01  4.6806E-01  6.4028E-01  6.9954E-01
       4.8389E-01  4.7202E-01  4.9210E-01  2.9913E-01  2.2183E-01  1.6536E-01  3.3039E-01  5.0246E-01  5.5310E-01  6.3500E-01
       7.7239E-01  6.3259E-01  3.5039E-01  2.1133E-01  1.8036E-01  1.1578E-01  3.1574E-01  5.0901E-01  6.5785E-01  7.5953E-01
       6.3577E-01  6.4817E-01  4.6095E-01  2.6103E-01  1.3804E-01  1.6897E-01  3.0035E-01  4.5206E-01  4.9905E-01  4.5923E-01
       6.0919E-01  4.2894E-01  6.6341E-01  3.0747E-01  9.3733E-02  1.2107E-01  2.3737E-01  5.9460E-01  4.6677E-01  5.2174E-01
       7.5027E-01  6.2841E-01  3.4574E-01  3.3055E-01  1.0665E-01  1.1282E-01  2.4470E-01  4.1142E-01  4.8096E-01  8.0113E-01
       6.1970E-01  6.0768E-01  3.6496E-01  1.9809E-01  1.4461E-01  1.3122E-01  3.4181E-01  5.2206E-01  7.0499E-01  7.4629E-01
       6.2760E-01  7.2773E-01  3.2389E-01  2.9836E-01  1.3300E-01  1.5688E-01  2.8685E-01  5.8578E-01  6.5850E-01  5.4015E-01
       7.6307E-01  6.3496E-01  3.8823E-01  2.8694E-01  2.0062E-01  2.3815E-01  2.4875E-01  4.6804E-01  8.1504E-01  7.3172E-01
       6.6833E-01  6.0261E-01  5.0756E-01  2.3241E-01  3.2099E-01  2.6903E-01  3.5367E-01  4.2038E-01  6.1136E-01  6.1000E-01
       7.4331E-01  7.2510E-01  6.3200E-01  3.7707E-01  2.2242E-01  2.8748E-01  4.8822E-01  4.8226E-01  6.7425E-01  7.1615E-01
       6.6665E-01  5.6486E-01  4.8202E-01  2.2996E-01  2.1168E-01  2.0872E-01  3.1945E-01  4.7770E-01  6.8929E-01  6.7390E-01
       8.1173E-01  5.4917E-01  4.0246E-01  2.1770E-01  1.4578E-01  1.3738E-01  3.5119E-01  4.9403E-01  5.7405E-01  7.1853E-01
       7.7211E-01  5.5800E-01  5.2289E-01  2.3641E-01  1.4267E-01  1.3899E-01  2.4948E-01  4.5463E-01  5.3734E-01  5.5933E-01
       6.8319E-01  5.2022E-01  4.7650E-01  2.1434E-01  1.0944E-01  1.2740E-01  1.9265E-01  3.8525E-01  5.9314E-01  7.3233E-01
       6.4219E-01  6.3264E-01  4.0607E-01  3.3562E-01  1.3785E-01  1.2648E-01  2.4107E-01  4.0170E-01  6.7872E-01  9.0142E-01
       6.2672E-01  5.7684E-01  3.2911E-01  2.3375E-01  1.3777E-01  1.0976E-01  3.5494E-01  3.9032E-01  6.0091E-01  6.9007E-01
       8.5017E-01  6.0708E-01  3.2376E-01  2.7714E-01  1.4895E-01  1.5024E-01  2.7247E-01  5.3170E-01  5.6615E-01  6.3520E-01
       6.9464E-01  7.4617E-01  4.1718E-01  3.6701E-01  1.7138E-01  1.9946E-01  2.8417E-01  5.1856E-01  7.3584E-01  8.7735E-01
       7.6999E-01  6.3870E-01  4.2951E-01  3.6978E-01  2.7189E-01  2.9711E-01  3.8813E-01  5.7671E-01  7.2110E-01  9.3769E-01
       1.0020E+00  8.3858E-01  5.5984E-01  4.3933E-01  2.0814E-01  2.2139E-01  4.7473E-01  5.6807E-01  7.8304E-01  8.5796E-01
       6.8897E-01  5.5842E-01  4.0624E-01  3.4816E-01  2.4509E-01  2.4434E-01  3.8218E-01  5.2905E-01  6.4701E-01  7.1991E-01
       7.3950E-01  5.8124E-01  2.9755E-01  2.5032E-01  1.3796E-01  1.1207E-01  3.6727E-01  4.1820E-01  5.0259E-01  7.5917E-01
       7.6494E-01  6.5374E-01  3.8141E-01  1.9655E-01  1.2400E-01  1.1591E-01  2.7087E-01  3.5408E-01  4.9397E-01  5.6955E-01
       6.6932E-01  5.7622E-01  4.2188E-01  2.3922E-01  1.2070E-01  1.2744E-01  2.5104E-01  4.5269E-01  7.4512E-01  6.8525E-01
       8.7319E-01  6.4371E-01  2.5496E-01  2.3487E-01  1.1716E-01  1.1375E-01  2.3261E-01  4.1723E-01  6.1843E-01  7.3638E-01
       7.7553E-01  3.8620E-01  2.0761E-01  2.5250E-01  7.9167E-02  1.4007E-01  2.8254E-01  4.5811E-01  4.3734E-01  7.2724E-01
       7.0735E-01  5.9897E-01  2.8439E-01  2.8810E-01  9.8856E-02  1.4463E-01  2.5303E-01  4.0016E-01  5.2042E-01  7.1724E-01
       7.7452E-01  7.7848E-01  4.0467E-01  3.5410E-01  2.2101E-01  1.9799E-01  3.3557E-01  5.3973E-01  7.5130E-01  9.8265E-01
       9.8778E-01  3.9994E-01  4.0608E-01  3.3300E-01  2.8404E-01  2.9190E-01  3.2773E-01  3.9514E-01  6.5973E-01  9.8771E-01
       1.0508E+00  6.2238E-01  5.0695E-01  4.1986E-01  2.8077E-01  1.7641E-01  4.2951E-01  6.0592E-01  5.6558E-01  7.2416E-01
       5.7011E-01  5.3865E-01  2.4414E-01  3.6348E-01  2.3414E-01  1.4028E-01  3.1204E-01  5.2703E-01  6.9751E-01  8.4120E-01
       6.7470E-01  6.4396E-01  3.5548E-01  2.9134E-01  1.2055E-01  1.4426E-01  1.7426E-01  4.5021E-01  4.7465E-01  5.7598E-01
       8.5601E-01  5.5244E-01  4.1854E-01  2.2930E-01  1.4300E-01  1.2722E-01  2.2391E-01  4.4576E-01  5.0802E-01  6.1990E-01
       8.0562E-01  4.8623E-01  4.2070E-01  2.1040E-01  1.1715E-01  1.5201E-01  2.3822E-01  3.7420E-01  6.0786E-01  5.8055E-01
       7.7613E-01  5.3365E-01  5.0156E-01  2.6944E-01  9.3089E-02  1.2109E-01  2.0864E-01  4.2867E-01  6.7624E-01  7.1023E-01
       6.7633E-01  6.0095E-01  4.1111E-01  2.1976E-01  1.2016E-01  1.5941E-01  2.6899E-01  2.8449E-01  4.7205E-01  7.5489E-01
       6.8582E-01  5.5977E-01  5.1836E-01  3.2724E-01  1.3606E-01  1.6887E-01  1.4694E-01  3.4821E-01  6.1037E-01  5.2564E-01
       5.6523E-01  6.8798E-01  3.6365E-01  3.2549E-01  2.1269E-01  2.0268E-01  2.3901E-01  4.1926E-01  8.6518E-01  6.8164E-01
       8.3287E-01  6.6753E-01  4.7607E-01  2.6670E-01  2.5383E-01  2.2635E-01  3.4061E-01  5.0628E-01  6.7082E-01  1.0363E+00
       9.8687E-01  7.6298E-01  5.0906E-01  3.2389E-01  2.5095E-01  3.0419E-01  3.9980E-01  6.3101E-01  5.8203E-01  7.6271E-01
       7.4070E-01  5.8022E-01  5.1647E-01  2.7768E-01  2.2763E-01  1.4742E-01  3.0202E-01  5.8593E-01  6.0464E-01  7.3058E-01
       7.3709E-01  4.6084E-01  5.5021E-01  2.5716E-01  1.8715E-01  1.5519E-01  2.4948E-01  3.5474E-01  5.5087E-01  5.3711E-01
       7.5617E-01  6.3519E-01  4.4751E-01  2.9100E-01  1.8114E-01  1.4313E-01  1.9618E-01  3.5592E-01  4.8286E-01  8.2503E-01
       8.0035E-01  5.7818E-01  3.2004E-01  2.8918E-01  1.4509E-01  1.2961E-01  1.8154E-01  4.4627E-01  4.7776E-01  5.2738E-01
       7.8763E-01  4.1498E-01  3.8438E-01  2.3767E-01  1.0728E-01  1.2532E-01  1.9867E-01  4.4023E-01  6.6251E-01  7.6302E-01
       5.9488E-01  4.2545E-01  3.4464E-01  2.4993E-01  1.3904E-01  1.2921E-01  2.5826E-01  4.6850E-01  5.9473E-01  8.5806E-01
       9.6822E-01  6.5110E-01  3.8405E-01  2.6133E-01  1.6009E-01  1.6417E-01  1.8144E-01  4.5127E-01  6.8972E-01  5.1812E-01
       8.7684E-01  6.9051E-01  3.9367E-01  2.6808E-01  1.5487E-01  2.1505E-01  2.4429E-01  3.9995E-01  6.4470E-01  8.7628E-01
       6.6406E-01  7.1058E-01  5.6796E-01  3.3409E-01  2.5440E-01  1.7501E-01  3.6560E-01  4.4928E-01  7.5988E-01  9.0173E-01
       9.0435E-01  5.9494E-01  5.1688E-01  2.4573E-01  1.8097E-01  2.6035E-01  3.7296E-01  5.4374E-01  7.9178E-01  7.7496E-01
       8.1778E-01  6.8227E-01  4.9968E-01  2.7873E-01  2.0237E-01  1.7572E-01  2.7024E-01  5.2083E-01  6.1779E-01  7.2018E-01
       8.6662E-01  4.1172E-01  4.3477E-01  2.7391E-01  1.7911E-01  1.5534E-01  2.6286E-01  3.7127E-01  4.7850E-01  7.0544E-01
       8.2913E-01  6.9592E-01  3.4469E-01  2.5868E-01  1.8761E-01  1.5349E-01  2.1471E-01  2.8692E-01  5.1186E-01  7.3294E-01
       6.8545E-01  6.7569E-01  3.8041E-01  2.3426E-01  1.3468E-01  1.5437E-01  1.5869E-01  4.5082E-01  5.7580E-01  7.2900E-01
       6.6688E-01  7.2727E-01  3.3459E-01  2.0698E-01  1.3136E-01  1.0618E-01  2.2808E-01  5.0848E-01  6.5113E-01  6.6273E-01
       6.9211E-01  6.4853E-01  3.5277E-01  2.2018E-01  1.6784E-01  1.7046E-01  2.9733E-01  4.4826E-01  6.3002E-01  1.0643E+00
       6.4829E-01  5.3789E-01  4.1658E-01  2.6114E-01  1.6636E-01  1.9475E-01  2.0143E-01  4.8310E-01  6.5264E-01  6.1507E-01
       8.5227E-01  6.5291E-01  3.9491E-01  2.6304E-01  1.6208E-01  1.9872E-01  2.8694E-01  5.4056E-01  4.9304E-01  8.6510E-01
       7.7942E-01  6.8611E-01  6.2609E-01  3.3218E-01  2.7597E-01  2.9862E-01  3.3987E-01  7.2555E-01  7.5070E-01  8.6478E-01
       1.0266E+00  5.1863E-01  4.5956E-01  2.4938E-01  2.4527E-01  2.1498E-01  2.4376E-01  4.5923E-01  6.7439E-01  9.4365E-01
       8.1135E-01  6.3278E-01  4.7867E-01  3.3991E-01  1.9777E-01  1.9713E-01  2.4579E-01  4.0639E-01  6.0398E-01  8.6880E-01
       1.0038E+00  7.0457E-01  4.4520E-01  1.7135E-01  1.6544E-01  1.6002E-01  2.5283E-01  3.6507E-01  6.0122E-01  7.0838E-01
       7.1758E-01  7.1787E-01  3.0616E-01  2.3981E-01  1.4932E-01  1.1835E-01  2.2158E-01  5.3001E-01  3.7821E-01  7.1652E-01
       7.5037E-01  5.1839E-01  4.0729E-01  2.3562E-01  1.2629E-01  1.6899E-01  2.0932E-01  3.4452E-01  6.6117E-01  5.7211E-01
       7.3977E-01  5.3782E-01  4.6427E-01  2.9299E-01  1.2595E-01  1.2048E-01  2.2534E-01  4.8318E-01  7.7832E-01  8.2904E-01
       6.6795E-01  7.0908E-01  5.3410E-01  2.7375E-01  1.4980E-01  1.4081E-01  2.9245E-01  3.6994E-01  7.0217E-01  7.5017E-01
       7.1176E-01  5.7461E-01  4.2035E-01  3.4903E-01  1.8120E-01  1.6601E-01  2.2452E-01  3.6968E-01  6.2402E-01  7.3038E-01
       8.6939E-01  6.9126E-01  5.5236E-01  2.8793E-01  1.9497E-01  2.2357E-01  2.4481E-01  3.9077E-01  6.3854E-01  7.1490E-01
       6.4915E-01  7.5398E-01  5.3963E-01  3.5033E-01  2.8114E-01  1.9311E-01  2.5536E-01  5.1622E-01  1.0306E+00  8.4773E-01
       8.9383E-01  8.5917E-01  5.2703E-01  4.2599E-01  2.8732E-01  2.3773E-01  4.1272E-01  4.5951E-01  7.7072E-01  1.0369E+00
       1.1533E+00  7.6477E-01  4.4314E-01  2.8997E-01  1.9095E-01  2.0399E-01  3.0249E-01  5.3517E-01  6.3948E-01  1.1130E+00
       1.0634E+00  6.9304E-01  3.7689E-01  2.7359E-01  1.1497E-01  1.7444E-01  2.2439E-01  5.0670E-01  6.9039E-01  7.0986E-01
       7.3308E-01  7.3113E-01  4.2209E-01  2.2832E-01  1.3885E-01  1.5683E-01  2.4402E-01  4.9562E-01  5.1893E-01  7.8542E-01
       8.7984E-01  8.7001E-01  3.6466E-01  2.2474E-01  1.5358E-01  1.9331E-01  2.8337E-01  5.1481E-01  7.4917E-01  8.7458E-01
       8.3031E-01  7.1059E-01  4.0030E-01  2.6395E-01  1.0276E-01  1.2022E-01  1.9207E-01  4.3668E-01  6.9827E-01  1.0054E+00
       7.8701E-01  6.6723E-01  4.3072E-01  2.7861E-01  1.2022E-01  1.4437E-01  2.6734E-01  3.6868E-01  6.5255E-01  7.6046E-01
       8.5315E-01  5.3012E-01  3.9686E-01  3.2314E-01  1.3363E-01  1.4442E-01  2.7321E-01  3.5013E-01  4.4900E-01  5.5458E-01
       9.0210E-01  8.5946E-01  6.4540E-01  2.5461E-01  1.5093E-01  1.9814E-01  2.4492E-01  4.6034E-01  5.8771E-01  9.0879E-01
       1.0437E+00  7.3433E-01  4.1882E-01  4.0149E-01  2.5349E-01  2.2310E-01  2.8825E-01  4.8954E-01  6.2346E-01  7.9527E-01
       8.4736E-01  1.0091E+00  5.2761E-01  3.8516E-01  2.5011E-01  3.0530E-01  4.7219E-01  5.0989E-01  7.0260E-01  9.2157E-01
       1.0503E+00  6.2876E-01  5.4414E-01  2.9208E-01  1.3142E-01  2.0029E-01  2.0725E-01  5.2836E-01  4.6786E-01  1.0415E+00
       8.1797E-01  6.3969E-01  4.7386E-01  2.1157E-01  1.7496E-01  1.3772E-01  2.6786E-01  4.5944E-01  5.8226E-01  1.2366E+00
       8.1506E-01  6.8502E-01  4.9753E-01  1.6875E-01  1.4414E-01  1.4552E-01  2.7538E-01  4.6698E-01  5.1482E-01  8.9974E-01
       9.0915E-01  8.3971E-01  4.0851E-01  1.9186E-01  1.4080E-01  1.8253E-01  2.4114E-01  4.6824E-01  7.1316E-01  9.1040E-01
       6.7161E-01  7.2653E-01  4.2634E-01  3.2476E-01  1.6465E-01  1.0243E-01  2.7411E-01  3.8804E-01  6.3571E-01  1.1000E+00
       9.3166E-01  7.6669E-01  3.2795E-01  2.7129E-01  1.3975E-01  1.4473E-01  2.5547E-01  3.6984E-01  7.6193E-01  7.6509E-01
       6.8075E-01  5.9588E-01  3.9575E-01  2.6097E-01  1.6958E-01  1.0716E-01  2.5310E-01  3.1235E-01  7.0926E-01  1.1431E+00
       8.4840E-01  7.0851E-01  6.3234E-01  2.7636E-01  1.7209E-01  2.2600E-01  3.0488E-01  4.8925E-01  5.2568E-01  1.2242E+00
       8.8166E-01  4.4906E-01  5.2682E-01  3.6019E-01  2.6515E-01  2.6954E-01  3.2500E-01  4.6665E-01  1.0498E+00  9.1823E-01
       1.0497E+00  7.4698E-01  4.8017E-01  4.4558E-01  2.8820E-01  2.3860E-01  3.4475E-01  4.5666E-01  7.7929E-01  1.1738E+00
       9.3323E-01  9.3257E-01  5.5282E-01  3.4834E-01  1.6057E-01  2.2586E-01  3.4479E-01  3.6234E-01  8.6905E-01  8.9053E-01
       7.5893E-01  7.3595E-01  5.2630E-01  2.0456E-01  2.7276E-01  1.7733E-01  2.9999E-01  4.1741E-01  5.7333E-01  7.1097E-01
       1.0289E+00  6.8434E-01  5.0795E-01  2.5285E-01  1.5845E-01  1.0960E-01  3.1793E-01  3.9308E-01  6.5510E-01  1.0096E+00
       9.8567E-01  7.4525E-01  4.2389E-01  2.2653E-01  1.3646E-01  2.0253E-01  2.6681E-01  4.7890E-01  7.6595E-01  7.0556E-01
       9.0149E-01  7.0982E-01  3.8656E-01  2.3374E-01  1.6490E-01  1.8868E-01  2.8383E-01  4.0090E-01  7.2137E-01  1.0933E+00
       6.9201E-01  7.8870E-01  4.8693E-01  2.2471E-01  1.2179E-01  1.6071E-01  3.0868E-01  3.5690E-01  5.7773E-01  9.1368E-01
       6.6087E-01  6.5032E-01  5.2212E-01  3.5275E-01  1.9248E-01  1.4418E-01  3.3429E-01  4.5820E-01  7.5596E-01  9.7285E-01
       8.9516E-01  9.1505E-01  5.7921E-01  2.7780E-01  1.9381E-01  1.6880E-01  3.2059E-01  5.1343E-01  7.6115E-01  1.1126E+00
       1.0246E+00  7.1615E-01  7.2357E-01  3.9320E-01  3.1779E-01  2.3293E-01  3.8988E-01  5.3942E-01  1.0557E+00  1.0323E+00
