1
   Cartesian binning n.   1  "DoseEq    " , generalized particle n.  240
      X coordinate: from -8.5000E+01 to  8.5000E+01 cm,    10 bins ( 1.7000E+01 cm wide)
      Y coordinate: from -2.5000E+01 to  2.5000E+01 cm,    10 bins ( 5.0000E+00 cm wide)
      Z coordinate: from  2.2500E+02 to  2.7500E+02 cm,    10 bins ( 5.0000E+00 cm wide)
      Data follow in a matrix A(ix,iy,iz), format (1(5x,1p,10(1x,e11.4)))

      accurate deposition along the tracks requested
      this is a track-length binning
       2.7008E-04  3.0747E-04  3.2602E-04  3.4890E-04  3.3801E-04  3.7048E-04  3.5171E-04  3.3337E-04  3.1239E-04  2.8799E-04
       2.7016E-04  3.4949E-04  3.4848E-04  3.8990E-04  4.0133E-04  3.8787E-04  3.6937E-04  3.6107E-04  3.4012E-04  3.0184E-04
       2.9403E-04  3.5059E-04  3.8606E-04  4.1091E-04  4.0972E-04  4.1294E-04  3.9655E-04  3.6919E-04  3.5575E-04  2.9679E-04
       3.1243E-04  3.6051E-04  3.7505E-04  4.0668E-04  4.1688E-04  4.0529E-04  3.9944E-04  3.9099E-04  3.3446E-04  3.0347E-04
       3.1861E-04  3.7081E-04  3.8109E-04  4.0105E-04  4.1679E-04  4.2079E-04  4.1106E-04  4.0983E-04  3.3266E-04  3.2563E-04
       3.1403E-04  3.4758E-04  3.7721E-04  3.8962E-04  3.9392E-04  4.0163E-04  4.0700E-04  3.9022E-04  3.5678E-04  3.0808E-04
       3.1957E-04  3.4785E-04  3.6677E-04  3.9745E-04  4.0867E-04  4.1117E-04  4.1369E-04  3.8153E-04  3.5523E-04  2.9845E-04
       3.3839E-04  3.4816E-04  3.7464E-04  4.0231E-04  4.1992E-04  4.1375E-04  3.9766E-04  3.8868E-04  3.2636E-04  3.0910E-04
       3.0878E-04  3.3403E-04  3.7606E-04  4.0176E-04  4.0669E-04  3.9723E-04  4.0054E-04  3.8162E-04  3.2022E-04  2.8224E-04
       2.7550E-04  2.9961E-04  3.1281E-04  3.6773E-04  3.3935E-04  3.7024E-04  3.4877E-04  3.2659E-04  3.0790E-04  2.6981E-04
       1.7465E-04  2.0929E-04  2.1404E-04  2.2465E-04  2.3631E-04  2.3907E-04  2.1870E-04  2.1834E-04  2.0740E-04  1.7512E-04
       1.8320E-04  2.4007E-04  2.2868E-04  2.6405E-04  2.7742E-04  2.7502E-04  2.3845E-04  2.3916E-04  2.2524E-04  1.9650E-04
       1.9542E-04  2.3395E-04  2.5034E-04  2.8611E-04  2.8517E-04  2.8518E-04  2.6619E-04  2.4827E-04  2.3884E-04  1.9472E-04
       2.1335E-04  2.5241E-04  2.4834E-04  2.8755E-04  2.9411E-04  2.8521E-04  2.9324E-04  2.5714E-04  2.4013E-04  2.0167E-04
       2.0675E-04  2.5568E-04  2.5065E-04  2.7910E-04  3.0164E-04  2.9062E-04  2.7094E-04  2.7765E-04  2.4323E-04  2.0311E-04
       2.0927E-04  2.3668E-04  2.5960E-04  2.6945E-04  2.9185E-04  2.9942E-04  2.9052E-04  2.7679E-04  2.4262E-04  2.0275E-04
       2.1243E-04  2.5646E-04  2.6390E-04  2.7932E-04  2.8589E-04  2.8138E-04  2.8100E-04  2.7243E-04  2.2775E-04  2.0247E-04
       2.1221E-04  2.3670E-04  2.6088E-04  2.7437E-04  2.9434E-04  2.9344E-04  2.6147E-04  2.5894E-04  2.1173E-04  1.9449E-04
       2.0484E-04  2.3043E-04  2.3988E-04  2.6770E-04  2.6774E-04  2.6704E-04  2.6574E-04  2.5076E-04  1.9786E-04  1.9399E-04
       1.8680E-04  1.9002E-04  1.9988E-04  2.3846E-04  2.3417E-04  2.3178E-04  2.2010E-04  2.2029E-04  2.0330E-04  1.7965E-04
       1.2794E-04  1.4329E-04  1.5387E-04  1.5655E-04  1.4910E-04  1.5976E-04  1.5287E-04  1.4471E-04  1.4377E-04  1.2734E-04
       1.2454E-04  1.4415E-04  1.5285E-04  1.6605E-04  1.6700E-04  1.7056E-04  1.6235E-04  1.4804E-04  1.4623E-04  1.2611E-04
       1.3333E-04  1.3850E-04  1.7546E-04  1.9352E-04  1.7416E-04  1.6628E-04  1.6832E-04  1.6189E-04  1.5993E-04  1.3013E-04
       1.3617E-04  1.5794E-04  1.6506E-04  1.8936E-04  1.8366E-04  1.6799E-04  1.5934E-04  1.7305E-04  1.5074E-04  1.3408E-04
       1.2719E-04  1.5798E-04  1.6693E-04  1.7864E-04  2.0247E-04  1.8669E-04  1.7660E-04  1.8266E-04  1.5394E-04  1.3397E-04
       1.3428E-04  1.6343E-04  1.6871E-04  1.7601E-04  1.8981E-04  1.9343E-04  1.8505E-04  1.8997E-04  1.4670E-04  1.2023E-04
       1.3338E-04  1.5660E-04  1.6814E-04  1.8519E-04  1.9097E-04  1.9820E-04  1.8710E-04  1.7941E-04  1.4445E-04  1.2523E-04
       1.2902E-04  1.5227E-04  1.5768E-04  1.7012E-04  1.8513E-04  2.0116E-04  1.8221E-04  1.6986E-04  1.3863E-04  1.2814E-04
       1.3631E-04  1.5291E-04  1.5766E-04  1.7050E-04  1.7789E-04  1.8439E-04  1.5892E-04  1.6641E-04  1.2584E-04  1.3432E-04
       1.3040E-04  1.3361E-04  1.4271E-04  1.4941E-04  1.5854E-04  1.6860E-04  1.4518E-04  1.5221E-04  1.2884E-04  1.2506E-04
       1.0481E-04  1.0413E-04  1.1166E-04  1.1920E-04  1.1949E-04  1.2320E-04  1.1328E-04  1.1912E-04  1.0489E-04  1.0493E-04
       9.2277E-05  9.6034E-05  1.0749E-04  1.1340E-04  1.1864E-04  1.1717E-04  1.1799E-04  1.0976E-04  9.9017E-05  9.6622E-05
       1.0182E-04  9.8704E-05  1.1666E-04  1.3246E-04  1.2358E-04  1.2217E-04  1.1387E-04  1.1232E-04  9.6794E-05  9.1081E-05
       9.8992E-05  1.0020E-04  1.0941E-04  1.2500E-04  1.2355E-04  1.2760E-04  1.2112E-04  1.1203E-04  9.0959E-05  9.2904E-05
       9.2314E-05  1.0573E-04  1.0775E-04  1.2234E-04  1.1956E-04  1.3113E-04  1.2277E-04  1.1933E-04  9.3125E-05  8.9581E-05
       9.6509E-05  1.1629E-04  1.1376E-04  1.1245E-04  1.2460E-04  1.2369E-04  1.1204E-04  1.2392E-04  1.0626E-04  7.9645E-05
       9.3440E-05  1.0006E-04  1.2028E-04  1.1011E-04  1.2740E-04  1.2778E-04  1.1848E-04  1.1133E-04  1.1229E-04  8.8219E-05
       1.0110E-04  9.7351E-05  1.0434E-04  1.1288E-04  1.2750E-04  1.2974E-04  1.1654E-04  1.1241E-04  9.4578E-05  9.2429E-05
       1.0469E-04  1.0374E-04  1.0115E-04  1.1781E-04  1.2301E-04  1.1613E-04  1.1196E-04  1.1216E-04  9.3911E-05  9.2253E-05
       1.0135E-04  1.0306E-04  1.0649E-04  1.1049E-04  1.2258E-04  1.2851E-04  1.2635E-04  1.0902E-04  1.0374E-04  1.1107E-04
       8.6534E-05  8.7370E-05  9.2995E-05  9.0624E-05  9.3571E-05  9.8795E-05  8.8618E-05  9.6156E-05  8.8888E-05  9.1073E-05
       8.3041E-05  7.4131E-05  8.6929E-05  9.0126E-05  8.2041E-05  8.6495E-05  8.3675E-05  7.4423E-05  7.7152E-05  8.2277E-05
       7.6950E-05  6.9286E-05  8.2051E-05  9.4702E-05  8.8329E-05  9.1221E-05  8.3737E-05  7.5648E-05  6.5094E-05  7.7491E-05
       7.2360E-05  6.9848E-05  8.1659E-05  9.6215E-05  9.3141E-05  8.4463E-05  8.7548E-05  7.2046E-05  6.7514E-05  7.3266E-05
       7.0102E-05  8.2423E-05  7.6825E-05  9.1461E-05  8.1632E-05  9.9944E-05  9.2076E-05  8.1446E-05  6.8318E-05  7.2351E-05
       7.2530E-05  7.9846E-05  7.8891E-05  7.7621E-05  8.4455E-05  8.6347E-05  7.4118E-05  9.1053E-05  7.6777E-05  7.2752E-05
       7.2226E-05  7.4345E-05  7.5266E-05  8.0406E-05  8.9000E-05  8.7311E-05  7.8434E-05  8.6953E-05  8.2699E-05  6.7707E-05
       7.7757E-05  6.4178E-05  7.4148E-05  8.2174E-05  9.0399E-05  8.7975E-05  8.3741E-05  7.8082E-05  7.2193E-05  7.1191E-05
       7.9908E-05  7.4148E-05  8.1305E-05  8.4623E-05  8.9549E-05  9.1442E-05  8.5221E-05  8.1173E-05  7.4706E-05  6.8533E-05
       9.2351E-05  8.7857E-05  9.6148E-05  8.8312E-05  1.0253E-04  1.0567E-04  1.1295E-04  9.4540E-05  8.5587E-05  9.1998E-05
       7.8392E-05  7.6422E-05  8.4747E-05  9.2680E-05  8.4248E-05  8.0795E-05  7.7041E-05  7.9669E-05  7.4368E-05  7.5250E-05
       6.0529E-05  5.9018E-05  6.6472E-05  6.8457E-05  6.8415E-05  7.2716E-05  6.7816E-05  6.3424E-05  6.1838E-05  6.9393E-05
       6.3544E-05  5.5370E-05  6.1919E-05  7.2385E-05  7.1153E-05  7.0043E-05  6.1678E-05  5.4618E-05  5.8088E-05  6.2146E-05
       6.4465E-05  5.8000E-05  5.7271E-05  8.2429E-05  7.4284E-05  6.8739E-05  6.1754E-05  6.4054E-05  5.0177E-05  6.0486E-05
       6.3473E-05  5.6149E-05  5.4958E-05  7.6873E-05  6.4343E-05  7.0281E-05  6.9275E-05  6.4101E-05  5.7229E-05  5.8427E-05
       5.6694E-05  5.4279E-05  5.6333E-05  6.4680E-05  6.3001E-05  6.8773E-05  6.3362E-05  6.3964E-05  5.8994E-05  6.6047E-05
       6.0674E-05  5.9635E-05  5.7821E-05  5.7867E-05  7.2600E-05  7.2047E-05  6.6904E-05  6.3877E-05  6.4599E-05  6.4624E-05
       5.8406E-05  5.4054E-05  5.9801E-05  6.0166E-05  6.9326E-05  7.4397E-05  6.8875E-05  6.3157E-05  6.3983E-05  6.8378E-05
       6.9075E-05  5.6476E-05  6.6912E-05  6.7105E-05  6.5909E-05  7.9571E-05  6.9696E-05  7.1666E-05  6.4748E-05  6.3172E-05
       8.0651E-05  7.3317E-05  8.7136E-05  7.4948E-05  8.5044E-05  8.7884E-05  8.3666E-05  9.1757E-05  8.8290E-05  8.2657E-05
       7.5075E-05  7.1343E-05  8.2303E-05  8.1874E-05  7.9428E-05  7.8743E-05  7.3766E-05  7.3555E-05  7.2515E-05  7.1660E-05
       6.0714E-05  5.2726E-05  6.5277E-05  6.1419E-05  6.0101E-05  5.9928E-05  5.5378E-05  5.7006E-05  5.1468E-05  6.0045E-05
       5.6398E-05  4.4192E-05  5.0596E-05  6.0430E-05  5.8626E-05  6.1330E-05  5.2096E-05  4.8392E-05  5.5746E-05  5.8095E-05
       5.7446E-05  4.5854E-05  4.6678E-05  5.6680E-05  6.0312E-05  5.6533E-05  5.3228E-05  5.4037E-05  4.9004E-05  5.3519E-05
       5.6131E-05  4.4483E-05  4.2778E-05  5.4352E-05  5.3545E-05  5.9652E-05  6.0081E-05  5.3258E-05  4.6334E-05  5.6437E-05
       5.4377E-05  4.5088E-05  4.6922E-05  5.2910E-05  4.8412E-05  5.4425E-05  6.3438E-05  4.6780E-05  4.4921E-05  5.7307E-05
       6.1039E-05  5.1543E-05  4.7065E-05  4.5784E-05  4.7572E-05  6.0845E-05  5.1915E-05  4.7576E-05  4.9075E-05  6.2836E-05
       5.4691E-05  4.8415E-05  5.1513E-05  4.7744E-05  6.1628E-05  6.0877E-05  6.0709E-05  4.9276E-05  5.1807E-05  6.1327E-05
       6.5147E-05  5.7424E-05  5.5894E-05  5.9270E-05  6.6720E-05  6.8768E-05  6.5180E-05  5.7393E-05  6.1491E-05  6.1852E-05
       7.6910E-05  7.7484E-05  7.7204E-05  7.1514E-05  8.1531E-05  7.7242E-05  7.3375E-05  7.5268E-05  7.8708E-05  7.8160E-05
       7.3159E-05  7.3582E-05  7.5727E-05  7.4121E-05  7.9949E-05  7.5918E-05  6.9676E-05  8.2517E-05  7.8059E-05  7.1893E-05
       5.7750E-05  5.3144E-05  5.2569E-05  5.0004E-05  6.1019E-05  5.2421E-05  5.7721E-05  5.7717E-05  5.9357E-05  5.9999E-05
       5.7129E-05  3.8262E-05  5.3457E-05  4.9538E-05  4.7248E-05  4.9589E-05  5.2142E-05  4.7231E-05  4.8602E-05  5.6295E-05
       4.8778E-05  4.3092E-05  4.3258E-05  4.4906E-05  4.5810E-05  4.6923E-05  4.8425E-05  4.6666E-05  4.8697E-05  5.7953E-05
       5.4288E-05  4.3440E-05  4.1908E-05  4.8646E-05  5.0128E-05  5.1419E-05  4.8295E-05  4.6775E-05  3.9498E-05  5.6317E-05
       5.2300E-05  3.6706E-05  4.0347E-05  4.4874E-05  4.7286E-05  4.3748E-05  5.0640E-05  4.5433E-05  3.6326E-05  5.1449E-05
       5.3159E-05  4.0548E-05  4.5009E-05  4.8658E-05  4.3347E-05  4.8103E-05  4.9219E-05  4.2443E-05  4.2626E-05  5.1569E-05
       4.9913E-05  4.1670E-05  4.7851E-05  4.5989E-05  5.5755E-05  4.7733E-05  5.8273E-05  4.7779E-05  4.6207E-05  5.2495E-05
       5.3428E-05  4.9717E-05  4.9878E-05  5.4870E-05  5.9618E-05  6.0474E-05  5.4338E-05  5.6444E-05  5.4741E-05  5.6581E-05
       7.3932E-05  7.5679E-05  6.7602E-05  7.1317E-05  7.6985E-05  7.5394E-05  7.4582E-05  7.9593E-05  7.3000E-05  7.5600E-05
       7.5679E-05  7.7633E-05  7.6208E-05  7.6624E-05  8.1718E-05  8.2025E-05  7.4674E-05  7.7211E-05  7.1636E-05  7.5387E-05
       6.5934E-05  5.2985E-05  6.5900E-05  5.7709E-05  6.0678E-05  6.1516E-05  6.5991E-05  6.1679E-05  5.5162E-05  6.0458E-05
       5.9337E-05  5.1876E-05  5.6795E-05  5.0572E-05  5.5354E-05  4.6877E-05  5.9663E-05  4.8499E-05  5.2008E-05  6.3470E-05
       5.9561E-05  5.1004E-05  4.9511E-05  4.8750E-05  5.0315E-05  5.0421E-05  5.3729E-05  4.5380E-05  4.6505E-05  5.8984E-05
       5.8165E-05  4.4961E-05  5.3272E-05  5.2843E-05  5.7390E-05  5.8526E-05  5.5528E-05  4.8026E-05  4.7099E-05  6.1340E-05
       6.1304E-05  4.5550E-05  4.8714E-05  4.9487E-05  5.0631E-05  5.1972E-05  5.1164E-05  4.7080E-05  4.2665E-05  6.2705E-05
       5.9227E-05  4.8324E-05  5.4774E-05  4.9797E-05  4.8055E-05  5.6707E-05  5.1695E-05  4.9511E-05  4.3876E-05  6.4132E-05
       5.9977E-05  5.1100E-05  5.2610E-05  4.9055E-05  4.8672E-05  5.5970E-05  5.5914E-05  5.1214E-05  5.0549E-05  6.4910E-05
       5.8412E-05  5.7200E-05  5.7859E-05  5.9220E-05  5.7840E-05  5.4064E-05  5.8102E-05  5.6028E-05  5.5593E-05  7.2952E-05
       7.7865E-05  8.2834E-05  7.4578E-05  7.7283E-05  7.6708E-05  7.5964E-05  7.9273E-05  8.1184E-05  7.8812E-05  7.6973E-05
       9.3538E-05  8.8632E-05  9.5617E-05  9.7842E-05  8.7747E-05  8.1895E-05  8.5136E-05  8.9129E-05  9.0822E-05  8.6298E-05
       8.8108E-05  7.3882E-05  8.1393E-05  8.0841E-05  7.3562E-05  7.7237E-05  8.0768E-05  7.1093E-05  8.1087E-05  7.8034E-05
       8.2200E-05  6.6073E-05  7.7869E-05  7.2845E-05  6.9583E-05  7.1093E-05  7.3661E-05  6.8994E-05  6.9835E-05  8.8109E-05
       7.9049E-05  7.2261E-05  8.0408E-05  7.0555E-05  6.8740E-05  7.0946E-05  7.7248E-05  6.6220E-05  6.7426E-05  8.3530E-05
       7.0847E-05  6.7660E-05  7.1957E-05  7.2618E-05  7.4520E-05  7.7426E-05  7.3340E-05  6.6999E-05  6.9921E-05  7.2897E-05
       8.3994E-05  6.7398E-05  6.8745E-05  7.4201E-05  6.9224E-05  7.4299E-05  7.9328E-05  7.0562E-05  7.0677E-05  8.2119E-05
       8.1250E-05  7.2925E-05  7.5876E-05  7.4324E-05  7.2833E-05  7.2259E-05  7.2087E-05  7.1699E-05  7.1129E-05  8.3134E-05
       7.2169E-05  6.7979E-05  7.4781E-05  6.8068E-05  7.2651E-05  7.6682E-05  7.9884E-05  7.0780E-05  7.2173E-05  8.8579E-05
       8.3361E-05  8.0911E-05  7.3558E-05  7.9375E-05  8.5914E-05  7.7392E-05  7.4958E-05  7.3315E-05  7.3004E-05  8.9540E-05
       9.0020E-05  9.3431E-05  8.0151E-05  8.5493E-05  9.1914E-05  8.6532E-05  8.9259E-05  8.8822E-05  9.6172E-05  1.0355E-04

      Percentage errors follow in a matrix A(ix,iy,iz), format (1(5x,1p,10(1x,e11.4)))

       3.6703E+00  3.0110E+00  2.5431E+00  2.3647E+00  3.8576E+00  2.8479E+00  1.8825E+00  2.7629E+00  2.8885E+00  3.4063E+00
       3.6227E+00  2.5744E+00  3.8512E+00  2.7439E+00  2.6141E+00  2.9955E+00  2.3068E+00  3.3078E+00  3.9516E+00  2.4890E+00
       3.3745E+00  3.3447E+00  3.1712E+00  1.7812E+00  2.5803E+00  2.9596E+00  2.7121E+00  2.8365E+00  2.9918E+00  3.2157E+00
       2.1330E+00  3.0439E+00  2.6057E+00  3.0505E+00  2.8375E+00  2.7171E+00  2.8910E+00  2.6527E+00  2.9572E+00  2.8912E+00
       2.7004E+00  3.4589E+00  2.1493E+00  1.8315E+00  2.9445E+00  2.6900E+00  2.9474E+00  2.9826E+00  2.8421E+00  3.3774E+00
       3.0226E+00  2.5210E+00  2.9771E+00  2.9073E+00  3.0722E+00  3.1786E+00  3.8880E+00  2.9480E+00  2.9703E+00  3.5772E+00
       3.2460E+00  3.2161E+00  1.9648E+00  2.3627E+00  2.8569E+00  2.6757E+00  3.0809E+00  3.0619E+00  2.5189E+00  3.5083E+00
       2.4756E+00  3.0366E+00  3.3257E+00  2.9426E+00  2.8952E+00  3.1442E+00  3.3977E+00  3.0326E+00  3.2986E+00  3.2800E+00
       2.7177E+00  3.0110E+00  2.7153E+00  1.9352E+00  3.1651E+00  2.4441E+00  2.4562E+00  3.1076E+00  3.2566E+00  2.7914E+00
       2.3725E+00  2.8051E+00  2.6783E+00  2.7625E+00  2.1584E+00  2.0139E+00  2.6969E+00  2.6292E+00  2.8494E+00  3.3251E+00
       4.5549E+00  3.3785E+00  4.1081E+00  3.5209E+00  3.5597E+00  4.3041E+00  4.4038E+00  3.5046E+00  4.7742E+00  3.0106E+00
       4.3870E+00  3.6974E+00  4.4971E+00  4.2166E+00  3.7255E+00  4.2104E+00  4.0135E+00  3.6228E+00  3.4249E+00  3.4029E+00
       4.0490E+00  4.0948E+00  3.7259E+00  3.2380E+00  3.4073E+00  4.4519E+00  4.1250E+00  4.4660E+00  4.0652E+00  4.7796E+00
       2.4659E+00  2.9675E+00  2.7223E+00  2.9643E+00  2.5382E+00  3.9780E+00  2.7102E+00  2.6697E+00  3.2879E+00  4.3329E+00
       3.8873E+00  3.6150E+00  3.5961E+00  3.0817E+00  3.3710E+00  3.3968E+00  3.6125E+00  3.6398E+00  3.9630E+00  4.4540E+00
       4.2197E+00  3.3967E+00  4.5838E+00  3.4873E+00  3.4005E+00  3.3696E+00  4.5288E+00  3.2301E+00  3.3012E+00  3.6521E+00
       4.6021E+00  3.4265E+00  3.9726E+00  4.1008E+00  2.5882E+00  3.4819E+00  4.1025E+00  3.3187E+00  3.1746E+00  4.0538E+00
       3.8043E+00  3.7928E+00  3.8600E+00  4.3550E+00  2.7785E+00  3.3957E+00  4.1628E+00  3.1897E+00  3.4617E+00  5.1287E+00
       3.3241E+00  3.5422E+00  3.2221E+00  2.8098E+00  3.0001E+00  3.6103E+00  3.6408E+00  4.3586E+00  3.4498E+00  3.0060E+00
       3.1739E+00  2.5985E+00  4.2652E+00  3.2377E+00  3.4562E+00  3.0376E+00  3.4510E+00  3.7881E+00  3.0982E+00  3.6198E+00
       4.9292E+00  4.7176E+00  4.7390E+00  4.3331E+00  2.9037E+00  4.4370E+00  4.2240E+00  3.9208E+00  3.4874E+00  4.0369E+00
       4.2979E+00  4.7304E+00  4.2882E+00  4.9377E+00  3.5446E+00  6.5232E+00  4.1621E+00  4.7915E+00  3.6130E+00  3.8633E+00
       4.6569E+00  6.2627E+00  4.0244E+00  3.9261E+00  4.8861E+00  5.3690E+00  4.4924E+00  3.6672E+00  4.1678E+00  4.9399E+00
       4.9835E+00  5.3307E+00  5.0344E+00  4.2804E+00  4.8844E+00  4.6609E+00  4.8554E+00  3.4065E+00  5.2138E+00  5.1685E+00
       7.1723E+00  4.7592E+00  3.3743E+00  3.7727E+00  3.1750E+00  4.4055E+00  5.4169E+00  3.6430E+00  4.0587E+00  4.3326E+00
       4.3611E+00  5.5518E+00  4.3594E+00  4.2297E+00  4.0938E+00  5.0188E+00  5.1268E+00  5.2418E+00  4.1186E+00  5.0263E+00
       4.5480E+00  4.8785E+00  3.4948E+00  3.3499E+00  3.8979E+00  4.1659E+00  4.5023E+00  4.5952E+00  4.8059E+00  5.1600E+00
       3.6502E+00  3.9811E+00  3.9076E+00  3.5123E+00  3.7554E+00  3.5093E+00  5.3872E+00  4.3813E+00  5.7036E+00  3.9530E+00
       4.2554E+00  3.5943E+00  4.4965E+00  4.8271E+00  4.1756E+00  4.1686E+00  4.3920E+00  3.8141E+00  6.0779E+00  4.0219E+00
       3.6103E+00  4.7575E+00  5.3414E+00  4.3695E+00  3.6855E+00  4.6952E+00  3.4156E+00  4.2307E+00  5.0695E+00  4.8505E+00
       6.0553E+00  6.2027E+00  4.9961E+00  4.0474E+00  4.8891E+00  4.7934E+00  4.2039E+00  6.3881E+00  4.8380E+00  5.1210E+00
       5.7185E+00  7.3318E+00  5.6943E+00  4.8710E+00  4.9595E+00  8.6603E+00  6.5522E+00  5.9387E+00  6.0791E+00  5.7838E+00
       5.8659E+00  6.0794E+00  6.6800E+00  6.1507E+00  4.7355E+00  5.6634E+00  5.3052E+00  5.5460E+00  4.5429E+00  5.9459E+00
       5.9609E+00  5.8809E+00  6.4420E+00  5.8884E+00  5.4178E+00  6.4069E+00  4.4367E+00  6.0270E+00  6.2645E+00  7.1547E+00
       4.2011E+00  5.4554E+00  3.6074E+00  3.9215E+00  4.4350E+00  4.9012E+00  5.1418E+00  4.6734E+00  5.5257E+00  4.4192E+00
       4.9368E+00  5.6355E+00  5.2388E+00  4.7264E+00  4.1361E+00  6.7543E+00  4.7397E+00  4.4241E+00  4.7312E+00  7.0701E+00
       5.2752E+00  5.4367E+00  4.7577E+00  5.5905E+00  5.7040E+00  6.7927E+00  4.6970E+00  5.9026E+00  5.1524E+00  4.0738E+00
       4.6599E+00  5.1018E+00  6.0382E+00  5.9034E+00  3.7096E+00  3.9536E+00  6.2550E+00  6.8125E+00  5.1495E+00  5.7867E+00
       5.5672E+00  4.2170E+00  6.8223E+00  4.9786E+00  3.9082E+00  4.6549E+00  4.5191E+00  5.3702E+00  5.1572E+00  6.0130E+00
       5.8455E+00  4.2479E+00  4.4158E+00  4.0791E+00  4.9701E+00  4.6286E+00  4.7803E+00  5.6916E+00  5.1550E+00  4.0096E+00
       5.1390E+00  5.7394E+00  5.1635E+00  4.6635E+00  5.3532E+00  6.4486E+00  5.8966E+00  5.8231E+00  6.1193E+00  5.6167E+00
       6.4066E+00  9.2387E+00  6.8006E+00  5.0773E+00  5.0165E+00  5.2384E+00  6.2526E+00  7.4766E+00  8.3371E+00  4.3074E+00
       5.9035E+00  5.8631E+00  6.7372E+00  5.9246E+00  5.2539E+00  5.0755E+00  7.5313E+00  7.4685E+00  6.3428E+00  6.8879E+00
       8.4501E+00  5.3753E+00  6.4432E+00  4.9093E+00  4.6126E+00  5.6395E+00  7.3032E+00  8.4955E+00  6.6690E+00  8.1835E+00
       6.9524E+00  5.0248E+00  5.9183E+00  5.9217E+00  5.9944E+00  5.5874E+00  5.9793E+00  4.7227E+00  8.3375E+00  6.0007E+00
       4.4636E+00  6.4663E+00  5.0716E+00  6.8861E+00  6.1671E+00  6.6747E+00  6.5451E+00  7.0759E+00  6.6744E+00  7.0023E+00
       7.9578E+00  6.8171E+00  4.7335E+00  7.6770E+00  5.4265E+00  5.1351E+00  4.4387E+00  5.8369E+00  5.9410E+00  4.3516E+00
       5.7366E+00  4.7846E+00  7.7299E+00  5.7355E+00  5.1678E+00  5.2267E+00  6.9831E+00  4.5249E+00  6.6380E+00  5.7305E+00
       4.2946E+00  6.7437E+00  5.9759E+00  6.4869E+00  4.9856E+00  5.0267E+00  6.5284E+00  4.9038E+00  5.7794E+00  6.4634E+00
       4.0651E+00  2.5924E+00  4.3014E+00  4.1511E+00  4.0163E+00  4.1852E+00  4.2746E+00  5.4487E+00  4.2771E+00  7.0186E+00
       6.5291E+00  6.3445E+00  5.9660E+00  5.3645E+00  7.3019E+00  5.7971E+00  5.6759E+00  4.5346E+00  5.4341E+00  5.6986E+00
       7.3397E+00  8.1121E+00  4.0838E+00  8.8295E+00  6.6284E+00  9.2180E+00  6.0993E+00  8.5722E+00  5.5350E+00  7.1889E+00
       7.2987E+00  7.7946E+00  7.3767E+00  7.1718E+00  1.0397E+01  6.5286E+00  6.3752E+00  1.1484E+01  4.5755E+00  8.7321E+00
       7.8045E+00  7.3280E+00  6.2139E+00  5.7901E+00  8.1141E+00  6.7964E+00  5.8269E+00  6.9514E+00  6.7624E+00  7.3758E+00
       7.8646E+00  1.0309E+01  8.0902E+00  6.6031E+00  5.7485E+00  7.5290E+00  7.9220E+00  6.7739E+00  9.4884E+00  7.3799E+00
       5.1152E+00  8.8937E+00  8.3673E+00  5.5405E+00  6.2504E+00  6.8079E+00  7.9818E+00  8.2118E+00  1.0447E+01  6.8751E+00
       8.0708E+00  7.3322E+00  4.8324E+00  8.9035E+00  6.0502E+00  7.6503E+00  5.5325E+00  8.6485E+00  1.0190E+01  4.3676E+00
       5.9861E+00  5.6579E+00  7.1372E+00  7.2583E+00  5.9909E+00  7.7639E+00  5.5975E+00  6.5813E+00  8.7227E+00  5.7200E+00
       6.0059E+00  8.3318E+00  7.1571E+00  7.4415E+00  5.5277E+00  4.6973E+00  6.5168E+00  6.8437E+00  7.6003E+00  6.3887E+00
       4.7209E+00  5.4856E+00  5.0431E+00  6.6863E+00  6.0674E+00  5.4459E+00  7.5642E+00  5.6853E+00  7.0995E+00  4.5929E+00
       6.8418E+00  6.1779E+00  5.7278E+00  6.5353E+00  7.4425E+00  5.7739E+00  4.4799E+00  5.7142E+00  4.7643E+00  6.2416E+00
       7.7214E+00  6.0850E+00  5.7962E+00  7.0905E+00  6.8599E+00  6.4224E+00  6.5238E+00  7.3853E+00  7.2010E+00  7.9220E+00
       5.9966E+00  7.5247E+00  8.6128E+00  7.5699E+00  9.1223E+00  8.9893E+00  5.8755E+00  8.1764E+00  7.9862E+00  7.2497E+00
       6.9771E+00  6.7497E+00  7.9994E+00  8.8805E+00  6.9928E+00  8.0530E+00  7.6247E+00  8.5452E+00  9.1115E+00  8.2995E+00
       6.4315E+00  9.4788E+00  8.2897E+00  6.5510E+00  7.6444E+00  9.1618E+00  7.1585E+00  9.8501E+00  1.0868E+01  7.2153E+00
       8.5505E+00  9.1178E+00  9.6521E+00  5.9829E+00  8.1662E+00  7.7754E+00  7.9784E+00  8.1798E+00  9.4621E+00  8.0453E+00
       8.2588E+00  1.1717E+01  9.5875E+00  8.7335E+00  6.4507E+00  8.1611E+00  7.9400E+00  7.7770E+00  9.5122E+00  7.5095E+00
       6.1894E+00  9.0112E+00  7.3518E+00  9.4377E+00  6.9912E+00  7.5702E+00  6.5082E+00  6.9297E+00  9.1819E+00  7.8708E+00
       5.5482E+00  6.8943E+00  8.6860E+00  6.2652E+00  7.4306E+00  5.1878E+00  1.0169E+01  9.0015E+00  6.4286E+00  5.6576E+00
       3.8022E+00  8.4679E+00  6.7035E+00  4.1805E+00  6.3150E+00  4.7377E+00  6.2167E+00  6.3356E+00  6.6814E+00  5.9782E+00
       6.1800E+00  5.2394E+00  6.1405E+00  6.8631E+00  6.4791E+00  4.5745E+00  5.1211E+00  6.8449E+00  5.4373E+00  5.8400E+00
       5.9108E+00  7.7647E+00  6.3690E+00  6.2342E+00  5.4693E+00  7.6587E+00  6.6638E+00  9.0206E+00  9.3252E+00  6.4690E+00
       6.3264E+00  8.3045E+00  8.4638E+00  7.8294E+00  9.0373E+00  7.6974E+00  7.8335E+00  7.9248E+00  7.7307E+00  6.8149E+00
       7.6057E+00  6.5561E+00  7.9792E+00  1.2514E+01  6.2518E+00  9.6555E+00  1.1605E+01  1.0078E+01  7.4301E+00  6.6603E+00
       7.5783E+00  9.1057E+00  9.4316E+00  6.8693E+00  8.1319E+00  1.0685E+01  9.1574E+00  1.0956E+01  8.8925E+00  7.3637E+00
       5.9935E+00  8.4750E+00  7.6877E+00  1.0653E+01  8.9356E+00  1.0081E+01  7.3035E+00  9.7105E+00  8.7576E+00  6.8747E+00
       6.5103E+00  9.2121E+00  1.1065E+01  9.0636E+00  9.2322E+00  7.8338E+00  1.0436E+01  8.3726E+00  7.7249E+00  6.5072E+00
       5.4947E+00  1.0152E+01  9.1887E+00  8.9177E+00  7.7294E+00  6.3014E+00  9.6136E+00  8.0217E+00  5.9959E+00  8.2507E+00
       5.7052E+00  7.8621E+00  8.1027E+00  7.9636E+00  6.8068E+00  7.5577E+00  7.4117E+00  7.2282E+00  8.0318E+00  5.9943E+00
       5.0409E+00  5.9879E+00  6.1025E+00  6.8920E+00  7.7509E+00  5.8860E+00  5.0194E+00  5.3255E+00  5.4511E+00  6.8042E+00
       6.6494E+00  5.3253E+00  6.7503E+00  6.8931E+00  4.7522E+00  6.2519E+00  7.8265E+00  5.5662E+00  5.2667E+00  4.8660E+00
       5.4858E+00  6.8345E+00  6.8276E+00  7.0651E+00  4.9696E+00  7.4580E+00  5.0817E+00  7.9758E+00  6.4616E+00  5.6562E+00
       6.0150E+00  7.0332E+00  9.0072E+00  6.8368E+00  6.8785E+00  7.6507E+00  7.2566E+00  6.8778E+00  5.5361E+00  6.6704E+00
       4.9217E+00  7.1807E+00  8.4814E+00  7.2260E+00  7.9036E+00  8.9143E+00  9.7916E+00  8.6043E+00  8.5810E+00  5.4466E+00
       7.3515E+00  9.8281E+00  8.2664E+00  7.6714E+00  8.8673E+00  9.2487E+00  8.3019E+00  6.7499E+00  7.6927E+00  5.6424E+00
       7.9878E+00  7.1035E+00  8.1095E+00  8.0298E+00  7.2597E+00  6.2107E+00  7.5765E+00  7.0772E+00  7.7521E+00  6.0331E+00
       6.9863E+00  6.4347E+00  8.1003E+00  8.2075E+00  8.5794E+00  7.2516E+00  6.6522E+00  6.0672E+00  5.3355E+00  6.5325E+00
       5.2158E+00  6.7469E+00  6.4693E+00  9.4086E+00  1.0964E+01  6.3568E+00  6.7953E+00  7.7050E+00  5.4497E+00  5.9191E+00
       5.2088E+00  6.8117E+00  5.3383E+00  8.0928E+00  7.4250E+00  6.1379E+00  6.0876E+00  9.9761E+00  7.1813E+00  5.9443E+00
       5.7774E+00  4.8807E+00  3.9420E+00  5.6022E+00  5.5463E+00  5.9796E+00  5.5560E+00  6.0553E+00  5.7269E+00  4.1584E+00
       6.6642E+00  5.1374E+00  6.0233E+00  5.2279E+00  4.5618E+00  5.4766E+00  4.1365E+00  4.6384E+00  5.1625E+00  5.7347E+00
       6.4423E+00  6.5428E+00  5.5144E+00  5.3712E+00  6.1708E+00  6.7795E+00  4.2592E+00  7.1731E+00  5.2713E+00  4.7191E+00
       5.4884E+00  6.2018E+00  6.5083E+00  6.2787E+00  5.9863E+00  6.0739E+00  5.7717E+00  6.3243E+00  6.5562E+00  5.2044E+00
       5.9401E+00  5.3787E+00  4.8802E+00  5.8117E+00  6.8841E+00  5.7879E+00  5.7266E+00  6.2559E+00  6.3025E+00  6.1717E+00
       5.6445E+00  5.5896E+00  6.6554E+00  4.0028E+00  7.3755E+00  4.9967E+00  7.2088E+00  5.8931E+00  4.4990E+00  5.5283E+00
       5.3687E+00  4.7847E+00  7.4817E+00  5.9980E+00  5.7435E+00  5.2181E+00  5.8301E+00  4.8197E+00  3.7393E+00  5.7898E+00
       5.5571E+00  6.1129E+00  5.6353E+00  7.9199E+00  7.0955E+00  5.8956E+00  7.3077E+00  5.1812E+00  5.0423E+00  5.9232E+00
       5.6345E+00  6.5004E+00  4.6716E+00  6.0698E+00  5.7394E+00  7.3646E+00  6.2154E+00  6.4535E+00  5.3897E+00  5.3190E+00
       4.3215E+00  6.8466E+00  6.8761E+00  7.3195E+00  5.9703E+00  5.5494E+00  4.8908E+00  7.5282E+00  5.2575E+00  4.5352E+00
       5.4600E+00  4.4105E+00  4.9248E+00  4.9008E+00  5.1583E+00  5.1742E+00  7.1618E+00  5.1011E+00  5.8660E+00  4.4614E+00
