1
   Cartesian binning n.   1  "DoseEq    " , generalized particle n.  240
      X coordinate: from -8.5000E+01 to  8.5000E+01 cm,    10 bins ( 1.7000E+01 cm wide)
      Y coordinate: from -2.5000E+01 to  2.5000E+01 cm,    10 bins ( 5.0000E+00 cm wide)
      Z coordinate: from  2.2500E+02 to  2.7500E+02 cm,    10 bins ( 5.0000E+00 cm wide)
      Data follow in a matrix A(ix,iy,iz), format (1(5x,1p,10(1x,e11.4)))

      accurate deposition along the tracks requested
      this is a track-length binning
       3.1288E-04  3.7979E-04  4.1563E-04  4.4335E-04  5.0290E-04  4.7092E-04  4.5898E-04  4.1504E-04  3.8292E-04  3.2065E-04
       3.5912E-04  4.2738E-04  4.6374E-04  5.2134E-04  5.3604E-04  5.4627E-04  5.3786E-04  4.8233E-04  4.4089E-04  3.5092E-04
       3.7992E-04  4.4247E-04  4.9484E-04  5.2957E-04  5.7832E-04  5.5984E-04  5.4353E-04  5.1117E-04  4.7135E-04  3.7859E-04
       3.8668E-04  4.4616E-04  5.1579E-04  5.3224E-04  5.8718E-04  6.1087E-04  5.7982E-04  5.1890E-04  4.8472E-04  3.8231E-04
       3.9288E-04  4.6200E-04  5.6058E-04  5.6080E-04  5.8472E-04  6.0837E-04  5.7161E-04  5.4408E-04  4.7768E-04  3.9454E-04
       3.8923E-04  4.6920E-04  5.4792E-04  5.7095E-04  5.6705E-04  6.1179E-04  5.6814E-04  5.4527E-04  4.6246E-04  3.6834E-04
       3.8165E-04  4.6522E-04  5.4909E-04  5.3748E-04  5.7976E-04  5.8704E-04  5.4279E-04  4.9819E-04  4.8711E-04  3.7524E-04
       3.6838E-04  4.6517E-04  5.2896E-04  5.4358E-04  5.7884E-04  6.2463E-04  5.7258E-04  4.9474E-04  4.4313E-04  3.5099E-04
       3.9109E-04  4.4446E-04  4.8631E-04  5.3803E-04  5.4160E-04  5.5672E-04  5.3814E-04  4.8820E-04  4.3745E-04  3.7601E-04
       3.2202E-04  3.8934E-04  4.2521E-04  4.7625E-04  4.7801E-04  4.7216E-04  4.7099E-04  4.1737E-04  3.9501E-04  3.4438E-04
       2.3830E-04  2.8212E-04  3.3201E-04  3.5933E-04  3.8202E-04  3.7991E-04  3.7275E-04  3.3416E-04  2.9883E-04  2.4186E-04
       2.8703E-04  3.5170E-04  3.9264E-04  4.2493E-04  4.5538E-04  4.7026E-04  4.5408E-04  4.1517E-04  3.6405E-04  2.6132E-04
       3.1115E-04  3.7198E-04  4.2766E-04  4.4280E-04  4.8602E-04  5.1541E-04  4.6534E-04  4.3126E-04  3.7612E-04  2.9598E-04
       3.1506E-04  4.2140E-04  4.6542E-04  4.8814E-04  5.1964E-04  5.3442E-04  4.9533E-04  4.3936E-04  3.9715E-04  3.2226E-04
       3.3290E-04  3.8051E-04  4.7479E-04  4.9646E-04  5.3811E-04  5.2667E-04  4.9553E-04  4.8003E-04  4.1479E-04  3.1469E-04
       3.2674E-04  4.1132E-04  4.8460E-04  5.1455E-04  5.2274E-04  5.4917E-04  5.0108E-04  4.6028E-04  3.8493E-04  2.8519E-04
       3.1047E-04  3.9754E-04  4.6583E-04  4.8000E-04  5.1820E-04  5.3539E-04  5.0149E-04  4.4964E-04  4.0588E-04  3.1242E-04
       2.8192E-04  3.7858E-04  4.4666E-04  4.7832E-04  5.1568E-04  5.1167E-04  4.9045E-04  4.5282E-04  3.7775E-04  2.9417E-04
       3.0130E-04  3.5244E-04  4.0622E-04  4.3381E-04  4.6000E-04  4.8358E-04  4.5588E-04  4.1656E-04  3.6838E-04  2.7309E-04
       2.5139E-04  3.0101E-04  3.4771E-04  3.6723E-04  3.6948E-04  3.7351E-04  3.7411E-04  3.1585E-04  3.0551E-04  2.4973E-04
       1.7914E-04  2.1292E-04  2.4724E-04  2.6535E-04  2.7795E-04  2.7608E-04  2.8838E-04  2.4456E-04  2.2903E-04  1.6823E-04
       2.1342E-04  2.5847E-04  3.2068E-04  3.3362E-04  3.6417E-04  3.7211E-04  3.3993E-04  2.9570E-04  2.6345E-04  2.1271E-04
       2.3395E-04  2.9140E-04  3.4185E-04  3.5780E-04  4.0778E-04  4.0370E-04  3.7284E-04  3.4496E-04  2.9921E-04  2.2412E-04
       2.4755E-04  3.1986E-04  3.5910E-04  3.8923E-04  4.2106E-04  4.2207E-04  4.2154E-04  3.6121E-04  3.0978E-04  2.3944E-04
       2.5388E-04  3.0562E-04  3.6927E-04  3.8053E-04  4.3414E-04  4.1811E-04  4.0599E-04  3.7346E-04  3.1004E-04  2.5022E-04
       2.4285E-04  3.1672E-04  3.8525E-04  3.9630E-04  4.2669E-04  4.4426E-04  3.9425E-04  3.6726E-04  3.1550E-04  2.3831E-04
       2.4460E-04  3.4534E-04  3.6303E-04  3.9171E-04  4.0550E-04  4.1972E-04  4.0775E-04  3.6360E-04  3.0146E-04  2.5543E-04
       2.2825E-04  3.0668E-04  3.4523E-04  3.7009E-04  3.9788E-04  4.1012E-04  3.9175E-04  3.3727E-04  2.9895E-04  2.1588E-04
       2.1209E-04  2.7150E-04  3.1411E-04  3.2793E-04  3.5416E-04  3.5371E-04  3.5579E-04  3.2481E-04  2.6379E-04  2.1310E-04
       1.9357E-04  2.2046E-04  2.4654E-04  2.6847E-04  2.7916E-04  2.8730E-04  2.8371E-04  2.5112E-04  2.2148E-04  1.8927E-04
       1.4034E-04  1.6355E-04  1.7698E-04  2.1936E-04  2.1697E-04  2.0976E-04  2.1163E-04  1.8408E-04  1.6300E-04  1.3113E-04
       1.6272E-04  2.0366E-04  2.2987E-04  2.6429E-04  2.7693E-04  2.7970E-04  2.6197E-04  2.3569E-04  2.0846E-04  1.6318E-04
       1.7204E-04  2.2942E-04  2.6440E-04  2.8993E-04  3.0813E-04  3.1850E-04  2.8526E-04  2.6253E-04  2.2286E-04  1.8162E-04
       1.8214E-04  2.3718E-04  2.8514E-04  3.0741E-04  3.2622E-04  3.1557E-04  3.1070E-04  2.8707E-04  2.4681E-04  1.7593E-04
       1.9067E-04  2.5083E-04  2.9216E-04  3.1332E-04  3.5268E-04  3.1452E-04  3.1032E-04  2.8011E-04  2.2812E-04  1.8204E-04
       1.7407E-04  2.5531E-04  2.8593E-04  2.9549E-04  3.3517E-04  3.5354E-04  2.9859E-04  2.8303E-04  2.3867E-04  1.7440E-04
       1.8526E-04  2.6499E-04  2.9038E-04  2.9554E-04  3.2604E-04  3.3449E-04  3.1532E-04  2.6505E-04  2.3713E-04  1.9112E-04
       1.7745E-04  2.2346E-04  2.7381E-04  2.7752E-04  3.0652E-04  3.0852E-04  3.0136E-04  2.6208E-04  2.2626E-04  1.6909E-04
       1.6834E-04  2.1613E-04  2.4104E-04  2.6222E-04  2.6440E-04  2.8269E-04  2.6900E-04  2.3920E-04  2.0793E-04  1.6009E-04
       1.4564E-04  1.7058E-04  1.7396E-04  2.0375E-04  2.1421E-04  2.1679E-04  2.1107E-04  1.8908E-04  1.6123E-04  1.2723E-04
       1.0307E-04  1.2097E-04  1.4118E-04  1.6301E-04  1.6761E-04  1.7519E-04  1.5658E-04  1.4508E-04  1.3340E-04  1.0635E-04
       1.2314E-04  1.5284E-04  1.8038E-04  2.2038E-04  2.0638E-04  2.2040E-04  1.9404E-04  1.8145E-04  1.6559E-04  1.2431E-04
       1.3210E-04  1.7653E-04  2.2514E-04  2.3057E-04  2.2598E-04  2.2218E-04  2.3077E-04  1.9756E-04  1.6800E-04  1.2901E-04
       1.4054E-04  1.9930E-04  2.1872E-04  2.4196E-04  2.4948E-04  2.4106E-04  2.3726E-04  2.2363E-04  1.9754E-04  1.3236E-04
       1.3490E-04  1.8815E-04  2.2698E-04  2.2950E-04  2.7065E-04  2.4125E-04  2.2890E-04  2.2227E-04  1.8848E-04  1.3637E-04
       1.3761E-04  2.1112E-04  2.3889E-04  2.3196E-04  2.6591E-04  2.5916E-04  2.3824E-04  2.1542E-04  1.8712E-04  1.3139E-04
       1.3345E-04  1.9468E-04  2.1930E-04  2.5019E-04  2.5285E-04  2.5098E-04  2.4695E-04  2.1209E-04  1.7498E-04  1.3776E-04
       1.2926E-04  1.7373E-04  2.1018E-04  2.2375E-04  2.2093E-04  2.5208E-04  2.2923E-04  2.0836E-04  1.6423E-04  1.2379E-04
       1.3162E-04  1.6702E-04  2.0167E-04  2.0337E-04  2.0934E-04  2.1576E-04  2.0843E-04  1.8446E-04  1.5077E-04  1.1493E-04
       1.0915E-04  1.3442E-04  1.4720E-04  1.5547E-04  1.6662E-04  1.6807E-04  1.6772E-04  1.5566E-04  1.2433E-04  1.0610E-04
       8.7557E-05  1.0376E-04  1.0964E-04  1.2543E-04  1.3170E-04  1.2986E-04  1.2336E-04  1.0585E-04  1.2007E-04  8.1388E-05
       9.9081E-05  1.2572E-04  1.4651E-04  1.4553E-04  1.5896E-04  1.6869E-04  1.5610E-04  1.4516E-04  1.3172E-04  9.8710E-05
       1.0998E-04  1.3962E-04  1.5710E-04  1.6816E-04  1.7928E-04  1.5881E-04  1.8158E-04  1.5667E-04  1.3546E-04  9.6602E-05
       1.0671E-04  1.5387E-04  1.7417E-04  1.8092E-04  2.0266E-04  1.8991E-04  1.8100E-04  1.7246E-04  1.3791E-04  1.0671E-04
       1.0622E-04  1.6300E-04  1.8112E-04  1.7770E-04  2.0693E-04  2.0126E-04  1.8691E-04  1.7319E-04  1.3655E-04  1.0732E-04
       1.0437E-04  1.5428E-04  1.8017E-04  1.9744E-04  1.9666E-04  2.0508E-04  1.8524E-04  1.6993E-04  1.4278E-04  1.0389E-04
       1.0408E-04  1.5184E-04  1.7093E-04  1.9448E-04  1.9592E-04  1.8890E-04  1.9299E-04  1.7167E-04  1.3975E-04  1.0412E-04
       1.0717E-04  1.3668E-04  1.6100E-04  1.8028E-04  1.8295E-04  1.8429E-04  1.7049E-04  1.4234E-04  1.3359E-04  8.1136E-05
       1.0896E-04  1.3584E-04  1.4692E-04  1.5714E-04  1.5350E-04  1.5682E-04  1.5851E-04  1.4302E-04  1.1748E-04  8.8889E-05
       9.4767E-05  1.0539E-04  1.1758E-04  1.3034E-04  1.4007E-04  1.3785E-04  1.2905E-04  1.2151E-04  1.0051E-04  8.0754E-05
       7.3335E-05  9.0219E-05  1.0148E-04  9.6995E-05  1.0756E-04  9.9959E-05  9.7228E-05  9.6828E-05  1.0024E-04  8.1620E-05
       7.4980E-05  1.0003E-04  1.0484E-04  1.1774E-04  1.3332E-04  1.2579E-04  1.2046E-04  1.2388E-04  1.0884E-04  8.3637E-05
       7.8529E-05  1.1730E-04  1.2144E-04  1.3204E-04  1.3706E-04  1.2422E-04  1.3239E-04  1.3141E-04  1.1089E-04  7.9066E-05
       8.4561E-05  1.1134E-04  1.3829E-04  1.2078E-04  1.5575E-04  1.4806E-04  1.3661E-04  1.3292E-04  1.0916E-04  8.7120E-05
       9.0283E-05  1.1531E-04  1.4019E-04  1.3616E-04  1.6749E-04  1.5730E-04  1.4190E-04  1.3885E-04  1.1645E-04  8.6593E-05
       8.6825E-05  1.0532E-04  1.4112E-04  1.5822E-04  1.5767E-04  1.5830E-04  1.5575E-04  1.3280E-04  1.1696E-04  8.9123E-05
       8.1741E-05  1.0529E-04  1.4688E-04  1.5749E-04  1.5379E-04  1.5102E-04  1.5071E-04  1.3594E-04  1.1392E-04  8.8185E-05
       7.5491E-05  1.0859E-04  1.3172E-04  1.5478E-04  1.4363E-04  1.4427E-04  1.4586E-04  1.2310E-04  9.9888E-05  7.8527E-05
       9.0513E-05  9.4079E-05  1.2619E-04  1.2290E-04  1.2450E-04  1.3786E-04  1.3277E-04  1.1894E-04  9.0845E-05  7.4480E-05
       8.0614E-05  8.0853E-05  9.8159E-05  9.8694E-05  1.0101E-04  1.1128E-04  1.0398E-04  1.0139E-04  8.5943E-05  7.6612E-05
       7.0271E-05  7.5231E-05  7.7770E-05  7.5747E-05  8.6874E-05  8.6575E-05  7.8034E-05  8.4934E-05  7.5172E-05  7.0205E-05
       6.6069E-05  8.7777E-05  8.3304E-05  1.0097E-04  1.0772E-04  9.6758E-05  9.6731E-05  8.9206E-05  7.8089E-05  6.7836E-05
       6.5926E-05  8.9585E-05  1.0984E-04  1.0779E-04  1.0248E-04  1.0628E-04  1.1157E-04  1.0481E-04  8.7936E-05  6.3151E-05
       7.5786E-05  8.6498E-05  1.0314E-04  1.0453E-04  1.1239E-04  1.1374E-04  1.1489E-04  1.0076E-04  9.6273E-05  7.1806E-05
       7.1858E-05  9.9316E-05  9.9240E-05  1.2373E-04  1.1836E-04  1.2156E-04  1.1847E-04  1.2228E-04  8.7725E-05  7.2050E-05
       7.2758E-05  8.7307E-05  1.1129E-04  1.3044E-04  1.2092E-04  1.3169E-04  1.2187E-04  1.0305E-04  9.5781E-05  6.7369E-05
       6.5029E-05  9.2445E-05  1.1042E-04  1.1879E-04  1.1992E-04  1.1431E-04  1.1425E-04  1.1205E-04  9.0053E-05  6.5555E-05
       7.4631E-05  8.2144E-05  1.0237E-04  1.1481E-04  1.1712E-04  1.1261E-04  1.0926E-04  1.0453E-04  7.7031E-05  7.2049E-05
       7.3834E-05  7.3766E-05  9.2401E-05  1.0860E-04  9.9904E-05  1.1357E-04  1.0096E-04  9.3037E-05  6.9944E-05  6.3541E-05
       6.4248E-05  7.2460E-05  9.1320E-05  9.2135E-05  8.3661E-05  9.1925E-05  8.4773E-05  8.0424E-05  6.6225E-05  6.1103E-05
       5.1216E-05  7.0579E-05  7.3480E-05  6.8332E-05  7.8179E-05  7.6052E-05  7.3926E-05  7.3642E-05  6.5251E-05  5.7683E-05
       6.2055E-05  7.5546E-05  8.5793E-05  8.5900E-05  8.8181E-05  8.5177E-05  7.8941E-05  7.3794E-05  7.0097E-05  5.6713E-05
       6.4400E-05  8.0023E-05  8.4721E-05  8.6648E-05  8.1912E-05  9.1113E-05  8.8033E-05  7.1912E-05  8.1031E-05  5.9880E-05
       7.0999E-05  6.2516E-05  8.1082E-05  8.8133E-05  8.4369E-05  9.6452E-05  9.7382E-05  7.6005E-05  7.8484E-05  6.2612E-05
       7.0675E-05  7.2902E-05  8.2130E-05  9.2117E-05  9.0087E-05  1.0171E-04  9.0358E-05  8.2472E-05  7.3485E-05  6.5975E-05
       6.1848E-05  6.8917E-05  9.2671E-05  1.0144E-04  9.1085E-05  9.4736E-05  9.1939E-05  8.2662E-05  7.6670E-05  6.4175E-05
       6.0799E-05  7.9326E-05  9.2979E-05  9.2461E-05  9.8176E-05  9.3815E-05  8.9741E-05  8.2328E-05  7.8048E-05  5.7289E-05
       5.7619E-05  6.5790E-05  7.9786E-05  8.9686E-05  8.9625E-05  9.2714E-05  8.5626E-05  7.4910E-05  6.3691E-05  6.1316E-05
       6.1578E-05  6.3273E-05  7.2388E-05  8.6424E-05  9.0004E-05  8.9980E-05  7.9412E-05  7.1733E-05  5.7202E-05  6.1241E-05
       5.8992E-05  6.1442E-05  6.9352E-05  8.6307E-05  8.6342E-05  7.8830E-05  6.9438E-05  6.2533E-05  5.0534E-05  5.6408E-05
       5.2690E-05  5.2902E-05  6.2481E-05  7.0559E-05  6.7583E-05  6.9830E-05  7.0581E-05  6.6767E-05  5.8563E-05  5.8624E-05
       5.3576E-05  6.1853E-05  7.2354E-05  7.2421E-05  7.7698E-05  7.8995E-05  7.5933E-05  6.4241E-05  6.1017E-05  5.9458E-05
       5.9302E-05  6.7610E-05  7.2052E-05  6.5894E-05  7.8380E-05  7.4688E-05  7.7136E-05  6.6478E-05  6.7341E-05  5.4087E-05
       6.7308E-05  6.1758E-05  7.2741E-05  7.2377E-05  7.0497E-05  8.2693E-05  8.1051E-05  6.4206E-05  7.0908E-05  5.9879E-05
       6.1774E-05  6.1234E-05  8.2097E-05  7.9724E-05  8.1816E-05  8.6099E-05  7.6282E-05  7.3471E-05  6.3441E-05  6.0179E-05
       5.7601E-05  6.3236E-05  7.7735E-05  7.9172E-05  8.4468E-05  7.2710E-05  9.2515E-05  7.3815E-05  6.9949E-05  6.3532E-05
       5.9097E-05  6.6217E-05  8.0926E-05  8.0803E-05  8.4225E-05  8.3295E-05  7.6388E-05  6.8180E-05  6.7548E-05  6.6621E-05
       5.3231E-05  5.8226E-05  7.0539E-05  7.6738E-05  6.9011E-05  8.6331E-05  7.6909E-05  7.2037E-05  6.2512E-05  5.4744E-05
       6.4008E-05  6.7378E-05  7.2802E-05  7.8354E-05  7.1704E-05  8.0354E-05  7.6162E-05  6.6628E-05  5.8474E-05  5.9505E-05
       5.6955E-05  5.5792E-05  5.8671E-05  6.8557E-05  7.0625E-05  6.1422E-05  6.1203E-05  5.7281E-05  5.0581E-05  6.1941E-05

      Percentage errors follow in a matrix A(ix,iy,iz), format (1(5x,1p,10(1x,e11.4)))

       2.8835E+00  1.8780E+00  2.3946E+00  2.7000E+00  2.2431E+00  1.8313E+00  2.3438E+00  2.7092E+00  3.0463E+00  2.8668E+00
       2.7701E+00  3.2659E+00  2.8417E+00  2.7285E+00  2.2281E+00  3.3489E+00  3.4724E+00  2.4921E+00  2.4474E+00  3.0510E+00
       3.3834E+00  3.0018E+00  2.8993E+00  3.5277E+00  2.9887E+00  2.7524E+00  2.5784E+00  3.6963E+00  2.2316E+00  3.2687E+00
       2.4925E+00  2.8704E+00  3.4909E+00  2.4966E+00  3.6902E+00  2.1166E+00  3.0136E+00  3.1535E+00  2.7500E+00  3.7752E+00
       2.2282E+00  2.6903E+00  1.7567E+00  2.8082E+00  2.9014E+00  1.5286E+00  2.8403E+00  1.6959E+00  2.4821E+00  3.2641E+00
       2.7039E+00  3.1825E+00  2.4888E+00  2.7169E+00  1.7434E+00  2.0168E+00  2.6107E+00  2.6002E+00  2.5272E+00  2.8869E+00
       3.0902E+00  2.8750E+00  2.2115E+00  2.6224E+00  2.8314E+00  2.4201E+00  2.1287E+00  2.7569E+00  3.5237E+00  2.5072E+00
       2.9440E+00  3.7042E+00  3.0540E+00  2.5797E+00  2.3687E+00  2.3786E+00  2.5058E+00  2.5191E+00  3.1632E+00  2.8599E+00
       2.6773E+00  2.6221E+00  3.3897E+00  2.7574E+00  2.0016E+00  3.5716E+00  2.2639E+00  2.6540E+00  2.2038E+00  4.1310E+00
       3.2220E+00  2.8515E+00  2.5773E+00  2.2655E+00  2.3842E+00  1.9755E+00  2.8165E+00  2.5167E+00  2.5581E+00  2.7326E+00
       3.9453E+00  3.3363E+00  2.7863E+00  3.2418E+00  2.8012E+00  3.4268E+00  3.1208E+00  3.4191E+00  2.5503E+00  2.9914E+00
       3.4426E+00  3.1998E+00  4.1389E+00  2.3051E+00  3.0557E+00  2.5185E+00  3.5458E+00  2.8469E+00  2.6245E+00  3.2134E+00
       3.4673E+00  2.1737E+00  3.2259E+00  4.1037E+00  2.8423E+00  2.6486E+00  2.6126E+00  3.2659E+00  4.0585E+00  3.0023E+00
       3.1938E+00  4.4545E+00  3.6222E+00  3.8278E+00  3.7379E+00  2.5860E+00  2.8159E+00  2.8183E+00  3.8215E+00  3.4712E+00
       3.4486E+00  2.5881E+00  1.4783E+00  3.3397E+00  2.7036E+00  2.1843E+00  2.3143E+00  2.6590E+00  2.6574E+00  3.7228E+00
       2.6375E+00  2.1868E+00  2.5804E+00  2.2789E+00  2.9230E+00  2.3441E+00  3.3307E+00  2.8774E+00  3.3601E+00  3.3557E+00
       3.6400E+00  3.1746E+00  2.3524E+00  2.9848E+00  2.8289E+00  2.3788E+00  2.6696E+00  2.9821E+00  2.5681E+00  2.6414E+00
       2.8569E+00  2.8100E+00  2.9154E+00  2.3456E+00  2.9326E+00  2.2317E+00  2.7695E+00  2.6214E+00  3.0452E+00  3.4480E+00
       2.9671E+00  3.1946E+00  3.2703E+00  3.5048E+00  2.3752E+00  3.2350E+00  2.6730E+00  3.3606E+00  2.5915E+00  4.1768E+00
       3.7300E+00  2.8017E+00  3.8629E+00  3.2279E+00  3.4963E+00  3.3218E+00  2.3784E+00  2.9302E+00  3.0828E+00  2.8971E+00
       4.2519E+00  4.6656E+00  3.8525E+00  2.4987E+00  3.1047E+00  2.8436E+00  3.4585E+00  4.1082E+00  3.1433E+00  4.4042E+00
       3.6363E+00  3.6423E+00  4.3473E+00  3.3443E+00  3.2700E+00  2.5375E+00  3.7189E+00  3.2825E+00  3.1507E+00  3.6366E+00
       3.9383E+00  3.2436E+00  2.8791E+00  3.1065E+00  2.8670E+00  3.0626E+00  3.1934E+00  3.6509E+00  4.4383E+00  3.3035E+00
       4.2147E+00  2.9895E+00  3.4126E+00  3.3498E+00  2.6023E+00  2.8718E+00  2.6577E+00  3.8404E+00  3.8312E+00  2.8954E+00
       3.1229E+00  3.0959E+00  2.3895E+00  2.7241E+00  3.4410E+00  2.3843E+00  2.7332E+00  3.5137E+00  4.0959E+00  4.1388E+00
       2.9822E+00  3.9326E+00  3.0061E+00  3.5965E+00  2.8723E+00  3.0578E+00  2.1204E+00  3.0959E+00  3.5198E+00  2.5030E+00
       3.3428E+00  3.7783E+00  3.5141E+00  4.2265E+00  2.4817E+00  2.7964E+00  3.0314E+00  2.8251E+00  3.7862E+00  3.2196E+00
       3.5872E+00  3.8766E+00  3.4915E+00  2.5981E+00  2.9967E+00  2.4358E+00  4.0078E+00  3.4958E+00  3.4687E+00  3.5289E+00
       3.8830E+00  3.5870E+00  3.5880E+00  3.2834E+00  2.1550E+00  3.7225E+00  2.6540E+00  3.9036E+00  3.5869E+00  3.9713E+00
       3.7940E+00  4.9936E+00  4.4906E+00  3.1060E+00  3.0243E+00  4.2587E+00  3.0158E+00  3.4139E+00  3.4505E+00  4.8926E+00
       5.5784E+00  4.3128E+00  4.0293E+00  2.4918E+00  3.5567E+00  3.2952E+00  4.7599E+00  4.4283E+00  3.8176E+00  5.3440E+00
       5.0971E+00  3.8341E+00  4.7970E+00  3.7212E+00  3.4379E+00  4.6171E+00  4.2829E+00  5.4062E+00  4.9809E+00  4.3674E+00
       4.9579E+00  3.4123E+00  3.6685E+00  3.6634E+00  2.7823E+00  3.4350E+00  4.4483E+00  3.3862E+00  4.5355E+00  4.0563E+00
       4.7094E+00  2.7019E+00  3.5151E+00  3.4197E+00  3.3556E+00  2.8168E+00  4.1336E+00  3.8392E+00  3.9544E+00  3.5701E+00
       4.3415E+00  3.1409E+00  2.6428E+00  4.3591E+00  3.7959E+00  2.8989E+00  3.6807E+00  4.4667E+00  3.4516E+00  5.3208E+00
       4.6182E+00  3.9870E+00  2.7250E+00  3.3468E+00  2.7506E+00  2.5973E+00  3.2242E+00  3.2990E+00  4.0649E+00  4.2320E+00
       2.5893E+00  3.7988E+00  4.1776E+00  3.3149E+00  3.7131E+00  4.5504E+00  4.1849E+00  3.9753E+00  3.6974E+00  2.8175E+00
       5.1277E+00  3.5081E+00  3.5991E+00  4.2693E+00  2.8475E+00  2.8448E+00  3.4242E+00  4.2749E+00  3.5694E+00  3.4713E+00
       5.4490E+00  3.4778E+00  2.9346E+00  4.2639E+00  3.5360E+00  3.5674E+00  2.4293E+00  3.3168E+00  4.2060E+00  4.3403E+00
       5.2556E+00  5.3554E+00  4.0316E+00  3.1018E+00  3.5980E+00  4.0606E+00  3.8045E+00  3.8882E+00  2.9314E+00  5.6858E+00
       7.3605E+00  5.3823E+00  5.6376E+00  3.9182E+00  4.9403E+00  4.3603E+00  3.1125E+00  5.4786E+00  4.7267E+00  4.5359E+00
       4.9021E+00  4.3018E+00  5.5450E+00  3.9210E+00  4.6048E+00  4.3991E+00  4.5936E+00  4.7369E+00  5.2630E+00  5.8839E+00
       4.7873E+00  3.7293E+00  4.2743E+00  3.8383E+00  4.6459E+00  4.0428E+00  4.3955E+00  4.6507E+00  3.8790E+00  5.2926E+00
       5.0227E+00  2.4544E+00  4.4308E+00  5.4868E+00  3.4695E+00  3.9215E+00  5.1533E+00  4.0864E+00  5.0078E+00  5.2394E+00
       5.9282E+00  3.5667E+00  3.4404E+00  4.7707E+00  3.1720E+00  3.7879E+00  3.9929E+00  4.9106E+00  4.6135E+00  4.2944E+00
       5.6917E+00  5.3908E+00  4.4312E+00  3.5297E+00  4.8528E+00  3.9201E+00  3.9658E+00  5.1868E+00  4.5548E+00  3.6207E+00
       3.8457E+00  5.1607E+00  4.5031E+00  3.7960E+00  4.6737E+00  4.2864E+00  3.7428E+00  5.0826E+00  3.5341E+00  5.1487E+00
       5.9634E+00  4.1155E+00  4.0248E+00  4.1911E+00  3.0266E+00  4.5300E+00  3.8922E+00  4.2981E+00  5.5803E+00  4.7668E+00
       6.8847E+00  4.4494E+00  4.1269E+00  4.5251E+00  6.1886E+00  3.6999E+00  4.3316E+00  4.6760E+00  5.3133E+00  4.5353E+00
       5.0942E+00  5.3558E+00  4.4558E+00  4.1949E+00  3.9330E+00  3.9619E+00  3.0679E+00  4.0036E+00  4.0389E+00  5.0452E+00
       4.8817E+00  5.3484E+00  5.5848E+00  4.1771E+00  5.3212E+00  5.8748E+00  4.9400E+00  4.5856E+00  6.0904E+00  5.8188E+00
       5.7818E+00  5.7340E+00  6.0972E+00  4.1622E+00  5.2410E+00  4.6416E+00  3.8765E+00  6.7747E+00  4.9012E+00  6.9017E+00
       5.9841E+00  4.8979E+00  4.6342E+00  4.5219E+00  5.2637E+00  3.6311E+00  5.2910E+00  6.0536E+00  4.4341E+00  4.3690E+00
       5.3991E+00  3.8917E+00  4.2321E+00  5.8277E+00  3.7898E+00  3.7032E+00  5.2066E+00  5.3683E+00  4.0641E+00  5.6856E+00
       6.3927E+00  4.4405E+00  4.4475E+00  5.5493E+00  3.4624E+00  5.0915E+00  4.6938E+00  4.9783E+00  5.0045E+00  3.6431E+00
       6.7776E+00  5.4081E+00  4.9727E+00  3.6333E+00  4.3930E+00  4.7506E+00  5.0361E+00  5.5536E+00  5.8356E+00  4.3129E+00
       5.0001E+00  4.5212E+00  5.0966E+00  3.0493E+00  4.0125E+00  4.6898E+00  4.5127E+00  4.7544E+00  5.2581E+00  4.8599E+00
       6.7576E+00  4.8021E+00  4.6034E+00  5.4606E+00  4.7820E+00  4.4581E+00  4.4595E+00  4.8419E+00  8.3423E+00  7.6490E+00
       8.9319E+00  4.9398E+00  3.8144E+00  5.0105E+00  3.7368E+00  4.5213E+00  5.7212E+00  5.5416E+00  6.0581E+00  5.9625E+00
       4.5118E+00  3.3527E+00  5.7150E+00  6.0533E+00  4.4514E+00  3.9038E+00  5.6385E+00  4.6060E+00  4.3907E+00  6.7155E+00
       4.5951E+00  5.0884E+00  7.2619E+00  4.1734E+00  5.0312E+00  2.9244E+00  6.5995E+00  4.5527E+00  6.3067E+00  7.5842E+00
       5.7885E+00  5.6911E+00  6.8823E+00  5.0061E+00  5.4645E+00  6.1000E+00  3.3235E+00  6.0431E+00  3.8542E+00  4.8594E+00
       7.3260E+00  5.4024E+00  5.8597E+00  5.4408E+00  6.7463E+00  3.7317E+00  4.7224E+00  5.8359E+00  6.8209E+00  4.6148E+00
       5.5175E+00  4.7245E+00  3.1468E+00  5.9947E+00  3.3850E+00  6.7863E+00  5.2748E+00  5.5219E+00  6.8559E+00  6.3005E+00
       4.8602E+00  4.4054E+00  4.1404E+00  4.7498E+00  3.1811E+00  6.3896E+00  4.8736E+00  5.9399E+00  6.1482E+00  5.9629E+00
       6.7558E+00  6.7011E+00  5.8834E+00  4.1319E+00  4.0563E+00  5.7082E+00  4.5685E+00  5.3930E+00  4.7056E+00  6.1530E+00
       5.5959E+00  5.3332E+00  5.0828E+00  4.5243E+00  4.2609E+00  4.7251E+00  5.1709E+00  5.9620E+00  3.5598E+00  5.2433E+00
       8.0055E+00  5.9666E+00  6.0213E+00  5.3161E+00  5.1535E+00  4.4462E+00  4.6815E+00  5.7505E+00  7.2679E+00  7.8818E+00
       7.2235E+00  4.5476E+00  4.7245E+00  5.9808E+00  4.1447E+00  5.8090E+00  4.9884E+00  5.9743E+00  7.3078E+00  5.5564E+00
       5.7880E+00  5.7780E+00  5.6552E+00  6.0176E+00  5.4159E+00  6.7179E+00  4.7314E+00  6.1180E+00  4.1054E+00  8.2273E+00
       6.7507E+00  5.3103E+00  5.8644E+00  5.1454E+00  6.7016E+00  4.1856E+00  6.1649E+00  5.9919E+00  7.2713E+00  5.7539E+00
       5.0809E+00  5.2546E+00  6.2939E+00  6.8758E+00  7.1511E+00  4.6337E+00  5.9038E+00  7.3620E+00  7.8246E+00  7.5183E+00
       5.3486E+00  6.0126E+00  5.1103E+00  6.1693E+00  5.6915E+00  5.6754E+00  4.8498E+00  7.7527E+00  6.1696E+00  7.8447E+00
       6.5638E+00  5.9256E+00  4.3577E+00  8.0676E+00  5.3012E+00  7.1469E+00  5.3991E+00  5.2616E+00  5.2151E+00  7.1115E+00
       6.9945E+00  5.3425E+00  5.5903E+00  4.0043E+00  6.1225E+00  6.0473E+00  5.8918E+00  5.5634E+00  6.6350E+00  7.9468E+00
       5.6585E+00  7.1788E+00  5.8895E+00  5.3918E+00  6.7843E+00  6.3353E+00  3.9417E+00  4.7337E+00  5.5822E+00  8.1645E+00
       6.6640E+00  6.5260E+00  4.9677E+00  4.6297E+00  6.3156E+00  4.8613E+00  4.9625E+00  6.7350E+00  5.3271E+00  7.6158E+00
       1.0134E+01  5.0126E+00  6.6874E+00  5.6115E+00  6.6555E+00  5.6591E+00  6.3132E+00  5.6065E+00  7.4130E+00  6.7120E+00
       8.9897E+00  6.2335E+00  6.3784E+00  6.1413E+00  5.4313E+00  6.3151E+00  5.4117E+00  5.8409E+00  8.7684E+00  6.4194E+00
       6.1344E+00  5.9637E+00  5.1370E+00  5.0989E+00  6.2196E+00  4.8427E+00  7.2340E+00  5.6261E+00  5.6298E+00  8.6631E+00
       7.3533E+00  5.3956E+00  8.8698E+00  7.0733E+00  7.9675E+00  6.1443E+00  5.0491E+00  6.1300E+00  7.1247E+00  6.7519E+00
       5.2087E+00  5.3196E+00  7.4698E+00  6.3019E+00  6.3396E+00  6.3241E+00  7.3254E+00  5.8436E+00  6.9566E+00  8.7630E+00
       6.1669E+00  5.2719E+00  6.2433E+00  7.0262E+00  6.1324E+00  6.0735E+00  6.9752E+00  5.8064E+00  7.3151E+00  7.5139E+00
       5.1431E+00  8.0856E+00  5.3944E+00  4.9288E+00  6.2960E+00  7.4353E+00  5.1061E+00  6.9642E+00  7.0178E+00  8.2916E+00
       5.9719E+00  5.9815E+00  5.6183E+00  6.1834E+00  3.6322E+00  6.6604E+00  6.7627E+00  6.7610E+00  5.6012E+00  7.7182E+00
       6.5760E+00  7.7259E+00  7.1294E+00  5.5985E+00  7.3031E+00  6.4783E+00  5.8868E+00  5.5505E+00  7.7144E+00  6.0313E+00
       6.7835E+00  5.8310E+00  7.3209E+00  3.4151E+00  6.0434E+00  5.2426E+00  7.1421E+00  7.4787E+00  7.1007E+00  6.5098E+00
       7.7392E+00  8.9818E+00  4.7863E+00  7.1444E+00  6.6392E+00  6.6150E+00  6.4371E+00  7.2538E+00  1.1482E+01  5.5213E+00
       8.3356E+00  8.4201E+00  7.3384E+00  7.2868E+00  5.0272E+00  7.1930E+00  5.4922E+00  4.6630E+00  6.9057E+00  8.5462E+00
       7.1699E+00  6.9549E+00  6.6566E+00  4.8859E+00  5.8181E+00  6.8514E+00  8.8834E+00  7.2372E+00  6.2557E+00  9.1477E+00
       8.1153E+00  7.5090E+00  7.5036E+00  8.4214E+00  5.9553E+00  5.3050E+00  6.5676E+00  4.8724E+00  6.5948E+00  5.4598E+00
       7.6268E+00  6.7262E+00  5.7172E+00  6.4210E+00  5.7420E+00  6.1381E+00  6.6764E+00  6.4734E+00  5.5930E+00  1.1665E+01
       7.4957E+00  6.3472E+00  7.7881E+00  7.0091E+00  6.7279E+00  6.4501E+00  6.3072E+00  6.4739E+00  7.6806E+00  6.5376E+00
       6.5704E+00  9.1333E+00  6.5214E+00  9.0815E+00  7.3142E+00  7.9495E+00  6.3707E+00  4.8215E+00  7.1985E+00  6.1902E+00
       6.7288E+00  6.3263E+00  5.0635E+00  7.2566E+00  6.4847E+00  6.7456E+00  5.9435E+00  6.5173E+00  5.9141E+00  7.7083E+00
       8.9331E+00  6.8470E+00  5.8426E+00  6.7553E+00  5.3560E+00  6.5517E+00  4.7521E+00  5.4344E+00  6.3937E+00  7.0267E+00
       7.8797E+00  4.5321E+00  7.3465E+00  5.7978E+00  7.2346E+00  6.4757E+00  6.3332E+00  6.3933E+00  7.9127E+00  5.6935E+00
       7.4330E+00  5.5056E+00  6.3860E+00  6.7860E+00  6.2594E+00  6.5482E+00  7.2165E+00  5.8028E+00  7.6053E+00  6.0311E+00
       6.2045E+00  7.7442E+00  6.8945E+00  6.0281E+00  7.3375E+00  5.8802E+00  6.4902E+00  4.4898E+00  6.9649E+00  6.2595E+00
       5.9659E+00  5.3766E+00  6.6221E+00  8.5040E+00  7.3101E+00  4.5056E+00  8.0096E+00  6.3403E+00  7.3428E+00  9.3865E+00
