1
   Cartesian binning n.   1  "DoseEq    " , generalized particle n.  240
      X coordinate: from -8.5000E+01 to  8.5000E+01 cm,    10 bins ( 1.7000E+01 cm wide)
      Y coordinate: from -2.5000E+01 to  2.5000E+01 cm,    10 bins ( 5.0000E+00 cm wide)
      Z coordinate: from  2.2500E+02 to  2.7500E+02 cm,    10 bins ( 5.0000E+00 cm wide)
      Data follow in a matrix A(ix,iy,iz), format (1(5x,1p,10(1x,e11.4)))

      accurate deposition along the tracks requested
      this is a track-length binning
       3.0629E-04  3.4336E-04  3.3672E-04  3.9777E-04  3.9165E-04  3.9759E-04  3.8556E-04  3.7268E-04  3.3085E-04  2.8585E-04
       3.3087E-04  3.6562E-04  3.8928E-04  4.2167E-04  4.3618E-04  4.4583E-04  4.6161E-04  4.1126E-04  3.5953E-04  3.1863E-04
       3.2783E-04  3.8598E-04  4.1626E-04  4.3255E-04  4.4904E-04  4.5819E-04  4.3953E-04  4.3164E-04  3.8779E-04  3.4367E-04
       3.4466E-04  3.8595E-04  4.1843E-04  4.5854E-04  4.6100E-04  4.6572E-04  4.4880E-04  4.3850E-04  3.6305E-04  3.6086E-04
       3.3490E-04  3.8089E-04  4.3306E-04  4.4189E-04  4.4697E-04  4.6148E-04  4.6834E-04  4.3458E-04  3.9051E-04  3.4357E-04
       3.4254E-04  3.8351E-04  4.3730E-04  4.5758E-04  4.6050E-04  4.9365E-04  4.5026E-04  4.3618E-04  4.1685E-04  3.4172E-04
       3.4915E-04  3.7794E-04  4.2540E-04  4.4696E-04  4.6542E-04  4.8695E-04  4.5825E-04  4.2380E-04  3.9640E-04  3.4354E-04
       3.3297E-04  3.8706E-04  4.0605E-04  4.1926E-04  4.6300E-04  4.6911E-04  4.4994E-04  4.1434E-04  3.7874E-04  3.3098E-04
       3.4040E-04  3.8475E-04  4.0964E-04  4.2984E-04  4.3125E-04  4.5522E-04  4.3957E-04  3.9932E-04  3.8311E-04  3.3602E-04
       3.0215E-04  3.5945E-04  3.7444E-04  3.8436E-04  4.1590E-04  3.8651E-04  3.8853E-04  3.5540E-04  3.2927E-04  3.0473E-04
       2.1113E-04  2.3363E-04  2.4200E-04  2.7314E-04  2.7465E-04  2.7317E-04  2.7316E-04  2.5628E-04  2.2037E-04  1.9583E-04
       2.3288E-04  2.5707E-04  2.6701E-04  3.0835E-04  3.0266E-04  3.1378E-04  3.2693E-04  2.7972E-04  2.5537E-04  2.1162E-04
       2.3720E-04  2.7218E-04  3.0037E-04  3.1497E-04  3.2495E-04  3.4316E-04  3.3609E-04  3.0456E-04  2.6626E-04  2.2545E-04
       2.3065E-04  2.6481E-04  3.1563E-04  3.3601E-04  3.3241E-04  3.4114E-04  3.4287E-04  3.0748E-04  2.6631E-04  2.4055E-04
       2.2554E-04  2.7088E-04  3.1977E-04  3.3351E-04  3.3070E-04  3.3312E-04  3.3278E-04  3.1669E-04  2.8961E-04  2.2236E-04
       2.3078E-04  2.7876E-04  3.1751E-04  3.3453E-04  3.3840E-04  3.4873E-04  3.1782E-04  3.0572E-04  2.8396E-04  2.3305E-04
       2.3674E-04  2.7938E-04  3.1385E-04  3.1668E-04  3.4532E-04  3.7448E-04  3.2677E-04  3.0892E-04  2.9006E-04  2.3222E-04
       2.1541E-04  2.6005E-04  2.9209E-04  3.1501E-04  3.3305E-04  3.2387E-04  3.2272E-04  3.0012E-04  2.6180E-04  2.3026E-04
       2.2351E-04  2.6159E-04  2.9126E-04  3.0696E-04  3.1439E-04  3.1090E-04  3.1044E-04  2.7674E-04  2.5866E-04  2.3022E-04
       2.0023E-04  2.3375E-04  2.5011E-04  2.6898E-04  2.7371E-04  2.7012E-04  2.6176E-04  2.5465E-04  2.2506E-04  1.9573E-04
       1.4400E-04  1.5960E-04  1.7207E-04  1.9112E-04  1.8352E-04  1.9012E-04  1.9047E-04  1.7409E-04  1.5520E-04  1.3518E-04
       1.3779E-04  1.6847E-04  1.8232E-04  2.1658E-04  2.1251E-04  2.1956E-04  2.2275E-04  1.8086E-04  1.7754E-04  1.5906E-04
       1.5378E-04  1.7415E-04  2.0290E-04  2.2018E-04  2.1778E-04  2.2436E-04  2.2460E-04  1.9760E-04  1.8422E-04  1.5588E-04
       1.5907E-04  1.8186E-04  2.1902E-04  2.1750E-04  2.3320E-04  2.3731E-04  2.4264E-04  2.0612E-04  1.8234E-04  1.6263E-04
       1.4679E-04  1.9273E-04  2.2828E-04  2.2833E-04  2.3805E-04  2.3553E-04  2.2990E-04  2.2293E-04  1.8806E-04  1.5941E-04
       1.6126E-04  1.9447E-04  2.2849E-04  2.3068E-04  2.4120E-04  2.3485E-04  2.2509E-04  2.1234E-04  2.0014E-04  1.5336E-04
       1.5830E-04  1.8582E-04  2.0646E-04  2.2570E-04  2.5123E-04  2.3738E-04  2.2996E-04  1.9713E-04  1.9603E-04  1.6447E-04
       1.5858E-04  1.7560E-04  2.0825E-04  2.3270E-04  2.2911E-04  2.2371E-04  2.2463E-04  2.0091E-04  1.8418E-04  1.6109E-04
       1.5420E-04  1.7995E-04  1.9128E-04  2.1771E-04  2.0733E-04  2.2197E-04  2.0077E-04  1.9780E-04  1.7693E-04  1.5272E-04
       1.3775E-04  1.5206E-04  1.6706E-04  1.8772E-04  1.8735E-04  1.9259E-04  1.7301E-04  1.7701E-04  1.5150E-04  1.3580E-04
       1.1965E-04  1.2756E-04  1.3288E-04  1.3828E-04  1.3512E-04  1.3889E-04  1.4383E-04  1.2511E-04  1.1742E-04  1.1270E-04
       9.7828E-05  1.2571E-04  1.4369E-04  1.4952E-04  1.4895E-04  1.5948E-04  1.5976E-04  1.3515E-04  1.2381E-04  1.2556E-04
       1.0674E-04  1.2920E-04  1.3944E-04  1.5578E-04  1.4841E-04  1.6713E-04  1.6211E-04  1.3675E-04  1.2807E-04  1.1635E-04
       1.0856E-04  1.2949E-04  1.5123E-04  1.5761E-04  1.6461E-04  1.7012E-04  1.7625E-04  1.4111E-04  1.2485E-04  1.1721E-04
       1.0796E-04  1.3341E-04  1.5340E-04  1.5428E-04  1.6042E-04  1.6025E-04  1.7051E-04  1.5178E-04  1.2243E-04  1.1704E-04
       1.2328E-04  1.2834E-04  1.5792E-04  1.6608E-04  1.5159E-04  1.6382E-04  1.6455E-04  1.4394E-04  1.4352E-04  1.1372E-04
       1.1545E-04  1.3055E-04  1.3730E-04  1.4507E-04  1.7382E-04  1.6324E-04  1.6488E-04  1.5102E-04  1.3739E-04  1.1496E-04
       1.1574E-04  1.1818E-04  1.4850E-04  1.5854E-04  1.4728E-04  1.5369E-04  1.5654E-04  1.5263E-04  1.2435E-04  1.1455E-04
       1.0944E-04  1.1828E-04  1.3963E-04  1.4399E-04  1.4043E-04  1.4136E-04  1.4434E-04  1.3432E-04  1.1848E-04  1.1114E-04
       1.0829E-04  1.1215E-04  1.3385E-04  1.4105E-04  1.3618E-04  1.4429E-04  1.4011E-04  1.2621E-04  1.2525E-04  1.1600E-04
       1.0299E-04  1.0606E-04  1.1244E-04  1.1793E-04  1.0933E-04  1.2021E-04  1.2022E-04  9.8215E-05  9.6513E-05  9.5837E-05
       7.7228E-05  9.3852E-05  1.1043E-04  1.1943E-04  1.1249E-04  1.2182E-04  1.2693E-04  1.0466E-04  9.1125E-05  8.5865E-05
       8.9008E-05  8.7757E-05  1.0056E-04  1.1046E-04  1.0562E-04  1.1682E-04  1.2759E-04  1.0619E-04  9.3305E-05  9.3498E-05
       8.2653E-05  9.0378E-05  1.0347E-04  1.1528E-04  1.1845E-04  1.1314E-04  1.2994E-04  1.1076E-04  8.8917E-05  8.8892E-05
       8.5618E-05  9.6480E-05  1.2081E-04  1.1665E-04  1.3545E-04  1.2016E-04  1.2425E-04  1.1266E-04  9.6629E-05  8.4805E-05
       9.2463E-05  8.8337E-05  1.1756E-04  1.2089E-04  1.1720E-04  1.1809E-04  1.2326E-04  1.0597E-04  9.8640E-05  8.6028E-05
       9.0549E-05  8.9625E-05  1.0142E-04  1.1461E-04  1.1869E-04  1.2082E-04  1.0673E-04  1.0982E-04  9.1187E-05  1.0001E-04
       8.3102E-05  8.2767E-05  1.0426E-04  1.2571E-04  1.0760E-04  1.1650E-04  1.0742E-04  1.1220E-04  8.8518E-05  9.3120E-05
       8.3113E-05  9.0165E-05  9.8742E-05  1.2154E-04  1.1010E-04  1.0831E-04  1.1313E-04  1.0430E-04  9.0027E-05  8.5453E-05
       9.7954E-05  1.0314E-04  1.0586E-04  1.1960E-04  1.1274E-04  1.2284E-04  1.1641E-04  1.0582E-04  1.0766E-04  9.6069E-05
       8.8798E-05  8.9481E-05  1.0013E-04  1.0808E-04  1.0757E-04  1.0381E-04  1.0097E-04  9.6192E-05  8.2769E-05  8.6638E-05
       7.3001E-05  7.2674E-05  7.5545E-05  1.0593E-04  9.4919E-05  8.6362E-05  8.9371E-05  8.0563E-05  6.7070E-05  8.3340E-05
       6.9128E-05  7.5647E-05  7.2288E-05  9.5222E-05  9.3770E-05  8.8896E-05  9.4765E-05  8.5855E-05  7.1705E-05  8.0912E-05
       6.8324E-05  7.5227E-05  8.8692E-05  9.1609E-05  8.8820E-05  9.4740E-05  9.5586E-05  8.3537E-05  8.5061E-05  7.3535E-05
       6.6395E-05  8.2586E-05  8.7871E-05  8.2779E-05  9.3551E-05  9.5888E-05  9.0985E-05  7.7750E-05  7.1944E-05  8.0003E-05
       6.8889E-05  7.1998E-05  9.7381E-05  8.9988E-05  9.1649E-05  8.3906E-05  9.9462E-05  8.7046E-05  7.2149E-05  7.2783E-05
       6.5286E-05  7.1250E-05  9.0560E-05  9.3508E-05  8.8377E-05  8.6966E-05  8.6377E-05  8.7691E-05  7.0408E-05  7.9211E-05
       7.5102E-05  6.9065E-05  8.2010E-05  9.4773E-05  9.0251E-05  8.9939E-05  8.7823E-05  7.6132E-05  6.6380E-05  7.7406E-05
       7.4140E-05  7.1652E-05  8.1128E-05  9.9336E-05  8.3910E-05  8.7302E-05  9.9596E-05  8.6545E-05  7.4096E-05  7.7258E-05
       8.8371E-05  1.0155E-04  9.6064E-05  9.5936E-05  9.7706E-05  9.9652E-05  9.2520E-05  9.1702E-05  9.0611E-05  8.0381E-05
       8.6371E-05  8.2071E-05  9.2844E-05  9.4842E-05  9.1234E-05  9.8171E-05  8.9586E-05  8.5210E-05  8.2384E-05  8.0081E-05
       6.9021E-05  5.8546E-05  7.1462E-05  7.5290E-05  7.5716E-05  7.5891E-05  7.6385E-05  7.6912E-05  5.8924E-05  7.5611E-05
       6.6276E-05  5.6586E-05  7.2351E-05  7.3004E-05  7.6668E-05  7.4316E-05  6.6848E-05  6.6244E-05  5.9427E-05  6.4153E-05
       6.2448E-05  5.8066E-05  7.0575E-05  6.5941E-05  6.8607E-05  7.4094E-05  6.8095E-05  6.2122E-05  6.4420E-05  6.1543E-05
       5.7884E-05  5.9887E-05  7.4293E-05  6.1689E-05  6.8755E-05  7.0200E-05  6.8441E-05  6.5066E-05  5.9243E-05  6.3021E-05
       6.1340E-05  6.9169E-05  7.2125E-05  7.1800E-05  7.3431E-05  7.1650E-05  7.7746E-05  6.8795E-05  5.5018E-05  7.2510E-05
       6.0292E-05  6.7574E-05  7.4351E-05  7.6185E-05  7.4701E-05  6.6778E-05  7.0967E-05  7.4667E-05  6.5385E-05  7.5094E-05
       6.7993E-05  6.1515E-05  7.0830E-05  8.4196E-05  7.3256E-05  7.7082E-05  7.1648E-05  6.7797E-05  6.2931E-05  6.9898E-05
       7.0339E-05  6.4529E-05  6.9834E-05  8.4801E-05  6.8404E-05  8.4731E-05  7.5114E-05  7.7314E-05  6.4485E-05  7.0098E-05
       7.7175E-05  8.3773E-05  8.3200E-05  9.0263E-05  8.7257E-05  8.8378E-05  9.6903E-05  8.1080E-05  8.0622E-05  8.0544E-05
       8.0386E-05  7.1917E-05  8.1813E-05  8.5772E-05  8.0255E-05  8.2403E-05  8.7535E-05  8.0378E-05  8.1319E-05  7.6234E-05
       6.3812E-05  5.4556E-05  6.2892E-05  6.8252E-05  7.1601E-05  6.3970E-05  6.0094E-05  6.4970E-05  6.2760E-05  7.0121E-05
       5.4178E-05  5.2909E-05  6.1092E-05  5.9023E-05  6.7227E-05  6.4253E-05  5.6118E-05  5.5686E-05  5.2088E-05  5.8878E-05
       5.8991E-05  5.0584E-05  6.4000E-05  5.9431E-05  6.2117E-05  5.7819E-05  5.5007E-05  6.0267E-05  5.7310E-05  6.0900E-05
       5.7427E-05  5.0426E-05  5.6953E-05  5.7295E-05  6.5052E-05  5.8525E-05  6.0324E-05  5.8483E-05  5.4448E-05  5.5852E-05
       6.6330E-05  5.7033E-05  5.7065E-05  6.4479E-05  6.7645E-05  6.6670E-05  6.7773E-05  5.8538E-05  5.8348E-05  6.0231E-05
       6.5808E-05  5.2530E-05  6.1362E-05  7.2923E-05  6.9571E-05  6.8406E-05  5.9238E-05  5.8662E-05  6.2579E-05  6.4166E-05
       5.9293E-05  5.4539E-05  6.3917E-05  7.0262E-05  6.2192E-05  6.7168E-05  6.4698E-05  5.4964E-05  5.5429E-05  6.3296E-05
       6.5925E-05  6.4031E-05  5.7307E-05  7.7094E-05  6.4937E-05  6.7106E-05  7.3041E-05  6.0406E-05  5.5843E-05  5.8846E-05
       8.3450E-05  7.4478E-05  7.8229E-05  8.1305E-05  8.3934E-05  8.3970E-05  8.6354E-05  7.3606E-05  7.2032E-05  8.8386E-05
       7.9804E-05  7.4021E-05  6.9564E-05  8.2548E-05  8.2463E-05  8.0823E-05  8.3457E-05  8.8735E-05  6.9610E-05  8.6219E-05
       6.4734E-05  5.6744E-05  6.2446E-05  7.0799E-05  6.6017E-05  6.9839E-05  6.2878E-05  6.4071E-05  5.8910E-05  6.3573E-05
       6.0774E-05  6.2194E-05  5.9773E-05  6.4161E-05  6.6227E-05  6.7152E-05  5.8846E-05  5.8298E-05  5.3579E-05  6.7744E-05
       6.2209E-05  5.6062E-05  6.6393E-05  5.7722E-05  6.8993E-05  6.3758E-05  6.1902E-05  5.6449E-05  5.8264E-05  6.3195E-05
       6.6119E-05  5.5006E-05  6.2202E-05  6.5006E-05  6.0274E-05  6.3624E-05  6.3274E-05  5.8745E-05  5.6490E-05  6.0530E-05
       7.1378E-05  6.1237E-05  6.5008E-05  6.9285E-05  6.5211E-05  6.2745E-05  6.5744E-05  5.9758E-05  5.8377E-05  6.7821E-05
       6.6358E-05  5.5023E-05  6.0217E-05  6.7741E-05  6.0787E-05  6.3847E-05  6.2672E-05  6.0145E-05  5.6120E-05  6.7819E-05
       6.4516E-05  6.1522E-05  6.0927E-05  6.4136E-05  6.1843E-05  6.2285E-05  6.4598E-05  6.2971E-05  5.5635E-05  6.6774E-05
       6.8333E-05  6.4768E-05  6.5238E-05  7.0682E-05  6.7271E-05  6.8105E-05  7.6675E-05  5.9151E-05  6.3621E-05  6.9215E-05
       7.7132E-05  6.9525E-05  8.6916E-05  8.5636E-05  8.2866E-05  8.0198E-05  8.1869E-05  7.7752E-05  7.9941E-05  8.5360E-05
       9.0818E-05  8.6094E-05  8.2745E-05  1.0038E-04  9.1374E-05  9.0798E-05  9.4945E-05  8.7224E-05  8.0933E-05  8.9750E-05
       7.6884E-05  7.4909E-05  8.4058E-05  8.4726E-05  8.2961E-05  8.7606E-05  7.8209E-05  7.9022E-05  7.3750E-05  9.1067E-05
       7.3531E-05  7.7328E-05  8.1496E-05  8.3962E-05  8.4883E-05  7.4464E-05  7.9267E-05  6.8060E-05  7.8362E-05  9.2808E-05
       8.5641E-05  8.1966E-05  8.4130E-05  8.3827E-05  8.4324E-05  8.6574E-05  8.4147E-05  7.7311E-05  7.9391E-05  7.6656E-05
       9.0173E-05  7.9889E-05  8.2367E-05  8.5120E-05  8.9696E-05  9.2754E-05  8.5225E-05  8.1993E-05  8.1466E-05  7.8627E-05
       8.8372E-05  8.0988E-05  8.4760E-05  8.7373E-05  8.2611E-05  7.8255E-05  8.4842E-05  7.8102E-05  7.4430E-05  8.1737E-05
       8.5306E-05  8.6574E-05  7.4103E-05  8.2571E-05  7.5102E-05  8.5099E-05  7.5956E-05  7.6847E-05  8.3106E-05  8.0763E-05
       8.5424E-05  7.4347E-05  8.1313E-05  7.2811E-05  8.3658E-05  8.8936E-05  7.0222E-05  7.9394E-05  8.0114E-05  7.7592E-05
       8.4782E-05  7.3670E-05  8.5280E-05  8.0510E-05  9.5249E-05  8.3071E-05  8.9849E-05  8.4039E-05  8.4176E-05  8.5742E-05
       8.6021E-05  8.0764E-05  9.4135E-05  9.2329E-05  9.1961E-05  9.5167E-05  9.2473E-05  8.3171E-05  9.0146E-05  9.7673E-05

      Percentage errors follow in a matrix A(ix,iy,iz), format (1(5x,1p,10(1x,e11.4)))

       2.4085E+00  2.1332E+00  2.6484E+00  2.7740E+00  3.4107E+00  3.0191E+00  2.9313E+00  2.9273E+00  2.4673E+00  2.8779E+00
       2.9408E+00  2.5910E+00  2.6161E+00  2.3615E+00  3.0017E+00  2.5122E+00  2.2942E+00  2.4704E+00  2.8165E+00  2.9505E+00
       2.4666E+00  3.1686E+00  3.9926E+00  3.6145E+00  2.9558E+00  2.5809E+00  2.7016E+00  2.3077E+00  2.7990E+00  2.8666E+00
       3.2339E+00  3.1919E+00  2.8048E+00  2.3975E+00  2.5454E+00  2.1019E+00  3.1364E+00  2.5820E+00  2.5090E+00  2.8559E+00
       2.9417E+00  3.4750E+00  3.0191E+00  1.8927E+00  2.1012E+00  2.4447E+00  2.4726E+00  1.7471E+00  2.1600E+00  3.3358E+00
       3.3483E+00  2.9090E+00  2.8107E+00  2.5310E+00  1.8701E+00  2.8139E+00  2.6997E+00  2.1256E+00  2.6396E+00  1.9148E+00
       2.9567E+00  2.6411E+00  2.2759E+00  2.4164E+00  2.6466E+00  2.0047E+00  2.0381E+00  1.8275E+00  2.9059E+00  3.3927E+00
       3.2007E+00  3.7216E+00  2.7475E+00  2.7901E+00  2.7105E+00  1.6955E+00  3.3490E+00  2.2812E+00  3.3107E+00  2.6958E+00
       2.1645E+00  3.5329E+00  1.9817E+00  2.5883E+00  2.9683E+00  2.0537E+00  2.4904E+00  2.4565E+00  2.9977E+00  3.2103E+00
       3.1558E+00  2.4245E+00  3.2555E+00  2.4677E+00  2.7281E+00  2.7719E+00  2.5896E+00  2.6222E+00  3.0072E+00  2.9840E+00
       3.0954E+00  3.7450E+00  3.5620E+00  3.2337E+00  3.6852E+00  2.6298E+00  3.7074E+00  4.3096E+00  3.3286E+00  3.8868E+00
       3.8011E+00  3.0135E+00  3.3595E+00  2.5190E+00  3.9850E+00  2.4209E+00  2.9915E+00  2.4614E+00  4.1062E+00  4.8104E+00
       4.1412E+00  4.2754E+00  4.1053E+00  3.9056E+00  2.8949E+00  3.4036E+00  3.6664E+00  2.9206E+00  3.3887E+00  4.0738E+00
       3.2144E+00  4.0368E+00  3.1374E+00  3.7848E+00  2.7241E+00  2.6880E+00  3.6692E+00  2.8071E+00  3.7882E+00  4.1285E+00
       4.7867E+00  2.8955E+00  3.4497E+00  3.4206E+00  2.9886E+00  3.0665E+00  2.1966E+00  2.4421E+00  3.7280E+00  3.1992E+00
       5.0827E+00  4.5592E+00  2.7174E+00  2.8727E+00  3.4073E+00  2.5002E+00  3.2721E+00  2.9836E+00  3.6594E+00  2.5261E+00
       3.4106E+00  3.7313E+00  3.1806E+00  3.5713E+00  3.8493E+00  1.9385E+00  2.6506E+00  4.1470E+00  3.7987E+00  3.1683E+00
       2.6827E+00  3.7132E+00  3.7353E+00  2.4210E+00  2.4432E+00  2.2477E+00  2.7013E+00  3.2346E+00  3.6683E+00  4.5771E+00
       5.3307E+00  4.6279E+00  3.0403E+00  3.5564E+00  3.8024E+00  2.9399E+00  4.1899E+00  4.4244E+00  3.1947E+00  3.3461E+00
       4.6510E+00  3.3564E+00  3.7845E+00  3.4833E+00  2.0512E+00  3.7585E+00  3.6085E+00  4.1442E+00  3.4336E+00  3.7559E+00
       5.0624E+00  4.4569E+00  3.2404E+00  3.9659E+00  5.1649E+00  4.1937E+00  3.6746E+00  3.9785E+00  3.9149E+00  4.7892E+00
       4.3030E+00  4.3451E+00  3.0197E+00  3.7365E+00  4.7458E+00  3.7091E+00  4.9131E+00  3.2876E+00  4.3511E+00  5.5318E+00
       3.9284E+00  4.8437E+00  4.0377E+00  4.5893E+00  3.9908E+00  3.3673E+00  3.7002E+00  5.1231E+00  4.2768E+00  4.3797E+00
       5.0587E+00  5.0357E+00  3.4801E+00  4.3113E+00  3.9619E+00  3.6727E+00  4.1553E+00  3.8756E+00  5.4178E+00  5.4037E+00
       4.7475E+00  3.2223E+00  4.5314E+00  3.4418E+00  2.8254E+00  3.9081E+00  4.0337E+00  3.8735E+00  4.5406E+00  4.8324E+00
       4.6423E+00  4.3711E+00  4.2600E+00  3.3421E+00  4.4632E+00  4.3023E+00  3.8144E+00  4.5071E+00  3.4618E+00  4.6084E+00
       4.7183E+00  4.0255E+00  3.5938E+00  4.7195E+00  4.0211E+00  3.2197E+00  4.4577E+00  4.5546E+00  5.9525E+00  4.3423E+00
       3.7330E+00  4.7193E+00  4.3111E+00  4.5749E+00  3.6700E+00  3.0639E+00  4.1753E+00  3.3168E+00  3.2799E+00  3.9779E+00
       3.7811E+00  4.5299E+00  4.1935E+00  3.1950E+00  4.4185E+00  4.1975E+00  4.8207E+00  6.5910E+00  3.2849E+00  4.1401E+00
       4.1330E+00  3.8485E+00  4.2971E+00  3.4294E+00  3.3519E+00  3.6495E+00  4.3453E+00  3.8394E+00  4.5445E+00  5.8098E+00
       6.0901E+00  4.1157E+00  3.9815E+00  5.7241E+00  3.2582E+00  4.8587E+00  5.5237E+00  5.3688E+00  5.7052E+00  5.0148E+00
       5.7641E+00  5.5726E+00  3.6069E+00  4.6186E+00  3.8467E+00  5.5440E+00  5.5768E+00  5.8545E+00  5.8081E+00  4.8248E+00
       5.1503E+00  5.0916E+00  4.5285E+00  5.1039E+00  5.6888E+00  5.2410E+00  3.7303E+00  5.9093E+00  6.1675E+00  5.8740E+00
       6.0969E+00  4.2601E+00  5.4677E+00  5.3097E+00  3.9990E+00  4.7571E+00  3.1723E+00  6.5586E+00  4.8509E+00  6.1351E+00
       4.4096E+00  5.8715E+00  6.1385E+00  3.6746E+00  3.7609E+00  5.0593E+00  2.7901E+00  5.6487E+00  3.1106E+00  5.0137E+00
       5.0274E+00  4.8673E+00  5.7782E+00  4.7156E+00  4.2978E+00  5.0097E+00  5.4415E+00  5.3247E+00  4.6790E+00  4.6318E+00
       4.9109E+00  6.3895E+00  6.5228E+00  4.8878E+00  4.3699E+00  4.9044E+00  3.4612E+00  6.2306E+00  6.7877E+00  4.0417E+00
       4.7848E+00  5.3680E+00  6.2158E+00  5.1450E+00  3.8671E+00  4.7235E+00  4.0581E+00  4.8923E+00  4.4432E+00  5.2933E+00
       4.6001E+00  5.5434E+00  5.3987E+00  5.4820E+00  4.7216E+00  5.7683E+00  3.6578E+00  5.9924E+00  6.5834E+00  4.6924E+00
       3.7712E+00  4.7787E+00  5.2147E+00  5.5497E+00  5.7007E+00  4.5132E+00  4.6176E+00  5.2808E+00  4.8567E+00  4.8183E+00
       6.8300E+00  6.1347E+00  4.4041E+00  3.8958E+00  3.7863E+00  5.9855E+00  4.6926E+00  5.3764E+00  6.1430E+00  4.5761E+00
       8.0926E+00  5.7051E+00  4.4491E+00  5.3274E+00  6.3096E+00  4.3557E+00  6.5946E+00  6.1229E+00  5.0278E+00  6.2338E+00
       4.4505E+00  8.1896E+00  5.3685E+00  6.1180E+00  5.1681E+00  5.5966E+00  7.2412E+00  5.4109E+00  5.3351E+00  6.2204E+00
       6.2344E+00  5.0971E+00  7.5527E+00  4.5453E+00  5.5580E+00  3.7849E+00  5.3562E+00  6.4276E+00  6.4253E+00  7.0726E+00
       6.9850E+00  4.9390E+00  6.6786E+00  5.1031E+00  4.6921E+00  6.0872E+00  3.3938E+00  6.5775E+00  4.9473E+00  5.3674E+00
       5.7044E+00  6.6408E+00  4.3813E+00  5.8720E+00  4.5923E+00  5.8879E+00  5.2962E+00  6.8730E+00  5.7950E+00  4.5313E+00
       6.1354E+00  4.6173E+00  6.6231E+00  4.6014E+00  6.6793E+00  4.7530E+00  5.2974E+00  6.7767E+00  5.5863E+00  5.9376E+00
       5.6857E+00  5.2644E+00  6.9905E+00  6.3415E+00  7.1121E+00  5.2357E+00  6.2234E+00  6.4846E+00  5.9950E+00  6.7853E+00
       5.8988E+00  7.0708E+00  4.3566E+00  5.6739E+00  7.7422E+00  4.4907E+00  5.3376E+00  4.9175E+00  7.2788E+00  5.5975E+00
       3.6138E+00  5.4915E+00  4.7283E+00  5.1288E+00  5.6566E+00  4.5410E+00  4.9549E+00  4.0019E+00  5.7766E+00  5.2881E+00
       7.1416E+00  4.9949E+00  4.9976E+00  5.2263E+00  4.8692E+00  5.0183E+00  6.4492E+00  5.2909E+00  5.6036E+00  4.7357E+00
       6.7530E+00  5.9011E+00  6.6742E+00  4.8045E+00  5.1469E+00  5.1160E+00  5.7548E+00  6.4109E+00  7.2991E+00  7.5311E+00
       7.2640E+00  4.8908E+00  6.0749E+00  6.1503E+00  6.1997E+00  8.7953E+00  5.8930E+00  7.8395E+00  7.5939E+00  7.3946E+00
       7.2531E+00  5.1006E+00  6.6755E+00  4.5982E+00  7.1602E+00  7.0762E+00  6.5957E+00  6.8316E+00  6.0016E+00  6.1474E+00
       6.5966E+00  6.5777E+00  5.6785E+00  6.6657E+00  6.1615E+00  4.6530E+00  5.9967E+00  7.7849E+00  6.0978E+00  6.6116E+00
       6.1793E+00  6.2671E+00  7.3077E+00  6.6955E+00  5.6783E+00  3.3144E+00  6.9731E+00  8.2283E+00  9.4585E+00  4.6603E+00
       5.9417E+00  6.0044E+00  5.8111E+00  4.6554E+00  5.3930E+00  5.4492E+00  5.8590E+00  5.3898E+00  8.1738E+00  6.1486E+00
       7.9544E+00  6.5376E+00  6.9463E+00  6.9002E+00  6.6263E+00  4.0012E+00  6.6426E+00  9.4288E+00  7.4335E+00  5.8583E+00
       6.7570E+00  7.4952E+00  6.0684E+00  4.8838E+00  6.6623E+00  5.4682E+00  4.7934E+00  6.6765E+00  8.5458E+00  8.0990E+00
       5.2775E+00  7.3304E+00  6.3036E+00  4.3592E+00  4.2890E+00  5.7978E+00  4.2680E+00  7.2044E+00  5.7200E+00  8.9807E+00
       5.2077E+00  6.9250E+00  6.4984E+00  5.3978E+00  5.8608E+00  5.5915E+00  6.0920E+00  6.8959E+00  6.2859E+00  4.3506E+00
       9.0649E+00  8.6709E+00  9.8552E+00  6.2674E+00  6.8938E+00  4.9629E+00  6.3055E+00  6.1034E+00  6.6113E+00  5.8973E+00
       5.2774E+00  6.4549E+00  6.7374E+00  5.2880E+00  7.3213E+00  5.8905E+00  6.7616E+00  7.9681E+00  7.7641E+00  7.0813E+00
       5.4848E+00  7.4893E+00  5.7490E+00  7.9573E+00  6.1579E+00  7.5779E+00  9.4348E+00  6.4393E+00  8.7744E+00  6.6702E+00
       6.8787E+00  6.3399E+00  6.1459E+00  5.3892E+00  6.4198E+00  6.7307E+00  5.6362E+00  9.6208E+00  9.2599E+00  7.6525E+00
       6.4403E+00  6.7495E+00  7.5790E+00  7.8236E+00  5.9149E+00  6.6331E+00  8.9378E+00  7.8996E+00  8.4950E+00  6.1852E+00
       8.3578E+00  6.5844E+00  6.9895E+00  6.1079E+00  5.4600E+00  6.9979E+00  6.7975E+00  8.8112E+00  8.9857E+00  5.8617E+00
       8.3840E+00  8.9410E+00  6.3775E+00  6.7978E+00  8.1470E+00  6.4991E+00  6.4601E+00  8.3846E+00  7.8054E+00  5.9155E+00
       7.2249E+00  5.1598E+00  8.3548E+00  7.1946E+00  6.9717E+00  6.5576E+00  4.1203E+00  7.9869E+00  6.8302E+00  7.2774E+00
       6.7161E+00  6.9848E+00  4.9612E+00  4.9230E+00  7.9997E+00  4.8049E+00  5.8198E+00  5.5505E+00  5.6142E+00  5.7592E+00
       5.7220E+00  6.6730E+00  5.0807E+00  5.5070E+00  4.9159E+00  5.7025E+00  3.8545E+00  5.2621E+00  5.6630E+00  6.4760E+00
       7.0274E+00  1.1385E+01  7.4416E+00  7.1653E+00  6.8144E+00  6.2895E+00  5.8307E+00  6.2633E+00  5.8235E+00  7.5318E+00
       7.2138E+00  8.5781E+00  7.2611E+00  5.9268E+00  7.3153E+00  5.6439E+00  7.0800E+00  6.7089E+00  8.0008E+00  6.2720E+00
       6.5061E+00  7.9351E+00  6.5430E+00  6.1714E+00  7.1824E+00  1.0009E+01  7.8500E+00  6.2803E+00  7.6255E+00  8.4829E+00
       6.3580E+00  7.0080E+00  4.3831E+00  6.6330E+00  6.8784E+00  9.1097E+00  6.6263E+00  7.2159E+00  7.8901E+00  6.4272E+00
       6.4903E+00  7.6587E+00  6.6879E+00  5.7285E+00  6.0073E+00  7.7403E+00  7.7896E+00  5.7004E+00  9.3406E+00  7.1165E+00
       5.5777E+00  6.8389E+00  6.8049E+00  5.6379E+00  6.1395E+00  7.1513E+00  6.6774E+00  9.6263E+00  1.0106E+01  7.4309E+00
       8.1155E+00  7.9873E+00  6.2303E+00  8.1812E+00  9.2769E+00  6.7537E+00  5.7253E+00  7.8674E+00  6.9628E+00  7.9284E+00
       7.6997E+00  6.3524E+00  5.4911E+00  9.2896E+00  6.3036E+00  3.9026E+00  5.6110E+00  8.3095E+00  5.5337E+00  6.9273E+00
       5.3995E+00  6.9355E+00  4.9087E+00  5.2477E+00  6.1360E+00  5.4329E+00  5.3468E+00  6.4131E+00  4.9412E+00  4.8846E+00
       7.1273E+00  6.3608E+00  7.4125E+00  5.4468E+00  5.2090E+00  4.7986E+00  5.2887E+00  5.1890E+00  7.2966E+00  5.7897E+00
       7.1418E+00  7.9996E+00  5.8431E+00  7.3562E+00  6.5556E+00  5.8467E+00  6.3360E+00  5.6953E+00  6.6637E+00  7.3081E+00
       7.2914E+00  5.8841E+00  6.1796E+00  6.5376E+00  5.7967E+00  7.0091E+00  6.8356E+00  9.4173E+00  7.4434E+00  5.7275E+00
       6.7002E+00  7.2844E+00  5.5979E+00  6.1107E+00  7.6909E+00  8.7913E+00  7.4790E+00  4.7484E+00  6.8275E+00  6.5583E+00
       4.4537E+00  8.8269E+00  6.8933E+00  6.7854E+00  7.1612E+00  7.0140E+00  8.0582E+00  5.7495E+00  7.3302E+00  5.2764E+00
       5.2980E+00  6.7841E+00  7.5686E+00  6.2719E+00  5.8486E+00  6.3781E+00  6.3360E+00  6.3544E+00  7.6445E+00  4.6183E+00
       8.5534E+00  6.9390E+00  9.3738E+00  5.4439E+00  6.2739E+00  7.9352E+00  7.4045E+00  7.1628E+00  8.8697E+00  6.2667E+00
       6.5269E+00  6.1094E+00  7.1576E+00  7.2822E+00  7.9091E+00  8.2700E+00  6.9524E+00  6.9862E+00  1.1422E+01  5.9427E+00
       4.7768E+00  5.4195E+00  6.4931E+00  7.9319E+00  7.2204E+00  7.1046E+00  5.8075E+00  6.1188E+00  6.6128E+00  5.8107E+00
       5.7825E+00  9.3699E+00  3.8416E+00  6.3465E+00  6.4161E+00  7.3892E+00  5.9527E+00  5.1271E+00  6.0462E+00  5.5553E+00
       7.1421E+00  6.4867E+00  6.2789E+00  5.4722E+00  4.9473E+00  6.8585E+00  6.0502E+00  7.5827E+00  6.4803E+00  4.8387E+00
       5.1562E+00  6.8279E+00  7.0391E+00  3.6489E+00  5.7619E+00  6.6228E+00  5.7819E+00  5.7862E+00  5.9944E+00  5.7635E+00
       4.7926E+00  6.4524E+00  5.4825E+00  5.8120E+00  6.3963E+00  7.0909E+00  5.0493E+00  3.7741E+00  5.8758E+00  6.0129E+00
       5.1347E+00  5.5356E+00  7.1366E+00  5.0284E+00  5.3359E+00  5.6850E+00  6.3969E+00  5.7655E+00  6.6696E+00  5.6974E+00
       6.9309E+00  6.4738E+00  4.2306E+00  6.2698E+00  7.0440E+00  6.6416E+00  7.2023E+00  6.3508E+00  5.8021E+00  3.8887E+00
       5.2522E+00  5.2130E+00  4.8328E+00  5.4115E+00  5.8627E+00  5.7438E+00  7.4601E+00  7.1394E+00  5.9468E+00  6.8673E+00
       4.9673E+00  4.6890E+00  5.2323E+00  6.3105E+00  4.5578E+00  5.5031E+00  7.6437E+00  6.2609E+00  5.6767E+00  6.5953E+00
       5.6272E+00  5.5197E+00  5.9890E+00  5.0933E+00  5.6460E+00  5.8632E+00  7.2151E+00  6.1737E+00  6.4893E+00  6.2638E+00
       6.1620E+00  7.4686E+00  4.9471E+00  5.8724E+00  5.4869E+00  6.7765E+00  3.7027E+00  6.6542E+00  4.7336E+00  5.9905E+00
       5.3098E+00  6.1213E+00  5.6600E+00  6.6610E+00  4.6910E+00  5.3766E+00  5.2027E+00  5.4936E+00  5.0247E+00  5.5848E+00
