1
   Cartesian binning n.   1  "DoseEq    " , generalized particle n.  240
      X coordinate: from -8.5000E+01 to  8.5000E+01 cm,    10 bins ( 1.7000E+01 cm wide)
      Y coordinate: from -2.5000E+01 to  2.5000E+01 cm,    10 bins ( 5.0000E+00 cm wide)
      Z coordinate: from  2.2500E+02 to  2.7500E+02 cm,    10 bins ( 5.0000E+00 cm wide)
      Data follow in a matrix A(ix,iy,iz), format (1(5x,1p,10(1x,e11.4)))

      accurate deposition along the tracks requested
      this is a track-length binning
       3.0847E-04  3.8434E-04  4.3372E-04  4.6144E-04  5.0839E-04  4.8628E-04  4.7753E-04  4.2598E-04  3.8667E-04  3.1696E-04
       3.5849E-04  4.3154E-04  5.0727E-04  5.5625E-04  5.7020E-04  5.5869E-04  5.3773E-04  4.9204E-04  4.4492E-04  3.5122E-04
       3.5607E-04  4.7388E-04  4.9399E-04  5.7584E-04  5.9183E-04  6.1171E-04  5.7064E-04  5.2681E-04  4.9092E-04  3.6343E-04
       3.9151E-04  4.7406E-04  5.3986E-04  5.7682E-04  6.2952E-04  6.0387E-04  5.7997E-04  5.2651E-04  4.8637E-04  3.9310E-04
       3.9266E-04  4.8910E-04  5.3986E-04  5.6740E-04  6.1590E-04  6.0747E-04  5.8819E-04  5.5653E-04  4.8344E-04  4.0328E-04
       3.7416E-04  4.8835E-04  5.4703E-04  5.6931E-04  6.1163E-04  6.2585E-04  6.0292E-04  5.5478E-04  4.8172E-04  3.8301E-04
       3.6532E-04  4.7579E-04  5.3391E-04  5.8900E-04  6.2484E-04  6.0758E-04  6.0862E-04  5.5047E-04  4.6994E-04  3.8271E-04
       3.7072E-04  4.5918E-04  5.2958E-04  5.5755E-04  5.9880E-04  5.7866E-04  5.6837E-04  5.0864E-04  4.5163E-04  3.9099E-04
       3.6835E-04  4.3932E-04  4.9238E-04  5.4205E-04  5.6507E-04  5.8251E-04  5.4961E-04  4.9497E-04  4.3283E-04  3.9017E-04
       3.3320E-04  3.7724E-04  4.2314E-04  4.7996E-04  4.8347E-04  5.0889E-04  4.7276E-04  4.2805E-04  3.7641E-04  3.2168E-04
       2.3823E-04  3.1387E-04  3.3457E-04  3.7523E-04  3.8885E-04  3.8278E-04  3.8950E-04  3.5517E-04  2.9666E-04  2.3926E-04
       2.8900E-04  3.6383E-04  4.2157E-04  4.7314E-04  4.9640E-04  4.9168E-04  4.8206E-04  4.4438E-04  3.9121E-04  2.9232E-04
       3.0177E-04  4.1045E-04  4.5105E-04  5.2374E-04  5.1926E-04  5.4168E-04  5.2085E-04  4.7746E-04  4.1939E-04  3.0980E-04
       3.2319E-04  4.2638E-04  4.7862E-04  5.4731E-04  5.7261E-04  5.5729E-04  5.2928E-04  4.9753E-04  4.1381E-04  3.2542E-04
       3.3839E-04  4.1977E-04  4.8670E-04  5.4144E-04  5.5855E-04  5.8397E-04  5.4933E-04  5.2879E-04  4.1988E-04  3.3420E-04
       3.2999E-04  4.3773E-04  4.8220E-04  5.4589E-04  5.5213E-04  5.6780E-04  5.4602E-04  5.1081E-04  4.4462E-04  3.1399E-04
       3.1339E-04  4.5025E-04  4.7972E-04  5.4645E-04  5.7746E-04  5.4249E-04  5.4110E-04  5.0022E-04  4.3168E-04  3.1776E-04
       3.1844E-04  4.0723E-04  4.7345E-04  5.1429E-04  5.3047E-04  5.2054E-04  5.2030E-04  4.7014E-04  3.7981E-04  3.1851E-04
       2.9812E-04  3.8634E-04  4.4252E-04  4.6353E-04  5.0254E-04  4.8961E-04  4.6462E-04  4.2039E-04  3.8816E-04  3.0071E-04
       2.7108E-04  3.0739E-04  3.4843E-04  3.8381E-04  4.0479E-04  4.0123E-04  3.6784E-04  3.3143E-04  2.9926E-04  2.4724E-04
       1.6911E-04  2.3275E-04  2.5643E-04  2.7459E-04  2.9673E-04  2.9939E-04  2.9148E-04  2.6944E-04  2.2341E-04  1.7753E-04
       2.1839E-04  2.9218E-04  3.1717E-04  3.5239E-04  3.8021E-04  3.8139E-04  3.7907E-04  3.4807E-04  2.9103E-04  2.2227E-04
       2.3494E-04  3.3437E-04  3.7923E-04  4.0594E-04  4.2936E-04  4.3557E-04  4.1282E-04  3.7740E-04  3.2673E-04  2.5199E-04
       2.4619E-04  3.5412E-04  4.0134E-04  4.4712E-04  4.6620E-04  4.4781E-04  4.5510E-04  4.2626E-04  3.3625E-04  2.5336E-04
       2.5973E-04  3.4748E-04  4.0981E-04  4.4949E-04  4.7051E-04  4.8955E-04  4.6212E-04  4.3024E-04  3.4086E-04  2.5429E-04
       2.5188E-04  3.6746E-04  4.0176E-04  4.5468E-04  4.7302E-04  4.7183E-04  4.6462E-04  4.2057E-04  3.6289E-04  2.6281E-04
       2.5682E-04  3.5204E-04  3.9951E-04  4.5864E-04  4.7760E-04  4.4091E-04  4.1988E-04  4.1176E-04  3.5047E-04  2.6475E-04
       2.5362E-04  3.3529E-04  3.8861E-04  4.3140E-04  4.4028E-04  4.2876E-04  3.9727E-04  3.9137E-04  3.0430E-04  2.5073E-04
       2.2744E-04  2.8749E-04  3.4139E-04  3.7831E-04  4.0632E-04  3.9095E-04  3.7890E-04  3.3150E-04  2.9015E-04  2.2733E-04
       1.8227E-04  2.2939E-04  2.5056E-04  2.8835E-04  3.1312E-04  3.2190E-04  3.0743E-04  2.4799E-04  2.2496E-04  1.8582E-04
       1.2658E-04  1.6885E-04  2.0911E-04  2.2530E-04  2.3680E-04  2.3132E-04  2.2220E-04  1.9988E-04  1.7337E-04  1.2955E-04
       1.7142E-04  2.2146E-04  2.6278E-04  2.8038E-04  3.0911E-04  3.1650E-04  2.8553E-04  2.7180E-04  2.3347E-04  1.6687E-04
       1.9093E-04  2.5624E-04  3.0024E-04  3.2017E-04  3.3219E-04  3.5001E-04  3.3745E-04  2.9831E-04  2.5258E-04  1.9173E-04
       2.0240E-04  2.8060E-04  3.1456E-04  3.5860E-04  3.6759E-04  3.6676E-04  3.7105E-04  3.1348E-04  2.7841E-04  1.9741E-04
       1.9116E-04  2.8561E-04  3.4077E-04  3.5477E-04  3.6785E-04  3.7546E-04  3.6023E-04  3.3155E-04  2.7280E-04  1.9763E-04
       1.8986E-04  2.7891E-04  3.1194E-04  3.6332E-04  3.8575E-04  3.6768E-04  3.6479E-04  3.3079E-04  2.6281E-04  2.0216E-04
       2.0210E-04  2.9029E-04  3.0738E-04  3.4034E-04  3.7305E-04  3.7268E-04  3.5207E-04  3.2247E-04  2.6222E-04  1.9506E-04
       1.9461E-04  2.7230E-04  2.8927E-04  3.4047E-04  3.5286E-04  3.5219E-04  3.2451E-04  3.0486E-04  2.5138E-04  1.8698E-04
       1.6542E-04  2.1465E-04  2.5983E-04  3.0444E-04  3.0486E-04  3.1416E-04  2.8672E-04  2.7208E-04  2.2391E-04  1.6964E-04
       1.3485E-04  1.7541E-04  1.8431E-04  2.2569E-04  2.4329E-04  2.4041E-04  2.2555E-04  2.0291E-04  1.7021E-04  1.3809E-04
       9.8483E-05  1.3078E-04  1.6469E-04  1.7070E-04  1.7255E-04  1.8090E-04  1.8613E-04  1.5540E-04  1.2649E-04  1.0323E-04
       1.2495E-04  1.6481E-04  1.9743E-04  2.3605E-04  2.4394E-04  2.4307E-04  2.4346E-04  2.0936E-04  1.8818E-04  1.2554E-04
       1.5320E-04  1.9462E-04  2.2089E-04  2.7196E-04  2.7189E-04  2.6837E-04  2.7007E-04  2.2333E-04  1.9805E-04  1.5183E-04
       1.6091E-04  2.1375E-04  2.4274E-04  2.9408E-04  2.9152E-04  2.7988E-04  2.8458E-04  2.4456E-04  2.2059E-04  1.5237E-04
       1.4540E-04  2.1326E-04  2.6628E-04  2.9005E-04  3.1132E-04  2.9655E-04  2.6775E-04  2.5814E-04  2.2338E-04  1.5610E-04
       1.5436E-04  2.1474E-04  2.5065E-04  2.9841E-04  3.0498E-04  2.8633E-04  2.8151E-04  2.6001E-04  2.1936E-04  1.4764E-04
       1.6039E-04  2.1457E-04  2.3860E-04  2.7611E-04  2.9258E-04  2.9667E-04  2.8528E-04  2.5495E-04  2.0656E-04  1.5377E-04
       1.6207E-04  2.0727E-04  2.4099E-04  2.5021E-04  2.8284E-04  2.6819E-04  2.6194E-04  2.3018E-04  2.0386E-04  1.3968E-04
       1.3128E-04  1.6958E-04  2.0011E-04  2.3938E-04  2.4241E-04  2.3660E-04  2.3566E-04  2.1959E-04  1.7464E-04  1.2939E-04
       1.0954E-04  1.3129E-04  1.4399E-04  1.7116E-04  1.8898E-04  1.8182E-04  1.7377E-04  1.5850E-04  1.2531E-04  9.5569E-05
       8.2371E-05  1.0155E-04  1.3135E-04  1.2334E-04  1.3500E-04  1.4145E-04  1.3353E-04  1.2684E-04  1.1581E-04  8.1751E-05
       9.7856E-05  1.3090E-04  1.5533E-04  1.7582E-04  1.7463E-04  1.8002E-04  1.8482E-04  1.6118E-04  1.4346E-04  9.3499E-05
       1.1316E-04  1.5792E-04  1.7191E-04  2.0637E-04  2.0241E-04  2.0779E-04  2.1469E-04  1.8466E-04  1.5258E-04  1.0788E-04
       1.1383E-04  1.6415E-04  1.9269E-04  2.1746E-04  2.3334E-04  2.1909E-04  2.2875E-04  1.8866E-04  1.5588E-04  1.2430E-04
       1.1089E-04  1.7487E-04  2.0450E-04  2.2790E-04  2.3913E-04  2.4290E-04  2.2221E-04  1.9406E-04  1.6573E-04  1.1357E-04
       1.1867E-04  1.7336E-04  1.9617E-04  2.2213E-04  2.4754E-04  2.3818E-04  2.1059E-04  2.0405E-04  1.5817E-04  1.1936E-04
       1.1232E-04  1.6329E-04  1.9094E-04  2.1909E-04  2.4274E-04  2.3030E-04  2.2070E-04  2.0817E-04  1.5976E-04  1.1471E-04
       1.1076E-04  1.5240E-04  1.7557E-04  1.8822E-04  2.0663E-04  2.1680E-04  2.0076E-04  1.8761E-04  1.4857E-04  1.0869E-04
       1.0329E-04  1.2970E-04  1.6226E-04  1.7532E-04  1.9442E-04  1.9019E-04  1.8239E-04  1.6201E-04  1.3337E-04  8.4308E-05
       8.6816E-05  1.1201E-04  1.1494E-04  1.3667E-04  1.3341E-04  1.4418E-04  1.3711E-04  1.2879E-04  1.0134E-04  7.6130E-05
       6.7241E-05  8.2413E-05  9.2248E-05  9.9447E-05  1.0037E-04  1.1171E-04  1.0500E-04  1.0923E-04  8.9469E-05  7.1650E-05
       7.1115E-05  1.0748E-04  1.2216E-04  1.4094E-04  1.4779E-04  1.4315E-04  1.3823E-04  1.3384E-04  1.1688E-04  7.5116E-05
       8.0354E-05  1.1862E-04  1.3045E-04  1.6269E-04  1.6392E-04  1.6386E-04  1.5795E-04  1.2883E-04  1.2685E-04  8.1812E-05
       8.6917E-05  1.2761E-04  1.4714E-04  1.7152E-04  1.8560E-04  1.8722E-04  1.7089E-04  1.3825E-04  1.2613E-04  9.4398E-05
       8.9570E-05  1.3998E-04  1.5740E-04  1.6168E-04  1.9618E-04  1.9451E-04  1.7905E-04  1.5220E-04  1.2293E-04  9.2125E-05
       9.5711E-05  1.3148E-04  1.6457E-04  1.7128E-04  1.8583E-04  1.9590E-04  1.9012E-04  1.6539E-04  1.2246E-04  9.0211E-05
       9.3152E-05  1.2071E-04  1.4610E-04  1.7554E-04  1.7224E-04  1.6543E-04  1.6838E-04  1.6823E-04  1.2672E-04  8.4227E-05
       7.8519E-05  1.1503E-04  1.3896E-04  1.5700E-04  1.6285E-04  1.7089E-04  1.4232E-04  1.5042E-04  1.0578E-04  8.7293E-05
       7.2419E-05  1.0895E-04  1.2792E-04  1.3399E-04  1.4008E-04  1.4883E-04  1.3430E-04  1.2449E-04  9.2665E-05  7.6510E-05
       7.0690E-05  9.3414E-05  9.7402E-05  1.0994E-04  1.0976E-04  1.2079E-04  1.0240E-04  9.4875E-05  8.2040E-05  6.6951E-05
       4.9054E-05  5.9983E-05  7.3340E-05  8.5477E-05  8.9753E-05  8.6493E-05  8.4306E-05  8.6640E-05  7.1981E-05  5.3626E-05
       5.8396E-05  8.3167E-05  9.7301E-05  1.0318E-04  1.1539E-04  1.1369E-04  1.0093E-04  9.8099E-05  9.3392E-05  6.5148E-05
       6.4328E-05  8.4901E-05  1.0780E-04  1.3026E-04  1.2783E-04  1.3499E-04  1.1814E-04  1.0285E-04  1.0151E-04  7.0600E-05
       6.8431E-05  9.8990E-05  1.1660E-04  1.2768E-04  1.4067E-04  1.4239E-04  1.3177E-04  1.0768E-04  9.7647E-05  7.2944E-05
       6.6446E-05  1.0311E-04  1.1199E-04  1.3185E-04  1.4860E-04  1.4773E-04  1.2236E-04  1.1580E-04  1.0282E-04  7.4411E-05
       6.9156E-05  9.7023E-05  1.2996E-04  1.2944E-04  1.4777E-04  1.4927E-04  1.4080E-04  1.1859E-04  9.6063E-05  7.4656E-05
       6.7478E-05  9.4531E-05  1.1851E-04  1.1933E-04  1.3506E-04  1.2343E-04  1.1997E-04  1.3018E-04  9.4246E-05  6.6111E-05
       6.1945E-05  9.2722E-05  1.0182E-04  1.2906E-04  1.2412E-04  1.2080E-04  1.0828E-04  1.1125E-04  8.3203E-05  5.7302E-05
       5.9837E-05  7.9499E-05  9.9312E-05  9.7408E-05  1.1122E-04  1.0712E-04  9.8200E-05  9.6964E-05  8.3484E-05  5.9572E-05
       5.6950E-05  7.0923E-05  8.4557E-05  8.0557E-05  7.9042E-05  9.1850E-05  7.8750E-05  7.0995E-05  6.7924E-05  5.2938E-05
       4.4750E-05  5.5475E-05  5.7932E-05  6.8578E-05  7.2982E-05  6.9046E-05  6.4045E-05  6.9892E-05  5.6801E-05  4.4942E-05
       5.1495E-05  6.4638E-05  7.4658E-05  8.1428E-05  8.4751E-05  8.3025E-05  8.5639E-05  7.1339E-05  6.8292E-05  4.9425E-05
       5.3724E-05  6.8783E-05  8.1795E-05  9.7064E-05  8.5353E-05  9.3478E-05  9.3634E-05  7.9476E-05  6.9584E-05  5.2528E-05
       6.0537E-05  7.3810E-05  9.0988E-05  1.0064E-04  9.8676E-05  1.0860E-04  9.8070E-05  9.2697E-05  7.1488E-05  6.0194E-05
       5.0859E-05  7.8524E-05  8.3397E-05  1.1053E-04  1.1629E-04  1.1169E-04  1.0295E-04  9.1655E-05  7.9980E-05  5.8953E-05
       5.4420E-05  8.7749E-05  9.5455E-05  1.0318E-04  1.1392E-04  1.1066E-04  1.0036E-04  9.4365E-05  7.4113E-05  6.2785E-05
       5.1103E-05  7.1186E-05  9.8555E-05  9.5394E-05  9.1326E-05  1.0003E-04  9.8583E-05  1.0072E-04  7.7282E-05  5.9018E-05
       4.7077E-05  6.9915E-05  8.4930E-05  9.5688E-05  1.0071E-04  9.1623E-05  9.3718E-05  8.7776E-05  7.0486E-05  5.8834E-05
       4.6803E-05  6.5577E-05  7.9103E-05  8.7616E-05  8.9293E-05  7.7842E-05  8.6634E-05  8.2066E-05  5.7609E-05  4.3154E-05
       4.4208E-05  5.1234E-05  5.7720E-05  6.4087E-05  6.5622E-05  6.8590E-05  6.2704E-05  6.2355E-05  5.8354E-05  4.2218E-05
       3.5570E-05  4.1003E-05  4.8159E-05  5.9123E-05  5.5444E-05  6.1213E-05  6.4761E-05  4.7931E-05  4.7475E-05  3.7675E-05
       4.4072E-05  5.2252E-05  5.3367E-05  6.8280E-05  6.6413E-05  7.1572E-05  7.1434E-05  5.9899E-05  4.9436E-05  4.1970E-05
       4.9872E-05  5.5761E-05  6.7710E-05  6.9878E-05  6.5664E-05  7.5924E-05  6.5530E-05  6.4095E-05  5.4371E-05  4.2916E-05
       5.3812E-05  6.0572E-05  6.0808E-05  8.5933E-05  7.2922E-05  7.2862E-05  6.9401E-05  7.4982E-05  5.1506E-05  4.6688E-05
       5.3402E-05  6.1866E-05  7.5167E-05  8.4576E-05  8.6613E-05  7.5622E-05  7.9283E-05  7.0760E-05  5.5143E-05  4.4209E-05
       4.5289E-05  6.2473E-05  6.3020E-05  6.9074E-05  8.0678E-05  7.5234E-05  7.3848E-05  7.0175E-05  5.6669E-05  4.4456E-05
       4.7338E-05  5.9375E-05  7.5732E-05  7.0885E-05  7.7887E-05  6.9221E-05  7.2302E-05  6.5664E-05  6.2002E-05  4.2320E-05
       4.1259E-05  5.6372E-05  6.7489E-05  7.3209E-05  7.8574E-05  6.9429E-05  6.8879E-05  7.1628E-05  5.1272E-05  4.1631E-05
       3.5736E-05  5.1526E-05  6.2881E-05  7.1321E-05  6.6699E-05  6.1599E-05  7.0336E-05  6.0207E-05  5.4697E-05  3.6559E-05
       3.4347E-05  4.4620E-05  5.5987E-05  5.7809E-05  5.2729E-05  5.5312E-05  5.6942E-05  5.3089E-05  4.4636E-05  3.5833E-05

      Percentage errors follow in a matrix A(ix,iy,iz), format (1(5x,1p,10(1x,e11.4)))

       2.7752E+00  2.6285E+00  2.9447E+00  1.9475E+00  2.9449E+00  1.9153E+00  3.0884E+00  2.2955E+00  2.6879E+00  3.6354E+00
       2.7421E+00  3.0083E+00  2.0814E+00  2.1622E+00  2.5110E+00  2.0059E+00  2.0557E+00  2.4250E+00  3.0823E+00  3.7845E+00
       3.0068E+00  2.6544E+00  2.9955E+00  2.2735E+00  2.2624E+00  1.0700E+00  2.5908E+00  2.6669E+00  2.1314E+00  2.1745E+00
       2.9895E+00  2.6726E+00  2.9036E+00  1.5234E+00  2.1095E+00  2.0075E+00  2.7925E+00  2.0564E+00  3.5297E+00  3.5566E+00
       2.7837E+00  2.8762E+00  1.8565E+00  2.2571E+00  2.3538E+00  2.3346E+00  2.9276E+00  2.0472E+00  2.9139E+00  3.7438E+00
       2.2571E+00  1.1358E+00  1.7452E+00  1.9766E+00  2.0701E+00  2.6875E+00  2.4831E+00  2.7888E+00  2.4435E+00  2.8098E+00
       3.1066E+00  3.0067E+00  2.4601E+00  2.3856E+00  1.6553E+00  2.7330E+00  2.3176E+00  2.5018E+00  2.6612E+00  2.9993E+00
       3.5428E+00  3.4914E+00  2.4955E+00  2.0016E+00  2.3855E+00  2.3862E+00  2.4553E+00  1.7498E+00  2.5886E+00  2.9810E+00
       3.3728E+00  3.3295E+00  2.4381E+00  2.5341E+00  2.6924E+00  2.1583E+00  3.0912E+00  3.2355E+00  2.5440E+00  1.9866E+00
       3.3208E+00  3.1884E+00  1.9804E+00  3.1801E+00  2.8568E+00  1.9811E+00  2.6673E+00  2.5736E+00  2.2731E+00  2.8058E+00
       4.4520E+00  4.0792E+00  3.5889E+00  2.7580E+00  3.4334E+00  2.9232E+00  3.3809E+00  3.0661E+00  2.7326E+00  4.9104E+00
       3.0387E+00  3.3338E+00  2.8287E+00  2.3481E+00  2.2427E+00  1.8794E+00  2.7289E+00  2.4456E+00  2.4564E+00  4.0682E+00
       3.7361E+00  3.1004E+00  3.0313E+00  1.7918E+00  2.9167E+00  2.0351E+00  2.6863E+00  2.1602E+00  3.4134E+00  2.9656E+00
       1.7793E+00  2.3440E+00  3.0287E+00  2.4551E+00  2.3036E+00  2.4107E+00  2.5565E+00  3.2935E+00  3.0830E+00  3.1505E+00
       2.3916E+00  3.3678E+00  2.3681E+00  1.9735E+00  2.3214E+00  2.1968E+00  2.7691E+00  2.2286E+00  3.4620E+00  2.8236E+00
       3.4886E+00  2.5312E+00  2.9133E+00  2.2935E+00  2.1800E+00  2.1658E+00  2.2738E+00  2.7052E+00  3.6517E+00  3.3757E+00
       3.2237E+00  3.2601E+00  3.6179E+00  2.7098E+00  2.4030E+00  2.2196E+00  2.5627E+00  3.0839E+00  3.1348E+00  2.6595E+00
       2.7837E+00  3.6670E+00  2.4527E+00  3.3876E+00  2.0932E+00  2.3006E+00  1.9411E+00  2.4861E+00  2.5405E+00  3.2750E+00
       3.9188E+00  2.9512E+00  2.0537E+00  3.3500E+00  2.9986E+00  2.3135E+00  2.7188E+00  2.8969E+00  3.1563E+00  1.8632E+00
       3.9074E+00  4.2447E+00  2.3568E+00  2.8893E+00  3.0067E+00  3.0237E+00  2.6335E+00  2.6914E+00  3.4319E+00  3.8425E+00
       5.0748E+00  4.0504E+00  3.3378E+00  3.1143E+00  3.4039E+00  2.7975E+00  3.7306E+00  3.0154E+00  2.5448E+00  5.4594E+00
       4.2464E+00  3.7833E+00  2.9192E+00  2.3598E+00  3.1279E+00  3.8106E+00  3.9343E+00  3.6018E+00  3.8373E+00  4.6477E+00
       4.1874E+00  2.4122E+00  3.7098E+00  3.3619E+00  2.3494E+00  1.6023E+00  2.6331E+00  2.6896E+00  3.3469E+00  3.8974E+00
       3.9756E+00  2.7799E+00  2.7398E+00  2.5786E+00  3.5479E+00  2.2635E+00  2.8714E+00  2.4977E+00  3.2384E+00  3.0618E+00
       4.7434E+00  4.1676E+00  2.8859E+00  3.6608E+00  2.6774E+00  2.8349E+00  2.3814E+00  2.8180E+00  3.6352E+00  4.7707E+00
       3.0453E+00  2.8752E+00  3.1995E+00  2.6769E+00  2.4586E+00  3.0795E+00  2.5279E+00  2.4148E+00  3.4467E+00  3.3782E+00
       3.8096E+00  3.8658E+00  3.3883E+00  1.9343E+00  3.0004E+00  3.5693E+00  2.4868E+00  3.8380E+00  3.6609E+00  2.7787E+00
       3.8013E+00  4.0926E+00  3.2934E+00  2.5725E+00  3.5322E+00  3.0624E+00  2.5180E+00  2.3389E+00  3.5949E+00  3.0661E+00
       5.4238E+00  3.9383E+00  2.3136E+00  3.0252E+00  3.2127E+00  1.9730E+00  3.6335E+00  3.1343E+00  3.6423E+00  2.9065E+00
       4.1924E+00  5.0409E+00  3.7343E+00  2.6830E+00  4.1440E+00  2.3601E+00  2.5058E+00  3.3403E+00  3.9435E+00  3.9221E+00
       6.1155E+00  3.7879E+00  4.5329E+00  3.4169E+00  3.9828E+00  4.8406E+00  4.5495E+00  3.8818E+00  5.5590E+00  5.5212E+00
       5.5367E+00  2.9021E+00  3.8695E+00  2.9224E+00  3.2844E+00  3.5525E+00  4.3341E+00  2.7123E+00  4.0013E+00  4.9856E+00
       4.3917E+00  3.4388E+00  3.2560E+00  3.3497E+00  3.4338E+00  2.9627E+00  3.2056E+00  2.3266E+00  3.0846E+00  3.9136E+00
       4.2387E+00  2.6379E+00  3.7160E+00  2.7577E+00  2.8059E+00  3.3003E+00  2.5075E+00  4.4674E+00  3.0154E+00  3.6453E+00
       4.8264E+00  3.0829E+00  2.8335E+00  3.0611E+00  2.8972E+00  3.7659E+00  2.4063E+00  3.4891E+00  3.5096E+00  3.8684E+00
       3.8272E+00  3.6830E+00  3.4266E+00  2.9474E+00  2.4966E+00  3.1676E+00  3.8892E+00  2.7432E+00  4.1874E+00  3.0567E+00
       4.3824E+00  3.2257E+00  2.8476E+00  3.0474E+00  4.1485E+00  3.8965E+00  2.8566E+00  2.4374E+00  4.9551E+00  4.4031E+00
       3.2453E+00  4.7199E+00  3.5640E+00  4.4455E+00  3.7828E+00  3.1479E+00  4.2619E+00  2.8758E+00  2.7078E+00  3.4579E+00
       4.5036E+00  3.9842E+00  3.7244E+00  3.5563E+00  2.7478E+00  3.3755E+00  3.5577E+00  3.5887E+00  3.1759E+00  4.6585E+00
       4.0786E+00  5.7057E+00  4.3121E+00  4.3836E+00  4.2688E+00  3.6163E+00  3.8128E+00  4.3606E+00  4.3928E+00  4.6948E+00
       4.7259E+00  5.0172E+00  3.0077E+00  3.8603E+00  4.8501E+00  4.9039E+00  4.4614E+00  4.2837E+00  5.1250E+00  6.3172E+00
       5.1222E+00  4.1027E+00  3.3959E+00  3.7690E+00  3.5791E+00  3.3416E+00  4.4381E+00  3.6203E+00  4.1693E+00  4.4239E+00
       6.0197E+00  4.0053E+00  4.0188E+00  4.6124E+00  3.2641E+00  3.5997E+00  3.5430E+00  3.8980E+00  5.3129E+00  3.6438E+00
       4.1731E+00  4.2328E+00  5.7086E+00  3.4742E+00  3.6198E+00  2.9894E+00  2.9210E+00  3.7197E+00  3.4026E+00  3.8075E+00
       4.0397E+00  4.3560E+00  2.6111E+00  3.1934E+00  3.4207E+00  3.2877E+00  2.9632E+00  2.9541E+00  4.3955E+00  4.3480E+00
       6.4261E+00  3.8180E+00  3.6073E+00  3.5819E+00  3.5456E+00  3.4488E+00  2.7692E+00  3.5136E+00  5.4301E+00  4.1490E+00
       5.5875E+00  3.9409E+00  4.1443E+00  3.4391E+00  3.0092E+00  3.4418E+00  3.6688E+00  3.3552E+00  5.2205E+00  5.0217E+00
       3.7560E+00  3.2901E+00  3.7528E+00  3.6626E+00  3.1449E+00  4.0282E+00  3.7267E+00  3.8054E+00  4.3179E+00  5.6639E+00
       4.4397E+00  4.3807E+00  3.4408E+00  4.8822E+00  4.0612E+00  4.9480E+00  4.3854E+00  3.2113E+00  4.3830E+00  5.1308E+00
       5.3059E+00  5.0626E+00  3.7202E+00  5.5619E+00  4.3746E+00  4.4443E+00  5.2200E+00  3.7661E+00  4.8479E+00  5.2405E+00
       6.6626E+00  5.4692E+00  4.8414E+00  5.1803E+00  4.8634E+00  6.1857E+00  4.8333E+00  4.6319E+00  6.5122E+00  7.1777E+00
       5.1701E+00  5.8138E+00  4.3823E+00  3.1322E+00  3.2466E+00  5.1240E+00  4.3742E+00  4.7076E+00  4.5088E+00  5.2637E+00
       4.1066E+00  5.4053E+00  3.8391E+00  4.5876E+00  3.3554E+00  5.6427E+00  4.3312E+00  4.9224E+00  5.6052E+00  4.0129E+00
       4.9656E+00  3.5036E+00  5.0315E+00  4.5541E+00  5.1510E+00  4.0809E+00  4.1447E+00  3.8120E+00  6.2115E+00  5.5371E+00
       5.2726E+00  4.4114E+00  4.2927E+00  3.7157E+00  4.0071E+00  3.7012E+00  4.0831E+00  4.2910E+00  4.5730E+00  6.9164E+00
       7.3754E+00  4.8185E+00  3.5865E+00  4.1790E+00  4.2591E+00  4.0933E+00  3.7669E+00  2.8126E+00  4.0590E+00  5.3248E+00
       5.9400E+00  4.2924E+00  3.3335E+00  3.8930E+00  3.1362E+00  4.0220E+00  3.7304E+00  3.2788E+00  3.9593E+00  5.6081E+00
       5.5947E+00  5.5262E+00  3.4566E+00  4.4307E+00  4.3336E+00  3.9890E+00  4.3471E+00  3.5632E+00  5.7076E+00  5.6699E+00
       4.9336E+00  4.9977E+00  4.4458E+00  4.6911E+00  4.9631E+00  5.1227E+00  4.9550E+00  4.7852E+00  6.2418E+00  6.0336E+00
       4.2020E+00  3.0746E+00  5.7954E+00  5.9124E+00  5.5117E+00  5.1364E+00  5.2627E+00  3.4432E+00  5.2698E+00  7.0123E+00
       6.2580E+00  5.7000E+00  5.7612E+00  5.7034E+00  4.5862E+00  5.2543E+00  2.7332E+00  4.9287E+00  6.2817E+00  7.4118E+00
       7.1581E+00  6.2088E+00  5.4916E+00  5.0829E+00  4.1827E+00  5.5339E+00  4.9998E+00  4.8533E+00  4.4685E+00  6.4870E+00
       8.3901E+00  5.4205E+00  4.7913E+00  4.4453E+00  4.2750E+00  5.1232E+00  3.6906E+00  6.5034E+00  3.6035E+00  7.1439E+00
       7.1219E+00  4.3951E+00  5.0018E+00  5.2178E+00  4.3150E+00  3.7933E+00  3.8062E+00  4.5610E+00  6.5802E+00  6.6048E+00
       6.5961E+00  5.6033E+00  2.9886E+00  3.4162E+00  5.0347E+00  4.9988E+00  3.6219E+00  5.5351E+00  5.0652E+00  7.2510E+00
       6.8786E+00  5.0742E+00  5.0116E+00  3.7566E+00  4.1510E+00  5.7719E+00  4.2975E+00  5.2824E+00  5.2392E+00  7.3779E+00
       6.7452E+00  5.3053E+00  3.3206E+00  4.0265E+00  3.6066E+00  3.2112E+00  4.8931E+00  5.3225E+00  4.3393E+00  4.1950E+00
       6.1311E+00  5.3257E+00  5.4942E+00  4.8217E+00  4.9830E+00  4.2762E+00  3.5363E+00  4.6822E+00  4.9433E+00  5.3645E+00
       4.8008E+00  6.2809E+00  5.2263E+00  5.9402E+00  3.4317E+00  4.3967E+00  4.7919E+00  4.7114E+00  7.6726E+00  5.3227E+00
       6.2093E+00  5.2295E+00  4.5666E+00  7.1677E+00  5.2991E+00  5.1925E+00  5.7022E+00  6.6895E+00  6.9057E+00  7.7299E+00
       8.5301E+00  7.3787E+00  6.2379E+00  8.1515E+00  7.2414E+00  7.9077E+00  7.9261E+00  5.9659E+00  6.1831E+00  9.2357E+00
       9.8669E+00  6.3582E+00  8.1928E+00  4.6558E+00  4.2328E+00  6.9281E+00  6.6007E+00  3.7671E+00  7.3454E+00  7.4348E+00
       6.9006E+00  3.1349E+00  6.4860E+00  4.0330E+00  5.8490E+00  5.5320E+00  4.2789E+00  5.6446E+00  7.4484E+00  7.9242E+00
       5.6964E+00  4.9254E+00  4.4762E+00  4.5965E+00  4.0995E+00  5.1102E+00  4.5250E+00  5.8849E+00  6.5378E+00  8.4342E+00
       7.4715E+00  4.9579E+00  4.5560E+00  4.1320E+00  3.7640E+00  5.6804E+00  4.4617E+00  5.8897E+00  4.6179E+00  8.3984E+00
       7.4565E+00  7.6892E+00  6.6599E+00  4.0727E+00  5.2070E+00  7.3751E+00  5.6946E+00  6.1007E+00  5.3424E+00  6.4701E+00
       6.4359E+00  4.9550E+00  5.4112E+00  4.3073E+00  5.1203E+00  5.9452E+00  4.6794E+00  4.8575E+00  6.4473E+00  7.0058E+00
       6.7725E+00  6.3755E+00  7.9954E+00  6.5820E+00  5.2326E+00  4.7571E+00  5.0822E+00  7.1546E+00  6.8396E+00  7.6757E+00
       7.3902E+00  7.4270E+00  7.4060E+00  7.1336E+00  5.6270E+00  6.2584E+00  4.7378E+00  5.9462E+00  5.5085E+00  9.0469E+00
       5.6066E+00  5.7951E+00  7.8843E+00  5.7104E+00  4.8983E+00  5.4062E+00  7.6979E+00  7.5609E+00  8.4453E+00  7.3756E+00
       6.5929E+00  7.8981E+00  6.4766E+00  7.1968E+00  5.0927E+00  8.9213E+00  6.3161E+00  7.5340E+00  5.9619E+00  6.0832E+00
       8.0868E+00  7.9658E+00  9.0859E+00  7.1121E+00  6.8990E+00  6.0500E+00  7.7836E+00  7.3887E+00  6.4152E+00  7.3679E+00
       8.5769E+00  5.4925E+00  7.8152E+00  6.3846E+00  6.2801E+00  5.2586E+00  5.0999E+00  6.5889E+00  9.2773E+00  8.6732E+00
       8.8160E+00  5.1119E+00  6.1685E+00  6.1138E+00  5.2781E+00  4.5763E+00  6.1807E+00  5.2767E+00  6.3746E+00  6.6839E+00
       7.3352E+00  8.6516E+00  4.3897E+00  4.2773E+00  5.5168E+00  5.0355E+00  5.7180E+00  5.3366E+00  6.0954E+00  7.8723E+00
       7.7030E+00  8.3556E+00  6.4110E+00  4.3443E+00  6.3984E+00  6.7378E+00  6.2417E+00  3.6241E+00  7.7975E+00  5.5967E+00
       7.1683E+00  6.3835E+00  6.4304E+00  5.0212E+00  4.7671E+00  5.1520E+00  6.0467E+00  5.6481E+00  6.9815E+00  6.5347E+00
       7.8041E+00  6.3721E+00  6.4159E+00  6.1790E+00  8.1375E+00  7.0707E+00  6.8635E+00  8.0661E+00  7.1392E+00  9.3474E+00
       8.0070E+00  8.4193E+00  7.2018E+00  7.3331E+00  6.8139E+00  5.8348E+00  5.5136E+00  7.6657E+00  1.0140E+01  7.3591E+00
       9.1560E+00  4.9170E+00  5.5884E+00  7.7616E+00  4.9920E+00  5.8433E+00  6.8441E+00  6.9479E+00  7.8618E+00  8.0145E+00
       7.9834E+00  9.0960E+00  7.6818E+00  7.8343E+00  8.4073E+00  5.5224E+00  7.7417E+00  7.4567E+00  7.6882E+00  8.9737E+00
       8.1795E+00  8.0851E+00  9.8416E+00  5.5026E+00  6.8028E+00  7.2882E+00  6.8997E+00  7.6356E+00  9.0061E+00  8.4859E+00
       8.4059E+00  6.2507E+00  5.6932E+00  5.1099E+00  6.6423E+00  5.0292E+00  7.3468E+00  6.6318E+00  6.7349E+00  8.2102E+00
       7.0703E+00  1.0102E+01  6.3812E+00  4.3906E+00  6.1277E+00  7.7338E+00  5.5144E+00  6.4242E+00  7.2380E+00  8.1277E+00
       8.1666E+00  1.0691E+01  4.5384E+00  6.5498E+00  6.5315E+00  5.9757E+00  4.5402E+00  6.4684E+00  6.4466E+00  8.7604E+00
       8.4367E+00  6.8511E+00  8.0252E+00  7.3532E+00  7.8089E+00  8.3779E+00  6.2850E+00  5.7072E+00  8.2351E+00  1.0238E+01
       8.2765E+00  6.0223E+00  5.6464E+00  7.0689E+00  6.7492E+00  6.4982E+00  7.3656E+00  4.9984E+00  8.2193E+00  8.9113E+00
       1.1319E+01  7.7412E+00  6.4715E+00  7.2045E+00  7.0136E+00  5.6170E+00  7.4811E+00  7.6926E+00  7.3306E+00  8.2278E+00
       5.1577E+00  8.7089E+00  6.6091E+00  6.2630E+00  6.1593E+00  5.9680E+00  4.4733E+00  6.5511E+00  8.6350E+00  7.3536E+00
       1.0756E+01  1.0271E+01  7.3366E+00  5.9614E+00  7.3693E+00  7.1693E+00  7.6456E+00  6.5180E+00  6.6853E+00  6.6218E+00
