1
   Cartesian binning n.   1  "DoseEq    " , generalized particle n.  240
      X coordinate: from -8.5000E+01 to  8.5000E+01 cm,    10 bins ( 1.7000E+01 cm wide)
      Y coordinate: from -2.5000E+01 to  2.5000E+01 cm,    10 bins ( 5.0000E+00 cm wide)
      Z coordinate: from  2.2500E+02 to  2.7500E+02 cm,    10 bins ( 5.0000E+00 cm wide)
      Data follow in a matrix A(ix,iy,iz), format (1(5x,1p,10(1x,e11.4)))

      accurate deposition along the tracks requested
      this is a track-length binning
       3.2861E-04  3.8197E-04  3.9722E-04  4.7556E-04  4.7465E-04  4.8829E-04  4.5997E-04  4.0963E-04  3.8313E-04  3.1082E-04
       3.5419E-04  4.5041E-04  5.2297E-04  5.3862E-04  5.6454E-04  5.7981E-04  5.3038E-04  4.7046E-04  4.1643E-04  3.5116E-04
       3.7547E-04  4.5620E-04  5.3729E-04  5.6617E-04  5.5816E-04  5.9754E-04  5.5028E-04  5.1566E-04  4.6103E-04  3.6326E-04
       3.9590E-04  4.6557E-04  5.1327E-04  5.9660E-04  6.1205E-04  6.0886E-04  5.6608E-04  5.4537E-04  4.6347E-04  4.0264E-04
       3.9406E-04  4.5948E-04  5.2733E-04  5.6794E-04  5.8991E-04  6.0084E-04  5.7589E-04  5.3572E-04  4.7324E-04  3.9063E-04
       3.7236E-04  4.6985E-04  5.1917E-04  5.7034E-04  5.9305E-04  6.2215E-04  5.8391E-04  5.2920E-04  4.8188E-04  3.7474E-04
       3.7545E-04  4.5584E-04  5.3210E-04  5.7624E-04  5.9022E-04  5.9522E-04  5.5688E-04  5.2373E-04  4.8737E-04  3.7159E-04
       3.6990E-04  4.5588E-04  5.2920E-04  5.5936E-04  5.9978E-04  5.6638E-04  5.4702E-04  5.1575E-04  4.7373E-04  3.7635E-04
       3.7967E-04  4.4549E-04  4.8769E-04  5.2990E-04  5.3977E-04  5.5598E-04  5.4194E-04  4.8708E-04  4.1836E-04  3.8022E-04
       3.2350E-04  3.8491E-04  4.2775E-04  4.6562E-04  4.6642E-04  4.7122E-04  4.5007E-04  4.2049E-04  3.7812E-04  3.2179E-04
       2.3416E-04  2.9999E-04  3.3047E-04  3.5390E-04  3.8331E-04  3.8022E-04  3.6812E-04  3.2306E-04  2.9406E-04  2.3554E-04
       2.8333E-04  3.6937E-04  4.2624E-04  4.5119E-04  4.6367E-04  5.0478E-04  4.6430E-04  4.0385E-04  3.4327E-04  2.9795E-04
       3.0615E-04  4.1118E-04  4.5550E-04  5.0631E-04  4.9951E-04  5.2393E-04  5.0986E-04  4.4205E-04  3.7608E-04  2.9951E-04
       3.2771E-04  4.0330E-04  4.5183E-04  5.1592E-04  5.3984E-04  5.5085E-04  5.0607E-04  4.7356E-04  3.9266E-04  3.1652E-04
       3.4072E-04  4.0644E-04  4.6863E-04  5.0186E-04  5.1854E-04  5.3771E-04  5.2680E-04  4.8780E-04  4.2309E-04  3.3082E-04
       3.2273E-04  4.3240E-04  4.6460E-04  5.0430E-04  5.3185E-04  5.6983E-04  5.3273E-04  4.8152E-04  4.2382E-04  3.3027E-04
       3.1694E-04  4.2898E-04  4.6100E-04  5.0830E-04  5.0023E-04  5.4659E-04  4.8315E-04  4.5475E-04  4.2773E-04  3.1288E-04
       3.0175E-04  4.1661E-04  4.5693E-04  4.9792E-04  5.2459E-04  5.1981E-04  4.8571E-04  4.5678E-04  4.1418E-04  3.1008E-04
       2.9339E-04  3.5499E-04  4.0964E-04  4.4859E-04  4.6569E-04  4.8581E-04  4.5195E-04  4.1933E-04  3.5440E-04  2.9133E-04
       2.4882E-04  3.0116E-04  3.3330E-04  3.7523E-04  3.7940E-04  3.8561E-04  3.6422E-04  3.3079E-04  2.9821E-04  2.3932E-04
       1.7673E-04  2.3603E-04  2.4788E-04  2.8343E-04  2.9585E-04  2.9417E-04  2.8377E-04  2.4927E-04  2.1082E-04  1.7170E-04
       1.9688E-04  2.8584E-04  3.2861E-04  3.4127E-04  3.6615E-04  3.9122E-04  3.6505E-04  3.2008E-04  2.6900E-04  2.1219E-04
       2.4153E-04  3.2383E-04  3.6894E-04  3.9782E-04  4.0736E-04  4.2479E-04  3.9372E-04  3.4521E-04  3.1299E-04  2.3110E-04
       2.5871E-04  3.2274E-04  3.7439E-04  4.1678E-04  4.3665E-04  4.4847E-04  4.2335E-04  3.8975E-04  3.2156E-04  2.6045E-04
       2.4818E-04  3.4433E-04  3.7311E-04  4.1577E-04  4.4544E-04  4.4890E-04  4.4113E-04  3.9685E-04  3.4987E-04  2.3483E-04
       2.4813E-04  3.5483E-04  3.9411E-04  4.2107E-04  4.3570E-04  4.4731E-04  4.2022E-04  3.6950E-04  3.4013E-04  2.4260E-04
       2.4754E-04  3.4147E-04  3.5622E-04  4.0928E-04  4.2101E-04  4.3717E-04  3.9518E-04  3.7108E-04  3.2451E-04  2.5398E-04
       2.3413E-04  3.2010E-04  3.6824E-04  3.8863E-04  4.4028E-04  4.0065E-04  3.5894E-04  3.5013E-04  3.3468E-04  2.4378E-04
       2.2831E-04  2.7765E-04  3.4064E-04  3.6419E-04  3.6959E-04  3.6224E-04  3.4734E-04  3.1835E-04  2.8417E-04  2.2415E-04
       1.8097E-04  2.1300E-04  2.5168E-04  2.7934E-04  3.0308E-04  2.6676E-04  2.8575E-04  2.4589E-04  2.0932E-04  1.7266E-04
       1.2982E-04  1.7590E-04  1.9532E-04  2.1205E-04  2.2667E-04  2.3423E-04  2.0349E-04  1.8680E-04  1.5793E-04  1.4240E-04
       1.5133E-04  2.1978E-04  2.4706E-04  2.4070E-04  2.7372E-04  2.9574E-04  2.8570E-04  2.3413E-04  2.1826E-04  1.6569E-04
       1.7660E-04  2.3903E-04  2.8848E-04  3.0389E-04  3.1827E-04  3.2159E-04  3.0097E-04  2.8481E-04  2.4610E-04  1.8802E-04
       1.9539E-04  2.4514E-04  2.9126E-04  3.3662E-04  3.3701E-04  3.3695E-04  3.2873E-04  2.9508E-04  2.6620E-04  2.0685E-04
       2.0120E-04  2.6305E-04  3.1786E-04  3.3344E-04  3.3552E-04  3.4901E-04  3.4529E-04  3.0307E-04  2.7295E-04  1.9765E-04
       1.9693E-04  2.6256E-04  2.9847E-04  3.3677E-04  3.4319E-04  3.4854E-04  3.4298E-04  2.9846E-04  2.7330E-04  1.8844E-04
       1.9036E-04  2.6726E-04  2.8185E-04  3.2893E-04  3.2553E-04  3.2797E-04  3.1560E-04  2.8570E-04  2.6177E-04  1.9952E-04
       1.6263E-04  2.4033E-04  2.6964E-04  3.1695E-04  3.3938E-04  3.1945E-04  2.6865E-04  2.9068E-04  2.4327E-04  1.6951E-04
       1.6655E-04  2.0763E-04  2.4122E-04  2.7413E-04  3.0053E-04  2.8066E-04  2.5864E-04  2.5930E-04  2.0476E-04  1.5635E-04
       1.3427E-04  1.6242E-04  1.8139E-04  2.1157E-04  2.3324E-04  2.0768E-04  2.0633E-04  1.7975E-04  1.7251E-04  1.2312E-04
       1.0286E-04  1.2953E-04  1.5438E-04  1.6518E-04  1.7143E-04  1.8289E-04  1.5264E-04  1.4441E-04  1.3113E-04  1.1386E-04
       1.2301E-04  1.7777E-04  1.9491E-04  2.0487E-04  2.1180E-04  2.2948E-04  2.1140E-04  1.8887E-04  1.7003E-04  1.2129E-04
       1.3368E-04  1.8372E-04  2.0888E-04  2.3828E-04  2.2687E-04  2.5471E-04  2.3538E-04  2.2761E-04  1.9952E-04  1.4280E-04
       1.4593E-04  2.0089E-04  2.3785E-04  2.4299E-04  2.5985E-04  2.6381E-04  2.5644E-04  2.2943E-04  2.1091E-04  1.4123E-04
       1.6255E-04  2.1188E-04  2.3894E-04  2.6768E-04  2.6469E-04  2.6487E-04  2.6661E-04  2.2810E-04  2.1612E-04  1.5434E-04
       1.5342E-04  2.0760E-04  2.2105E-04  2.5451E-04  2.6575E-04  2.7085E-04  2.6219E-04  2.2689E-04  2.0303E-04  1.5924E-04
       1.4795E-04  2.0689E-04  2.2010E-04  2.5746E-04  2.5841E-04  2.6039E-04  2.4793E-04  2.2530E-04  1.9790E-04  1.6290E-04
       1.3344E-04  1.8433E-04  2.1219E-04  2.3882E-04  2.6437E-04  2.4798E-04  2.2620E-04  2.2651E-04  1.7012E-04  1.2704E-04
       1.2265E-04  1.7144E-04  1.6968E-04  2.1415E-04  2.3584E-04  2.2467E-04  1.9482E-04  2.0317E-04  1.5275E-04  1.2025E-04
       1.0987E-04  1.2598E-04  1.2706E-04  1.7440E-04  1.7961E-04  1.7442E-04  1.4880E-04  1.4619E-04  1.2328E-04  1.0613E-04
       9.0654E-05  1.0673E-04  1.1994E-04  1.3238E-04  1.3661E-04  1.3590E-04  1.2609E-04  1.1746E-04  1.0255E-04  8.1091E-05
       9.5143E-05  1.3387E-04  1.4751E-04  1.5371E-04  1.5577E-04  1.7150E-04  1.6874E-04  1.4707E-04  1.3325E-04  1.0500E-04
       9.6223E-05  1.4555E-04  1.7374E-04  1.7650E-04  1.9090E-04  1.9546E-04  1.9481E-04  1.6324E-04  1.4772E-04  1.0174E-04
       1.2152E-04  1.6192E-04  1.9010E-04  1.8530E-04  2.0783E-04  2.0842E-04  2.0230E-04  1.7544E-04  1.5507E-04  1.1406E-04
       1.2487E-04  1.6166E-04  1.8065E-04  1.9037E-04  2.1100E-04  2.1796E-04  2.0478E-04  1.8117E-04  1.5916E-04  1.2019E-04
       1.2634E-04  1.5781E-04  1.7535E-04  1.8908E-04  2.1849E-04  2.2333E-04  2.2023E-04  1.8555E-04  1.5853E-04  1.1381E-04
       1.0448E-04  1.4719E-04  1.6318E-04  1.9239E-04  2.1120E-04  2.0613E-04  1.9711E-04  1.7213E-04  1.6396E-04  1.1252E-04
       1.0856E-04  1.3677E-04  1.6900E-04  1.9501E-04  2.1569E-04  1.9156E-04  1.8523E-04  1.7282E-04  1.3197E-04  9.8973E-05
       1.0827E-04  1.3053E-04  1.4189E-04  1.7330E-04  1.7660E-04  1.7521E-04  1.6019E-04  1.3908E-04  1.1570E-04  9.6485E-05
       9.7219E-05  1.0514E-04  9.8537E-05  1.2609E-04  1.4179E-04  1.3571E-04  1.2554E-04  1.1721E-04  1.1014E-04  7.6611E-05
       6.9780E-05  8.8622E-05  8.2762E-05  1.0671E-04  1.0607E-04  1.0799E-04  1.0350E-04  8.6603E-05  8.0778E-05  6.8387E-05
       8.5425E-05  9.9822E-05  1.2014E-04  1.2196E-04  1.3276E-04  1.3058E-04  1.3064E-04  1.1338E-04  9.6203E-05  8.2357E-05
       8.9472E-05  1.0476E-04  1.3651E-04  1.2918E-04  1.4817E-04  1.5785E-04  1.4948E-04  1.2992E-04  1.1490E-04  8.7593E-05
       9.0110E-05  1.2505E-04  1.5200E-04  1.5343E-04  1.6661E-04  1.6720E-04  1.5117E-04  1.3142E-04  1.1859E-04  9.4979E-05
       9.6257E-05  1.1853E-04  1.4641E-04  1.5096E-04  1.7535E-04  1.7972E-04  1.5921E-04  1.3378E-04  1.2367E-04  1.0226E-04
       9.6573E-05  1.1701E-04  1.4429E-04  1.4743E-04  1.7079E-04  1.7597E-04  1.7292E-04  1.4477E-04  1.1928E-04  9.8075E-05
       9.1784E-05  1.1288E-04  1.3335E-04  1.5440E-04  1.6711E-04  1.6184E-04  1.5618E-04  1.4696E-04  1.2119E-04  9.2623E-05
       9.5869E-05  9.3969E-05  1.3099E-04  1.4310E-04  1.5262E-04  1.4015E-04  1.6192E-04  1.3854E-04  1.0951E-04  7.9306E-05
       8.0794E-05  9.3928E-05  1.0495E-04  1.2042E-04  1.3933E-04  1.4241E-04  1.2185E-04  1.1576E-04  9.0800E-05  7.9364E-05
       7.2189E-05  7.8023E-05  8.2136E-05  1.0194E-04  1.1886E-04  1.2208E-04  1.1164E-04  9.6101E-05  7.8905E-05  6.3742E-05
       6.1794E-05  7.0345E-05  7.9863E-05  8.2200E-05  8.7004E-05  9.5815E-05  7.8978E-05  7.8134E-05  6.7799E-05  5.6608E-05
       7.2925E-05  8.0832E-05  9.3640E-05  8.8542E-05  1.0322E-04  1.0848E-04  9.2910E-05  8.8856E-05  7.5883E-05  5.9241E-05
       7.0286E-05  8.2735E-05  1.0226E-04  1.0910E-04  1.2250E-04  1.1957E-04  1.2200E-04  1.0692E-04  9.4134E-05  6.9313E-05
       7.3328E-05  8.9921E-05  1.0750E-04  1.2096E-04  1.2456E-04  1.2730E-04  1.2685E-04  1.0698E-04  9.2993E-05  7.4460E-05
       7.4767E-05  9.6675E-05  1.1018E-04  1.1679E-04  1.4364E-04  1.3028E-04  1.2110E-04  1.0033E-04  9.4171E-05  7.6302E-05
       7.2214E-05  9.5021E-05  1.0642E-04  1.2428E-04  1.2940E-04  1.2779E-04  1.2893E-04  1.0124E-04  8.9651E-05  7.4137E-05
       7.0947E-05  9.8417E-05  1.0775E-04  1.1684E-04  1.2894E-04  1.2685E-04  1.1662E-04  1.0629E-04  8.7540E-05  7.0502E-05
       6.8153E-05  8.5483E-05  9.2762E-05  1.0572E-04  1.2346E-04  1.2099E-04  1.1210E-04  1.0121E-04  7.4742E-05  6.7338E-05
       6.5763E-05  7.9855E-05  9.0425E-05  1.0036E-04  1.0538E-04  1.2494E-04  9.9077E-05  9.2268E-05  6.8260E-05  5.9430E-05
       6.7555E-05  7.2547E-05  6.7789E-05  8.9123E-05  9.1986E-05  9.6297E-05  8.3095E-05  7.4733E-05  6.0862E-05  5.3426E-05
       5.6435E-05  6.1374E-05  6.8324E-05  6.6601E-05  7.6449E-05  7.4536E-05  6.9206E-05  6.0912E-05  5.5602E-05  5.2749E-05
       6.0120E-05  6.2939E-05  7.6917E-05  7.4330E-05  8.9134E-05  9.6428E-05  7.9934E-05  7.1487E-05  6.1482E-05  5.1639E-05
       5.3475E-05  6.5000E-05  8.3577E-05  9.0838E-05  1.0174E-04  1.0170E-04  9.3461E-05  8.1931E-05  7.6495E-05  5.8612E-05
       6.2752E-05  7.1772E-05  8.3063E-05  9.4655E-05  1.0060E-04  9.6088E-05  1.0264E-04  7.9325E-05  7.3694E-05  6.7249E-05
       6.1820E-05  7.8850E-05  8.2144E-05  9.5561E-05  1.1500E-04  1.0046E-04  1.0599E-04  8.3135E-05  7.1471E-05  5.6809E-05
       6.2164E-05  7.9275E-05  8.6141E-05  9.7417E-05  1.1165E-04  9.9405E-05  9.6980E-05  8.5664E-05  7.6494E-05  6.0726E-05
       5.3049E-05  7.8736E-05  8.6186E-05  9.5924E-05  1.0453E-04  1.1279E-04  9.2056E-05  7.6650E-05  6.7640E-05  6.6077E-05
       5.5502E-05  7.0230E-05  7.0574E-05  8.7349E-05  1.0543E-04  9.9662E-05  8.8811E-05  7.8808E-05  5.9128E-05  5.8851E-05
       5.7190E-05  6.6212E-05  6.9265E-05  7.8139E-05  9.1829E-05  8.8291E-05  7.4033E-05  7.5276E-05  5.7229E-05  5.5505E-05
       5.4712E-05  5.3965E-05  5.9317E-05  6.6293E-05  7.4703E-05  7.9116E-05  6.7960E-05  6.3099E-05  5.6759E-05  4.6654E-05
       4.8294E-05  4.9842E-05  5.5070E-05  5.6057E-05  6.6904E-05  6.6361E-05  5.7559E-05  5.9821E-05  4.9910E-05  4.6191E-05
       4.9524E-05  5.5478E-05  6.0158E-05  7.0691E-05  6.8556E-05  7.3159E-05  6.0351E-05  5.8349E-05  4.8865E-05  5.0120E-05
       5.2973E-05  5.9051E-05  6.7584E-05  6.8011E-05  7.5081E-05  7.5986E-05  6.5383E-05  6.9014E-05  6.6218E-05  5.1821E-05
       6.0545E-05  5.9113E-05  6.4044E-05  7.3375E-05  6.9739E-05  8.0709E-05  8.1029E-05  6.3653E-05  6.2207E-05  5.5589E-05
       5.9514E-05  6.5763E-05  5.9030E-05  7.3335E-05  8.6991E-05  8.0110E-05  7.9285E-05  7.2691E-05  6.2601E-05  5.1558E-05
       5.8775E-05  6.8388E-05  6.9759E-05  7.6937E-05  9.4331E-05  7.7635E-05  7.0260E-05  7.1803E-05  5.2171E-05  6.2037E-05
       5.2671E-05  6.5739E-05  7.3502E-05  8.1316E-05  7.8250E-05  7.7912E-05  7.6375E-05  6.0357E-05  5.2091E-05  4.8433E-05
       4.8229E-05  5.6306E-05  6.8829E-05  7.4215E-05  8.3902E-05  7.9734E-05  6.8823E-05  6.1442E-05  5.4688E-05  3.9584E-05
       5.4178E-05  5.4251E-05  5.8916E-05  6.5905E-05  6.9958E-05  6.0799E-05  6.3021E-05  5.6959E-05  5.0063E-05  4.6913E-05
       4.5565E-05  4.9453E-05  5.0031E-05  6.1000E-05  6.6271E-05  6.8240E-05  6.2546E-05  5.2568E-05  4.2225E-05  4.5065E-05

      Percentage errors follow in a matrix A(ix,iy,iz), format (1(5x,1p,10(1x,e11.4)))

       2.7804E+00  2.9151E+00  3.8101E+00  2.8959E+00  2.5930E+00  3.3753E+00  2.3631E+00  2.9904E+00  3.4974E+00  3.4658E+00
       4.3683E+00  2.4967E+00  2.2131E+00  2.4381E+00  2.5088E+00  1.9117E+00  2.0411E+00  1.6455E+00  2.5260E+00  3.4276E+00
       3.1767E+00  3.1568E+00  2.5022E+00  2.0238E+00  3.2031E+00  2.2448E+00  2.0130E+00  2.4781E+00  2.4784E+00  2.2290E+00
       3.1281E+00  2.7886E+00  1.8662E+00  2.3487E+00  2.4310E+00  2.0489E+00  2.7246E+00  2.8862E+00  2.0738E+00  3.1352E+00
       2.2493E+00  2.2039E+00  2.2113E+00  2.7156E+00  2.3378E+00  3.0567E+00  2.2394E+00  2.2513E+00  3.0208E+00  3.0282E+00
       2.9977E+00  2.2060E+00  2.2085E+00  2.8421E+00  1.9888E+00  2.8189E+00  3.1185E+00  2.3953E+00  3.1747E+00  2.8254E+00
       2.7795E+00  2.4005E+00  3.2527E+00  2.6535E+00  1.7266E+00  2.5706E+00  2.7635E+00  2.7714E+00  2.4643E+00  3.2049E+00
       3.3372E+00  2.7086E+00  3.7040E+00  2.6413E+00  2.4406E+00  2.7272E+00  2.5288E+00  2.9621E+00  2.8640E+00  2.3243E+00
       2.5374E+00  2.7832E+00  2.2001E+00  2.3782E+00  2.3241E+00  1.8453E+00  2.1261E+00  2.7044E+00  3.3558E+00  2.7376E+00
       3.5725E+00  2.6207E+00  2.6957E+00  2.2904E+00  1.9382E+00  3.4667E+00  3.2823E+00  2.9981E+00  2.5884E+00  2.5403E+00
       3.3842E+00  3.5826E+00  4.7608E+00  3.3487E+00  3.1262E+00  2.6389E+00  3.0286E+00  4.2702E+00  3.0364E+00  3.8095E+00
       3.6309E+00  2.3931E+00  2.6834E+00  2.2977E+00  2.7966E+00  2.1496E+00  2.7322E+00  2.8672E+00  2.9018E+00  3.8682E+00
       3.8260E+00  3.6362E+00  2.4115E+00  2.8722E+00  3.0071E+00  2.3472E+00  2.7003E+00  2.2126E+00  2.5783E+00  3.0654E+00
       3.5973E+00  3.5721E+00  2.4214E+00  2.6608E+00  3.4179E+00  2.0178E+00  3.3091E+00  2.9446E+00  2.4421E+00  3.2107E+00
       3.7204E+00  2.1738E+00  2.7332E+00  2.3678E+00  1.9863E+00  2.4079E+00  2.6581E+00  3.3784E+00  3.4802E+00  4.5706E+00
       4.0011E+00  2.5875E+00  2.0130E+00  2.9944E+00  2.4521E+00  2.2818E+00  2.6357E+00  3.1215E+00  3.4581E+00  3.1775E+00
       3.4634E+00  3.5161E+00  3.7472E+00  2.5092E+00  1.9164E+00  2.9650E+00  3.5530E+00  3.3276E+00  2.5833E+00  3.9860E+00
       3.1984E+00  2.2798E+00  3.9620E+00  2.4673E+00  2.6576E+00  3.0239E+00  2.7387E+00  2.9094E+00  2.8444E+00  2.6135E+00
       3.1400E+00  3.7454E+00  3.2270E+00  2.9131E+00  2.8503E+00  2.0778E+00  2.1876E+00  2.5977E+00  4.0447E+00  3.8745E+00
       4.4471E+00  2.9012E+00  3.0211E+00  2.4496E+00  2.2240E+00  3.0732E+00  3.3549E+00  3.7425E+00  3.8164E+00  2.7213E+00
       4.0857E+00  3.9443E+00  3.7508E+00  3.4158E+00  3.4957E+00  3.5588E+00  3.1375E+00  3.5129E+00  3.9276E+00  4.5546E+00
       3.3050E+00  3.5699E+00  3.1030E+00  2.7542E+00  4.2514E+00  2.3547E+00  3.6051E+00  3.2061E+00  3.6780E+00  4.4429E+00
       4.7487E+00  4.1263E+00  3.5382E+00  1.7850E+00  2.4102E+00  3.0748E+00  3.3566E+00  4.5413E+00  3.3767E+00  2.8120E+00
       3.9943E+00  3.1545E+00  3.4082E+00  2.8247E+00  3.0158E+00  3.5869E+00  3.4140E+00  3.5452E+00  2.1172E+00  3.9765E+00
       4.4110E+00  2.7964E+00  3.1208E+00  2.8149E+00  2.6622E+00  2.9559E+00  2.6066E+00  3.3675E+00  2.6442E+00  3.8603E+00
       4.1613E+00  3.4184E+00  3.4218E+00  3.4465E+00  2.5203E+00  2.2682E+00  3.1977E+00  2.5350E+00  4.7686E+00  4.5533E+00
       3.6114E+00  4.0125E+00  3.2678E+00  3.1433E+00  3.0097E+00  2.9274E+00  3.2037E+00  3.3149E+00  3.0478E+00  4.3536E+00
       3.3198E+00  3.8851E+00  2.7138E+00  3.2595E+00  2.9051E+00  2.1851E+00  3.3565E+00  3.8273E+00  3.6057E+00  3.6628E+00
       2.6990E+00  4.6853E+00  1.5500E+00  4.2223E+00  2.9365E+00  3.1233E+00  2.8639E+00  3.6410E+00  3.8440E+00  3.6241E+00
       4.3967E+00  2.7910E+00  3.6733E+00  3.4157E+00  2.4640E+00  3.6422E+00  2.5731E+00  2.2798E+00  4.3569E+00  4.4591E+00
       4.7529E+00  4.1167E+00  3.8387E+00  3.5075E+00  3.8399E+00  3.4835E+00  4.7135E+00  3.5592E+00  4.2885E+00  4.5561E+00
       3.9645E+00  4.3728E+00  4.0743E+00  4.6668E+00  4.3209E+00  3.1063E+00  4.4170E+00  4.7530E+00  4.0556E+00  4.2952E+00
       3.8277E+00  4.3162E+00  3.7810E+00  3.2066E+00  3.0517E+00  2.6795E+00  3.6567E+00  5.2085E+00  3.7098E+00  4.6104E+00
       3.7657E+00  3.9245E+00  3.7744E+00  3.3264E+00  3.4285E+00  4.1935E+00  3.6814E+00  3.5784E+00  3.1191E+00  4.8939E+00
       5.1499E+00  4.4747E+00  3.6423E+00  3.2056E+00  3.6943E+00  4.1568E+00  3.5383E+00  2.4325E+00  2.9770E+00  3.8978E+00
       5.2693E+00  3.2091E+00  3.5182E+00  3.6442E+00  3.1871E+00  3.2912E+00  4.0079E+00  2.5975E+00  4.4676E+00  3.7894E+00
       4.7774E+00  3.8501E+00  3.2444E+00  4.1690E+00  3.3926E+00  3.6867E+00  3.5562E+00  4.1024E+00  4.8566E+00  5.1488E+00
       4.2359E+00  3.1446E+00  3.9530E+00  2.7444E+00  3.7726E+00  3.3126E+00  3.1559E+00  4.2382E+00  4.6180E+00  4.4120E+00
       3.8915E+00  3.9441E+00  3.1712E+00  3.5201E+00  3.6719E+00  4.5019E+00  2.9839E+00  3.6453E+00  4.3620E+00  4.2786E+00
       4.4278E+00  4.2086E+00  3.3007E+00  4.1825E+00  4.3806E+00  3.6619E+00  3.7180E+00  3.4152E+00  4.7674E+00  4.7984E+00
       6.9729E+00  6.7664E+00  4.4511E+00  4.8567E+00  5.2350E+00  4.0504E+00  4.6596E+00  4.4586E+00  5.5351E+00  5.3093E+00
       3.8607E+00  4.8204E+00  3.9833E+00  4.7390E+00  5.9749E+00  4.2309E+00  4.8331E+00  3.6351E+00  4.1337E+00  4.8234E+00
       5.2497E+00  4.5370E+00  3.2428E+00  3.9160E+00  4.2804E+00  4.6874E+00  3.2956E+00  3.5507E+00  4.6875E+00  6.2998E+00
       5.1668E+00  4.5096E+00  3.8210E+00  3.7720E+00  2.6842E+00  4.7122E+00  3.3833E+00  2.4739E+00  3.7141E+00  5.4968E+00
       4.2892E+00  4.5030E+00  3.7727E+00  3.4680E+00  4.3889E+00  5.3447E+00  4.0008E+00  3.4171E+00  3.9602E+00  5.5268E+00
       4.6886E+00  4.1400E+00  3.8649E+00  4.1472E+00  3.5109E+00  4.6813E+00  3.8125E+00  6.0681E+00  4.3047E+00  4.2885E+00
       6.2387E+00  4.2906E+00  4.7949E+00  4.2068E+00  3.6888E+00  3.9204E+00  4.4247E+00  4.9323E+00  5.0548E+00  6.2012E+00
       5.7650E+00  4.7132E+00  3.4420E+00  3.8396E+00  4.3036E+00  4.1343E+00  3.3708E+00  3.2421E+00  4.3036E+00  4.7659E+00
       4.5733E+00  3.3491E+00  4.4660E+00  4.4122E+00  4.2015E+00  4.6125E+00  4.5356E+00  4.8424E+00  4.8461E+00  5.5568E+00
       6.2101E+00  4.2988E+00  6.2713E+00  4.3171E+00  3.8958E+00  4.8246E+00  5.5756E+00  3.9113E+00  5.5620E+00  5.9554E+00
       7.8220E+00  5.7337E+00  5.0805E+00  6.3301E+00  5.6074E+00  5.3221E+00  6.2978E+00  6.2288E+00  4.5064E+00  4.0580E+00
       5.7001E+00  4.5183E+00  5.0276E+00  3.8470E+00  5.0275E+00  5.5066E+00  5.1194E+00  5.3586E+00  5.7387E+00  4.8815E+00
       5.8689E+00  4.6315E+00  3.4310E+00  4.1675E+00  4.9533E+00  3.3950E+00  3.8857E+00  4.3851E+00  4.4614E+00  6.4059E+00
       5.8229E+00  3.4367E+00  5.5992E+00  4.5657E+00  3.7239E+00  3.4938E+00  3.6334E+00  4.7763E+00  5.8134E+00  7.6839E+00
       4.8452E+00  4.1636E+00  4.9313E+00  3.4734E+00  3.8983E+00  4.1893E+00  3.6571E+00  4.0821E+00  4.4436E+00  6.2175E+00
       6.2230E+00  4.1473E+00  4.7816E+00  2.7516E+00  3.9398E+00  5.4246E+00  4.4784E+00  4.7578E+00  5.4305E+00  7.0556E+00
       4.9217E+00  4.9856E+00  5.3160E+00  3.8917E+00  2.3207E+00  4.9357E+00  4.5483E+00  5.6778E+00  4.5222E+00  5.4912E+00
       5.3291E+00  5.9677E+00  4.2445E+00  4.1154E+00  4.3618E+00  4.2742E+00  4.8875E+00  5.5510E+00  4.9833E+00  3.9503E+00
       4.5531E+00  4.9071E+00  4.6973E+00  5.1265E+00  3.2853E+00  3.7925E+00  5.4430E+00  5.1828E+00  4.4197E+00  4.7290E+00
       7.1628E+00  4.6965E+00  4.1250E+00  6.3088E+00  5.2247E+00  4.1437E+00  6.0224E+00  4.6404E+00  6.5243E+00  8.3261E+00
       7.4337E+00  5.4189E+00  6.1968E+00  6.1186E+00  6.7701E+00  6.2756E+00  6.0582E+00  7.7255E+00  6.6808E+00  7.0362E+00
       5.4721E+00  4.6371E+00  7.1478E+00  4.7368E+00  5.5407E+00  5.2020E+00  5.6891E+00  4.5867E+00  4.7797E+00  6.2496E+00
       7.2073E+00  6.1132E+00  3.8048E+00  6.3624E+00  5.1240E+00  5.5578E+00  4.9726E+00  6.0763E+00  4.4496E+00  6.1426E+00
       5.7928E+00  5.9300E+00  4.1587E+00  3.4264E+00  3.5914E+00  3.7098E+00  4.9900E+00  4.7343E+00  6.2558E+00  5.7365E+00
       6.9457E+00  5.6519E+00  6.8369E+00  4.9423E+00  3.5859E+00  4.8781E+00  4.9551E+00  4.7923E+00  3.7476E+00  7.3496E+00
       6.1116E+00  4.9952E+00  5.3406E+00  4.6709E+00  4.6352E+00  3.7697E+00  4.9495E+00  3.4822E+00  5.7009E+00  6.2269E+00
       6.8526E+00  5.6564E+00  7.5061E+00  5.7738E+00  4.1822E+00  4.3542E+00  4.5339E+00  5.0825E+00  6.4585E+00  9.9514E+00
       6.2279E+00  5.3730E+00  5.2760E+00  4.9754E+00  3.9201E+00  5.3420E+00  5.6082E+00  5.0309E+00  5.3288E+00  4.7077E+00
       7.2754E+00  6.1803E+00  5.3166E+00  6.3408E+00  4.9667E+00  5.9679E+00  6.3463E+00  6.4290E+00  5.9385E+00  4.6219E+00
       8.7868E+00  8.5162E+00  6.0447E+00  5.8509E+00  4.5792E+00  4.4343E+00  5.8987E+00  6.2408E+00  5.3852E+00  8.1623E+00
       7.4001E+00  6.3603E+00  7.5263E+00  5.5430E+00  5.5100E+00  6.0482E+00  7.7092E+00  8.2478E+00  7.2425E+00  9.3292E+00
       6.3573E+00  6.2987E+00  7.6090E+00  5.9260E+00  7.9009E+00  5.4057E+00  6.6885E+00  5.1196E+00  7.5509E+00  7.6902E+00
       7.5632E+00  6.3237E+00  5.4531E+00  4.8071E+00  6.1811E+00  6.7230E+00  5.3649E+00  5.3718E+00  4.9548E+00  6.8633E+00
       6.6597E+00  5.0857E+00  4.4097E+00  5.1921E+00  5.6052E+00  4.1351E+00  5.0969E+00  4.0323E+00  5.5741E+00  6.5373E+00
       6.9359E+00  6.6142E+00  6.6764E+00  4.1839E+00  4.3400E+00  3.8596E+00  4.9484E+00  6.3665E+00  5.5596E+00  6.2903E+00
       4.7250E+00  6.6690E+00  4.8051E+00  5.8025E+00  3.6693E+00  6.3322E+00  5.5691E+00  6.5364E+00  6.9690E+00  4.7300E+00
       5.9325E+00  7.4140E+00  5.2736E+00  5.3339E+00  4.9199E+00  5.7170E+00  5.0169E+00  6.0805E+00  6.8109E+00  9.0660E+00
       7.7262E+00  7.3873E+00  5.0141E+00  4.9761E+00  5.1150E+00  5.5880E+00  7.3988E+00  5.7842E+00  8.1202E+00  6.0330E+00
       6.8388E+00  8.0061E+00  7.7043E+00  5.6423E+00  5.6381E+00  5.6664E+00  7.2104E+00  6.9931E+00  7.6476E+00  6.1974E+00
       6.9605E+00  8.4346E+00  7.6658E+00  6.4810E+00  6.8002E+00  5.7236E+00  5.9775E+00  8.8912E+00  7.6768E+00  9.2011E+00
       7.3715E+00  7.5507E+00  7.6127E+00  5.3760E+00  6.9912E+00  8.0573E+00  8.2777E+00  8.6456E+00  8.8961E+00  9.1494E+00
       6.9972E+00  7.3067E+00  7.2446E+00  5.6918E+00  6.3686E+00  4.2611E+00  8.8261E+00  5.7515E+00  7.4014E+00  7.9617E+00
       7.0349E+00  6.7129E+00  5.8497E+00  7.0614E+00  5.0339E+00  7.4894E+00  5.8128E+00  6.3230E+00  7.2379E+00  7.3643E+00
       8.4057E+00  6.7511E+00  5.5016E+00  6.5203E+00  5.9421E+00  4.9340E+00  5.8399E+00  5.6290E+00  6.9647E+00  7.9778E+00
       5.7586E+00  7.2327E+00  6.0668E+00  5.6658E+00  5.2761E+00  5.9086E+00  6.3952E+00  6.5995E+00  7.2583E+00  7.8802E+00
       6.4653E+00  5.1883E+00  5.0792E+00  4.8437E+00  5.0256E+00  4.5791E+00  6.2317E+00  7.2053E+00  8.4968E+00  6.6673E+00
       5.1452E+00  8.4885E+00  5.5346E+00  4.8959E+00  7.3437E+00  7.2416E+00  7.1807E+00  6.5818E+00  6.9016E+00  8.3736E+00
       9.9222E+00  6.6973E+00  5.0497E+00  6.8718E+00  5.3408E+00  6.3224E+00  6.8306E+00  6.6433E+00  7.5566E+00  7.1793E+00
       7.4786E+00  7.5981E+00  7.7955E+00  7.1109E+00  4.5976E+00  5.1940E+00  8.0719E+00  6.8541E+00  6.7993E+00  9.5302E+00
       8.2342E+00  1.0517E+01  8.2205E+00  8.0541E+00  6.5518E+00  6.9139E+00  7.2227E+00  8.6032E+00  6.2249E+00  6.4682E+00
       9.8709E+00  6.7422E+00  7.1280E+00  6.3335E+00  9.1758E+00  8.1709E+00  7.6712E+00  8.5284E+00  7.2845E+00  7.4351E+00
       7.7306E+00  7.2277E+00  7.8999E+00  6.3175E+00  6.1463E+00  4.9452E+00  7.1587E+00  8.1401E+00  7.8551E+00  6.2848E+00
       8.7272E+00  7.1167E+00  4.8200E+00  6.1753E+00  4.7937E+00  4.5787E+00  7.3584E+00  6.9467E+00  8.0951E+00  7.3154E+00
       8.9454E+00  7.6883E+00  6.1285E+00  5.8181E+00  5.8641E+00  7.2481E+00  6.9030E+00  6.4336E+00  6.4382E+00  8.0939E+00
       8.3876E+00  8.5018E+00  8.8463E+00  5.8442E+00  5.9497E+00  6.7398E+00  8.6994E+00  6.0180E+00  7.3780E+00  5.4328E+00
       7.6485E+00  7.1942E+00  7.9315E+00  7.0428E+00  6.3672E+00  7.4895E+00  6.9956E+00  7.1508E+00  8.6398E+00  8.5546E+00
       6.8914E+00  6.1008E+00  5.1389E+00  6.7091E+00  6.9500E+00  6.9182E+00  5.6096E+00  7.0510E+00  7.4031E+00  8.9575E+00
       6.8687E+00  6.8230E+00  6.2404E+00  8.3037E+00  7.1967E+00  6.2364E+00  6.5332E+00  7.8989E+00  1.0423E+01  6.0990E+00
       1.0112E+01  7.1249E+00  7.2715E+00  5.2222E+00  6.5535E+00  6.7004E+00  6.0382E+00  6.7567E+00  7.3772E+00  6.7687E+00
       7.2450E+00  1.0371E+01  7.1586E+00  7.7405E+00  9.1468E+00  5.9498E+00  8.2592E+00  7.4358E+00  7.0680E+00  8.8888E+00
