1
   Cartesian binning n.   1  "DoseEq    " , generalized particle n.  240
      X coordinate: from -8.5000E+01 to  8.5000E+01 cm,    10 bins ( 1.7000E+01 cm wide)
      Y coordinate: from -2.5000E+01 to  2.5000E+01 cm,    10 bins ( 5.0000E+00 cm wide)
      Z coordinate: from  2.2500E+02 to  2.7500E+02 cm,    10 bins ( 5.0000E+00 cm wide)
      Data follow in a matrix A(ix,iy,iz), format (1(5x,1p,10(1x,e11.4)))

      accurate deposition along the tracks requested
      this is a track-length binning
       3.2674E-04  3.8287E-04  4.1610E-04  4.7246E-04  4.8174E-04  4.4675E-04  4.4733E-04  4.2002E-04  3.8838E-04  3.1762E-04
       3.3727E-04  4.3695E-04  4.6532E-04  5.1005E-04  5.3367E-04  5.3911E-04  5.0984E-04  4.6394E-04  4.2558E-04  3.6011E-04
       3.8387E-04  4.3765E-04  5.1742E-04  5.4931E-04  5.5511E-04  5.7195E-04  5.0974E-04  5.1090E-04  4.3186E-04  3.7789E-04
       3.7500E-04  4.7612E-04  5.1774E-04  5.6057E-04  5.3438E-04  5.7247E-04  5.4691E-04  5.1836E-04  4.5714E-04  3.6469E-04
       3.7456E-04  4.5494E-04  4.9034E-04  5.6532E-04  5.7368E-04  5.7551E-04  5.6271E-04  4.9446E-04  4.6160E-04  3.6681E-04
       3.6308E-04  4.5402E-04  4.9258E-04  5.6756E-04  5.5648E-04  5.7660E-04  5.5194E-04  4.9977E-04  4.5964E-04  3.8790E-04
       3.7835E-04  4.7197E-04  5.0663E-04  5.5165E-04  5.7249E-04  5.7881E-04  5.5497E-04  4.9155E-04  4.1854E-04  3.9190E-04
       3.8098E-04  4.4660E-04  4.9771E-04  5.2872E-04  5.5336E-04  5.6190E-04  5.1750E-04  5.0864E-04  4.2810E-04  3.7740E-04
       3.6817E-04  4.4439E-04  4.8665E-04  5.4197E-04  5.3111E-04  5.3207E-04  5.0783E-04  4.8315E-04  4.2401E-04  3.5159E-04
       3.1969E-04  3.7770E-04  4.1874E-04  4.7056E-04  4.7824E-04  4.8454E-04  4.6765E-04  4.1942E-04  3.6015E-04  3.2955E-04
       2.3796E-04  3.0156E-04  3.1602E-04  3.5609E-04  3.7408E-04  3.4042E-04  3.3360E-04  3.1963E-04  2.8608E-04  2.2217E-04
       2.6191E-04  3.3159E-04  3.8192E-04  4.2385E-04  4.3265E-04  4.4345E-04  4.2310E-04  3.6648E-04  3.2938E-04  2.6921E-04
       3.0177E-04  3.5992E-04  4.2702E-04  4.5163E-04  4.7212E-04  4.6746E-04  4.2010E-04  4.1428E-04  3.5913E-04  2.9338E-04
       2.9452E-04  3.8720E-04  4.2961E-04  4.6013E-04  4.7480E-04  5.1068E-04  4.6781E-04  4.2766E-04  3.6252E-04  2.9084E-04
       3.0420E-04  3.6754E-04  4.0462E-04  4.8405E-04  4.8644E-04  5.0421E-04  4.6214E-04  4.1739E-04  3.8549E-04  2.9784E-04
       3.0574E-04  3.9305E-04  4.1801E-04  4.7367E-04  4.8825E-04  5.0217E-04  4.5938E-04  4.1851E-04  3.9796E-04  2.9954E-04
       2.9319E-04  3.9162E-04  4.3453E-04  4.7272E-04  4.8150E-04  4.9953E-04  4.7516E-04  3.9450E-04  3.5923E-04  3.0681E-04
       2.9096E-04  3.6430E-04  4.0795E-04  4.5707E-04  4.8870E-04  4.6282E-04  4.3356E-04  4.0084E-04  3.5343E-04  2.8764E-04
       2.8056E-04  3.3815E-04  3.9213E-04  4.2728E-04  4.3515E-04  4.4660E-04  4.2877E-04  3.9385E-04  3.4924E-04  2.6789E-04
       2.3648E-04  3.0108E-04  3.2155E-04  3.4221E-04  3.5577E-04  3.5648E-04  3.5431E-04  3.2052E-04  2.7925E-04  2.3809E-04
       1.7703E-04  2.1966E-04  2.3551E-04  2.5459E-04  2.8175E-04  2.4420E-04  2.5639E-04  2.2994E-04  2.1617E-04  1.5855E-04
       2.0574E-04  2.4844E-04  2.8318E-04  2.9917E-04  3.2163E-04  3.2921E-04  3.1567E-04  2.9459E-04  2.4947E-04  1.8753E-04
       2.2277E-04  2.7643E-04  3.0724E-04  3.4468E-04  3.6309E-04  3.5562E-04  3.2879E-04  3.0861E-04  2.7774E-04  1.9950E-04
       2.2715E-04  2.8883E-04  3.4155E-04  3.5051E-04  3.8663E-04  3.9155E-04  3.4578E-04  3.2618E-04  2.6806E-04  1.9580E-04
       2.3026E-04  2.8694E-04  3.2130E-04  3.7491E-04  3.8431E-04  3.9377E-04  3.6187E-04  3.3350E-04  2.8542E-04  2.1837E-04
       2.2500E-04  3.0637E-04  3.1283E-04  3.6232E-04  3.7637E-04  3.9498E-04  3.5739E-04  3.2593E-04  2.8840E-04  2.1385E-04
       2.2602E-04  2.9028E-04  3.4833E-04  3.6821E-04  3.8513E-04  3.8377E-04  3.6959E-04  3.2116E-04  2.7864E-04  2.2178E-04
       2.0668E-04  2.8491E-04  3.1209E-04  3.4740E-04  3.6671E-04  3.5446E-04  3.3554E-04  3.1450E-04  2.5852E-04  2.1097E-04
       1.9281E-04  2.5071E-04  2.7672E-04  3.0314E-04  3.2551E-04  3.4126E-04  3.2128E-04  3.0485E-04  2.5622E-04  2.1883E-04
       1.7242E-04  2.1637E-04  2.2486E-04  2.4333E-04  2.6813E-04  2.5777E-04  2.4815E-04  2.2871E-04  2.0678E-04  1.8466E-04
       1.3107E-04  1.6344E-04  1.7057E-04  1.9055E-04  2.1884E-04  2.0215E-04  1.9595E-04  1.8382E-04  1.4954E-04  1.2244E-04
       1.4739E-04  1.8534E-04  2.1726E-04  2.3247E-04  2.3165E-04  2.5431E-04  2.3714E-04  2.1641E-04  1.9755E-04  1.4061E-04
       1.6761E-04  2.1233E-04  2.3829E-04  2.6212E-04  2.6005E-04  2.7966E-04  2.6339E-04  2.4553E-04  2.0764E-04  1.4199E-04
       1.7282E-04  2.2868E-04  2.5233E-04  2.6530E-04  2.9306E-04  3.0227E-04  2.8718E-04  2.5201E-04  2.0003E-04  1.5584E-04
       1.8764E-04  2.2582E-04  2.4492E-04  2.9489E-04  2.9487E-04  2.9668E-04  2.7640E-04  2.5503E-04  2.3865E-04  1.6461E-04
       1.6943E-04  2.2027E-04  2.6273E-04  2.8271E-04  2.9154E-04  3.0365E-04  2.6866E-04  2.6373E-04  2.2461E-04  1.7100E-04
       1.6509E-04  2.2502E-04  2.7018E-04  2.7112E-04  2.8941E-04  2.8242E-04  2.6772E-04  2.6133E-04  2.1259E-04  1.7805E-04
       1.5271E-04  2.2239E-04  2.4583E-04  2.6481E-04  2.8144E-04  2.8521E-04  2.6254E-04  2.4295E-04  2.0263E-04  1.6323E-04
       1.5068E-04  1.8825E-04  2.1876E-04  2.2505E-04  2.5163E-04  2.5476E-04  2.2859E-04  2.1773E-04  2.0268E-04  1.5514E-04
       1.2937E-04  1.5834E-04  1.6748E-04  1.8636E-04  2.0375E-04  1.9325E-04  1.9163E-04  1.7799E-04  1.6047E-04  1.5088E-04
       1.0739E-04  1.2916E-04  1.4324E-04  1.5575E-04  1.5951E-04  1.5492E-04  1.5937E-04  1.3416E-04  1.3279E-04  1.0233E-04
       1.1188E-04  1.6094E-04  1.6919E-04  1.8157E-04  1.8267E-04  1.8398E-04  1.8350E-04  1.6565E-04  1.5561E-04  1.1799E-04
       1.2037E-04  1.4813E-04  1.7686E-04  1.8774E-04  2.0226E-04  1.9707E-04  1.9903E-04  1.8980E-04  1.6618E-04  1.2432E-04
       1.3741E-04  1.8018E-04  1.9675E-04  1.9650E-04  2.2113E-04  2.3243E-04  2.0911E-04  2.0438E-04  1.5284E-04  1.1861E-04
       1.5033E-04  1.7469E-04  1.8148E-04  2.1200E-04  2.1154E-04  2.2931E-04  2.0808E-04  2.0535E-04  1.7338E-04  1.2689E-04
       1.3417E-04  1.8142E-04  1.9930E-04  2.1624E-04  2.3356E-04  2.3076E-04  2.1355E-04  1.9693E-04  1.7142E-04  1.2694E-04
       1.3228E-04  1.6610E-04  2.0188E-04  1.9732E-04  2.2202E-04  2.2492E-04  2.0917E-04  1.8643E-04  1.6558E-04  1.3752E-04
       1.2599E-04  1.5267E-04  1.8920E-04  1.9998E-04  2.1709E-04  2.1098E-04  1.9020E-04  1.8191E-04  1.5118E-04  1.4240E-04
       1.1865E-04  1.3949E-04  1.6376E-04  1.7212E-04  1.9505E-04  2.0607E-04  1.7180E-04  1.7093E-04  1.4735E-04  1.2565E-04
       1.0480E-04  1.3299E-04  1.3842E-04  1.5592E-04  1.6739E-04  1.5635E-04  1.5576E-04  1.3468E-04  1.3478E-04  1.1877E-04
       8.5989E-05  1.0487E-04  1.1936E-04  1.2116E-04  1.3462E-04  1.2542E-04  1.2881E-04  1.1726E-04  1.0883E-04  8.5375E-05
       9.5560E-05  1.2155E-04  1.3577E-04  1.4337E-04  1.6024E-04  1.4677E-04  1.4781E-04  1.3317E-04  1.2576E-04  1.0409E-04
       9.9148E-05  1.1649E-04  1.3778E-04  1.5313E-04  1.7475E-04  1.6866E-04  1.5375E-04  1.4737E-04  1.3572E-04  9.8068E-05
       1.0599E-04  1.4059E-04  1.5201E-04  1.6598E-04  1.7207E-04  1.7944E-04  1.6005E-04  1.5415E-04  1.3143E-04  1.0381E-04
       1.1282E-04  1.3325E-04  1.4925E-04  1.7479E-04  1.7074E-04  1.8003E-04  1.6006E-04  1.5016E-04  1.3476E-04  9.4802E-05
       1.1021E-04  1.2750E-04  1.5696E-04  1.7704E-04  1.8889E-04  1.8087E-04  1.5189E-04  1.4469E-04  1.2078E-04  1.1295E-04
       1.0517E-04  1.3177E-04  1.5055E-04  1.7468E-04  1.7877E-04  1.7808E-04  1.5515E-04  1.4197E-04  1.2809E-04  1.0869E-04
       1.0137E-04  1.2321E-04  1.4693E-04  1.5089E-04  1.6222E-04  1.6623E-04  1.4524E-04  1.4028E-04  1.1800E-04  1.0253E-04
       9.5415E-05  1.1727E-04  1.2371E-04  1.3537E-04  1.5888E-04  1.5146E-04  1.3548E-04  1.4375E-04  1.1665E-04  9.4231E-05
       8.3349E-05  9.8315E-05  1.1083E-04  1.2177E-04  1.3275E-04  1.3315E-04  1.1625E-04  1.2490E-04  1.0665E-04  9.6279E-05
       7.5221E-05  8.5891E-05  9.1312E-05  1.1116E-04  1.0718E-04  9.7319E-05  1.0492E-04  1.0507E-04  8.6473E-05  8.1232E-05
       8.3923E-05  9.4844E-05  1.0730E-04  1.2716E-04  1.2843E-04  1.1728E-04  1.1102E-04  1.1397E-04  9.5872E-05  7.7693E-05
       8.0636E-05  1.0234E-04  1.1296E-04  1.3263E-04  1.3399E-04  1.2050E-04  1.1969E-04  1.0768E-04  1.0229E-04  8.1913E-05
       8.2665E-05  1.0907E-04  1.1630E-04  1.2850E-04  1.3177E-04  1.3707E-04  1.2347E-04  1.1939E-04  1.1128E-04  8.6906E-05
       8.2008E-05  1.0235E-04  1.2259E-04  1.3258E-04  1.4728E-04  1.4041E-04  1.2737E-04  1.2348E-04  1.0471E-04  7.6087E-05
       8.3847E-05  1.0086E-04  1.2079E-04  1.2985E-04  1.4282E-04  1.3650E-04  1.2455E-04  1.1359E-04  1.0021E-04  8.6396E-05
       7.8827E-05  1.1082E-04  1.2637E-04  1.2923E-04  1.5145E-04  1.3649E-04  1.1744E-04  1.1887E-04  1.0032E-04  8.2558E-05
       8.5244E-05  9.6666E-05  1.1868E-04  1.1734E-04  1.3203E-04  1.3746E-04  1.2387E-04  1.1932E-04  8.9436E-05  8.8506E-05
       7.6532E-05  9.1602E-05  9.7722E-05  1.0339E-04  1.2791E-04  1.2417E-04  1.1072E-04  1.0557E-04  8.6374E-05  8.6750E-05
       7.4344E-05  8.3721E-05  8.8819E-05  9.7089E-05  1.1672E-04  1.1122E-04  9.8425E-05  9.4111E-05  8.8620E-05  8.3489E-05
       7.1822E-05  7.2796E-05  7.7292E-05  9.6427E-05  9.2893E-05  8.7321E-05  8.3737E-05  8.6421E-05  7.4701E-05  6.5132E-05
       6.7575E-05  7.7428E-05  8.6349E-05  9.8724E-05  1.0081E-04  9.7176E-05  8.3579E-05  8.5356E-05  7.8123E-05  7.3612E-05
       7.1660E-05  7.2528E-05  8.8687E-05  1.0610E-04  1.0160E-04  1.0245E-04  9.5052E-05  8.3835E-05  8.1234E-05  6.5032E-05
       7.2539E-05  7.5745E-05  9.2224E-05  1.0843E-04  1.0172E-04  1.0815E-04  1.0053E-04  9.3949E-05  9.0656E-05  7.0636E-05
       7.3959E-05  8.0428E-05  1.0081E-04  9.8478E-05  1.0957E-04  1.0270E-04  1.1205E-04  1.0201E-04  8.6679E-05  6.5514E-05
       6.6449E-05  7.8267E-05  9.5777E-05  1.0364E-04  1.0922E-04  1.0368E-04  1.1515E-04  8.9991E-05  8.7193E-05  7.5327E-05
       6.6431E-05  8.9040E-05  1.0137E-04  9.7523E-05  1.0474E-04  1.0349E-04  1.0158E-04  8.8364E-05  8.3085E-05  6.4325E-05
       7.5235E-05  7.7949E-05  1.0426E-04  1.0523E-04  1.1096E-04  1.0390E-04  1.0109E-04  9.2567E-05  7.6028E-05  7.6634E-05
       6.1294E-05  7.3082E-05  8.5630E-05  9.1768E-05  9.3718E-05  1.0243E-04  8.9847E-05  8.0355E-05  7.1612E-05  7.2243E-05
       6.6021E-05  7.3862E-05  8.0927E-05  7.9628E-05  9.0611E-05  9.4405E-05  8.5385E-05  8.1185E-05  6.5188E-05  7.5221E-05
       6.9459E-05  6.8482E-05  6.9689E-05  8.0083E-05  8.0590E-05  8.0611E-05  7.8947E-05  7.9193E-05  7.0942E-05  6.1199E-05
       6.5340E-05  6.5398E-05  8.2154E-05  8.4681E-05  9.9526E-05  8.0000E-05  8.4733E-05  8.3886E-05  7.4387E-05  6.9313E-05
       7.2745E-05  7.1876E-05  8.0966E-05  8.2332E-05  8.9648E-05  9.2765E-05  8.7307E-05  7.1376E-05  7.1834E-05  6.9916E-05
       6.7510E-05  7.0820E-05  8.2833E-05  8.6928E-05  9.0415E-05  8.9009E-05  8.7191E-05  7.9862E-05  7.3057E-05  7.3963E-05
       6.9298E-05  6.8344E-05  8.3177E-05  8.4636E-05  8.7522E-05  9.0221E-05  8.9894E-05  9.0719E-05  6.9573E-05  6.1871E-05
       5.7993E-05  6.9344E-05  8.6600E-05  9.5418E-05  9.2190E-05  7.9822E-05  8.6284E-05  7.9703E-05  7.7128E-05  7.3584E-05
       6.5300E-05  7.1627E-05  8.8781E-05  8.7898E-05  8.4794E-05  8.6961E-05  9.2981E-05  7.6624E-05  7.6682E-05  6.8785E-05
       5.5621E-05  7.0235E-05  8.5375E-05  7.9718E-05  9.2104E-05  8.9726E-05  8.2695E-05  8.3666E-05  6.4136E-05  6.7905E-05
       5.7590E-05  7.0515E-05  7.0247E-05  7.7796E-05  8.3829E-05  8.9419E-05  7.7264E-05  6.9037E-05  6.3528E-05  6.0056E-05
       6.4129E-05  7.2401E-05  7.0722E-05  7.5577E-05  7.4910E-05  8.2316E-05  7.7518E-05  7.5616E-05  6.8935E-05  6.7320E-05
       6.0727E-05  6.8263E-05  6.7819E-05  7.7295E-05  7.3478E-05  8.4098E-05  8.0304E-05  6.8973E-05  6.9570E-05  6.6805E-05
       6.5335E-05  7.1825E-05  6.8724E-05  8.1613E-05  7.8254E-05  8.0506E-05  8.3744E-05  7.5540E-05  7.6914E-05  6.9439E-05
       6.7506E-05  7.4913E-05  7.5209E-05  7.6309E-05  9.0546E-05  7.8808E-05  8.5604E-05  7.9922E-05  6.7427E-05  6.6205E-05
       6.5260E-05  7.0780E-05  8.3849E-05  9.2119E-05  8.1556E-05  8.3880E-05  8.5775E-05  8.1903E-05  7.0416E-05  6.8008E-05
       6.5785E-05  7.1729E-05  8.8446E-05  8.5054E-05  7.7289E-05  9.0703E-05  7.7982E-05  7.9677E-05  6.7127E-05  6.7706E-05
       6.6831E-05  6.5399E-05  7.9168E-05  8.6496E-05  7.4030E-05  8.0183E-05  7.5397E-05  8.2187E-05  7.6294E-05  6.9683E-05
       6.8105E-05  7.1754E-05  7.8721E-05  7.9582E-05  8.2821E-05  8.2146E-05  7.9973E-05  7.9924E-05  7.2231E-05  6.5995E-05
       6.6848E-05  6.2390E-05  7.7288E-05  7.8009E-05  7.8696E-05  7.8431E-05  8.3929E-05  7.5590E-05  6.5766E-05  6.8568E-05
       6.2989E-05  6.3660E-05  8.2917E-05  7.8680E-05  7.9609E-05  7.2033E-05  6.8426E-05  6.9151E-05  6.8681E-05  6.4388E-05
       6.5285E-05  7.0286E-05  7.5803E-05  6.6303E-05  7.1810E-05  7.1252E-05  7.7760E-05  7.4128E-05  6.3806E-05  6.8978E-05

      Percentage errors follow in a matrix A(ix,iy,iz), format (1(5x,1p,10(1x,e11.4)))

       1.8226E+00  2.6929E+00  2.1168E+00  2.0839E+00  2.1260E+00  1.9142E+00  2.0292E+00  3.0090E+00  2.4105E+00  3.3093E+00
       2.6634E+00  2.4863E+00  2.5001E+00  2.3163E+00  2.4823E+00  2.9361E+00  2.5252E+00  2.6977E+00  2.1620E+00  2.9652E+00
       2.5922E+00  2.7562E+00  2.7032E+00  2.0905E+00  3.1595E+00  2.7387E+00  2.0471E+00  2.2509E+00  2.9251E+00  3.6423E+00
       2.8732E+00  3.0606E+00  2.3705E+00  3.0320E+00  1.9825E+00  1.6274E+00  2.0454E+00  2.2585E+00  2.4217E+00  3.6983E+00
       3.1744E+00  3.0900E+00  2.8985E+00  1.9893E+00  3.7090E+00  2.4616E+00  2.0237E+00  3.1783E+00  3.1283E+00  2.7803E+00
       3.3359E+00  2.2279E+00  3.1518E+00  2.9885E+00  2.6471E+00  2.7265E+00  2.1755E+00  2.9493E+00  1.9694E+00  3.4169E+00
       2.7369E+00  2.6927E+00  2.9432E+00  3.0174E+00  2.4149E+00  1.9153E+00  3.1497E+00  2.8693E+00  2.9956E+00  2.1273E+00
       2.6622E+00  2.9976E+00  3.4345E+00  2.3510E+00  1.7798E+00  1.8204E+00  3.0707E+00  2.7792E+00  3.3009E+00  2.8374E+00
       3.2578E+00  2.4187E+00  2.1537E+00  2.7020E+00  2.6157E+00  9.1773E-01  2.4405E+00  2.9686E+00  2.5801E+00  3.0120E+00
       2.4236E+00  2.1155E+00  2.7520E+00  2.6327E+00  2.2704E+00  1.8347E+00  2.4474E+00  3.6552E+00  2.6237E+00  3.2857E+00
       3.1899E+00  2.3720E+00  2.6868E+00  2.2465E+00  3.2499E+00  2.3884E+00  2.1428E+00  2.4588E+00  3.7215E+00  3.5661E+00
       3.5689E+00  2.7118E+00  3.0147E+00  2.9300E+00  2.4065E+00  3.0024E+00  2.3426E+00  3.2128E+00  2.7789E+00  3.8577E+00
       2.9945E+00  3.1520E+00  3.1327E+00  2.3862E+00  2.5829E+00  3.0673E+00  1.8199E+00  2.2315E+00  2.4888E+00  4.0133E+00
       2.9927E+00  3.4564E+00  2.3618E+00  2.7072E+00  2.4728E+00  2.1056E+00  2.4175E+00  3.4376E+00  2.9541E+00  4.1999E+00
       3.0581E+00  4.2115E+00  3.3792E+00  3.1391E+00  3.3580E+00  3.1846E+00  2.1669E+00  4.1380E+00  2.7957E+00  3.0058E+00
       3.4479E+00  2.3467E+00  3.1193E+00  3.5465E+00  2.8699E+00  3.2380E+00  2.5577E+00  3.4098E+00  2.4229E+00  2.9502E+00
       3.2570E+00  3.2196E+00  2.9644E+00  3.0834E+00  2.1675E+00  2.6391E+00  3.1500E+00  3.2806E+00  2.6652E+00  3.1066E+00
       3.1591E+00  2.4204E+00  3.5539E+00  2.7149E+00  2.2628E+00  3.5275E+00  3.1372E+00  3.4031E+00  3.6626E+00  2.5071E+00
       4.1853E+00  3.0241E+00  2.7000E+00  3.5362E+00  3.1124E+00  2.1702E+00  2.9687E+00  3.3241E+00  2.8991E+00  4.0790E+00
       4.4141E+00  3.7574E+00  3.7248E+00  2.9671E+00  2.4132E+00  2.3777E+00  2.9620E+00  3.3287E+00  3.3538E+00  3.3603E+00
       4.3844E+00  2.8541E+00  3.8483E+00  3.8496E+00  3.7081E+00  3.0181E+00  3.4929E+00  3.5185E+00  3.7401E+00  4.2098E+00
       5.6106E+00  2.8520E+00  4.1592E+00  4.1945E+00  2.3968E+00  3.9922E+00  3.4782E+00  3.6983E+00  3.4289E+00  3.6213E+00
       4.3071E+00  3.0914E+00  3.2275E+00  2.5486E+00  2.3583E+00  4.0406E+00  3.0745E+00  3.0186E+00  2.7635E+00  4.2101E+00
       4.0331E+00  3.5902E+00  3.5378E+00  2.9779E+00  2.2249E+00  3.6480E+00  4.3180E+00  3.5205E+00  3.9668E+00  4.5970E+00
       4.3102E+00  3.3376E+00  3.3138E+00  3.2325E+00  3.1520E+00  3.5694E+00  3.2195E+00  4.1427E+00  4.3766E+00  3.1216E+00
       4.9062E+00  2.6315E+00  4.5475E+00  3.3213E+00  2.7809E+00  2.1823E+00  3.6578E+00  3.9311E+00  3.5710E+00  3.0394E+00
       4.5686E+00  4.4517E+00  3.6766E+00  4.2853E+00  2.7854E+00  3.1729E+00  3.2635E+00  3.7210E+00  3.4808E+00  3.8260E+00
       5.8478E+00  3.5192E+00  2.4959E+00  3.3309E+00  2.9124E+00  3.4270E+00  4.4584E+00  3.6449E+00  4.4228E+00  3.3106E+00
       2.9733E+00  3.2832E+00  4.5851E+00  3.9090E+00  3.4388E+00  2.9780E+00  2.9240E+00  3.0291E+00  3.7373E+00  3.2030E+00
       5.6748E+00  3.7443E+00  4.9840E+00  4.2982E+00  3.7831E+00  3.1679E+00  3.1496E+00  4.5756E+00  5.4353E+00  3.8716E+00
       5.2734E+00  3.3036E+00  4.4411E+00  4.5448E+00  3.9430E+00  4.3430E+00  4.8992E+00  4.1713E+00  4.5126E+00  4.9725E+00
       4.4802E+00  3.4880E+00  3.2555E+00  3.3117E+00  2.7709E+00  4.3078E+00  4.6144E+00  5.0497E+00  4.2958E+00  5.0451E+00
       4.3707E+00  4.2711E+00  4.3207E+00  3.6781E+00  2.2047E+00  3.6024E+00  3.1279E+00  3.8513E+00  2.8784E+00  4.6521E+00
       4.9792E+00  4.4673E+00  3.4709E+00  2.5424E+00  2.2027E+00  3.6446E+00  3.2256E+00  5.0272E+00  5.1433E+00  4.1699E+00
       4.6954E+00  4.1215E+00  3.6011E+00  3.1614E+00  3.7938E+00  3.3105E+00  3.0787E+00  3.9652E+00  4.1416E+00  5.5806E+00
       4.8604E+00  3.9069E+00  3.7879E+00  3.0097E+00  3.8172E+00  2.5069E+00  5.3759E+00  2.9416E+00  3.7844E+00  3.5813E+00
       5.2882E+00  3.8652E+00  3.0926E+00  3.6900E+00  4.5266E+00  3.4272E+00  3.4347E+00  4.0970E+00  3.9154E+00  4.4457E+00
       6.9354E+00  2.1761E+00  3.9461E+00  3.9002E+00  3.0857E+00  2.7327E+00  4.0203E+00  4.1354E+00  3.4143E+00  4.6270E+00
       5.0827E+00  3.4437E+00  3.8376E+00  4.5450E+00  3.9899E+00  3.8548E+00  3.5873E+00  5.0193E+00  4.4775E+00  5.0146E+00
       4.3307E+00  4.1067E+00  4.0956E+00  4.0300E+00  5.0160E+00  3.7972E+00  5.2769E+00  4.3224E+00  3.6852E+00  5.0185E+00
       5.2828E+00  3.9163E+00  5.6775E+00  4.8772E+00  5.2456E+00  5.9275E+00  3.7614E+00  5.0817E+00  4.3751E+00  5.4501E+00
       5.4317E+00  4.3962E+00  4.7379E+00  4.4434E+00  4.8317E+00  4.6802E+00  4.8805E+00  5.6278E+00  3.8038E+00  4.8233E+00
       7.5578E+00  4.2646E+00  3.8902E+00  4.9631E+00  3.7020E+00  3.8428E+00  3.2476E+00  4.3279E+00  3.6006E+00  4.1979E+00
       4.3082E+00  5.3183E+00  3.8381E+00  4.2841E+00  4.0025E+00  4.0675E+00  3.8811E+00  7.1355E+00  4.4690E+00  4.5168E+00
       5.0797E+00  4.5309E+00  5.0137E+00  3.5003E+00  5.2892E+00  4.7565E+00  5.2281E+00  3.9385E+00  4.5053E+00  6.0507E+00
       4.8010E+00  3.1673E+00  3.6127E+00  3.8266E+00  4.7284E+00  4.5304E+00  4.8821E+00  4.5831E+00  5.0027E+00  5.6196E+00
       5.6561E+00  4.5223E+00  4.5505E+00  4.8775E+00  4.0777E+00  4.2889E+00  5.2390E+00  3.9675E+00  3.9990E+00  4.7437E+00
       6.2952E+00  3.6152E+00  3.8464E+00  4.4419E+00  3.7420E+00  4.6661E+00  4.2152E+00  5.0077E+00  5.0487E+00  7.0761E+00
       5.7671E+00  4.1880E+00  4.5657E+00  5.8087E+00  3.0077E+00  4.6596E+00  4.7557E+00  4.6022E+00  6.4278E+00  7.0191E+00
       5.4868E+00  7.2735E+00  5.3286E+00  4.3179E+00  4.4619E+00  4.8726E+00  4.8399E+00  3.9298E+00  4.9925E+00  6.8492E+00
       6.8262E+00  8.4068E+00  4.0763E+00  5.8180E+00  6.0889E+00  6.5215E+00  4.1344E+00  5.1613E+00  6.0471E+00  6.6779E+00
       7.8519E+00  7.4343E+00  5.4829E+00  4.5910E+00  6.8290E+00  4.6136E+00  4.0861E+00  5.2637E+00  4.1533E+00  6.0374E+00
       7.6317E+00  6.0965E+00  4.6952E+00  6.1363E+00  4.4637E+00  4.8950E+00  2.6313E+00  3.6057E+00  3.6472E+00  6.4179E+00
       4.8108E+00  4.2777E+00  4.2773E+00  5.4782E+00  3.5284E+00  4.1621E+00  4.9247E+00  5.2599E+00  4.7352E+00  6.0092E+00
       7.2137E+00  4.7697E+00  3.9263E+00  5.0206E+00  5.9565E+00  5.0750E+00  4.4409E+00  3.4173E+00  5.2944E+00  6.8453E+00
       6.8272E+00  5.9672E+00  6.3074E+00  4.2675E+00  4.1741E+00  3.5707E+00  6.1555E+00  4.7111E+00  5.4616E+00  5.9377E+00
       8.3697E+00  6.7291E+00  5.8770E+00  5.6958E+00  5.1510E+00  4.5680E+00  5.9029E+00  4.6780E+00  6.5498E+00  4.9591E+00
       4.6093E+00  5.8523E+00  6.0504E+00  5.5559E+00  4.3331E+00  5.6052E+00  4.3827E+00  3.8329E+00  6.4143E+00  6.8431E+00
       5.6215E+00  7.3390E+00  6.3073E+00  5.5128E+00  4.6593E+00  5.6950E+00  4.9386E+00  5.0551E+00  5.2735E+00  8.2067E+00
       6.1529E+00  5.1984E+00  5.0994E+00  3.7615E+00  4.3539E+00  4.8310E+00  6.3166E+00  5.1275E+00  4.8852E+00  4.5393E+00
       6.8554E+00  7.5826E+00  5.8547E+00  6.4423E+00  4.7930E+00  5.0640E+00  5.7263E+00  5.8799E+00  5.2557E+00  6.5744E+00
       7.4827E+00  6.5135E+00  7.1854E+00  5.8996E+00  5.3488E+00  6.3346E+00  4.6985E+00  3.9463E+00  3.7957E+00  4.6547E+00
       8.4252E+00  7.8397E+00  5.7432E+00  6.9747E+00  4.4536E+00  5.0672E+00  4.3118E+00  5.3825E+00  4.8394E+00  6.0190E+00
       5.1132E+00  4.8913E+00  4.6969E+00  4.1471E+00  4.4369E+00  3.2590E+00  4.4007E+00  4.1603E+00  6.0125E+00  7.1887E+00
       7.2248E+00  6.3104E+00  5.0766E+00  6.1123E+00  4.5673E+00  5.8104E+00  4.6925E+00  4.9042E+00  6.0115E+00  8.3748E+00
       6.8258E+00  6.9730E+00  4.9230E+00  5.7700E+00  4.5194E+00  7.4742E+00  7.1213E+00  7.2545E+00  6.8919E+00  6.4764E+00
       7.5084E+00  6.5707E+00  6.7940E+00  4.8146E+00  5.0931E+00  6.5069E+00  7.1074E+00  3.7499E+00  6.0072E+00  5.0833E+00
       6.2292E+00  6.0724E+00  7.2386E+00  5.5585E+00  6.4600E+00  4.4494E+00  5.8666E+00  5.2479E+00  7.5313E+00  7.1797E+00
       8.0674E+00  7.4928E+00  7.5754E+00  5.7253E+00  5.3622E+00  5.1330E+00  5.7778E+00  6.1100E+00  5.6175E+00  8.6153E+00
       7.4350E+00  5.8611E+00  5.7703E+00  5.4251E+00  3.2893E+00  6.0852E+00  8.0233E+00  5.1108E+00  5.9938E+00  5.5028E+00
       6.2647E+00  6.5399E+00  5.9175E+00  4.7276E+00  6.4760E+00  2.7417E+00  7.8606E+00  3.8906E+00  5.0044E+00  7.0539E+00
       7.5861E+00  5.5048E+00  5.5947E+00  8.1092E+00  5.9626E+00  4.8882E+00  6.2985E+00  4.7808E+00  5.7728E+00  8.6574E+00
       8.9476E+00  7.0734E+00  5.8532E+00  6.8202E+00  5.1526E+00  5.1887E+00  4.8190E+00  6.3467E+00  6.0644E+00  8.0420E+00
       7.2367E+00  6.0545E+00  5.6648E+00  3.5698E+00  5.5110E+00  4.0257E+00  6.9998E+00  5.6962E+00  4.5190E+00  6.6008E+00
       8.3436E+00  6.3509E+00  6.9840E+00  5.8978E+00  5.0462E+00  4.0743E+00  5.7600E+00  5.4697E+00  4.9386E+00  8.4991E+00
       8.2738E+00  8.3807E+00  6.0916E+00  8.7524E+00  4.0222E+00  6.7514E+00  7.6485E+00  4.6716E+00  5.6709E+00  9.0866E+00
       8.2746E+00  6.4293E+00  7.5108E+00  7.0306E+00  6.2116E+00  5.2916E+00  6.7573E+00  7.0972E+00  7.9655E+00  8.4105E+00
       7.5003E+00  5.9269E+00  4.6938E+00  6.5027E+00  5.7158E+00  5.7467E+00  5.7672E+00  7.3863E+00  8.2604E+00  7.0166E+00
       8.9093E+00  6.1937E+00  8.3037E+00  5.9495E+00  5.6190E+00  5.9297E+00  6.1129E+00  5.9345E+00  8.1611E+00  5.0540E+00
       7.0952E+00  6.8069E+00  5.0405E+00  6.8941E+00  4.9759E+00  5.6087E+00  6.4494E+00  5.6166E+00  6.8065E+00  6.9844E+00
       6.2963E+00  8.3925E+00  4.5031E+00  6.3314E+00  5.0201E+00  6.6073E+00  5.1593E+00  5.2561E+00  7.3205E+00  5.5432E+00
       8.5058E+00  7.7068E+00  7.1752E+00  7.2686E+00  7.4864E+00  4.7144E+00  5.3756E+00  8.0792E+00  5.0398E+00  8.2369E+00
       8.0270E+00  7.0051E+00  9.1780E+00  8.4006E+00  4.3558E+00  5.2470E+00  6.3108E+00  7.8921E+00  8.1315E+00  7.5284E+00
       7.2090E+00  7.3133E+00  7.5270E+00  6.5560E+00  6.1066E+00  6.6264E+00  7.1048E+00  5.3881E+00  6.8198E+00  7.3902E+00
       8.3164E+00  8.2452E+00  7.4293E+00  5.8791E+00  4.8439E+00  6.3133E+00  5.8191E+00  5.0217E+00  5.2874E+00  6.8279E+00
       7.9478E+00  7.6781E+00  5.1280E+00  6.1343E+00  5.4078E+00  6.2726E+00  6.1969E+00  4.1648E+00  7.4790E+00  6.7223E+00
       6.5501E+00  6.9725E+00  6.8466E+00  8.0586E+00  6.2957E+00  5.3628E+00  4.9467E+00  6.3691E+00  6.1189E+00  7.7289E+00
       5.5268E+00  6.5914E+00  5.8198E+00  7.7922E+00  6.8237E+00  4.5634E+00  5.4911E+00  6.0786E+00  9.2146E+00  7.8066E+00
       8.3585E+00  8.1193E+00  7.3761E+00  7.6501E+00  7.3079E+00  5.7119E+00  5.2104E+00  6.4681E+00  7.7444E+00  6.3313E+00
       8.7261E+00  5.5181E+00  5.2956E+00  6.0134E+00  5.8913E+00  6.5232E+00  5.4039E+00  4.6679E+00  6.7056E+00  7.3600E+00
       8.5555E+00  5.6614E+00  6.6935E+00  4.4007E+00  6.8259E+00  4.8485E+00  4.5796E+00  7.1886E+00  6.5360E+00  5.5795E+00
       9.3615E+00  6.4154E+00  6.7758E+00  6.3059E+00  5.8443E+00  6.0489E+00  6.2609E+00  5.8852E+00  5.8898E+00  9.3154E+00
       6.1546E+00  6.3841E+00  6.2212E+00  8.3147E+00  5.9430E+00  5.4724E+00  6.4370E+00  7.8379E+00  6.5378E+00  6.5934E+00
       5.2130E+00  7.6790E+00  6.9909E+00  6.4989E+00  7.3515E+00  6.0070E+00  5.9168E+00  7.0497E+00  7.5750E+00  5.2956E+00
       6.9708E+00  7.9864E+00  5.9752E+00  5.3668E+00  6.1107E+00  6.7360E+00  6.3114E+00  4.8108E+00  8.9543E+00  6.6857E+00
       6.5261E+00  5.6600E+00  6.6248E+00  6.0872E+00  6.0449E+00  4.7165E+00  6.6370E+00  7.0557E+00  8.4236E+00  6.5548E+00
       5.9646E+00  5.9000E+00  7.0836E+00  7.7287E+00  7.1631E+00  5.1673E+00  6.1713E+00  5.9121E+00  5.6949E+00  5.6631E+00
       7.8737E+00  5.9003E+00  7.1701E+00  7.5242E+00  5.2759E+00  6.6107E+00  7.4756E+00  7.9946E+00  5.8428E+00  7.2015E+00
       7.9675E+00  6.7841E+00  6.2405E+00  4.4150E+00  5.2098E+00  5.0113E+00  6.1740E+00  6.1100E+00  8.0528E+00  8.8106E+00
       9.8379E+00  6.4021E+00  6.0996E+00  6.5878E+00  5.8921E+00  6.2802E+00  7.3096E+00  6.1260E+00  7.6284E+00  4.5757E+00
