1
   Cartesian binning n.   1  "DoseEq    " , generalized particle n.  240
      X coordinate: from -8.5000E+01 to  8.5000E+01 cm,    10 bins ( 1.7000E+01 cm wide)
      Y coordinate: from -2.5000E+01 to  2.5000E+01 cm,    10 bins ( 5.0000E+00 cm wide)
      Z coordinate: from  2.2500E+02 to  2.7500E+02 cm,    10 bins ( 5.0000E+00 cm wide)
      Data follow in a matrix A(ix,iy,iz), format (1(5x,1p,10(1x,e11.4)))

      accurate deposition along the tracks requested
      this is a track-length binning
       3.1591E-04  3.8114E-04  4.0299E-04  4.5041E-04  4.5677E-04  4.7763E-04  4.4369E-04  4.1438E-04  3.7190E-04  3.2246E-04
       3.5610E-04  4.3622E-04  4.9274E-04  5.2236E-04  5.0497E-04  5.7301E-04  5.3449E-04  4.8169E-04  4.3677E-04  3.7667E-04
       3.7752E-04  4.4598E-04  5.1612E-04  5.1684E-04  5.4637E-04  5.6494E-04  5.4528E-04  4.9583E-04  4.7558E-04  3.7746E-04
       3.8765E-04  4.6738E-04  5.3858E-04  5.4414E-04  5.7030E-04  6.0786E-04  5.6119E-04  4.9420E-04  4.4230E-04  3.8923E-04
       3.9344E-04  4.7047E-04  5.2680E-04  5.7611E-04  5.8237E-04  5.8679E-04  5.6063E-04  5.0643E-04  4.6888E-04  3.8827E-04
       3.8562E-04  4.6618E-04  5.2199E-04  5.8538E-04  6.1157E-04  5.8587E-04  5.5291E-04  5.3095E-04  4.7001E-04  3.8907E-04
       3.8116E-04  4.7464E-04  5.0888E-04  5.7030E-04  5.7073E-04  5.9453E-04  5.6367E-04  5.3584E-04  4.5241E-04  3.8847E-04
       3.7970E-04  4.5366E-04  5.1616E-04  5.6600E-04  5.4743E-04  5.6957E-04  5.4298E-04  4.9139E-04  4.4314E-04  3.8459E-04
       3.6392E-04  4.4804E-04  5.0932E-04  5.2234E-04  5.3050E-04  5.4716E-04  5.3689E-04  4.8243E-04  4.2270E-04  3.6282E-04
       3.1085E-04  3.7869E-04  4.3314E-04  4.4878E-04  4.6557E-04  4.6718E-04  4.5404E-04  4.5021E-04  3.8160E-04  3.3450E-04
       2.4043E-04  2.8856E-04  3.1174E-04  3.4312E-04  3.7743E-04  3.8581E-04  3.3504E-04  3.2200E-04  2.8173E-04  2.3104E-04
       2.8917E-04  3.5864E-04  4.1061E-04  4.3587E-04  4.4039E-04  4.6378E-04  4.4700E-04  3.8619E-04  3.6150E-04  2.7033E-04
       3.0289E-04  3.9383E-04  4.3212E-04  4.4628E-04  4.8441E-04  4.7170E-04  4.7353E-04  4.1831E-04  3.8816E-04  3.0320E-04
       3.0396E-04  4.1517E-04  4.4280E-04  4.7174E-04  4.9732E-04  5.1261E-04  5.0557E-04  4.4103E-04  3.8878E-04  3.0239E-04
       3.1367E-04  4.0956E-04  4.3888E-04  4.8954E-04  5.1265E-04  5.2978E-04  4.9731E-04  4.4892E-04  4.2260E-04  3.1573E-04
       3.0410E-04  4.0041E-04  4.5053E-04  5.0168E-04  5.2059E-04  5.3723E-04  4.9809E-04  4.5105E-04  3.8448E-04  3.0946E-04
       2.9731E-04  3.8854E-04  4.3433E-04  4.7944E-04  4.8964E-04  5.3527E-04  5.0037E-04  4.5187E-04  3.9796E-04  2.9826E-04
       2.9673E-04  3.7798E-04  4.2988E-04  4.7722E-04  4.8396E-04  4.9769E-04  4.5977E-04  4.1827E-04  3.8486E-04  2.9495E-04
       2.8314E-04  3.3852E-04  3.9418E-04  4.2305E-04  4.5157E-04  4.4067E-04  4.4233E-04  3.9632E-04  3.3621E-04  2.7437E-04
       2.2310E-04  2.8673E-04  3.3225E-04  3.3227E-04  3.8981E-04  3.6456E-04  3.5924E-04  3.2541E-04  2.8430E-04  2.4829E-04
       1.7996E-04  2.2019E-04  2.3936E-04  2.4925E-04  2.7924E-04  2.7398E-04  2.7162E-04  2.4137E-04  2.3567E-04  1.5640E-04
       2.0528E-04  2.7063E-04  3.0131E-04  3.2134E-04  3.4761E-04  3.3704E-04  3.2368E-04  2.8574E-04  2.7494E-04  2.0051E-04
       2.1408E-04  2.8949E-04  3.1689E-04  3.6401E-04  3.8594E-04  3.7686E-04  3.6441E-04  3.1335E-04  2.9381E-04  2.2462E-04
       2.4015E-04  3.1022E-04  3.4841E-04  3.6264E-04  4.0567E-04  4.1199E-04  3.8445E-04  3.4497E-04  3.1421E-04  2.3936E-04
       2.3402E-04  3.1571E-04  3.4567E-04  3.9221E-04  4.1112E-04  4.1546E-04  3.8453E-04  3.5916E-04  3.1529E-04  2.4216E-04
       2.2917E-04  3.2175E-04  3.4884E-04  3.9724E-04  4.1755E-04  4.1348E-04  3.9171E-04  3.5601E-04  3.0670E-04  2.4131E-04
       2.2555E-04  3.0549E-04  3.4712E-04  3.7179E-04  3.8504E-04  4.1512E-04  3.8772E-04  3.6715E-04  3.0564E-04  2.3384E-04
       2.3288E-04  2.8836E-04  3.3508E-04  3.6726E-04  3.7036E-04  3.7568E-04  3.5672E-04  3.2469E-04  2.8700E-04  2.1812E-04
       2.0211E-04  2.4916E-04  2.8116E-04  3.2346E-04  3.4400E-04  3.3715E-04  3.5050E-04  2.9313E-04  2.4117E-04  2.0008E-04
       1.6320E-04  2.0372E-04  2.4263E-04  2.6606E-04  2.7471E-04  2.8278E-04  2.7025E-04  2.3109E-04  2.1177E-04  1.7472E-04
       1.2274E-04  1.5825E-04  1.6567E-04  2.0504E-04  2.1434E-04  2.0355E-04  2.2004E-04  1.8205E-04  1.8461E-04  1.2356E-04
       1.5506E-04  2.0074E-04  2.4217E-04  2.4312E-04  2.6276E-04  2.5432E-04  2.6532E-04  2.3145E-04  2.0723E-04  1.5008E-04
       1.7049E-04  2.2367E-04  2.4942E-04  2.6357E-04  3.0237E-04  2.8689E-04  2.8250E-04  2.4368E-04  2.1895E-04  1.6566E-04
       1.8042E-04  2.5437E-04  2.6774E-04  3.0229E-04  3.2159E-04  3.1511E-04  2.9731E-04  2.6102E-04  2.3548E-04  1.6712E-04
       1.8453E-04  2.4164E-04  2.8270E-04  3.1986E-04  3.3655E-04  3.0233E-04  2.9902E-04  2.7254E-04  2.4876E-04  1.8498E-04
       1.8404E-04  2.2653E-04  2.8550E-04  3.0332E-04  3.1794E-04  3.0654E-04  2.9977E-04  2.7904E-04  2.3035E-04  1.8027E-04
       1.7759E-04  2.3883E-04  2.8194E-04  2.9244E-04  3.0386E-04  3.0311E-04  2.9093E-04  2.7960E-04  2.3147E-04  1.7643E-04
       1.7248E-04  2.1876E-04  2.6095E-04  2.8112E-04  2.8427E-04  2.9658E-04  2.7656E-04  2.5169E-04  2.1691E-04  1.5688E-04
       1.4817E-04  1.9115E-04  2.3407E-04  2.5026E-04  2.5175E-04  2.4184E-04  2.5509E-04  2.0613E-04  1.8970E-04  1.5641E-04
       1.3185E-04  1.6858E-04  1.9243E-04  2.0720E-04  2.1839E-04  2.1411E-04  1.9572E-04  1.7701E-04  1.6186E-04  1.4032E-04
       9.5645E-05  1.2002E-04  1.3134E-04  1.6978E-04  1.4777E-04  1.5328E-04  1.6737E-04  1.4994E-04  1.3254E-04  1.0456E-04
       1.2476E-04  1.5814E-04  1.8841E-04  2.0126E-04  1.9788E-04  2.0075E-04  2.0240E-04  1.8290E-04  1.6308E-04  1.2579E-04
       1.2999E-04  1.7197E-04  1.9740E-04  2.0674E-04  2.2662E-04  2.2113E-04  2.2008E-04  1.8087E-04  1.6371E-04  1.2144E-04
       1.3291E-04  1.7754E-04  2.1701E-04  2.1821E-04  2.3415E-04  2.3845E-04  2.4004E-04  1.9842E-04  1.8441E-04  1.2770E-04
       1.3498E-04  1.8047E-04  2.0932E-04  2.2685E-04  2.4828E-04  2.3420E-04  2.3657E-04  2.0082E-04  1.9248E-04  1.5126E-04
       1.4092E-04  1.7903E-04  2.2510E-04  2.3867E-04  2.4592E-04  2.4338E-04  2.2827E-04  2.0650E-04  1.7813E-04  1.4102E-04
       1.3570E-04  1.6520E-04  2.0757E-04  2.1977E-04  2.2837E-04  2.4253E-04  2.3447E-04  2.0623E-04  1.7558E-04  1.3925E-04
       1.2821E-04  1.7215E-04  2.0822E-04  2.2604E-04  2.1754E-04  2.2580E-04  2.0891E-04  1.8900E-04  1.5713E-04  1.2645E-04
       1.0694E-04  1.6132E-04  1.7701E-04  1.9848E-04  1.9924E-04  1.8617E-04  1.8782E-04  1.6027E-04  1.4120E-04  1.2232E-04
       9.9637E-05  1.3415E-04  1.4704E-04  1.6070E-04  1.7502E-04  1.6786E-04  1.5040E-04  1.4179E-04  1.2242E-04  1.1121E-04
       7.9416E-05  9.7187E-05  1.1419E-04  1.2775E-04  1.3497E-04  1.1679E-04  1.1953E-04  1.1145E-04  9.9763E-05  8.5017E-05
       9.2833E-05  1.2213E-04  1.4368E-04  1.5187E-04  1.7001E-04  1.6319E-04  1.5810E-04  1.4214E-04  1.2021E-04  9.7956E-05
       1.0428E-04  1.4096E-04  1.5367E-04  1.7173E-04  1.7167E-04  1.6189E-04  1.6164E-04  1.4435E-04  1.2435E-04  9.7607E-05
       1.1422E-04  1.3473E-04  1.7807E-04  1.7600E-04  1.7817E-04  1.8654E-04  1.8564E-04  1.6153E-04  1.3991E-04  1.0415E-04
       1.0078E-04  1.3839E-04  1.8069E-04  1.7797E-04  1.7669E-04  1.8089E-04  1.7663E-04  1.5535E-04  1.3299E-04  1.0322E-04
       1.0246E-04  1.2870E-04  1.6096E-04  1.8414E-04  1.9352E-04  1.8072E-04  1.6609E-04  1.5643E-04  1.3243E-04  1.0349E-04
       1.0711E-04  1.3262E-04  1.4717E-04  1.6963E-04  1.8286E-04  1.7953E-04  1.7125E-04  1.5408E-04  1.3540E-04  1.0145E-04
       1.0081E-04  1.2620E-04  1.3999E-04  1.7528E-04  1.7689E-04  1.7760E-04  1.6670E-04  1.3428E-04  1.2571E-04  1.0384E-04
       8.4502E-05  1.2437E-04  1.3864E-04  1.5988E-04  1.6971E-04  1.5772E-04  1.4908E-04  1.2669E-04  1.0408E-04  9.8384E-05
       8.5909E-05  1.0548E-04  1.2698E-04  1.3945E-04  1.4488E-04  1.2450E-04  1.1133E-04  1.1602E-04  9.8408E-05  8.6071E-05
       7.6673E-05  8.1403E-05  9.5136E-05  9.5990E-05  1.0454E-04  9.8033E-05  9.9653E-05  9.5392E-05  8.6590E-05  7.6719E-05
       8.5327E-05  9.6936E-05  1.0523E-04  1.1611E-04  1.2643E-04  1.2155E-04  1.2088E-04  1.1410E-04  9.5649E-05  8.2107E-05
       8.6625E-05  1.0926E-04  1.2266E-04  1.3122E-04  1.2825E-04  1.1877E-04  1.2626E-04  1.1404E-04  9.9247E-05  7.3804E-05
       9.4370E-05  1.1194E-04  1.4706E-04  1.4039E-04  1.3814E-04  1.3722E-04  1.4315E-04  1.2745E-04  1.0088E-04  8.6209E-05
       9.1250E-05  1.1211E-04  1.3933E-04  1.4228E-04  1.3452E-04  1.4532E-04  1.4386E-04  1.1587E-04  1.0999E-04  8.8763E-05
       9.4101E-05  1.0562E-04  1.3211E-04  1.5770E-04  1.4655E-04  1.4852E-04  1.3000E-04  1.2626E-04  1.1026E-04  8.8195E-05
       8.7775E-05  9.3503E-05  1.1890E-04  1.3557E-04  1.3948E-04  1.4472E-04  1.3339E-04  1.1805E-04  1.1780E-04  9.1625E-05
       8.4415E-05  9.9544E-05  1.1975E-04  1.4463E-04  1.3575E-04  1.3437E-04  1.3117E-04  1.1688E-04  1.0280E-04  9.0232E-05
       7.6113E-05  9.6004E-05  1.1711E-04  1.2258E-04  1.2804E-04  1.2965E-04  1.2172E-04  1.0511E-04  9.1202E-05  7.5964E-05
       7.4066E-05  8.8573E-05  9.6000E-05  1.0138E-04  1.1926E-04  1.0030E-04  9.2149E-05  1.0078E-04  8.2204E-05  6.9792E-05
       7.0262E-05  8.1968E-05  8.0714E-05  8.7576E-05  8.9506E-05  8.6184E-05  7.9321E-05  7.8396E-05  7.4644E-05  7.4597E-05
       7.3699E-05  8.4263E-05  9.8226E-05  8.6453E-05  1.0159E-04  9.8438E-05  9.6230E-05  9.6060E-05  8.0158E-05  7.1238E-05
       7.1152E-05  7.6746E-05  1.0430E-04  1.0610E-04  9.6978E-05  9.8982E-05  9.8046E-05  9.3753E-05  8.1923E-05  6.8277E-05
       7.6126E-05  9.3792E-05  1.1062E-04  1.0988E-04  1.0742E-04  1.0785E-04  1.2430E-04  1.0198E-04  7.6712E-05  6.8775E-05
       7.9115E-05  8.7717E-05  1.0738E-04  1.1492E-04  1.0607E-04  1.1877E-04  1.0553E-04  1.0312E-04  9.1748E-05  6.6404E-05
       7.5082E-05  8.2311E-05  1.1207E-04  1.2275E-04  1.2037E-04  1.0714E-04  1.0238E-04  1.0307E-04  8.4004E-05  6.8821E-05
       7.4632E-05  8.2096E-05  1.1097E-04  1.1931E-04  1.1930E-04  1.0929E-04  9.8207E-05  9.3647E-05  9.3006E-05  6.7044E-05
       6.2771E-05  7.9519E-05  9.4993E-05  1.1826E-04  1.1259E-04  1.1413E-04  1.0768E-04  9.1198E-05  8.3075E-05  6.9844E-05
       6.1226E-05  7.3675E-05  1.0001E-04  9.7840E-05  1.0917E-04  1.1011E-04  1.0037E-04  8.1819E-05  7.0376E-05  6.3449E-05
       6.3108E-05  6.9879E-05  8.9237E-05  9.5801E-05  9.4564E-05  8.6374E-05  8.7017E-05  8.0686E-05  7.2220E-05  6.2550E-05
       6.2457E-05  6.3841E-05  6.8175E-05  7.9932E-05  8.5648E-05  8.4125E-05  6.8454E-05  6.7428E-05  7.1065E-05  7.3789E-05
       5.9279E-05  6.7537E-05  8.0886E-05  8.8885E-05  8.0792E-05  7.9935E-05  8.1384E-05  7.2899E-05  6.8717E-05  5.9858E-05
       6.3007E-05  6.7431E-05  8.1153E-05  8.2309E-05  9.3566E-05  8.1145E-05  9.1914E-05  7.8013E-05  7.7054E-05  6.2110E-05
       6.3496E-05  6.9481E-05  8.3647E-05  8.9167E-05  9.0331E-05  8.9103E-05  8.9842E-05  8.2432E-05  7.6444E-05  6.1647E-05
       7.2967E-05  6.5834E-05  8.6766E-05  9.0046E-05  9.8463E-05  9.2667E-05  8.3421E-05  8.3554E-05  7.0163E-05  6.5827E-05
       6.7661E-05  6.2620E-05  8.6549E-05  9.7937E-05  9.1831E-05  8.3509E-05  9.2166E-05  7.6685E-05  7.1952E-05  6.1417E-05
       6.0830E-05  6.8676E-05  8.9161E-05  9.2253E-05  9.7167E-05  8.8446E-05  8.7308E-05  7.8496E-05  7.5872E-05  5.9784E-05
       6.1642E-05  6.8579E-05  8.9354E-05  8.8584E-05  9.3642E-05  9.8719E-05  8.8100E-05  8.2509E-05  7.2448E-05  5.6237E-05
       5.7564E-05  7.0857E-05  8.0855E-05  7.8622E-05  8.5752E-05  8.2122E-05  7.8636E-05  8.1046E-05  7.2445E-05  5.6438E-05
       5.7943E-05  6.8743E-05  7.5370E-05  7.7762E-05  7.7091E-05  8.6042E-05  7.9745E-05  6.4543E-05  5.5031E-05  5.8399E-05
       6.2341E-05  6.2701E-05  7.1509E-05  6.7537E-05  7.2646E-05  7.2270E-05  6.7401E-05  6.4922E-05  6.2417E-05  6.6972E-05
       5.9375E-05  6.7957E-05  7.2824E-05  7.9564E-05  7.3690E-05  8.0643E-05  7.7322E-05  7.3999E-05  6.9544E-05  6.2483E-05
       6.2944E-05  6.5347E-05  6.6833E-05  7.7520E-05  7.4536E-05  7.0307E-05  8.8169E-05  8.5430E-05  7.5891E-05  5.9606E-05
       6.9370E-05  5.9613E-05  7.7439E-05  8.5095E-05  7.8692E-05  8.7808E-05  7.7791E-05  6.8609E-05  7.2972E-05  6.4384E-05
       6.3787E-05  7.1984E-05  8.5721E-05  8.1665E-05  8.0488E-05  8.5238E-05  8.1426E-05  7.1835E-05  6.8572E-05  6.1330E-05
       7.0108E-05  6.9267E-05  7.9124E-05  8.4181E-05  7.2620E-05  7.4478E-05  9.1641E-05  6.6562E-05  6.8622E-05  5.9735E-05
       6.0657E-05  7.0192E-05  8.6832E-05  7.9771E-05  7.6177E-05  8.0293E-05  8.0356E-05  7.6410E-05  7.2198E-05  6.3324E-05
       6.0153E-05  6.8300E-05  8.5522E-05  7.6378E-05  8.1421E-05  8.2993E-05  7.7968E-05  7.1272E-05  6.7753E-05  6.1381E-05
       6.1129E-05  6.8848E-05  7.3743E-05  7.2103E-05  8.1802E-05  7.9231E-05  7.2558E-05  6.9474E-05  6.7853E-05  5.7798E-05
       6.6289E-05  6.6124E-05  7.3918E-05  7.1102E-05  7.1951E-05  7.5047E-05  6.6339E-05  6.5828E-05  5.8579E-05  6.3464E-05

      Percentage errors follow in a matrix A(ix,iy,iz), format (1(5x,1p,10(1x,e11.4)))

       3.6355E+00  2.0230E+00  2.4701E+00  2.3789E+00  2.2039E+00  2.5987E+00  2.5790E+00  2.8439E+00  2.5946E+00  2.4116E+00
       2.6529E+00  3.0175E+00  2.8623E+00  2.4304E+00  1.9800E+00  2.6839E+00  2.4449E+00  2.1016E+00  3.0078E+00  2.9206E+00
       3.3112E+00  2.4656E+00  2.5705E+00  2.6329E+00  2.1271E+00  2.8572E+00  2.1415E+00  2.6929E+00  2.5662E+00  2.7656E+00
       2.5529E+00  2.5320E+00  2.1981E+00  2.6637E+00  2.6719E+00  2.1221E+00  1.9441E+00  2.6349E+00  2.5279E+00  2.8602E+00
       3.2457E+00  2.0711E+00  2.6180E+00  2.8863E+00  2.9051E+00  2.1478E+00  2.9460E+00  2.5313E+00  2.9776E+00  2.8276E+00
       3.1443E+00  3.7263E+00  2.4222E+00  1.7120E+00  2.5950E+00  2.8753E+00  1.8405E+00  2.5620E+00  2.6960E+00  2.4445E+00
       3.2224E+00  3.7035E+00  2.1226E+00  2.4919E+00  2.9687E+00  2.7176E+00  2.2549E+00  2.7112E+00  3.6316E+00  2.9584E+00
       2.4071E+00  2.4081E+00  2.6613E+00  1.9699E+00  1.9854E+00  2.0652E+00  2.2145E+00  2.7902E+00  2.4886E+00  2.3547E+00
       3.2421E+00  2.3257E+00  2.7844E+00  1.8303E+00  2.5851E+00  2.3940E+00  2.6885E+00  3.3399E+00  2.5683E+00  3.4269E+00
       3.3127E+00  2.6424E+00  2.1040E+00  2.1600E+00  2.5862E+00  2.5355E+00  2.9246E+00  4.3060E+00  2.8360E+00  3.6353E+00
       3.8780E+00  3.3149E+00  3.2273E+00  3.2507E+00  3.6874E+00  3.2115E+00  3.4020E+00  2.9287E+00  2.7612E+00  3.6634E+00
       3.8858E+00  2.7350E+00  2.5908E+00  2.4577E+00  3.0490E+00  3.9750E+00  2.9018E+00  3.7469E+00  2.9739E+00  3.2820E+00
       4.2536E+00  3.3343E+00  3.3342E+00  3.5959E+00  3.5501E+00  2.9990E+00  2.3742E+00  3.1717E+00  2.6403E+00  3.1718E+00
       3.4347E+00  2.4336E+00  2.4983E+00  3.2634E+00  2.7566E+00  2.0187E+00  2.3403E+00  2.6412E+00  3.6839E+00  3.5082E+00
       3.6275E+00  2.9222E+00  2.5139E+00  3.4732E+00  2.4073E+00  2.5041E+00  2.7266E+00  2.9793E+00  3.2693E+00  3.8320E+00
       3.3437E+00  2.9592E+00  2.9942E+00  2.3513E+00  2.7609E+00  2.2989E+00  2.5263E+00  2.5983E+00  2.9597E+00  2.3976E+00
       3.1660E+00  2.7738E+00  1.9215E+00  2.6289E+00  3.2808E+00  2.3255E+00  2.7686E+00  3.1648E+00  3.7617E+00  3.4598E+00
       3.1892E+00  3.3850E+00  2.3000E+00  2.7336E+00  2.6021E+00  3.0674E+00  2.3666E+00  2.5258E+00  3.0547E+00  3.3722E+00
       4.3551E+00  2.7307E+00  3.2113E+00  2.6132E+00  2.5412E+00  3.1443E+00  3.5692E+00  2.2310E+00  3.1185E+00  3.7905E+00
       3.0111E+00  2.8963E+00  2.9408E+00  2.6390E+00  2.9429E+00  2.8180E+00  2.9926E+00  3.6624E+00  2.6052E+00  3.8477E+00
       4.2680E+00  3.8728E+00  4.4287E+00  3.6615E+00  4.0663E+00  4.4842E+00  3.9288E+00  2.5677E+00  2.8184E+00  4.8522E+00
       3.6479E+00  3.6293E+00  3.6474E+00  3.4976E+00  2.9955E+00  3.8085E+00  3.0966E+00  3.1198E+00  3.8697E+00  3.3210E+00
       3.6882E+00  3.8316E+00  3.7757E+00  3.5459E+00  2.0142E+00  3.2708E+00  2.8104E+00  2.4364E+00  4.4584E+00  4.6021E+00
       3.8106E+00  3.2977E+00  3.0503E+00  3.6764E+00  2.7789E+00  2.6776E+00  3.1111E+00  4.2726E+00  4.1839E+00  5.1820E+00
       3.7953E+00  3.8055E+00  3.3885E+00  3.8590E+00  3.1671E+00  2.3672E+00  3.1180E+00  2.5495E+00  3.3990E+00  3.3640E+00
       2.9815E+00  2.5281E+00  3.6064E+00  2.3269E+00  3.4019E+00  2.8058E+00  3.7241E+00  3.8470E+00  3.3927E+00  3.4831E+00
       3.7233E+00  2.9173E+00  3.2072E+00  3.0741E+00  3.3370E+00  2.0740E+00  3.6154E+00  3.7872E+00  4.3029E+00  3.4398E+00
       4.0905E+00  3.8406E+00  3.2106E+00  3.1291E+00  2.4481E+00  2.1229E+00  3.4584E+00  3.3077E+00  3.4582E+00  4.4924E+00
       4.0598E+00  4.3443E+00  4.1320E+00  3.0957E+00  2.8281E+00  3.4707E+00  3.7977E+00  4.1659E+00  3.4504E+00  3.8186E+00
       3.8197E+00  5.5257E+00  3.8371E+00  3.4559E+00  3.4509E+00  3.4742E+00  3.3539E+00  2.8011E+00  3.2048E+00  3.3191E+00
       3.5222E+00  4.6663E+00  4.8035E+00  3.6957E+00  4.2248E+00  3.2540E+00  4.7326E+00  5.2243E+00  4.8328E+00  4.0253E+00
       5.2585E+00  3.3534E+00  3.7971E+00  3.9691E+00  4.5777E+00  3.0399E+00  4.5333E+00  4.9988E+00  3.9286E+00  3.9834E+00
       5.1209E+00  4.1131E+00  3.8246E+00  4.7836E+00  2.8599E+00  3.5814E+00  3.4448E+00  4.0115E+00  4.0473E+00  5.1858E+00
       4.7019E+00  3.0297E+00  3.6294E+00  3.5885E+00  2.5490E+00  3.6842E+00  3.5228E+00  3.2178E+00  3.8448E+00  5.9197E+00
       4.1496E+00  4.4666E+00  3.3056E+00  4.4122E+00  3.0019E+00  4.1822E+00  2.8048E+00  3.4771E+00  3.6174E+00  5.3738E+00
       3.5717E+00  3.9888E+00  2.7781E+00  2.5830E+00  3.1132E+00  3.0647E+00  3.6043E+00  2.8470E+00  4.0433E+00  5.7997E+00
       5.0839E+00  3.2870E+00  2.8132E+00  2.6782E+00  3.7129E+00  2.3638E+00  3.9914E+00  4.4923E+00  4.9466E+00  5.3443E+00
       4.4452E+00  4.1931E+00  3.9468E+00  3.4863E+00  3.2308E+00  2.8893E+00  3.9167E+00  3.6045E+00  3.8201E+00  5.7318E+00
       5.5318E+00  4.6405E+00  3.3302E+00  3.4281E+00  3.1461E+00  3.6713E+00  4.4748E+00  3.1998E+00  4.9190E+00  5.1645E+00
       4.2802E+00  4.7558E+00  3.9388E+00  4.3176E+00  3.4547E+00  3.5722E+00  3.4822E+00  5.0344E+00  3.8827E+00  4.1884E+00
       5.9275E+00  4.2896E+00  6.2298E+00  4.4689E+00  5.5497E+00  5.0270E+00  5.0443E+00  5.5243E+00  4.6020E+00  5.9568E+00
       5.3604E+00  5.9074E+00  4.4394E+00  3.8574E+00  5.0900E+00  4.0133E+00  5.5165E+00  3.1970E+00  4.0599E+00  5.7020E+00
       6.2757E+00  4.0325E+00  3.9603E+00  4.7838E+00  4.2508E+00  3.5958E+00  4.4344E+00  3.8923E+00  3.1485E+00  6.4193E+00
       5.1966E+00  4.8499E+00  4.0650E+00  4.1620E+00  3.9502E+00  3.8665E+00  5.1903E+00  4.3494E+00  4.4244E+00  5.3469E+00
       3.7957E+00  4.6457E+00  4.3768E+00  5.0639E+00  3.6772E+00  3.8481E+00  5.6666E+00  2.9997E+00  4.7964E+00  4.7718E+00
       5.4800E+00  4.5947E+00  3.7099E+00  4.0308E+00  4.3798E+00  4.0897E+00  4.0597E+00  3.6908E+00  5.3163E+00  7.3917E+00
       4.7275E+00  3.7708E+00  3.4624E+00  5.0112E+00  3.2706E+00  3.0967E+00  4.4805E+00  5.0042E+00  3.6565E+00  5.4984E+00
       4.7799E+00  5.3911E+00  4.8702E+00  4.2809E+00  3.5137E+00  2.8642E+00  3.5773E+00  3.9359E+00  5.6153E+00  4.3323E+00
       6.0588E+00  4.0603E+00  3.2705E+00  3.6551E+00  3.6043E+00  3.5710E+00  4.0575E+00  3.8237E+00  4.9754E+00  4.6241E+00
       6.3188E+00  6.3617E+00  5.2079E+00  4.9053E+00  4.1788E+00  3.9181E+00  5.7279E+00  4.2157E+00  3.7422E+00  5.3714E+00
       5.4943E+00  6.3224E+00  5.8317E+00  5.2953E+00  5.0855E+00  5.1789E+00  4.3904E+00  4.4937E+00  3.3248E+00  7.1650E+00
       6.4315E+00  6.2673E+00  4.3387E+00  4.6736E+00  4.6390E+00  5.3769E+00  5.6684E+00  5.4918E+00  5.1327E+00  6.5576E+00
       5.3195E+00  6.3765E+00  4.6070E+00  5.4064E+00  4.5454E+00  5.2780E+00  4.5787E+00  5.2929E+00  4.6443E+00  6.8505E+00
       4.6936E+00  5.8623E+00  4.0411E+00  4.6730E+00  4.1628E+00  5.4206E+00  4.7968E+00  3.6790E+00  6.3865E+00  5.5993E+00
       5.4500E+00  6.0814E+00  4.0576E+00  5.2097E+00  4.6243E+00  4.3912E+00  4.9935E+00  5.1136E+00  7.3608E+00  5.7062E+00
       5.8867E+00  5.9989E+00  4.6159E+00  4.1269E+00  4.8901E+00  6.3330E+00  4.4369E+00  4.2925E+00  5.4933E+00  6.9316E+00
       5.6180E+00  5.2130E+00  5.7964E+00  5.7314E+00  3.2421E+00  5.3617E+00  4.9657E+00  4.5496E+00  3.7795E+00  6.1031E+00
       4.9637E+00  5.4397E+00  3.8515E+00  4.3889E+00  4.4529E+00  5.3094E+00  3.9138E+00  3.8071E+00  5.3313E+00  4.1641E+00
       5.8740E+00  5.0193E+00  5.2739E+00  6.2483E+00  4.6079E+00  4.0144E+00  5.2846E+00  4.6491E+00  5.5491E+00  6.2785E+00
       5.0071E+00  5.4420E+00  5.1179E+00  5.3574E+00  6.6839E+00  4.2501E+00  4.6094E+00  5.4729E+00  5.8694E+00  5.0123E+00
       5.3034E+00  7.5994E+00  7.8043E+00  6.7195E+00  4.3223E+00  5.7783E+00  4.9571E+00  5.4181E+00  5.8450E+00  7.3158E+00
       6.2995E+00  6.8713E+00  4.6371E+00  5.3858E+00  4.8928E+00  4.8653E+00  5.1658E+00  5.7075E+00  6.6059E+00  7.2544E+00
       6.2139E+00  3.9567E+00  5.0861E+00  6.4821E+00  5.6505E+00  6.3178E+00  5.6905E+00  6.5544E+00  5.7287E+00  7.0445E+00
       6.2726E+00  7.7057E+00  4.4696E+00  4.8160E+00  6.2670E+00  3.9618E+00  4.7316E+00  4.1766E+00  5.4410E+00  6.2350E+00
       6.0138E+00  6.9073E+00  6.2029E+00  5.7533E+00  6.3047E+00  4.9283E+00  5.8974E+00  5.1980E+00  5.9600E+00  7.8575E+00
       7.0455E+00  5.5953E+00  5.7526E+00  3.0589E+00  5.0808E+00  4.6663E+00  4.4015E+00  5.3180E+00  6.9296E+00  6.7272E+00
       7.6258E+00  4.7593E+00  5.9470E+00  4.4085E+00  4.5308E+00  4.4574E+00  3.6462E+00  6.2043E+00  4.7029E+00  7.3987E+00
       8.0014E+00  5.5206E+00  5.1642E+00  4.5134E+00  3.8517E+00  5.1037E+00  4.3659E+00  4.9913E+00  5.8221E+00  5.6021E+00
       5.1907E+00  5.4475E+00  5.3883E+00  5.5362E+00  5.5101E+00  4.6768E+00  5.3259E+00  4.7760E+00  6.0824E+00  6.1264E+00
       6.6304E+00  4.9854E+00  7.2105E+00  6.5078E+00  4.8362E+00  4.5235E+00  5.1103E+00  5.2681E+00  8.5013E+00  6.4914E+00
       6.1528E+00  7.4313E+00  6.7328E+00  6.0141E+00  6.5536E+00  6.0808E+00  6.5548E+00  6.5696E+00  7.0446E+00  7.7365E+00
       7.9417E+00  7.0325E+00  5.8030E+00  6.1799E+00  6.4287E+00  5.2308E+00  6.2442E+00  8.2508E+00  5.7524E+00  6.5237E+00
       7.2730E+00  6.1711E+00  4.9719E+00  7.2231E+00  5.9417E+00  6.7787E+00  4.1453E+00  7.4013E+00  6.6808E+00  1.0677E+01
       9.8718E+00  7.3313E+00  4.6317E+00  5.4203E+00  6.6815E+00  7.8509E+00  5.4574E+00  3.7836E+00  5.7245E+00  7.3486E+00
       8.1871E+00  7.8203E+00  6.4730E+00  5.4704E+00  5.9538E+00  4.7547E+00  6.4216E+00  6.7757E+00  7.1690E+00  6.9441E+00
       7.8614E+00  5.4112E+00  6.5589E+00  6.2817E+00  5.1672E+00  6.5901E+00  5.4211E+00  7.1078E+00  7.8329E+00  8.6192E+00
       6.5079E+00  6.7751E+00  8.1007E+00  6.3918E+00  6.6326E+00  5.4963E+00  5.7504E+00  6.1003E+00  5.4995E+00  7.3480E+00
       6.2597E+00  6.1672E+00  7.2028E+00  6.2045E+00  5.7969E+00  5.3259E+00  4.8054E+00  6.5652E+00  5.3381E+00  5.9918E+00
       7.6587E+00  7.4653E+00  5.6596E+00  6.6287E+00  6.5777E+00  6.6701E+00  5.9182E+00  5.8228E+00  8.1652E+00  8.1859E+00
       7.3174E+00  6.4445E+00  6.7660E+00  6.3960E+00  6.3666E+00  4.5523E+00  6.4862E+00  6.1490E+00  6.1165E+00  6.6504E+00
       7.9860E+00  8.3281E+00  6.3265E+00  7.2648E+00  7.2325E+00  8.4154E+00  5.6028E+00  8.0805E+00  7.5655E+00  8.6977E+00
       7.8711E+00  7.0597E+00  5.0337E+00  7.6317E+00  7.8447E+00  5.4213E+00  7.9448E+00  6.5399E+00  6.2182E+00  7.5786E+00
       5.9766E+00  6.6733E+00  7.4948E+00  7.1006E+00  7.8314E+00  4.5311E+00  6.7641E+00  4.7892E+00  6.2701E+00  6.8854E+00
       9.6653E+00  7.7001E+00  5.1215E+00  6.0189E+00  9.3575E+00  6.6608E+00  5.7258E+00  6.7589E+00  6.5548E+00  7.4457E+00
       8.1667E+00  7.4908E+00  7.3501E+00  4.6067E+00  4.9885E+00  4.7306E+00  8.3185E+00  7.1656E+00  6.7187E+00  8.2540E+00
       8.3866E+00  6.6776E+00  6.8409E+00  5.2745E+00  6.2070E+00  5.3198E+00  6.9573E+00  6.8173E+00  7.4297E+00  1.0860E+01
       6.6896E+00  4.9818E+00  7.6902E+00  4.6642E+00  6.8443E+00  7.5422E+00  5.0623E+00  8.1375E+00  6.7392E+00  8.0657E+00
       7.4148E+00  8.3545E+00  7.5895E+00  7.8963E+00  4.9986E+00  5.0998E+00  5.8950E+00  5.5169E+00  6.8055E+00  6.7056E+00
       6.2320E+00  6.5592E+00  7.9870E+00  5.0785E+00  6.9077E+00  5.7892E+00  5.6172E+00  6.6684E+00  7.2658E+00  9.8794E+00
       6.3992E+00  7.1019E+00  8.3692E+00  5.8927E+00  8.6754E+00  4.1976E+00  9.4406E+00  5.9184E+00  5.7096E+00  7.0653E+00
       6.3095E+00  4.9638E+00  6.0950E+00  7.2273E+00  9.2675E+00  6.9571E+00  8.1091E+00  6.9138E+00  8.0712E+00  5.7886E+00
       6.7583E+00  6.7905E+00  5.7810E+00  5.6472E+00  7.7978E+00  6.4432E+00  4.5856E+00  6.7192E+00  6.7177E+00  6.3759E+00
       7.9326E+00  7.2192E+00  4.3832E+00  8.9492E+00  4.9371E+00  6.0650E+00  6.2067E+00  6.8750E+00  7.8456E+00  9.3321E+00
       6.6635E+00  6.8004E+00  4.8548E+00  6.4161E+00  6.0910E+00  6.4975E+00  7.4918E+00  6.5207E+00  6.6417E+00  8.1310E+00
       6.5810E+00  6.4684E+00  6.3131E+00  5.3356E+00  5.4306E+00  5.5488E+00  7.1742E+00  5.6692E+00  6.2595E+00  5.9169E+00
       7.5584E+00  8.4046E+00  7.3794E+00  6.7070E+00  5.4692E+00  6.4826E+00  7.0271E+00  7.1235E+00  6.1220E+00  5.6434E+00
       7.5048E+00  7.4664E+00  7.6613E+00  5.7267E+00  6.1398E+00  5.6505E+00  7.2612E+00  7.0187E+00  6.5541E+00  7.8726E+00
       9.0373E+00  7.5463E+00  7.1237E+00  6.0988E+00  5.6449E+00  6.9886E+00  5.8901E+00  6.5054E+00  7.1785E+00  5.7492E+00
       5.9247E+00  8.2449E+00  6.2195E+00  4.4960E+00  6.0440E+00  5.4508E+00  6.1019E+00  4.6289E+00  4.8256E+00  7.3318E+00
       6.3064E+00  4.8005E+00  4.3943E+00  6.4824E+00  8.0687E+00  5.2423E+00  8.5698E+00  6.4069E+00  8.0022E+00  5.7597E+00
