1
   Cartesian binning n.   1  "DoseEq    " , generalized particle n.  240
      X coordinate: from -8.5000E+01 to  8.5000E+01 cm,    10 bins ( 1.7000E+01 cm wide)
      Y coordinate: from -2.5000E+01 to  2.5000E+01 cm,    10 bins ( 5.0000E+00 cm wide)
      Z coordinate: from  2.2500E+02 to  2.7500E+02 cm,    10 bins ( 5.0000E+00 cm wide)
      Data follow in a matrix A(ix,iy,iz), format (1(5x,1p,10(1x,e11.4)))

      accurate deposition along the tracks requested
      this is a track-length binning
       1.1905E-04  1.3100E-04  1.4052E-04  1.5407E-04  1.5025E-04  1.5222E-04  1.4480E-04  1.4291E-04  1.2776E-04  1.2167E-04
       1.2357E-04  1.3972E-04  1.5692E-04  1.5959E-04  1.5615E-04  1.5329E-04  1.6345E-04  1.5080E-04  1.3199E-04  1.2443E-04
       1.2577E-04  1.4095E-04  1.3910E-04  1.6514E-04  1.5350E-04  1.6311E-04  1.6525E-04  1.5395E-04  1.4154E-04  1.2380E-04
       1.2320E-04  1.5484E-04  1.5417E-04  1.6443E-04  1.5605E-04  1.6786E-04  1.6567E-04  1.5305E-04  1.4271E-04  1.2399E-04
       1.3027E-04  1.4468E-04  1.5717E-04  1.6212E-04  1.7241E-04  1.6563E-04  1.6166E-04  1.5598E-04  1.4904E-04  1.2884E-04
       1.1659E-04  1.4349E-04  1.5425E-04  1.5962E-04  1.6212E-04  1.5302E-04  1.6043E-04  1.6013E-04  1.4273E-04  1.2495E-04
       1.1780E-04  1.4401E-04  1.5625E-04  1.5181E-04  1.5884E-04  1.6247E-04  1.6752E-04  1.5234E-04  1.4641E-04  1.2315E-04
       1.2031E-04  1.3583E-04  1.5180E-04  1.5870E-04  1.5503E-04  1.6360E-04  1.6021E-04  1.5291E-04  1.4228E-04  1.2638E-04
       1.2561E-04  1.3413E-04  1.5100E-04  1.4745E-04  1.5705E-04  1.6430E-04  1.5459E-04  1.4919E-04  1.4523E-04  1.2312E-04
       1.2016E-04  1.3384E-04  1.3868E-04  1.2937E-04  1.4398E-04  1.4270E-04  1.4017E-04  1.3640E-04  1.2618E-04  1.1794E-04
       6.9762E-05  7.1814E-05  8.2350E-05  8.3512E-05  8.4947E-05  8.5977E-05  8.4318E-05  8.1293E-05  8.1562E-05  6.9889E-05
       6.4757E-05  7.6739E-05  7.8669E-05  9.2572E-05  9.0782E-05  8.2531E-05  9.8512E-05  8.6216E-05  7.3179E-05  6.5837E-05
       7.4876E-05  7.7363E-05  7.7349E-05  9.2167E-05  8.8798E-05  8.8203E-05  9.2464E-05  9.4744E-05  7.7984E-05  7.2727E-05
       6.7641E-05  8.0547E-05  8.3125E-05  9.7602E-05  8.1390E-05  9.1282E-05  8.9321E-05  8.4648E-05  8.3881E-05  7.1459E-05
       7.0420E-05  8.5603E-05  8.6853E-05  9.3221E-05  1.0171E-04  9.2284E-05  8.9620E-05  8.7189E-05  8.4218E-05  7.4711E-05
       6.6630E-05  8.4056E-05  8.7095E-05  8.9006E-05  9.4151E-05  9.0069E-05  9.2681E-05  8.6765E-05  8.0150E-05  7.3316E-05
       6.6346E-05  8.2894E-05  8.8266E-05  9.0584E-05  9.7026E-05  8.6097E-05  9.6640E-05  8.9810E-05  7.1505E-05  7.4357E-05
       7.0133E-05  7.9387E-05  8.5279E-05  8.8215E-05  8.8895E-05  9.1326E-05  9.5198E-05  9.2150E-05  8.2868E-05  7.1903E-05
       6.7170E-05  7.4336E-05  8.6833E-05  8.0487E-05  8.2490E-05  9.7710E-05  8.7206E-05  8.2884E-05  8.1538E-05  7.4434E-05
       7.0899E-05  7.6996E-05  8.3901E-05  7.5391E-05  8.5032E-05  9.0645E-05  7.5532E-05  7.8630E-05  7.8515E-05  7.4313E-05
       4.9908E-05  5.1623E-05  5.1011E-05  5.5973E-05  5.1426E-05  5.8248E-05  5.8036E-05  4.6902E-05  5.6541E-05  4.6805E-05
       4.0004E-05  4.7001E-05  5.0881E-05  5.3437E-05  5.7343E-05  4.8960E-05  5.5335E-05  4.5754E-05  4.0243E-05  4.0227E-05
       4.1954E-05  4.2552E-05  4.4422E-05  5.4668E-05  5.6778E-05  4.5426E-05  5.1432E-05  4.6875E-05  4.3316E-05  4.4398E-05
       4.1000E-05  4.0955E-05  4.8294E-05  5.8025E-05  5.4537E-05  4.4837E-05  4.8937E-05  5.1011E-05  4.6064E-05  4.4288E-05
       5.0777E-05  4.1218E-05  4.8607E-05  5.2024E-05  4.9661E-05  5.0991E-05  5.3646E-05  4.3302E-05  4.8546E-05  4.2507E-05
       4.4260E-05  4.7975E-05  5.1920E-05  4.7668E-05  5.4011E-05  5.4364E-05  5.3806E-05  4.7481E-05  4.5044E-05  4.2500E-05
       4.1977E-05  4.8456E-05  4.7965E-05  5.2866E-05  5.3546E-05  5.4531E-05  5.3452E-05  5.0244E-05  4.1831E-05  4.3570E-05
       4.1917E-05  4.6756E-05  4.8956E-05  5.0510E-05  5.5847E-05  5.3308E-05  5.3628E-05  5.2257E-05  4.8659E-05  4.0371E-05
       4.5191E-05  4.2886E-05  4.4216E-05  4.6152E-05  4.9064E-05  5.1991E-05  5.2311E-05  5.2376E-05  4.6165E-05  4.5495E-05
       4.8847E-05  4.6669E-05  5.1273E-05  5.1496E-05  6.0928E-05  5.5468E-05  5.3468E-05  4.5147E-05  4.9144E-05  5.2730E-05
       4.3790E-05  4.2381E-05  4.4822E-05  4.2956E-05  4.0860E-05  4.5715E-05  4.6054E-05  4.0217E-05  4.6461E-05  4.1447E-05
       3.0132E-05  2.9164E-05  3.3607E-05  3.9222E-05  3.8115E-05  3.3057E-05  3.7188E-05  3.7262E-05  2.9021E-05  3.1413E-05
       2.7656E-05  2.9474E-05  3.0805E-05  3.8171E-05  3.7321E-05  2.7641E-05  3.5853E-05  3.4006E-05  2.8102E-05  3.5179E-05
       3.3954E-05  2.6114E-05  2.9963E-05  3.5789E-05  3.1504E-05  2.8303E-05  3.5070E-05  3.1487E-05  3.0432E-05  3.0677E-05
       3.7995E-05  3.3859E-05  2.9307E-05  3.1979E-05  2.8073E-05  3.2728E-05  3.5175E-05  3.3559E-05  3.1788E-05  2.9186E-05
       2.9953E-05  3.2733E-05  3.3002E-05  3.1119E-05  3.0243E-05  3.5896E-05  3.4988E-05  3.7951E-05  3.1794E-05  2.9436E-05
       2.9669E-05  3.2750E-05  3.3547E-05  3.2728E-05  3.6130E-05  3.7729E-05  3.8104E-05  3.1225E-05  2.8223E-05  2.9064E-05
       3.4299E-05  2.8405E-05  2.9582E-05  2.9330E-05  3.4930E-05  3.2845E-05  3.5441E-05  2.9829E-05  3.0104E-05  2.9959E-05
       3.7042E-05  2.7859E-05  3.3668E-05  3.0651E-05  3.2779E-05  4.1974E-05  4.0454E-05  2.9052E-05  3.0002E-05  3.3678E-05
       4.9233E-05  3.4197E-05  4.2661E-05  3.9084E-05  4.4246E-05  5.0655E-05  4.0749E-05  3.8892E-05  4.2940E-05  4.0128E-05
       4.0361E-05  3.6679E-05  3.9413E-05  3.7400E-05  4.5614E-05  3.8415E-05  3.7631E-05  3.6053E-05  3.8008E-05  3.6363E-05
       2.6013E-05  2.3254E-05  2.4902E-05  3.0810E-05  2.9777E-05  2.5036E-05  2.5121E-05  2.9264E-05  3.0476E-05  2.9182E-05
       2.6920E-05  2.1354E-05  2.0418E-05  2.5055E-05  2.3088E-05  2.0422E-05  2.4402E-05  2.4165E-05  2.0451E-05  2.5767E-05
       2.7173E-05  1.9853E-05  2.1281E-05  2.5438E-05  2.3625E-05  2.2870E-05  2.6663E-05  2.1839E-05  1.9034E-05  2.5140E-05
       2.6646E-05  2.2315E-05  1.9087E-05  1.9349E-05  2.4334E-05  2.6255E-05  2.5994E-05  2.5876E-05  2.3713E-05  2.4759E-05
       2.2446E-05  2.3294E-05  1.9952E-05  1.9270E-05  2.2709E-05  2.5109E-05  2.4510E-05  2.3606E-05  2.5374E-05  2.2507E-05
       2.4452E-05  2.7750E-05  2.4503E-05  2.3006E-05  2.3510E-05  2.7227E-05  2.3568E-05  2.2967E-05  2.1920E-05  2.5314E-05
       3.0197E-05  2.2265E-05  2.1274E-05  2.3496E-05  2.9147E-05  2.5320E-05  2.1970E-05  1.9481E-05  2.0155E-05  2.4802E-05
       3.0302E-05  2.6666E-05  2.8829E-05  2.6294E-05  2.9027E-05  3.0674E-05  2.6050E-05  2.3876E-05  2.6284E-05  3.1917E-05
       4.5595E-05  3.5622E-05  3.4870E-05  3.5979E-05  4.4358E-05  4.2613E-05  3.9561E-05  3.7865E-05  3.9952E-05  3.7288E-05
       3.8663E-05  3.4336E-05  3.6201E-05  3.8060E-05  3.9548E-05  3.6395E-05  4.2307E-05  3.6523E-05  3.6806E-05  3.9385E-05
       2.8242E-05  2.3888E-05  1.9424E-05  2.2164E-05  2.5323E-05  2.2324E-05  2.4471E-05  2.4242E-05  2.4620E-05  2.7860E-05
       2.6911E-05  1.6979E-05  1.7882E-05  1.7530E-05  1.7433E-05  1.6229E-05  2.1150E-05  2.0184E-05  1.7060E-05  2.1613E-05
       2.3842E-05  1.5600E-05  1.5851E-05  1.5895E-05  1.7432E-05  1.9126E-05  2.7528E-05  1.8881E-05  1.4659E-05  2.1530E-05
       2.2267E-05  1.5582E-05  1.8327E-05  1.5885E-05  1.9251E-05  2.2100E-05  2.5879E-05  1.9920E-05  1.7687E-05  2.1713E-05
       2.3692E-05  1.9612E-05  1.9307E-05  1.9264E-05  1.8377E-05  1.9897E-05  1.8987E-05  1.6664E-05  2.0913E-05  2.4907E-05
       2.4289E-05  1.7559E-05  1.7402E-05  2.0161E-05  2.0453E-05  2.5232E-05  1.9871E-05  1.5239E-05  1.8693E-05  2.1953E-05
       2.9915E-05  1.8418E-05  1.8989E-05  2.3364E-05  2.2133E-05  2.2720E-05  1.9439E-05  1.7050E-05  1.4874E-05  2.1071E-05
       2.5669E-05  2.1857E-05  2.1527E-05  2.5385E-05  2.4689E-05  2.3357E-05  2.3140E-05  2.1056E-05  2.3860E-05  2.7338E-05
       3.7872E-05  3.3284E-05  3.1629E-05  3.6116E-05  3.9545E-05  3.5989E-05  4.0421E-05  3.9988E-05  3.4941E-05  3.8694E-05
       3.5523E-05  3.1664E-05  3.6745E-05  3.5589E-05  3.7383E-05  3.8685E-05  4.0208E-05  3.6622E-05  3.3761E-05  3.7963E-05
       2.4980E-05  1.8402E-05  2.3068E-05  2.1248E-05  1.7700E-05  2.1333E-05  2.2771E-05  1.9698E-05  1.8580E-05  2.5159E-05
       2.6627E-05  1.8686E-05  1.6398E-05  1.4340E-05  1.9454E-05  1.8113E-05  2.0313E-05  1.7135E-05  1.3480E-05  2.4194E-05
       2.3240E-05  1.7574E-05  1.5886E-05  1.4542E-05  1.4204E-05  1.4241E-05  1.8731E-05  1.4981E-05  1.5565E-05  2.0181E-05
       2.1127E-05  1.6064E-05  1.6447E-05  1.6174E-05  1.7548E-05  1.5861E-05  1.7254E-05  1.5995E-05  1.1231E-05  2.1797E-05
       1.8527E-05  1.3596E-05  1.9925E-05  1.4744E-05  1.8214E-05  1.5646E-05  1.3046E-05  1.5668E-05  1.4789E-05  2.3535E-05
       1.8445E-05  1.2488E-05  2.0118E-05  1.4612E-05  1.9605E-05  2.3993E-05  1.7981E-05  1.5661E-05  1.5980E-05  2.1346E-05
       2.5439E-05  1.5091E-05  1.9426E-05  1.8139E-05  2.2524E-05  1.8879E-05  2.4656E-05  1.7393E-05  1.6365E-05  2.4700E-05
       2.5676E-05  1.9554E-05  2.3146E-05  2.3554E-05  1.9669E-05  1.9252E-05  2.4677E-05  1.7466E-05  1.9253E-05  2.7174E-05
       3.9113E-05  3.7237E-05  3.5130E-05  3.4403E-05  3.5087E-05  3.7751E-05  3.9046E-05  3.1956E-05  3.4441E-05  3.9489E-05
       4.0228E-05  3.1576E-05  3.4631E-05  3.3591E-05  3.5706E-05  3.7022E-05  3.3249E-05  3.3858E-05  3.3279E-05  3.8711E-05
       2.8396E-05  1.8787E-05  2.1593E-05  2.4192E-05  2.0237E-05  1.9981E-05  1.7177E-05  1.8254E-05  1.8560E-05  2.5289E-05
       2.6439E-05  1.6499E-05  1.7940E-05  1.8762E-05  2.3732E-05  1.6736E-05  1.6213E-05  1.5624E-05  1.5447E-05  2.6388E-05
       2.5498E-05  1.5569E-05  1.4752E-05  1.7454E-05  1.9139E-05  1.2759E-05  1.3216E-05  1.4777E-05  1.4623E-05  2.4964E-05
       2.3550E-05  1.4399E-05  1.4667E-05  1.4687E-05  1.5415E-05  1.5574E-05  1.5476E-05  1.9615E-05  1.6011E-05  2.4882E-05
       2.1831E-05  1.4094E-05  1.7330E-05  1.3869E-05  1.6141E-05  1.8224E-05  1.5036E-05  1.7368E-05  1.4191E-05  2.7359E-05
       2.1422E-05  1.3208E-05  1.5411E-05  1.8575E-05  1.6576E-05  1.9400E-05  1.7828E-05  1.5815E-05  1.5490E-05  2.4473E-05
       2.8302E-05  1.5766E-05  1.6066E-05  1.8615E-05  1.9424E-05  1.9608E-05  1.9802E-05  1.5301E-05  1.7183E-05  2.4817E-05
       2.8257E-05  2.3100E-05  2.0806E-05  2.0692E-05  2.1005E-05  2.1165E-05  2.3125E-05  2.3255E-05  2.4664E-05  2.7104E-05
       4.0237E-05  3.9043E-05  4.0461E-05  3.6422E-05  3.5200E-05  3.4257E-05  3.7202E-05  3.6019E-05  4.0140E-05  4.0333E-05
       4.3852E-05  3.6883E-05  4.0844E-05  3.4792E-05  3.8261E-05  3.6374E-05  3.4971E-05  3.8375E-05  3.7156E-05  4.0513E-05
       2.9512E-05  2.8846E-05  2.3725E-05  2.5767E-05  2.5256E-05  2.4167E-05  2.3017E-05  2.2168E-05  2.4660E-05  3.1215E-05
       2.7926E-05  2.2824E-05  1.9192E-05  1.8834E-05  2.2842E-05  2.0035E-05  2.0337E-05  1.8186E-05  2.3537E-05  2.6491E-05
       3.2275E-05  2.0264E-05  1.9536E-05  2.2475E-05  2.2630E-05  2.0550E-05  2.1551E-05  1.9503E-05  2.3454E-05  2.6179E-05
       2.7499E-05  2.0691E-05  2.3212E-05  1.9418E-05  1.8585E-05  2.0375E-05  1.7485E-05  2.3675E-05  2.6140E-05  2.7977E-05
       2.2095E-05  2.1718E-05  2.1240E-05  2.1555E-05  1.8076E-05  2.4019E-05  1.7498E-05  2.1300E-05  2.0964E-05  2.9369E-05
       2.4021E-05  2.0228E-05  1.6892E-05  2.1410E-05  1.7975E-05  1.9623E-05  2.0827E-05  1.7471E-05  1.7332E-05  2.5360E-05
       2.7139E-05  2.1510E-05  2.2868E-05  2.6918E-05  2.1052E-05  2.0282E-05  2.0778E-05  2.0925E-05  2.1435E-05  2.7531E-05
       3.0670E-05  2.9305E-05  2.6562E-05  2.4083E-05  2.4309E-05  2.5302E-05  2.3326E-05  2.6403E-05  2.3943E-05  2.9974E-05
       3.9856E-05  3.7790E-05  3.7567E-05  4.0185E-05  3.3230E-05  3.6069E-05  3.8629E-05  4.2284E-05  3.8120E-05  4.0826E-05
       5.2038E-05  4.9713E-05  4.6727E-05  4.5517E-05  4.9310E-05  4.6615E-05  4.6304E-05  4.2587E-05  4.6896E-05  5.0906E-05
       3.8777E-05  4.0068E-05  4.0354E-05  3.9044E-05  3.4898E-05  3.3107E-05  3.8520E-05  3.4737E-05  3.6811E-05  3.8716E-05
       4.0057E-05  3.4436E-05  3.4952E-05  3.4043E-05  3.6218E-05  3.3469E-05  3.5710E-05  3.3774E-05  3.8224E-05  3.5763E-05
       4.2326E-05  3.7643E-05  3.5177E-05  3.7158E-05  3.4726E-05  3.3328E-05  3.8490E-05  3.5541E-05  3.7844E-05  3.7240E-05
       4.1040E-05  3.5017E-05  3.7190E-05  3.2697E-05  3.6441E-05  3.0507E-05  3.3398E-05  3.6536E-05  3.4622E-05  3.8190E-05
       3.8825E-05  3.4991E-05  3.1560E-05  3.4489E-05  3.5337E-05  3.4772E-05  3.2842E-05  3.4784E-05  3.1859E-05  4.1426E-05
       3.6985E-05  3.5621E-05  3.1669E-05  3.7174E-05  3.6487E-05  3.3163E-05  3.6294E-05  3.4935E-05  3.0471E-05  4.1068E-05
       3.6396E-05  3.7455E-05  3.4662E-05  3.4842E-05  3.4058E-05  3.7650E-05  3.4285E-05  3.8168E-05  3.8712E-05  4.1099E-05
       4.6248E-05  3.8462E-05  3.9844E-05  4.1346E-05  3.7405E-05  3.7648E-05  3.7522E-05  3.9210E-05  4.1692E-05  3.9278E-05
       5.5027E-05  4.7295E-05  4.6956E-05  4.6574E-05  4.7473E-05  4.8512E-05  4.7475E-05  4.4574E-05  4.8023E-05  4.7968E-05

      Percentage errors follow in a matrix A(ix,iy,iz), format (1(5x,1p,10(1x,e11.4)))

       4.8062E+00  5.3927E+00  3.9968E+00  3.6098E+00  4.6256E+00  3.5274E+00  4.1292E+00  4.9369E+00  4.5992E+00  4.2917E+00
       4.9472E+00  4.9078E+00  4.3261E+00  4.2422E+00  4.5444E+00  3.8616E+00  3.0131E+00  3.9476E+00  3.9325E+00  4.6149E+00
       3.0999E+00  4.6509E+00  5.3967E+00  3.1476E+00  4.6564E+00  3.2409E+00  2.6278E+00  3.2850E+00  2.7349E+00  3.9034E+00
       4.7699E+00  4.6519E+00  3.4956E+00  4.9530E+00  3.7265E+00  3.1198E+00  3.9542E+00  3.8747E+00  4.8956E+00  3.7752E+00
       4.6532E+00  4.4074E+00  2.8492E+00  5.2868E+00  3.4407E+00  4.1277E+00  3.6265E+00  4.6005E+00  3.6760E+00  3.5119E+00
       4.6710E+00  4.2288E+00  4.1030E+00  3.3525E+00  3.8265E+00  3.3572E+00  3.8529E+00  3.1758E+00  4.3626E+00  3.6066E+00
       5.5043E+00  4.3760E+00  4.6238E+00  3.2889E+00  2.4886E+00  3.3879E+00  3.3544E+00  3.6173E+00  4.3353E+00  3.8650E+00
       4.5663E+00  5.0097E+00  3.6648E+00  4.5389E+00  3.7986E+00  3.1741E+00  3.2848E+00  4.1004E+00  4.1076E+00  4.7422E+00
       4.3584E+00  3.9844E+00  4.4821E+00  4.7967E+00  4.2596E+00  3.0175E+00  3.3799E+00  3.1283E+00  5.1094E+00  5.3020E+00
       3.5986E+00  3.8627E+00  4.2566E+00  5.4370E+00  2.6324E+00  4.0852E+00  4.1875E+00  4.8125E+00  4.7081E+00  4.2813E+00
       5.7472E+00  4.5937E+00  4.3265E+00  5.1503E+00  6.1447E+00  5.2526E+00  5.2242E+00  5.8619E+00  4.5086E+00  4.9692E+00
       5.5368E+00  6.7622E+00  7.4939E+00  4.6570E+00  3.9520E+00  5.8389E+00  6.2207E+00  6.3315E+00  5.7523E+00  6.2632E+00
       4.9819E+00  6.8974E+00  5.8681E+00  4.1212E+00  4.9299E+00  4.5963E+00  5.3899E+00  4.8325E+00  7.0864E+00  4.5454E+00
       4.5605E+00  4.1766E+00  4.1236E+00  5.3208E+00  5.3239E+00  4.4869E+00  5.7837E+00  5.8471E+00  6.2649E+00  5.7154E+00
       5.5846E+00  4.8624E+00  4.8138E+00  4.4226E+00  5.7007E+00  6.4930E+00  5.3645E+00  4.1195E+00  5.7798E+00  5.2617E+00
       5.1935E+00  5.0247E+00  4.5043E+00  4.8649E+00  4.9450E+00  5.5564E+00  7.2322E+00  4.3972E+00  7.3017E+00  5.8261E+00
       6.1893E+00  5.7182E+00  5.9091E+00  5.2409E+00  6.0332E+00  4.6668E+00  4.5862E+00  3.7054E+00  4.0938E+00  6.8899E+00
       5.1984E+00  5.8656E+00  6.8833E+00  6.4811E+00  5.8669E+00  2.8885E+00  4.7184E+00  5.1213E+00  5.8630E+00  5.0242E+00
       5.6345E+00  6.3628E+00  5.1497E+00  5.9296E+00  6.4762E+00  5.4418E+00  5.6197E+00  6.5802E+00  5.1133E+00  6.4550E+00
       5.3193E+00  5.9690E+00  6.2094E+00  6.4246E+00  5.0112E+00  5.7012E+00  6.3454E+00  5.3667E+00  6.3640E+00  5.4627E+00
       4.4861E+00  5.0490E+00  5.9373E+00  6.3398E+00  5.9658E+00  4.6792E+00  5.7858E+00  7.5599E+00  7.6118E+00  4.5353E+00
       6.9533E+00  7.6074E+00  9.0145E+00  6.6203E+00  8.2924E+00  6.3441E+00  5.2849E+00  8.0983E+00  8.0531E+00  6.7168E+00
       7.8479E+00  9.3892E+00  5.9095E+00  6.7692E+00  6.7865E+00  5.8414E+00  5.5922E+00  7.0886E+00  8.6108E+00  1.0510E+01
       6.0791E+00  7.5507E+00  6.9926E+00  7.3258E+00  6.9405E+00  6.5163E+00  9.5386E+00  7.0188E+00  9.1570E+00  7.2600E+00
       6.3253E+00  7.5759E+00  7.9985E+00  6.3807E+00  7.0105E+00  7.3435E+00  7.6014E+00  6.9420E+00  7.8012E+00  7.0406E+00
       6.7441E+00  7.7648E+00  7.3692E+00  9.1601E+00  6.0968E+00  6.3822E+00  6.8558E+00  6.6003E+00  6.5082E+00  7.6386E+00
       5.3064E+00  7.3214E+00  7.4942E+00  7.8244E+00  7.8394E+00  8.3778E+00  6.7845E+00  6.3017E+00  6.6424E+00  6.8295E+00
       7.7846E+00  7.0927E+00  8.7329E+00  1.0038E+01  7.6534E+00  7.0830E+00  5.9712E+00  7.6157E+00  4.9501E+00  7.9677E+00
       8.7074E+00  8.2084E+00  7.0659E+00  5.9640E+00  7.4067E+00  6.7476E+00  6.2660E+00  7.6345E+00  6.8649E+00  5.8071E+00
       5.8478E+00  5.9568E+00  7.7114E+00  6.0984E+00  5.1464E+00  7.3880E+00  5.7110E+00  6.5635E+00  5.3769E+00  6.4408E+00
       5.1959E+00  5.2028E+00  9.2255E+00  6.7679E+00  5.7371E+00  5.9867E+00  8.2703E+00  7.0742E+00  4.2754E+00  6.5531E+00
       8.6920E+00  9.1809E+00  6.6755E+00  1.0948E+01  8.8350E+00  7.1118E+00  8.4966E+00  1.0666E+01  7.6968E+00  8.1872E+00
       8.3797E+00  1.1828E+01  7.0987E+00  1.1179E+01  8.6496E+00  9.1487E+00  8.3125E+00  7.1455E+00  1.0292E+01  6.7520E+00
       7.1119E+00  8.7998E+00  8.6094E+00  9.3803E+00  7.5756E+00  8.5130E+00  9.9462E+00  1.1188E+01  1.1818E+01  6.5475E+00
       8.6119E+00  1.0286E+01  9.8095E+00  1.1216E+01  9.4749E+00  7.7313E+00  9.3468E+00  1.0652E+01  1.4003E+01  4.8519E+00
       1.0418E+01  1.2113E+01  7.0636E+00  1.1047E+01  8.7659E+00  7.6029E+00  1.0644E+01  1.1941E+01  9.5353E+00  7.1654E+00
       5.2954E+00  1.3739E+01  9.0216E+00  8.5900E+00  7.8800E+00  8.6119E+00  8.0771E+00  9.4083E+00  1.1261E+01  9.7274E+00
       1.0277E+01  9.8683E+00  1.0230E+01  9.7871E+00  9.8004E+00  6.8017E+00  8.4872E+00  7.7296E+00  9.4246E+00  8.2249E+00
       8.5627E+00  8.7751E+00  7.4670E+00  6.4121E+00  5.7824E+00  7.9967E+00  9.9272E+00  6.4186E+00  1.1247E+01  8.2442E+00
       4.9669E+00  6.4298E+00  7.9603E+00  5.3912E+00  6.5026E+00  6.3623E+00  7.4356E+00  8.5320E+00  8.0529E+00  7.4820E+00
       7.6689E+00  5.8947E+00  5.9681E+00  5.8287E+00  1.0016E+01  8.7563E+00  9.0961E+00  6.6542E+00  6.4359E+00  5.7662E+00
       7.7953E+00  7.5403E+00  8.7296E+00  1.0652E+01  1.2736E+01  1.0201E+01  8.5315E+00  1.1144E+01  7.0855E+00  5.8656E+00
       8.2151E+00  1.1643E+01  1.6257E+01  1.0217E+01  1.5303E+01  8.7985E+00  1.0389E+01  1.1742E+01  9.8128E+00  1.1244E+01
       9.7876E+00  8.3943E+00  1.0180E+01  1.4207E+01  1.3963E+01  1.0200E+01  1.0641E+01  7.9288E+00  1.7118E+01  1.1058E+01
       1.1339E+01  1.1337E+01  1.1572E+01  1.3943E+01  1.2560E+01  9.4021E+00  1.2404E+01  1.4915E+01  8.8046E+00  9.6989E+00
       1.0409E+01  9.6945E+00  9.1513E+00  1.3138E+01  1.0428E+01  1.0363E+01  8.7439E+00  1.1486E+01  1.0261E+01  9.3528E+00
       8.0668E+00  1.5354E+01  9.5585E+00  1.1759E+01  1.1797E+01  1.3476E+01  8.9843E+00  1.2361E+01  1.5622E+01  9.8422E+00
       8.5184E+00  1.4987E+01  8.9313E+00  1.2196E+01  1.1921E+01  7.2202E+00  1.0645E+01  1.0697E+01  1.3316E+01  6.8138E+00
       8.6082E+00  1.1613E+01  1.0949E+01  6.8622E+00  9.0243E+00  5.5698E+00  7.6935E+00  6.3211E+00  1.0381E+01  9.4355E+00
       5.6823E+00  9.1136E+00  9.5907E+00  5.2513E+00  5.0842E+00  6.4639E+00  7.9173E+00  7.4670E+00  4.8164E+00  6.9828E+00
       8.6425E+00  6.0105E+00  7.6332E+00  7.2943E+00  8.6547E+00  6.9279E+00  6.3092E+00  8.8584E+00  1.0211E+01  6.9822E+00
       9.0158E+00  1.1505E+01  1.0957E+01  1.3287E+01  1.7475E+01  8.1052E+00  9.1713E+00  1.0313E+01  1.0722E+01  9.4780E+00
       1.1998E+01  1.5525E+01  1.3043E+01  1.2476E+01  1.1410E+01  1.2497E+01  1.2256E+01  1.0972E+01  1.1918E+01  8.9139E+00
       1.1361E+01  1.5162E+01  1.2207E+01  1.3337E+01  9.5979E+00  1.1596E+01  1.5514E+01  1.7202E+01  1.4987E+01  9.7948E+00
       1.2351E+01  1.4546E+01  1.4992E+01  1.1677E+01  1.1744E+01  1.5962E+01  1.4068E+01  2.5888E+01  1.3258E+01  8.3511E+00
       1.0874E+01  1.5075E+01  1.7675E+01  1.3972E+01  1.3412E+01  1.0424E+01  1.2076E+01  1.1332E+01  1.4444E+01  9.1373E+00
       1.3439E+01  1.5521E+01  1.4157E+01  1.4583E+01  1.2500E+01  9.9679E+00  1.1193E+01  1.1270E+01  1.5907E+01  6.3185E+00
       1.4995E+01  2.1047E+01  1.0591E+01  1.2915E+01  1.0643E+01  1.4165E+01  1.0991E+01  1.3064E+01  8.8014E+00  9.0413E+00
       9.1923E+00  8.6136E+00  1.2049E+01  8.1647E+00  1.2646E+01  8.3894E+00  9.5843E+00  7.8105E+00  1.0950E+01  7.1205E+00
       5.5513E+00  8.6083E+00  1.0529E+01  6.7506E+00  8.9544E+00  7.1810E+00  6.9828E+00  6.3700E+00  6.3237E+00  7.9265E+00
       6.5522E+00  6.7885E+00  6.5843E+00  7.2610E+00  8.5559E+00  8.3860E+00  7.2592E+00  7.4628E+00  7.9307E+00  6.6696E+00
       9.5725E+00  8.8723E+00  1.0743E+01  6.9989E+00  1.2142E+01  9.4118E+00  1.0943E+01  8.4533E+00  8.2825E+00  8.3266E+00
       7.8543E+00  1.2046E+01  1.2039E+01  1.2400E+01  1.2415E+01  1.5668E+01  1.1390E+01  1.2378E+01  9.8899E+00  1.0297E+01
       9.1255E+00  1.5780E+01  1.0461E+01  1.4279E+01  1.2121E+01  1.1604E+01  1.4327E+01  1.2926E+01  1.8138E+01  6.5601E+00
       1.2231E+01  1.4384E+01  1.3354E+01  1.5901E+01  1.0674E+01  1.3079E+01  1.2347E+01  2.1311E+01  1.1112E+01  6.9001E+00
       1.1518E+01  1.3789E+01  2.0305E+01  1.6352E+01  1.3403E+01  1.3114E+01  1.2986E+01  1.5138E+01  1.4128E+01  6.3557E+00
       1.1245E+01  1.2906E+01  1.4818E+01  1.0405E+01  1.4162E+01  1.1777E+01  1.2091E+01  1.4942E+01  1.2557E+01  7.3619E+00
       1.0885E+01  1.6101E+01  1.4001E+01  1.1104E+01  1.2704E+01  1.4589E+01  1.1569E+01  1.4287E+01  8.9655E+00  1.0500E+01
       8.8235E+00  9.0048E+00  9.4353E+00  1.0328E+01  1.1605E+01  9.3433E+00  1.4984E+01  8.7755E+00  7.1701E+00  6.2645E+00
       7.5241E+00  7.9523E+00  6.9406E+00  5.5223E+00  7.1466E+00  7.0370E+00  9.9729E+00  6.3213E+00  7.3678E+00  8.2178E+00
       6.2179E+00  8.0416E+00  7.0488E+00  7.0769E+00  9.7012E+00  7.5573E+00  6.5917E+00  7.3088E+00  6.0528E+00  6.9966E+00
       9.3923E+00  9.7196E+00  7.8978E+00  8.3387E+00  1.1680E+01  7.0228E+00  8.3821E+00  7.1801E+00  8.5116E+00  1.0019E+01
       9.4235E+00  1.2672E+01  1.1468E+01  1.4388E+01  1.5744E+01  9.3148E+00  1.2508E+01  8.9305E+00  8.4332E+00  8.8949E+00
       8.7049E+00  1.7038E+01  1.0459E+01  1.3283E+01  1.4233E+01  1.1837E+01  1.1804E+01  1.0672E+01  1.5856E+01  7.7474E+00
       1.1673E+01  1.0898E+01  1.3874E+01  9.5803E+00  1.1714E+01  1.4032E+01  1.1774E+01  1.3323E+01  1.4131E+01  8.9097E+00
       9.7907E+00  1.3168E+01  1.6408E+01  1.7525E+01  1.3690E+01  1.3159E+01  1.1429E+01  9.1937E+00  1.9626E+01  7.6125E+00
       1.1155E+01  1.1214E+01  1.4803E+01  1.1769E+01  1.5053E+01  1.1889E+01  1.0925E+01  1.2692E+01  1.2897E+01  9.2187E+00
       8.0010E+00  8.4932E+00  1.2565E+01  9.7123E+00  1.0939E+01  9.6150E+00  1.2136E+01  9.4399E+00  1.5527E+01  6.6880E+00
       7.1714E+00  8.5715E+00  1.0148E+01  1.1303E+01  1.2949E+01  6.6507E+00  1.4922E+01  1.2309E+01  1.2846E+01  9.5592E+00
       6.5653E+00  8.3297E+00  6.9732E+00  6.1943E+00  7.0485E+00  5.8063E+00  8.1912E+00  5.4495E+00  6.4758E+00  6.7396E+00
       7.2008E+00  8.6094E+00  6.1582E+00  8.5325E+00  7.0518E+00  6.4127E+00  6.2728E+00  5.7728E+00  8.0983E+00  5.3792E+00
       7.5971E+00  1.3988E+01  1.2286E+01  8.6481E+00  1.1515E+01  8.6036E+00  9.6194E+00  1.1007E+01  9.1842E+00  9.2878E+00
       9.6955E+00  1.2688E+01  9.1396E+00  9.6232E+00  8.3256E+00  1.1488E+01  8.5791E+00  1.0039E+01  1.3177E+01  9.7561E+00
       8.3660E+00  9.0347E+00  9.0428E+00  9.5517E+00  1.5895E+01  1.1560E+01  8.4994E+00  1.0447E+01  9.5747E+00  7.4863E+00
       7.7599E+00  1.2478E+01  1.2974E+01  1.0728E+01  1.0317E+01  1.0461E+01  9.2684E+00  7.4709E+00  1.7806E+01  7.6218E+00
       6.4498E+00  9.6342E+00  1.1378E+01  1.0848E+01  8.1032E+00  1.1026E+01  8.7054E+00  1.1425E+01  1.3571E+01  6.8375E+00
       7.9196E+00  1.0717E+01  1.3564E+01  9.7839E+00  1.0181E+01  9.7947E+00  7.1526E+00  9.2236E+00  8.9005E+00  8.7854E+00
       7.9451E+00  9.2950E+00  9.0082E+00  1.0444E+01  1.1320E+01  8.5977E+00  9.0547E+00  1.1776E+01  1.1472E+01  8.0923E+00
       7.7129E+00  9.2976E+00  9.5120E+00  9.5920E+00  8.1925E+00  8.6186E+00  7.1736E+00  7.8895E+00  9.1548E+00  8.6725E+00
       5.9961E+00  7.2384E+00  4.2345E+00  7.5916E+00  5.5066E+00  5.7254E+00  6.5839E+00  6.0535E+00  5.7214E+00  8.2930E+00
       5.7988E+00  7.2170E+00  6.1079E+00  6.3160E+00  7.9043E+00  7.5974E+00  6.1320E+00  8.3880E+00  7.1781E+00  5.6569E+00
       7.1137E+00  7.9493E+00  7.3155E+00  7.8000E+00  5.0277E+00  7.4897E+00  6.1576E+00  8.7412E+00  1.0027E+01  6.2554E+00
       4.9633E+00  7.9134E+00  7.5063E+00  8.2825E+00  7.8910E+00  8.1986E+00  7.0250E+00  6.1245E+00  5.9250E+00  7.5744E+00
       6.6210E+00  8.7868E+00  6.8750E+00  7.8855E+00  6.6844E+00  6.3533E+00  8.1209E+00  6.9292E+00  6.2046E+00  8.4760E+00
       7.0106E+00  7.0390E+00  8.7923E+00  1.0207E+01  7.1152E+00  7.3068E+00  8.8919E+00  7.9417E+00  7.4819E+00  7.1668E+00
       6.7946E+00  6.5152E+00  7.3525E+00  5.4819E+00  5.8420E+00  7.9386E+00  9.4109E+00  7.7019E+00  1.0341E+01  4.1414E+00
       9.3603E+00  6.7215E+00  9.6698E+00  6.9798E+00  8.2129E+00  7.3319E+00  6.7266E+00  5.4031E+00  1.1011E+01  6.9846E+00
       8.0582E+00  7.4494E+00  6.2493E+00  5.6456E+00  8.7950E+00  5.2639E+00  7.1331E+00  6.3944E+00  1.0182E+01  7.9662E+00
       5.7613E+00  6.6831E+00  6.0687E+00  6.4929E+00  7.2350E+00  7.3698E+00  7.9865E+00  6.7140E+00  6.7189E+00  5.6069E+00
       5.2531E+00  6.9047E+00  6.5076E+00  6.7624E+00  5.3486E+00  6.0048E+00  6.6553E+00  8.4585E+00  4.8785E+00  6.4049E+00
