1
   Cartesian binning n.   1  "DoseEq    " , generalized particle n.  240
      X coordinate: from -8.5000E+01 to  8.5000E+01 cm,    10 bins ( 1.7000E+01 cm wide)
      Y coordinate: from -2.5000E+01 to  2.5000E+01 cm,    10 bins ( 5.0000E+00 cm wide)
      Z coordinate: from  2.2500E+02 to  2.7500E+02 cm,    10 bins ( 5.0000E+00 cm wide)
      Data follow in a matrix A(ix,iy,iz), format (1(5x,1p,10(1x,e11.4)))

      accurate deposition along the tracks requested
      this is a track-length binning
       1.9880E-04  2.4180E-04  2.5453E-04  2.6543E-04  2.6992E-04  2.6724E-04  2.6003E-04  2.6078E-04  2.4366E-04  2.1987E-04
       2.3142E-04  2.6019E-04  2.8255E-04  2.9073E-04  3.0778E-04  2.9058E-04  2.9688E-04  2.7833E-04  2.5299E-04  2.2534E-04
       2.3183E-04  2.6196E-04  2.8595E-04  3.0626E-04  3.2774E-04  3.0696E-04  2.9375E-04  2.7302E-04  2.6321E-04  2.2753E-04
       2.3971E-04  2.7260E-04  2.9117E-04  3.0312E-04  3.2229E-04  3.0767E-04  2.9047E-04  2.9854E-04  2.6335E-04  2.3667E-04
       2.4794E-04  2.6225E-04  2.8572E-04  2.9961E-04  3.1734E-04  3.1012E-04  2.8883E-04  2.9171E-04  2.6581E-04  2.2470E-04
       2.4276E-04  2.8811E-04  3.1063E-04  2.9272E-04  3.1966E-04  3.1492E-04  3.0415E-04  2.9757E-04  2.6076E-04  2.3567E-04
       2.4867E-04  2.7674E-04  2.8123E-04  3.0583E-04  3.1425E-04  3.1634E-04  2.9977E-04  2.7856E-04  2.5727E-04  2.3665E-04
       2.2817E-04  2.6588E-04  2.6417E-04  3.0391E-04  3.1886E-04  3.0228E-04  3.0154E-04  2.9093E-04  2.7054E-04  2.3357E-04
       2.3258E-04  2.6821E-04  2.9139E-04  2.9936E-04  3.0680E-04  2.9290E-04  2.7386E-04  2.7315E-04  2.4373E-04  2.2539E-04
       2.2005E-04  2.4239E-04  2.7650E-04  2.6998E-04  2.6529E-04  2.6963E-04  2.5911E-04  2.4117E-04  2.4341E-04  2.1749E-04
       1.3013E-04  1.4473E-04  1.6174E-04  1.5139E-04  1.6568E-04  1.6463E-04  1.6668E-04  1.5902E-04  1.4824E-04  1.3713E-04
       1.4477E-04  1.5072E-04  1.7198E-04  1.7928E-04  2.0240E-04  1.8715E-04  1.9388E-04  1.6307E-04  1.5692E-04  1.4298E-04
       1.4320E-04  1.6954E-04  1.8492E-04  1.8367E-04  2.0722E-04  1.9705E-04  1.8533E-04  1.6962E-04  1.5877E-04  1.3925E-04
       1.4180E-04  1.6919E-04  1.8751E-04  2.1402E-04  2.0646E-04  1.9447E-04  1.7755E-04  1.8611E-04  1.5876E-04  1.4969E-04
       1.3880E-04  1.6192E-04  1.9026E-04  1.9640E-04  2.1348E-04  2.0045E-04  1.9481E-04  1.8348E-04  1.7043E-04  1.4277E-04
       1.5208E-04  1.7212E-04  1.9437E-04  1.7586E-04  2.0466E-04  2.0364E-04  1.9486E-04  1.7762E-04  1.6403E-04  1.4444E-04
       1.4915E-04  1.7278E-04  1.8087E-04  1.8413E-04  2.1296E-04  2.0694E-04  1.9669E-04  1.7480E-04  1.5995E-04  1.4598E-04
       1.4955E-04  1.5994E-04  1.7087E-04  2.0275E-04  2.0809E-04  1.8888E-04  1.8524E-04  1.7990E-04  1.5895E-04  1.3744E-04
       1.4085E-04  1.6457E-04  1.7331E-04  2.0062E-04  2.0481E-04  1.9823E-04  1.7251E-04  1.6046E-04  1.5541E-04  1.3885E-04
       1.2998E-04  1.4965E-04  1.6164E-04  1.7140E-04  1.7438E-04  1.6136E-04  1.5729E-04  1.5471E-04  1.5241E-04  1.3734E-04
       9.0265E-05  9.9705E-05  1.1052E-04  1.0851E-04  1.0919E-04  1.0862E-04  1.1200E-04  1.0663E-04  1.0902E-04  9.7614E-05
       9.3616E-05  9.9998E-05  9.9212E-05  1.0313E-04  1.1057E-04  1.1083E-04  1.1578E-04  9.4821E-05  9.8602E-05  8.7650E-05
       8.7896E-05  9.8059E-05  1.0733E-04  1.1288E-04  1.2147E-04  1.0764E-04  1.0332E-04  9.4204E-05  9.3435E-05  8.2337E-05
       8.2041E-05  9.0104E-05  1.1428E-04  1.1661E-04  1.3135E-04  1.2167E-04  1.1252E-04  1.0665E-04  1.0119E-04  8.5549E-05
       8.2415E-05  8.9074E-05  1.1964E-04  1.1415E-04  1.3549E-04  1.2589E-04  1.1642E-04  1.0833E-04  1.0204E-04  8.9446E-05
       9.1786E-05  1.0373E-04  1.2242E-04  1.0743E-04  1.2676E-04  1.1966E-04  1.1831E-04  1.0823E-04  1.0263E-04  9.1873E-05
       8.9511E-05  1.0393E-04  1.0298E-04  1.1265E-04  1.2424E-04  1.1855E-04  1.1212E-04  1.1173E-04  9.2453E-05  8.1923E-05
       9.4988E-05  9.9710E-05  1.0098E-04  1.1085E-04  1.2142E-04  1.1864E-04  1.1876E-04  1.0561E-04  8.7300E-05  9.1133E-05
       9.5181E-05  1.0095E-04  1.0694E-04  1.1656E-04  1.1991E-04  1.1215E-04  1.0465E-04  1.0971E-04  9.0253E-05  9.3414E-05
       9.8012E-05  1.0561E-04  1.0453E-04  1.1872E-04  1.1287E-04  1.0606E-04  1.0700E-04  1.0937E-04  1.0006E-04  1.0524E-04
       7.8096E-05  8.7595E-05  8.2033E-05  7.9927E-05  8.8336E-05  8.9861E-05  8.5426E-05  7.4269E-05  8.1457E-05  8.3595E-05
       6.6245E-05  6.5368E-05  6.9119E-05  6.7048E-05  7.2274E-05  8.1511E-05  7.9627E-05  6.0690E-05  6.2698E-05  6.2110E-05
       6.2849E-05  5.9101E-05  6.4954E-05  7.5055E-05  7.8145E-05  7.8435E-05  6.6269E-05  6.7610E-05  5.6508E-05  6.2840E-05
       6.1241E-05  5.8682E-05  7.1528E-05  7.4223E-05  8.3911E-05  8.3632E-05  7.6104E-05  6.4532E-05  6.4637E-05  6.1881E-05
       6.2342E-05  5.8248E-05  7.3584E-05  7.1912E-05  8.2715E-05  8.3246E-05  7.5188E-05  6.8277E-05  6.3693E-05  6.7327E-05
       5.8504E-05  6.2333E-05  7.3213E-05  6.9075E-05  7.8566E-05  8.0553E-05  8.0062E-05  6.4187E-05  6.7352E-05  6.2664E-05
       6.5677E-05  6.5558E-05  6.5624E-05  7.2608E-05  8.7865E-05  8.0087E-05  8.1279E-05  6.8999E-05  6.1166E-05  5.5553E-05
       6.3943E-05  6.0217E-05  7.3954E-05  7.3663E-05  8.3878E-05  7.5210E-05  7.5895E-05  6.9138E-05  5.7251E-05  6.0551E-05
       6.4223E-05  6.6801E-05  7.2347E-05  7.9134E-05  7.7010E-05  7.1378E-05  7.0458E-05  6.4304E-05  6.1777E-05  7.0090E-05
       7.6108E-05  7.5803E-05  8.2753E-05  8.1864E-05  8.3664E-05  8.3031E-05  8.3623E-05  7.2212E-05  7.8333E-05  8.4553E-05
       7.0101E-05  7.2363E-05  7.8301E-05  6.7620E-05  7.5601E-05  7.0860E-05  7.7035E-05  6.6324E-05  5.8580E-05  6.8075E-05
       5.3226E-05  4.9529E-05  5.3221E-05  4.6272E-05  6.0217E-05  6.2508E-05  5.6712E-05  4.7622E-05  4.3894E-05  5.7701E-05
       4.7993E-05  4.3016E-05  5.0459E-05  4.8811E-05  5.8804E-05  5.8829E-05  4.9022E-05  4.8189E-05  4.0342E-05  4.7966E-05
       4.6348E-05  4.7138E-05  4.9102E-05  4.4142E-05  6.0854E-05  5.7117E-05  5.1633E-05  4.5522E-05  3.9285E-05  4.4898E-05
       4.6836E-05  4.7839E-05  4.9027E-05  4.7879E-05  6.0370E-05  5.3934E-05  5.3458E-05  4.3842E-05  4.4796E-05  5.6068E-05
       4.7373E-05  3.7870E-05  4.8828E-05  4.3620E-05  5.2942E-05  5.3460E-05  5.7543E-05  4.4721E-05  4.4748E-05  5.2154E-05
       5.1775E-05  4.3897E-05  4.3279E-05  4.8603E-05  6.0654E-05  5.7253E-05  5.8461E-05  4.4526E-05  4.1644E-05  5.3546E-05
       4.7441E-05  4.1814E-05  4.6971E-05  4.6524E-05  5.9207E-05  5.8135E-05  4.6780E-05  4.3153E-05  4.3313E-05  5.1575E-05
       5.6391E-05  4.5907E-05  5.2470E-05  5.9089E-05  5.9065E-05  5.4035E-05  5.1312E-05  5.2487E-05  5.3234E-05  6.3277E-05
       7.5027E-05  6.8341E-05  7.0980E-05  7.2798E-05  7.6764E-05  7.2055E-05  7.1326E-05  6.5709E-05  6.9197E-05  7.9372E-05
       7.1009E-05  6.1333E-05  6.8069E-05  6.6809E-05  7.7460E-05  6.8721E-05  7.9495E-05  6.2104E-05  5.6753E-05  7.2547E-05
       4.5644E-05  4.0218E-05  5.0400E-05  4.2183E-05  4.1451E-05  4.9840E-05  5.1156E-05  4.4047E-05  3.9955E-05  5.3166E-05
       4.1867E-05  3.2739E-05  3.9092E-05  3.4402E-05  3.7203E-05  4.3469E-05  3.6067E-05  3.7070E-05  2.8198E-05  4.7448E-05
       4.5433E-05  3.0959E-05  3.9753E-05  3.6332E-05  4.2876E-05  4.5624E-05  4.0321E-05  3.2574E-05  2.6395E-05  3.8347E-05
       4.0307E-05  3.0941E-05  3.0342E-05  3.8439E-05  4.9247E-05  4.1173E-05  4.0333E-05  3.2123E-05  2.9075E-05  4.5344E-05
       3.5093E-05  3.0028E-05  3.6440E-05  3.4137E-05  4.0714E-05  4.1123E-05  3.7117E-05  3.5411E-05  3.2097E-05  4.7276E-05
       4.3319E-05  3.3654E-05  3.7673E-05  3.8625E-05  4.5701E-05  4.6633E-05  3.8624E-05  3.7055E-05  3.5261E-05  4.2097E-05
       4.6077E-05  3.3889E-05  3.7213E-05  3.9743E-05  4.4584E-05  4.0500E-05  3.6438E-05  3.3073E-05  3.5693E-05  4.0782E-05
       4.7798E-05  4.4889E-05  4.7659E-05  4.7277E-05  4.1944E-05  3.8344E-05  4.2664E-05  4.0316E-05  3.9514E-05  4.9441E-05
       7.2936E-05  6.1038E-05  6.4161E-05  6.5021E-05  7.0994E-05  7.1677E-05  7.1564E-05  6.6412E-05  6.0686E-05  7.0962E-05
       6.2332E-05  5.9907E-05  6.0897E-05  6.4209E-05  5.9321E-05  6.4539E-05  6.9625E-05  5.1147E-05  6.1991E-05  6.7420E-05
       4.1691E-05  3.9291E-05  4.2343E-05  3.6507E-05  3.5916E-05  4.8443E-05  4.1367E-05  3.3825E-05  3.3408E-05  4.9959E-05
       3.5725E-05  3.1300E-05  2.9920E-05  2.9641E-05  3.6683E-05  3.4256E-05  3.6396E-05  3.2413E-05  2.6202E-05  4.1061E-05
       3.5626E-05  2.4830E-05  3.3675E-05  2.8931E-05  4.0639E-05  4.1948E-05  3.5454E-05  3.0471E-05  2.5931E-05  3.9545E-05
       3.7149E-05  2.4167E-05  3.1754E-05  2.8800E-05  4.0115E-05  3.6030E-05  4.0853E-05  3.5347E-05  2.5196E-05  3.9161E-05
       3.7877E-05  2.7349E-05  3.1388E-05  2.8062E-05  3.1455E-05  3.3741E-05  3.9088E-05  3.4680E-05  2.8982E-05  3.6961E-05
       4.1486E-05  2.9013E-05  3.2812E-05  3.3784E-05  3.4712E-05  3.4671E-05  3.3041E-05  3.0727E-05  2.6753E-05  3.6988E-05
       4.5302E-05  3.5470E-05  3.2501E-05  3.5374E-05  3.5980E-05  3.3368E-05  3.0129E-05  3.0487E-05  3.3714E-05  3.8307E-05
       5.2806E-05  4.1917E-05  4.5808E-05  3.4547E-05  3.5263E-05  3.6363E-05  3.9139E-05  3.8501E-05  4.1084E-05  4.9749E-05
       6.6015E-05  6.3376E-05  6.3846E-05  5.9515E-05  6.3398E-05  5.8396E-05  6.6241E-05  6.3176E-05  5.8034E-05  7.0865E-05
       6.5819E-05  6.3206E-05  6.6259E-05  6.7542E-05  6.8845E-05  5.8507E-05  6.6937E-05  6.3225E-05  6.3029E-05  6.3966E-05
       4.8538E-05  4.2054E-05  3.4669E-05  4.1442E-05  4.0817E-05  4.1894E-05  4.1162E-05  3.3987E-05  3.6272E-05  4.9312E-05
       4.0747E-05  3.3127E-05  3.2208E-05  2.7222E-05  3.5829E-05  3.4267E-05  3.3117E-05  2.7775E-05  2.9527E-05  4.2114E-05
       3.9184E-05  2.4684E-05  2.7362E-05  2.9701E-05  3.7241E-05  3.6895E-05  2.8856E-05  2.5584E-05  3.0423E-05  3.7017E-05
       3.7864E-05  2.5942E-05  2.4770E-05  2.9114E-05  3.5714E-05  3.4830E-05  3.5550E-05  2.9299E-05  2.3994E-05  3.9247E-05
       3.7050E-05  2.8340E-05  2.6788E-05  2.7926E-05  3.0494E-05  3.2482E-05  3.6215E-05  2.6618E-05  2.5029E-05  4.1594E-05
       3.8838E-05  3.2488E-05  2.9842E-05  3.2836E-05  2.8272E-05  2.7121E-05  3.0903E-05  2.8331E-05  3.0340E-05  4.0502E-05
       4.2648E-05  3.0200E-05  3.0069E-05  3.2519E-05  2.8409E-05  3.1839E-05  3.0571E-05  3.4191E-05  3.2004E-05  3.9843E-05
       4.8907E-05  3.6340E-05  3.4942E-05  3.3494E-05  3.4262E-05  4.0911E-05  3.8646E-05  3.8634E-05  4.3913E-05  4.5899E-05
       6.3073E-05  6.1155E-05  6.5312E-05  5.6689E-05  5.8527E-05  6.3173E-05  5.6246E-05  6.0493E-05  5.7335E-05  7.0359E-05
       6.5587E-05  6.0712E-05  6.5725E-05  6.8529E-05  6.2896E-05  6.7015E-05  5.6561E-05  6.7246E-05  6.2482E-05  6.4775E-05
       5.0882E-05  4.1886E-05  3.8865E-05  4.1347E-05  4.5152E-05  4.6726E-05  4.6768E-05  3.7002E-05  4.9311E-05  5.2122E-05
       4.7576E-05  3.7723E-05  3.5965E-05  3.8078E-05  3.9028E-05  3.5974E-05  3.5547E-05  2.9897E-05  3.8267E-05  4.3946E-05
       4.2281E-05  3.7535E-05  3.4404E-05  3.6557E-05  4.0619E-05  3.4919E-05  3.7811E-05  3.4419E-05  3.7344E-05  4.2871E-05
       4.4293E-05  3.2646E-05  3.0513E-05  3.1429E-05  3.4864E-05  3.7907E-05  3.8026E-05  3.7667E-05  3.3956E-05  4.6721E-05
       4.8115E-05  3.4908E-05  3.2160E-05  3.6005E-05  3.3490E-05  3.6383E-05  3.8860E-05  3.4633E-05  3.3895E-05  4.6794E-05
       5.0136E-05  3.6300E-05  3.2753E-05  3.6670E-05  3.4628E-05  3.2025E-05  3.5651E-05  3.4491E-05  3.3696E-05  4.3399E-05
       5.4589E-05  3.5963E-05  3.9312E-05  3.8872E-05  3.1437E-05  3.2167E-05  3.6881E-05  3.6557E-05  3.5553E-05  4.2934E-05
       5.2071E-05  4.0278E-05  4.2727E-05  4.1912E-05  4.3810E-05  4.1290E-05  4.2518E-05  4.0572E-05  4.6581E-05  5.5255E-05
       6.7411E-05  6.1281E-05  6.2408E-05  6.5874E-05  6.3313E-05  6.7885E-05  6.3387E-05  6.2062E-05  6.1041E-05  7.0775E-05
       7.6800E-05  8.5445E-05  6.8257E-05  8.0091E-05  7.8299E-05  8.0728E-05  7.3293E-05  8.3836E-05  7.4665E-05  7.3475E-05
       6.8788E-05  6.1070E-05  6.2768E-05  6.7278E-05  6.8773E-05  6.9521E-05  5.6501E-05  6.2166E-05  7.1236E-05  6.6104E-05
       7.0892E-05  6.3287E-05  5.5999E-05  6.1906E-05  5.6999E-05  5.9429E-05  6.2290E-05  6.0550E-05  6.6521E-05  6.6438E-05
       7.5029E-05  5.8357E-05  5.4807E-05  5.8578E-05  5.3781E-05  6.0259E-05  5.8139E-05  5.0352E-05  6.3567E-05  6.3480E-05
       6.9882E-05  5.2206E-05  5.6966E-05  5.9113E-05  5.2037E-05  6.4659E-05  5.4867E-05  5.4772E-05  5.5633E-05  6.9838E-05
       6.3745E-05  5.9106E-05  5.5653E-05  5.8097E-05  5.9766E-05  5.9125E-05  5.6258E-05  6.2007E-05  5.7416E-05  6.0583E-05
       6.9546E-05  5.9069E-05  5.4208E-05  5.6855E-05  5.8765E-05  5.2108E-05  5.8265E-05  5.8024E-05  5.5041E-05  5.9551E-05
       6.9277E-05  5.7984E-05  5.7633E-05  5.6908E-05  5.5291E-05  5.5320E-05  5.9661E-05  5.9460E-05  5.8867E-05  6.3487E-05
       6.9528E-05  6.4059E-05  6.0361E-05  5.5235E-05  6.2455E-05  6.1755E-05  6.2723E-05  5.9779E-05  6.4612E-05  6.8610E-05
       7.3767E-05  7.9497E-05  6.8957E-05  7.3111E-05  7.6871E-05  8.7715E-05  7.7605E-05  7.3027E-05  7.0050E-05  7.6761E-05

      Percentage errors follow in a matrix A(ix,iy,iz), format (1(5x,1p,10(1x,e11.4)))

       3.3881E+00  4.2838E+00  3.7660E+00  3.6029E+00  3.0430E+00  3.7498E+00  3.5680E+00  2.6771E+00  3.5205E+00  3.0209E+00
       3.2402E+00  2.9172E+00  3.0877E+00  3.5164E+00  3.2402E+00  4.0063E+00  3.0421E+00  2.8990E+00  3.3887E+00  3.3240E+00
       3.7489E+00  3.3245E+00  2.7952E+00  3.3324E+00  2.9314E+00  2.7341E+00  2.7852E+00  2.9976E+00  3.4231E+00  3.6755E+00
       3.3957E+00  2.7429E+00  3.3925E+00  3.1272E+00  2.9320E+00  3.3210E+00  2.2074E+00  3.0974E+00  3.2801E+00  3.0916E+00
       3.6062E+00  2.8657E+00  3.2466E+00  3.2577E+00  3.1499E+00  3.1325E+00  3.5551E+00  3.0459E+00  3.4250E+00  2.9139E+00
       4.2261E+00  3.3051E+00  2.7424E+00  3.0295E+00  2.5594E+00  4.0267E+00  2.4183E+00  3.1577E+00  2.4289E+00  3.3024E+00
       3.1731E+00  3.5403E+00  2.2981E+00  2.9744E+00  2.7463E+00  2.7531E+00  2.6349E+00  3.1837E+00  2.7104E+00  3.4182E+00
       3.3131E+00  3.9643E+00  3.0479E+00  3.0968E+00  2.2578E+00  3.1763E+00  3.3569E+00  2.5348E+00  3.2282E+00  3.1464E+00
       3.1417E+00  4.6531E+00  4.2871E+00  2.8113E+00  2.9250E+00  2.9129E+00  2.5687E+00  2.6738E+00  3.3002E+00  2.9813E+00
       2.9214E+00  3.5886E+00  3.0031E+00  2.3931E+00  2.1765E+00  3.3668E+00  3.6642E+00  4.1318E+00  3.7106E+00  3.7127E+00
       4.2633E+00  5.4033E+00  4.5211E+00  4.9629E+00  3.8864E+00  3.7287E+00  4.7382E+00  3.8506E+00  2.7120E+00  4.8122E+00
       4.3991E+00  4.1234E+00  3.8004E+00  4.0905E+00  2.9604E+00  5.0060E+00  3.3835E+00  4.2655E+00  4.6904E+00  4.8171E+00
       5.8857E+00  3.1892E+00  4.1310E+00  3.5841E+00  3.9702E+00  5.0859E+00  2.7818E+00  4.4662E+00  2.3602E+00  4.3672E+00
       5.8577E+00  4.4898E+00  3.8964E+00  2.9102E+00  3.6850E+00  3.9896E+00  3.6624E+00  4.1171E+00  3.6140E+00  5.2947E+00
       3.7564E+00  4.8760E+00  3.8114E+00  2.6033E+00  3.8705E+00  3.2558E+00  3.8482E+00  4.6281E+00  3.9971E+00  5.0077E+00
       4.2173E+00  4.4120E+00  3.1077E+00  4.0765E+00  2.7526E+00  5.3854E+00  3.4908E+00  4.1705E+00  3.2854E+00  4.3637E+00
       3.9848E+00  4.2676E+00  3.4697E+00  4.7235E+00  2.7034E+00  4.0323E+00  3.8661E+00  3.8341E+00  4.8234E+00  3.1519E+00
       4.4498E+00  4.1658E+00  3.5943E+00  5.4082E+00  2.1540E+00  5.6757E+00  4.3381E+00  3.6946E+00  3.5710E+00  4.3852E+00
       4.7554E+00  4.9809E+00  3.8197E+00  3.6040E+00  3.6742E+00  4.9076E+00  5.1051E+00  3.0923E+00  3.1356E+00  5.5813E+00
       3.9398E+00  3.8308E+00  4.5099E+00  3.4574E+00  4.3166E+00  4.6768E+00  3.4401E+00  4.1850E+00  4.0206E+00  3.6946E+00
       7.9704E+00  5.0019E+00  4.6120E+00  3.7086E+00  5.1358E+00  3.8383E+00  5.0920E+00  4.2472E+00  4.7993E+00  4.1060E+00
       6.2910E+00  5.8430E+00  4.9392E+00  4.7858E+00  4.7130E+00  4.3646E+00  4.1449E+00  5.9527E+00  3.6466E+00  6.2286E+00
       8.0009E+00  4.9193E+00  5.5592E+00  4.8142E+00  5.3247E+00  6.5833E+00  5.2008E+00  4.9845E+00  4.9475E+00  4.9657E+00
       7.1718E+00  4.5658E+00  4.4909E+00  4.2056E+00  4.3533E+00  3.5669E+00  5.9663E+00  6.3106E+00  5.3864E+00  5.9377E+00
       4.0923E+00  6.0075E+00  4.2394E+00  4.7288E+00  5.7438E+00  5.1971E+00  5.4930E+00  6.0312E+00  6.7242E+00  5.6901E+00
       4.3913E+00  7.1453E+00  4.5720E+00  4.2111E+00  5.3089E+00  4.9212E+00  4.6401E+00  3.7676E+00  5.6414E+00  6.5977E+00
       4.9926E+00  5.2043E+00  5.8208E+00  4.9065E+00  4.4738E+00  6.4875E+00  4.9651E+00  5.1300E+00  3.9776E+00  4.4420E+00
       5.2164E+00  5.3934E+00  5.4178E+00  6.8940E+00  5.5760E+00  5.5503E+00  6.1008E+00  4.7603E+00  6.4869E+00  5.0642E+00
       5.7173E+00  4.9721E+00  6.3090E+00  6.6691E+00  4.3023E+00  4.0038E+00  6.1857E+00  6.7299E+00  6.7156E+00  3.5851E+00
       5.8139E+00  3.1698E+00  4.7951E+00  5.0167E+00  4.8811E+00  5.3660E+00  5.9398E+00  5.4022E+00  4.9319E+00  5.1701E+00
       6.5472E+00  6.6977E+00  5.1968E+00  5.7615E+00  5.0587E+00  5.7279E+00  5.8772E+00  4.7489E+00  5.3258E+00  4.9188E+00
       7.2411E+00  5.6568E+00  5.5419E+00  5.8285E+00  5.6747E+00  5.9109E+00  4.9401E+00  8.2109E+00  6.9147E+00  6.8974E+00
       9.9416E+00  5.5667E+00  7.6661E+00  7.3285E+00  4.4852E+00  5.3843E+00  9.4659E+00  5.2897E+00  7.2139E+00  5.6195E+00
       8.5321E+00  5.6899E+00  6.1466E+00  5.9416E+00  4.8982E+00  5.6397E+00  8.0974E+00  7.4001E+00  4.8999E+00  4.9838E+00
       6.1604E+00  6.3732E+00  5.2984E+00  6.1177E+00  6.6218E+00  7.5882E+00  6.7112E+00  5.3610E+00  7.3334E+00  7.3088E+00
       6.4459E+00  7.6785E+00  4.6337E+00  6.8875E+00  6.5361E+00  5.5320E+00  5.7128E+00  5.8327E+00  6.6579E+00  8.3598E+00
       6.4464E+00  8.8671E+00  6.8151E+00  8.2425E+00  7.0218E+00  5.2345E+00  6.0398E+00  8.3285E+00  6.6326E+00  6.0553E+00
       6.8560E+00  6.7143E+00  8.4269E+00  7.8291E+00  6.6642E+00  6.8131E+00  5.2953E+00  7.8041E+00  6.5404E+00  4.9922E+00
       5.6793E+00  5.1912E+00  7.3133E+00  6.0154E+00  5.3136E+00  6.4803E+00  8.3102E+00  7.5718E+00  6.8529E+00  6.5461E+00
       4.9700E+00  4.3491E+00  7.2170E+00  3.5393E+00  4.2961E+00  8.3342E+00  6.1396E+00  5.8407E+00  5.4229E+00  5.6379E+00
       5.7001E+00  6.1659E+00  5.7123E+00  5.4125E+00  5.6849E+00  5.3626E+00  5.8591E+00  5.0757E+00  6.2664E+00  6.1000E+00
       6.1253E+00  7.1829E+00  4.5270E+00  7.1794E+00  7.8603E+00  6.7986E+00  6.6629E+00  8.2971E+00  5.9086E+00  6.0638E+00
       6.8067E+00  8.6992E+00  7.3517E+00  8.1219E+00  5.3259E+00  8.1153E+00  9.6612E+00  8.6187E+00  1.0326E+01  7.3914E+00
       9.0762E+00  7.6242E+00  7.3035E+00  6.7635E+00  5.4062E+00  9.0361E+00  1.1181E+01  9.7710E+00  6.7543E+00  8.8153E+00
       5.5532E+00  8.1891E+00  8.7954E+00  7.2845E+00  8.2712E+00  8.2337E+00  1.0203E+01  8.0630E+00  9.1445E+00  7.2894E+00
       6.9183E+00  9.1073E+00  8.6313E+00  7.9965E+00  9.0090E+00  9.0091E+00  7.4662E+00  7.5648E+00  6.1110E+00  8.0789E+00
       4.9302E+00  8.6554E+00  7.9917E+00  9.1405E+00  9.2670E+00  7.1146E+00  8.6290E+00  8.6990E+00  9.2804E+00  1.0470E+01
       7.2207E+00  8.3544E+00  8.5446E+00  7.3229E+00  6.3042E+00  7.9565E+00  8.4233E+00  8.5150E+00  6.9255E+00  5.4578E+00
       4.0572E+00  1.0420E+01  7.1954E+00  6.9842E+00  6.0633E+00  6.6366E+00  5.9575E+00  6.5895E+00  8.7362E+00  6.9853E+00
       5.8772E+00  5.8692E+00  5.6138E+00  4.7351E+00  4.9620E+00  4.1457E+00  7.1675E+00  8.6428E+00  5.7401E+00  4.2224E+00
       5.6526E+00  6.7021E+00  4.9700E+00  5.5205E+00  6.6914E+00  4.3430E+00  4.0361E+00  5.7401E+00  6.5966E+00  6.4019E+00
       6.4663E+00  1.0461E+01  5.0480E+00  7.6619E+00  7.9334E+00  7.1598E+00  8.4167E+00  6.7159E+00  8.3362E+00  6.8823E+00
       8.8958E+00  8.8861E+00  7.2853E+00  7.5756E+00  1.1130E+01  8.4074E+00  1.1732E+01  8.8756E+00  5.7577E+00  6.2558E+00
       8.5863E+00  8.8326E+00  9.1945E+00  7.4370E+00  8.5238E+00  8.0768E+00  1.0993E+01  8.1465E+00  5.2866E+00  1.0105E+01
       7.3607E+00  1.0077E+01  9.6590E+00  6.7406E+00  8.6450E+00  1.0708E+01  1.1965E+01  7.0513E+00  9.5604E+00  8.1422E+00
       7.8899E+00  1.0360E+01  8.0167E+00  9.7184E+00  1.2628E+01  1.1915E+01  9.9168E+00  1.0619E+01  5.6037E+00  7.4789E+00
       6.8808E+00  9.7816E+00  6.9829E+00  6.6006E+00  1.2415E+01  1.1084E+01  8.3416E+00  9.7136E+00  9.5654E+00  7.4896E+00
       6.6649E+00  9.9924E+00  8.0637E+00  7.6040E+00  7.3637E+00  7.0934E+00  9.1471E+00  8.5416E+00  9.5024E+00  6.7114E+00
       7.1990E+00  8.3132E+00  9.0147E+00  6.0065E+00  8.9793E+00  7.6036E+00  7.5928E+00  9.4961E+00  1.0141E+01  7.9996E+00
       3.9685E+00  6.4891E+00  7.9301E+00  3.7387E+00  6.5382E+00  5.5981E+00  7.2360E+00  7.2489E+00  6.9381E+00  6.2519E+00
       5.5763E+00  6.8619E+00  6.2447E+00  5.6097E+00  5.9844E+00  6.6113E+00  5.7482E+00  6.0984E+00  5.9094E+00  4.8727E+00
       8.6869E+00  9.8053E+00  8.2139E+00  7.8950E+00  7.9390E+00  1.0018E+01  9.3036E+00  8.4973E+00  5.6533E+00  8.4802E+00
       8.8457E+00  1.1414E+01  7.9716E+00  1.0249E+01  8.7810E+00  9.4979E+00  1.1107E+01  1.2101E+01  9.3245E+00  8.7357E+00
       8.9074E+00  1.2408E+01  1.1594E+01  1.0199E+01  9.1827E+00  1.1077E+01  1.0626E+01  8.7805E+00  1.0447E+01  7.6682E+00
       6.6349E+00  1.0488E+01  1.1908E+01  9.3934E+00  9.1001E+00  9.1816E+00  9.8603E+00  9.2014E+00  1.0545E+01  1.1591E+01
       9.3104E+00  1.0115E+01  7.7813E+00  9.1613E+00  1.1845E+01  1.2287E+01  1.0054E+01  1.1640E+01  8.5555E+00  1.0398E+01
       5.1866E+00  1.0318E+01  8.7600E+00  9.1593E+00  1.0478E+01  1.2252E+01  9.5041E+00  1.1143E+01  7.2374E+00  7.8226E+00
       6.8423E+00  1.0689E+01  9.4961E+00  1.0408E+01  1.0432E+01  8.2737E+00  1.2436E+01  8.1818E+00  8.4083E+00  9.1826E+00
       6.2056E+00  9.7176E+00  7.6496E+00  6.3287E+00  8.7644E+00  8.6366E+00  6.5877E+00  5.7833E+00  8.1683E+00  7.5894E+00
       5.9926E+00  5.2593E+00  6.1757E+00  6.0659E+00  5.8247E+00  6.1323E+00  6.1910E+00  6.3420E+00  4.9115E+00  4.3960E+00
       6.8452E+00  5.8926E+00  6.5361E+00  5.7459E+00  6.3473E+00  6.7163E+00  6.3810E+00  5.7034E+00  6.6804E+00  8.0798E+00
       7.1135E+00  9.3395E+00  9.1196E+00  6.2800E+00  7.9517E+00  9.4131E+00  6.8691E+00  6.3288E+00  9.7271E+00  9.9866E+00
       8.0498E+00  1.1162E+01  9.1947E+00  1.0687E+01  1.1586E+01  1.0697E+01  8.2561E+00  1.2677E+01  1.2424E+01  8.0919E+00
       9.0445E+00  1.0661E+01  7.9756E+00  1.0483E+01  1.1510E+01  9.3355E+00  1.1984E+01  9.1048E+00  1.0727E+01  7.2636E+00
       6.6405E+00  1.3185E+01  1.0713E+01  1.0496E+01  9.3922E+00  8.6874E+00  8.7615E+00  9.9659E+00  1.0232E+01  6.8004E+00
       6.7346E+00  8.3833E+00  7.7808E+00  1.0011E+01  8.2151E+00  7.3447E+00  8.4974E+00  8.7528E+00  8.8751E+00  8.3620E+00
       7.3635E+00  8.9935E+00  7.0037E+00  9.5374E+00  9.2220E+00  7.0310E+00  8.6059E+00  1.1461E+01  7.6397E+00  5.5110E+00
       5.8855E+00  1.0045E+01  6.7112E+00  9.5252E+00  9.9676E+00  8.4188E+00  9.4830E+00  9.7828E+00  7.9990E+00  7.2136E+00
       6.6968E+00  8.7874E+00  9.4463E+00  9.7082E+00  6.6853E+00  8.2547E+00  1.0149E+01  8.0144E+00  6.5762E+00  7.2662E+00
       6.0172E+00  7.7784E+00  6.9716E+00  5.4756E+00  7.7788E+00  7.6570E+00  6.5489E+00  5.7484E+00  6.1277E+00  7.1524E+00
       4.3490E+00  5.8813E+00  5.6166E+00  5.0288E+00  5.6328E+00  5.9956E+00  6.4991E+00  4.4684E+00  6.3698E+00  5.2864E+00
       6.9141E+00  6.7517E+00  8.1843E+00  6.5241E+00  9.8452E+00  7.2537E+00  6.7504E+00  7.0912E+00  9.1718E+00  7.8425E+00
       7.8255E+00  8.7675E+00  9.3862E+00  9.2603E+00  9.8975E+00  8.4286E+00  6.0085E+00  8.8441E+00  8.3386E+00  1.0291E+01
       6.9714E+00  9.4852E+00  9.3935E+00  7.8665E+00  1.0728E+01  6.5753E+00  9.0770E+00  7.3787E+00  7.9377E+00  7.2088E+00
       6.3724E+00  6.9795E+00  1.0388E+01  1.0354E+01  6.6765E+00  9.2090E+00  1.0329E+01  6.7482E+00  6.8198E+00  5.4025E+00
       6.0374E+00  5.9823E+00  7.4836E+00  7.5780E+00  9.4235E+00  7.4540E+00  8.5773E+00  6.9723E+00  5.9948E+00  8.0912E+00
       6.4472E+00  8.4266E+00  1.0781E+01  1.0169E+01  1.1468E+01  7.6438E+00  8.3391E+00  8.2800E+00  8.1334E+00  1.0373E+01
       5.3340E+00  8.3415E+00  6.0547E+00  7.9377E+00  8.6164E+00  9.2339E+00  8.6923E+00  5.3154E+00  8.9467E+00  7.6686E+00
       7.9715E+00  6.7940E+00  7.6374E+00  7.2816E+00  7.8379E+00  6.0821E+00  8.4914E+00  7.2905E+00  6.1050E+00  5.8601E+00
       6.0994E+00  6.5060E+00  4.5323E+00  6.3886E+00  6.6391E+00  5.1782E+00  6.3248E+00  5.6272E+00  6.3990E+00  5.4411E+00
       6.0874E+00  4.8874E+00  7.0462E+00  4.9805E+00  5.8761E+00  5.3713E+00  5.8414E+00  4.6037E+00  5.0984E+00  6.2800E+00
       5.1857E+00  6.8071E+00  6.0321E+00  5.1269E+00  6.9840E+00  4.9976E+00  6.9719E+00  6.7380E+00  6.4158E+00  6.5755E+00
       6.0199E+00  7.8089E+00  6.3196E+00  7.8956E+00  6.5249E+00  6.1888E+00  4.3684E+00  6.1303E+00  5.9104E+00  6.2412E+00
       5.9605E+00  5.9403E+00  6.4397E+00  8.3823E+00  3.7267E+00  4.5303E+00  6.4943E+00  4.9113E+00  5.4599E+00  7.2918E+00
       4.8710E+00  6.0974E+00  6.4643E+00  4.9286E+00  4.7139E+00  7.8279E+00  6.0295E+00  6.5428E+00  6.8978E+00  5.0307E+00
       7.2792E+00  6.6566E+00  5.3619E+00  6.6973E+00  6.3375E+00  7.4885E+00  6.7752E+00  5.0989E+00  8.3452E+00  5.1700E+00
       5.4350E+00  7.7748E+00  4.1296E+00  6.8386E+00  5.8284E+00  6.0707E+00  7.7998E+00  3.9603E+00  7.1577E+00  6.0143E+00
       4.7024E+00  7.6535E+00  7.0224E+00  6.5108E+00  7.8812E+00  5.5333E+00  5.7302E+00  6.2663E+00  7.0034E+00  6.3140E+00
       6.2533E+00  6.1944E+00  8.3321E+00  5.4234E+00  4.5463E+00  4.9958E+00  4.5455E+00  5.0252E+00  4.2349E+00  5.3490E+00
       5.0617E+00  4.0491E+00  5.7685E+00  5.6732E+00  4.9278E+00  4.9605E+00  5.1050E+00  6.4173E+00  5.2711E+00  5.0074E+00
