1
   Cartesian binning n.   1  "DoseEq    " , generalized particle n.  240
      X coordinate: from -8.5000E+01 to  8.5000E+01 cm,    10 bins ( 1.7000E+01 cm wide)
      Y coordinate: from -2.5000E+01 to  2.5000E+01 cm,    10 bins ( 5.0000E+00 cm wide)
      Z coordinate: from  2.2500E+02 to  2.7500E+02 cm,    10 bins ( 5.0000E+00 cm wide)
      Data follow in a matrix A(ix,iy,iz), format (1(5x,1p,10(1x,e11.4)))

      accurate deposition along the tracks requested
      this is a track-length binning
       3.2731E-04  3.6110E-04  4.1453E-04  4.2877E-04  4.3689E-04  4.2986E-04  4.4090E-04  3.8798E-04  3.6822E-04  3.1212E-04
       3.6289E-04  4.0768E-04  4.7603E-04  4.7788E-04  5.1586E-04  4.9170E-04  5.0939E-04  4.4370E-04  4.2626E-04  3.6336E-04
       3.6707E-04  4.3771E-04  4.4884E-04  4.7938E-04  5.2101E-04  5.1537E-04  5.0975E-04  4.6163E-04  4.3401E-04  3.6924E-04
       3.7196E-04  4.2843E-04  4.7568E-04  5.1001E-04  5.0435E-04  5.2290E-04  5.0518E-04  4.6513E-04  4.4764E-04  3.7381E-04
       3.7260E-04  4.0692E-04  4.7337E-04  4.9893E-04  5.1748E-04  5.4838E-04  5.0638E-04  4.7725E-04  4.4314E-04  3.6649E-04
       3.5971E-04  4.2464E-04  4.8487E-04  4.9861E-04  5.3372E-04  5.3742E-04  5.4855E-04  4.9506E-04  4.1434E-04  3.7166E-04
       3.7024E-04  4.5364E-04  4.6873E-04  4.9482E-04  5.3766E-04  5.3436E-04  5.0530E-04  4.7755E-04  4.1402E-04  3.7529E-04
       3.5613E-04  4.2218E-04  4.6661E-04  5.0604E-04  5.2699E-04  5.0836E-04  4.8578E-04  4.5095E-04  4.3502E-04  3.6491E-04
       3.4947E-04  3.9468E-04  4.4261E-04  5.1413E-04  5.1770E-04  4.7702E-04  4.7287E-04  4.4971E-04  3.8411E-04  3.7310E-04
       3.1587E-04  3.6377E-04  4.1406E-04  4.4257E-04  4.2773E-04  4.2177E-04  4.2242E-04  3.9043E-04  3.8356E-04  3.3786E-04
       2.3505E-04  2.5967E-04  2.9006E-04  3.1965E-04  3.2356E-04  3.2315E-04  3.0971E-04  2.7837E-04  2.6086E-04  2.1666E-04
       2.6722E-04  3.1245E-04  3.5082E-04  3.5670E-04  3.6610E-04  3.8287E-04  3.8030E-04  3.2219E-04  3.0158E-04  2.5663E-04
       2.6654E-04  3.0582E-04  3.5226E-04  3.6900E-04  3.9257E-04  3.9713E-04  3.8950E-04  3.6159E-04  3.3243E-04  2.6150E-04
       2.6453E-04  3.2405E-04  3.4665E-04  3.8155E-04  3.8586E-04  4.0089E-04  3.7892E-04  3.6229E-04  3.2076E-04  2.6390E-04
       2.6238E-04  3.3141E-04  3.6340E-04  4.0271E-04  3.9850E-04  4.1260E-04  3.9335E-04  3.6823E-04  3.4071E-04  2.6997E-04
       2.6433E-04  3.1458E-04  3.6698E-04  4.0655E-04  4.2745E-04  4.4255E-04  4.1601E-04  3.6954E-04  3.2889E-04  2.7690E-04
       2.5364E-04  3.2019E-04  3.5653E-04  3.9650E-04  4.3360E-04  4.2127E-04  3.8597E-04  3.6122E-04  3.1439E-04  2.7734E-04
       2.5689E-04  3.0542E-04  3.5034E-04  3.9248E-04  4.2574E-04  3.7775E-04  3.6280E-04  3.5114E-04  3.2332E-04  2.7521E-04
       2.5695E-04  2.9044E-04  3.2865E-04  3.8876E-04  3.9331E-04  3.7244E-04  3.5276E-04  3.2476E-04  3.0167E-04  2.5936E-04
       2.2636E-04  2.6072E-04  2.8292E-04  3.0881E-04  3.1803E-04  2.9701E-04  3.0916E-04  2.8185E-04  2.6620E-04  2.1929E-04
       1.7913E-04  1.8675E-04  2.0068E-04  2.2328E-04  2.2744E-04  2.3583E-04  2.3550E-04  1.9380E-04  1.7924E-04  1.5778E-04
       1.7281E-04  2.1323E-04  2.3197E-04  2.6435E-04  2.6030E-04  2.6212E-04  2.7055E-04  2.2248E-04  2.1089E-04  1.7715E-04
       1.7004E-04  2.1065E-04  2.3232E-04  2.5413E-04  2.8823E-04  2.8519E-04  2.8512E-04  2.5416E-04  2.3909E-04  1.9003E-04
       1.8647E-04  2.1695E-04  2.4828E-04  2.6202E-04  2.7210E-04  2.9052E-04  2.7918E-04  2.7713E-04  2.4157E-04  1.8174E-04
       1.7842E-04  2.2979E-04  2.7044E-04  3.0076E-04  2.9489E-04  3.0406E-04  2.9139E-04  2.5294E-04  2.3794E-04  1.9934E-04
       1.8849E-04  2.3775E-04  2.4515E-04  2.8100E-04  3.1039E-04  3.2784E-04  2.8408E-04  2.4710E-04  2.4011E-04  1.9542E-04
       1.8895E-04  2.3970E-04  2.6726E-04  2.9414E-04  3.0565E-04  3.1468E-04  2.7026E-04  2.5314E-04  2.4092E-04  1.8786E-04
       1.9101E-04  2.0650E-04  2.5246E-04  2.7160E-04  3.0076E-04  2.9737E-04  2.6839E-04  2.4270E-04  2.3504E-04  2.0207E-04
       1.7040E-04  2.0422E-04  2.5394E-04  2.7014E-04  2.7336E-04  2.8887E-04  2.6807E-04  2.3889E-04  2.0536E-04  1.8606E-04
       1.4530E-04  1.9045E-04  2.0457E-04  2.2066E-04  2.2988E-04  2.1709E-04  2.2513E-04  1.9041E-04  1.8243E-04  1.6251E-04
       1.2899E-04  1.4257E-04  1.5087E-04  1.5764E-04  1.6542E-04  1.7170E-04  1.8126E-04  1.5108E-04  1.2820E-04  1.2634E-04
       1.2426E-04  1.5541E-04  1.7286E-04  1.9467E-04  2.0429E-04  1.8956E-04  1.9930E-04  1.6579E-04  1.4858E-04  1.2916E-04
       1.1901E-04  1.5940E-04  1.7956E-04  1.9083E-04  2.0945E-04  2.1162E-04  2.0072E-04  1.8193E-04  1.4838E-04  1.3385E-04
       1.3781E-04  1.6109E-04  1.9068E-04  1.9341E-04  2.2458E-04  2.3019E-04  2.0612E-04  1.9148E-04  1.6742E-04  1.4710E-04
       1.2294E-04  1.6896E-04  2.0197E-04  2.1234E-04  2.1853E-04  2.2429E-04  2.1861E-04  1.8470E-04  1.6406E-04  1.3730E-04
       1.3895E-04  1.6935E-04  1.9270E-04  2.1008E-04  2.2300E-04  2.3028E-04  2.0890E-04  1.7127E-04  1.7485E-04  1.4240E-04
       1.4697E-04  1.7234E-04  1.7988E-04  2.0026E-04  2.2306E-04  2.2160E-04  1.9250E-04  1.8652E-04  1.6260E-04  1.3856E-04
       1.3018E-04  1.6187E-04  1.7948E-04  1.9963E-04  2.2429E-04  2.1460E-04  2.0205E-04  1.7394E-04  1.6905E-04  1.4998E-04
       1.2979E-04  1.4129E-04  1.7283E-04  1.9946E-04  2.0829E-04  2.1053E-04  1.8941E-04  1.7411E-04  1.5614E-04  1.4082E-04
       1.2303E-04  1.4007E-04  1.5190E-04  1.7407E-04  1.7350E-04  1.6530E-04  1.6229E-04  1.4444E-04  1.3183E-04  1.2736E-04
       1.0844E-04  1.1268E-04  1.3371E-04  1.2796E-04  1.2632E-04  1.4543E-04  1.4392E-04  1.2868E-04  1.0724E-04  1.1231E-04
       1.0988E-04  1.1006E-04  1.3336E-04  1.3218E-04  1.4476E-04  1.4353E-04  1.4555E-04  1.4006E-04  1.1862E-04  1.0896E-04
       9.4619E-05  1.2097E-04  1.3001E-04  1.3794E-04  1.4951E-04  1.5192E-04  1.4965E-04  1.3857E-04  1.0845E-04  1.0779E-04
       9.1504E-05  1.1698E-04  1.4491E-04  1.3636E-04  1.6279E-04  1.6132E-04  1.5171E-04  1.4620E-04  1.1426E-04  1.1591E-04
       9.9940E-05  1.2069E-04  1.4826E-04  1.5159E-04  1.5406E-04  1.6212E-04  1.6145E-04  1.4161E-04  1.1975E-04  1.0201E-04
       1.0699E-04  1.0971E-04  1.3946E-04  1.5882E-04  1.6827E-04  1.6169E-04  1.5651E-04  1.3490E-04  1.2956E-04  1.1036E-04
       1.1115E-04  1.0838E-04  1.3630E-04  1.5330E-04  1.6499E-04  1.6253E-04  1.4588E-04  1.4651E-04  1.3063E-04  9.7515E-05
       1.0450E-04  1.1927E-04  1.3864E-04  1.4927E-04  1.6888E-04  1.5709E-04  1.4461E-04  1.3882E-04  1.3152E-04  1.1061E-04
       1.0426E-04  1.1942E-04  1.2368E-04  1.4550E-04  1.5629E-04  1.5958E-04  1.3391E-04  1.2745E-04  1.2008E-04  1.0765E-04
       1.0426E-04  1.0708E-04  1.1821E-04  1.3406E-04  1.3380E-04  1.3669E-04  1.3738E-04  1.1654E-04  1.0572E-04  1.0424E-04
       9.8968E-05  9.5089E-05  1.1487E-04  1.0855E-04  1.0581E-04  1.2153E-04  1.1898E-04  1.0443E-04  9.1635E-05  9.1385E-05
       8.3373E-05  8.9041E-05  1.0637E-04  1.1228E-04  1.1187E-04  1.0660E-04  1.2033E-04  9.8804E-05  9.3367E-05  9.5955E-05
       8.7216E-05  1.0053E-04  1.1259E-04  1.1273E-04  1.2198E-04  1.1331E-04  1.1820E-04  1.0765E-04  8.3415E-05  8.3895E-05
       8.1838E-05  8.5499E-05  1.0992E-04  1.0781E-04  1.2079E-04  1.2264E-04  1.1923E-04  1.1129E-04  9.2824E-05  8.0580E-05
       9.2401E-05  9.9541E-05  1.1424E-04  1.1498E-04  1.1596E-04  1.3167E-04  1.1856E-04  1.1447E-04  9.3342E-05  7.8963E-05
       8.5517E-05  8.9961E-05  1.0670E-04  1.2266E-04  1.2918E-04  1.1621E-04  1.2274E-04  1.0432E-04  9.9770E-05  8.8059E-05
       8.1140E-05  9.3873E-05  9.9973E-05  1.1896E-04  1.2881E-04  1.2801E-04  1.1174E-04  1.0800E-04  1.0456E-04  8.9654E-05
       8.4504E-05  9.8177E-05  1.0558E-04  1.0990E-04  1.1301E-04  1.2299E-04  1.1425E-04  1.0905E-04  8.7968E-05  1.0225E-04
       8.1255E-05  9.2476E-05  1.0413E-04  1.0552E-04  1.1735E-04  1.2776E-04  1.1002E-04  9.7702E-05  9.3323E-05  9.8246E-05
       9.4401E-05  9.4559E-05  9.7602E-05  1.0561E-04  1.1480E-04  1.1483E-04  1.1410E-04  9.5929E-05  9.7549E-05  1.0438E-04
       8.2687E-05  8.1844E-05  9.2629E-05  9.6405E-05  8.5495E-05  8.6379E-05  9.7886E-05  8.3073E-05  8.3555E-05  7.5443E-05
       7.6182E-05  7.8092E-05  8.1328E-05  1.0053E-04  9.2324E-05  8.8901E-05  9.9885E-05  8.2397E-05  8.0024E-05  7.1568E-05
       7.1733E-05  7.9509E-05  9.0755E-05  8.6914E-05  9.2005E-05  9.5976E-05  8.1805E-05  8.4835E-05  7.5512E-05  6.7783E-05
       7.0340E-05  7.8350E-05  9.2946E-05  8.5110E-05  8.6803E-05  1.0352E-04  9.2505E-05  8.1805E-05  6.7707E-05  8.0388E-05
       7.7749E-05  6.8176E-05  9.0800E-05  9.1772E-05  9.9687E-05  9.4041E-05  9.8926E-05  9.6229E-05  7.2232E-05  7.4549E-05
       7.6794E-05  7.3541E-05  8.5086E-05  9.7921E-05  9.2199E-05  1.0129E-04  9.8061E-05  8.3500E-05  7.5300E-05  7.3381E-05
       7.8471E-05  7.6742E-05  8.5049E-05  9.5502E-05  1.0039E-04  1.0543E-04  9.2042E-05  8.5035E-05  8.4363E-05  8.0816E-05
       7.5185E-05  7.7050E-05  8.6927E-05  8.7676E-05  9.3498E-05  1.0368E-04  9.4851E-05  8.1459E-05  7.6545E-05  7.8789E-05
       8.2060E-05  7.8506E-05  8.7432E-05  8.7074E-05  9.3651E-05  1.0339E-04  9.5850E-05  8.0813E-05  7.8988E-05  7.6186E-05
       8.3334E-05  8.2854E-05  9.0634E-05  9.1321E-05  1.0134E-04  9.6203E-05  9.8875E-05  9.1159E-05  8.3295E-05  8.6232E-05
       7.8537E-05  8.4095E-05  8.5225E-05  8.1289E-05  7.7507E-05  8.2830E-05  8.7130E-05  8.0848E-05  7.7475E-05  8.7146E-05
       6.7153E-05  6.3737E-05  6.4692E-05  7.4825E-05  7.5666E-05  8.2583E-05  7.8026E-05  7.3380E-05  6.6641E-05  6.6699E-05
       7.0553E-05  6.1089E-05  7.5600E-05  6.9771E-05  7.8776E-05  7.8505E-05  7.2072E-05  7.3849E-05  6.5048E-05  6.1262E-05
       7.1237E-05  6.8177E-05  7.6103E-05  7.1433E-05  8.0940E-05  8.9118E-05  8.4154E-05  7.4082E-05  6.1603E-05  6.7124E-05
       7.0724E-05  6.1613E-05  7.7159E-05  7.4093E-05  8.5167E-05  8.2896E-05  7.5012E-05  7.8190E-05  6.5394E-05  6.1501E-05
       6.9092E-05  6.2665E-05  7.1753E-05  7.9367E-05  8.8337E-05  8.5159E-05  8.3812E-05  7.2407E-05  7.2717E-05  6.2445E-05
       7.3083E-05  7.2459E-05  7.0216E-05  7.4172E-05  7.4939E-05  9.8363E-05  8.4682E-05  7.6920E-05  6.7764E-05  6.8821E-05
       6.9209E-05  6.9878E-05  6.8424E-05  7.5373E-05  7.8252E-05  7.9990E-05  8.5751E-05  7.7381E-05  6.2430E-05  6.7233E-05
       7.5134E-05  7.5497E-05  7.4200E-05  8.3303E-05  8.5025E-05  8.4358E-05  8.0144E-05  7.6894E-05  6.9550E-05  6.0792E-05
       7.8837E-05  7.7132E-05  8.6959E-05  9.4764E-05  9.1795E-05  9.5026E-05  8.6530E-05  9.0529E-05  8.3094E-05  8.4824E-05
       8.6618E-05  8.4489E-05  8.1352E-05  7.5625E-05  7.3765E-05  7.8142E-05  8.8349E-05  8.5310E-05  7.9239E-05  8.4022E-05
       7.2826E-05  6.5956E-05  6.3012E-05  7.3559E-05  7.4528E-05  7.4932E-05  6.9218E-05  7.3864E-05  5.5785E-05  6.9743E-05
       7.0031E-05  5.8543E-05  5.7129E-05  6.7107E-05  8.3068E-05  6.9530E-05  7.2840E-05  7.3491E-05  5.7597E-05  6.9747E-05
       6.9768E-05  6.3691E-05  7.1969E-05  7.3141E-05  6.9682E-05  8.8177E-05  6.5304E-05  6.6515E-05  6.6766E-05  6.5024E-05
       6.7356E-05  5.7827E-05  7.2714E-05  6.8455E-05  7.5424E-05  8.1467E-05  7.5407E-05  7.2594E-05  6.5183E-05  6.3690E-05
       6.8705E-05  6.5147E-05  6.9701E-05  7.0058E-05  8.2580E-05  7.4863E-05  7.9667E-05  6.6242E-05  7.0070E-05  6.0484E-05
       6.4144E-05  5.9006E-05  6.7820E-05  6.9762E-05  7.3731E-05  8.7729E-05  7.4462E-05  6.7837E-05  6.4621E-05  6.2459E-05
       6.6531E-05  6.4169E-05  6.9493E-05  6.6582E-05  7.3025E-05  8.4164E-05  7.2005E-05  7.4157E-05  5.9537E-05  6.0208E-05
       6.9417E-05  7.5277E-05  7.6948E-05  8.0743E-05  7.7733E-05  8.5412E-05  6.4538E-05  8.2170E-05  6.8973E-05  6.0905E-05
       7.2643E-05  8.0770E-05  8.8394E-05  8.4900E-05  8.4316E-05  8.0445E-05  8.6145E-05  8.3866E-05  7.9906E-05  7.4763E-05
       9.9335E-05  8.5185E-05  8.0337E-05  8.3161E-05  8.5009E-05  8.1242E-05  8.0843E-05  9.0712E-05  8.7285E-05  8.7447E-05
       8.0235E-05  8.6729E-05  7.3974E-05  8.2961E-05  8.6546E-05  8.8313E-05  8.4211E-05  8.9273E-05  8.0566E-05  8.6599E-05
       8.1354E-05  8.2306E-05  8.1839E-05  9.1464E-05  8.3575E-05  8.8715E-05  7.7370E-05  8.5257E-05  7.5175E-05  6.9025E-05
       8.1391E-05  7.4087E-05  7.2651E-05  7.3864E-05  7.9415E-05  8.9256E-05  8.3344E-05  8.2607E-05  7.8387E-05  7.8244E-05
       8.4273E-05  6.8061E-05  7.8565E-05  8.1148E-05  9.0117E-05  9.1411E-05  8.0189E-05  7.8894E-05  7.8518E-05  8.4190E-05
       7.5925E-05  7.6015E-05  7.2205E-05  7.9680E-05  8.5202E-05  9.7673E-05  8.3383E-05  8.4561E-05  8.5045E-05  8.7627E-05
       8.3455E-05  7.8183E-05  7.1569E-05  7.9608E-05  8.1683E-05  9.4267E-05  8.2080E-05  7.6822E-05  7.4842E-05  7.8939E-05
       8.5461E-05  7.6464E-05  7.8280E-05  7.2500E-05  8.5111E-05  8.3764E-05  8.6347E-05  8.3052E-05  7.1004E-05  7.4581E-05
       7.7364E-05  7.7981E-05  7.9530E-05  8.3235E-05  8.7928E-05  8.0556E-05  8.4941E-05  8.6756E-05  7.9987E-05  8.0215E-05
       8.7345E-05  8.8969E-05  8.6865E-05  9.7788E-05  8.7213E-05  7.5398E-05  9.8405E-05  9.0382E-05  8.3537E-05  8.6545E-05

      Percentage errors follow in a matrix A(ix,iy,iz), format (1(5x,1p,10(1x,e11.4)))

       3.6491E+00  2.4588E+00  2.4693E+00  2.4679E+00  2.9538E+00  2.9367E+00  2.0079E+00  2.4342E+00  1.8668E+00  3.1720E+00
       2.7400E+00  3.1869E+00  2.8348E+00  2.7732E+00  2.5471E+00  2.6933E+00  2.2993E+00  2.5490E+00  2.0394E+00  2.4520E+00
       2.9334E+00  3.1785E+00  2.3775E+00  1.9814E+00  3.1053E+00  2.2989E+00  2.1088E+00  3.4582E+00  2.5367E+00  2.7309E+00
       2.0275E+00  3.5563E+00  2.6322E+00  2.7248E+00  3.2922E+00  3.1435E+00  2.0576E+00  2.4201E+00  2.8742E+00  2.6364E+00
       2.9713E+00  2.5147E+00  2.1199E+00  2.9174E+00  3.0409E+00  2.0918E+00  2.5407E+00  2.5494E+00  2.8958E+00  3.1004E+00
       2.6933E+00  3.5091E+00  2.6585E+00  2.3776E+00  2.5707E+00  2.4823E+00  2.1129E+00  2.7234E+00  2.5871E+00  2.9844E+00
       2.9382E+00  3.2975E+00  3.0205E+00  2.1921E+00  2.3464E+00  2.3745E+00  1.7634E+00  3.1381E+00  2.3828E+00  2.7858E+00
       1.7744E+00  3.6751E+00  2.6496E+00  2.6023E+00  2.8630E+00  2.5293E+00  2.6822E+00  2.2466E+00  3.4529E+00  2.9056E+00
       3.6225E+00  3.0494E+00  2.3619E+00  1.5577E+00  2.2275E+00  2.8406E+00  2.6520E+00  2.6305E+00  2.6412E+00  3.4488E+00
       3.0462E+00  2.5250E+00  2.0650E+00  2.9600E+00  2.6056E+00  1.9421E+00  2.5772E+00  2.9627E+00  3.0115E+00  3.9213E+00
       3.9588E+00  3.8336E+00  2.7678E+00  2.5302E+00  3.2520E+00  2.9738E+00  3.4106E+00  3.4843E+00  3.2736E+00  3.8829E+00
       4.0390E+00  3.3195E+00  3.7497E+00  3.7347E+00  1.8007E+00  3.1199E+00  2.5486E+00  2.1870E+00  3.3318E+00  3.1923E+00
       3.4748E+00  3.9070E+00  3.6268E+00  3.1515E+00  3.2843E+00  2.2474E+00  2.9216E+00  3.5781E+00  3.0428E+00  2.8229E+00
       4.3360E+00  3.3026E+00  3.6655E+00  2.4383E+00  2.6368E+00  2.2599E+00  2.5797E+00  3.2248E+00  3.1171E+00  3.9859E+00
       2.6435E+00  2.8290E+00  3.8237E+00  1.9579E+00  2.3320E+00  1.8721E+00  2.2409E+00  2.8385E+00  3.3524E+00  2.7940E+00
       3.8580E+00  3.6428E+00  2.6638E+00  2.6020E+00  2.5786E+00  2.8037E+00  2.4316E+00  2.9014E+00  3.2759E+00  3.7936E+00
       4.0644E+00  4.1000E+00  2.7810E+00  2.3292E+00  3.1070E+00  2.7537E+00  2.4436E+00  3.5193E+00  2.2622E+00  4.0459E+00
       3.2512E+00  3.6774E+00  2.5933E+00  3.9268E+00  3.0111E+00  3.1921E+00  2.9007E+00  3.2262E+00  2.7250E+00  3.2236E+00
       3.2147E+00  2.6426E+00  2.8789E+00  2.9699E+00  2.5524E+00  4.1601E+00  4.3966E+00  3.2763E+00  3.7433E+00  3.5510E+00
       4.0671E+00  2.8101E+00  3.1610E+00  3.3775E+00  2.5900E+00  3.1603E+00  2.9190E+00  3.1400E+00  3.4332E+00  3.0185E+00
       3.6487E+00  3.8120E+00  3.2064E+00  3.1690E+00  3.8712E+00  3.3586E+00  4.2631E+00  4.6528E+00  4.0151E+00  4.8175E+00
       3.6820E+00  3.4405E+00  2.9813E+00  3.8318E+00  3.5936E+00  3.6814E+00  3.3151E+00  3.2094E+00  3.7305E+00  3.6964E+00
       3.8009E+00  4.4468E+00  3.6340E+00  3.8816E+00  3.2145E+00  3.7737E+00  3.1300E+00  3.5132E+00  3.9628E+00  4.1323E+00
       4.8267E+00  2.9741E+00  4.7567E+00  3.0593E+00  3.3917E+00  3.4280E+00  3.8008E+00  3.1843E+00  3.9461E+00  3.6688E+00
       3.4013E+00  3.9715E+00  3.7534E+00  3.4155E+00  2.6626E+00  4.0637E+00  3.1730E+00  4.5502E+00  3.0497E+00  5.4362E+00
       4.7293E+00  4.2473E+00  3.9415E+00  3.2406E+00  3.4118E+00  3.6500E+00  2.5249E+00  2.8295E+00  3.4307E+00  4.3278E+00
       5.0809E+00  4.2683E+00  4.8528E+00  3.3692E+00  3.7924E+00  4.2213E+00  2.9320E+00  3.4429E+00  2.9549E+00  4.3527E+00
       4.1363E+00  3.5595E+00  3.1377E+00  2.9574E+00  3.2591E+00  4.6546E+00  4.4080E+00  3.8173E+00  3.4994E+00  3.6748E+00
       4.1110E+00  4.5653E+00  3.5541E+00  3.3912E+00  2.7091E+00  4.4800E+00  4.5448E+00  3.4120E+00  4.5897E+00  2.8618E+00
       5.4529E+00  3.3993E+00  4.0962E+00  4.3590E+00  3.8442E+00  4.2700E+00  3.5781E+00  4.1503E+00  3.3648E+00  2.9682E+00
       4.2320E+00  4.7771E+00  5.2973E+00  4.1031E+00  4.5700E+00  3.7233E+00  3.7996E+00  4.8263E+00  4.4626E+00  4.6976E+00
       4.6244E+00  4.6841E+00  4.7414E+00  4.9128E+00  3.4271E+00  4.6452E+00  3.0188E+00  4.0185E+00  5.3862E+00  3.6998E+00
       5.0696E+00  4.4649E+00  4.2121E+00  4.7042E+00  4.0755E+00  4.5164E+00  5.1180E+00  4.7200E+00  3.8875E+00  5.1130E+00
       4.3473E+00  3.9273E+00  4.8276E+00  4.3319E+00  3.8887E+00  4.2124E+00  4.1401E+00  3.9672E+00  4.2427E+00  5.2620E+00
       5.2550E+00  4.5233E+00  5.6691E+00  3.4661E+00  4.3290E+00  3.8781E+00  4.5138E+00  4.9117E+00  2.9247E+00  5.7570E+00
       5.1454E+00  4.0033E+00  3.8787E+00  2.4838E+00  4.0391E+00  4.2881E+00  5.2808E+00  3.2860E+00  3.5485E+00  5.3942E+00
       5.9830E+00  4.3257E+00  3.3964E+00  4.4625E+00  3.7827E+00  3.8630E+00  4.7441E+00  4.3557E+00  3.6848E+00  4.8356E+00
       4.5551E+00  4.5851E+00  3.8435E+00  3.8292E+00  5.1719E+00  3.5929E+00  4.4131E+00  3.7608E+00  5.2120E+00  4.7476E+00
       4.4800E+00  4.1427E+00  4.8716E+00  4.2829E+00  4.2120E+00  3.7105E+00  5.3303E+00  4.1682E+00  5.8303E+00  4.2921E+00
       5.4594E+00  4.7280E+00  3.7470E+00  5.1690E+00  4.2688E+00  4.8119E+00  4.7453E+00  5.5926E+00  3.8253E+00  3.4395E+00
       6.4395E+00  4.1779E+00  5.2716E+00  5.1469E+00  6.0558E+00  3.9076E+00  4.8836E+00  4.3296E+00  6.8213E+00  4.5841E+00
       6.1296E+00  5.3213E+00  6.6829E+00  5.6191E+00  5.0675E+00  4.6330E+00  3.9727E+00  5.6552E+00  4.8799E+00  6.0497E+00
       4.0246E+00  3.7082E+00  3.8972E+00  5.4058E+00  4.7367E+00  4.2611E+00  5.2225E+00  3.6683E+00  5.5500E+00  5.4425E+00
       4.5397E+00  3.8533E+00  5.9648E+00  5.4838E+00  5.8793E+00  4.0220E+00  4.6763E+00  4.1999E+00  5.0600E+00  7.2408E+00
       5.9967E+00  4.0459E+00  4.6186E+00  4.8858E+00  5.0598E+00  4.7020E+00  4.7768E+00  4.5612E+00  3.5975E+00  6.8742E+00
       4.7058E+00  4.3732E+00  5.8877E+00  3.8303E+00  4.0749E+00  4.9299E+00  4.4712E+00  4.7845E+00  3.9099E+00  6.0928E+00
       7.7136E+00  4.3342E+00  4.7687E+00  3.2910E+00  4.8337E+00  5.6938E+00  5.9097E+00  4.9072E+00  4.2313E+00  5.8071E+00
       6.3231E+00  4.7099E+00  4.2238E+00  5.1159E+00  5.1007E+00  4.1910E+00  5.3314E+00  5.4140E+00  5.2450E+00  4.4277E+00
       5.4011E+00  4.9368E+00  5.6787E+00  5.8955E+00  5.2335E+00  3.7461E+00  6.1772E+00  5.9813E+00  7.8803E+00  4.3187E+00
       5.7255E+00  6.3457E+00  5.1591E+00  5.6762E+00  4.7135E+00  4.4032E+00  4.2518E+00  6.7573E+00  5.0454E+00  5.7008E+00
       5.6780E+00  4.7463E+00  6.7978E+00  7.0749E+00  5.8494E+00  4.0072E+00  4.8987E+00  3.9227E+00  6.1593E+00  5.6739E+00
       7.5008E+00  6.0468E+00  6.2109E+00  5.9666E+00  6.4780E+00  5.7027E+00  6.6781E+00  4.4385E+00  4.6166E+00  7.3149E+00
       6.3800E+00  5.5054E+00  5.6451E+00  5.8114E+00  5.8831E+00  6.0004E+00  5.2675E+00  5.2410E+00  7.9704E+00  6.5563E+00
       9.3709E+00  6.1200E+00  5.1610E+00  5.1665E+00  7.5148E+00  5.3717E+00  4.9915E+00  4.8794E+00  6.4275E+00  8.4281E+00
       6.0568E+00  5.5237E+00  4.5901E+00  6.2483E+00  4.9287E+00  4.6981E+00  5.6662E+00  5.1665E+00  6.2755E+00  7.3073E+00
       5.5442E+00  4.5893E+00  4.4609E+00  5.8637E+00  4.8281E+00  3.7530E+00  6.6042E+00  6.3077E+00  4.3895E+00  5.0077E+00
       6.3206E+00  4.3389E+00  5.7988E+00  4.5891E+00  5.7571E+00  4.1053E+00  7.5242E+00  6.2014E+00  5.5796E+00  5.4488E+00
       6.4173E+00  4.5927E+00  5.5968E+00  5.3577E+00  5.0454E+00  6.3015E+00  4.5075E+00  5.8365E+00  8.9851E+00  5.9134E+00
       5.7504E+00  4.2429E+00  5.7182E+00  4.8421E+00  5.5827E+00  4.8386E+00  5.4468E+00  5.5023E+00  7.3911E+00  4.8961E+00
       5.9200E+00  5.4253E+00  5.3538E+00  6.4293E+00  3.7898E+00  5.7764E+00  4.3170E+00  6.6984E+00  5.0654E+00  6.4598E+00
       7.1308E+00  5.7791E+00  5.8121E+00  6.1515E+00  7.3822E+00  5.4245E+00  5.7909E+00  4.5620E+00  6.6273E+00  7.0661E+00
       6.6660E+00  5.6906E+00  5.0719E+00  4.7972E+00  6.5400E+00  7.3640E+00  6.6291E+00  3.5363E+00  7.2580E+00  8.6265E+00
       7.6911E+00  6.8671E+00  6.4334E+00  4.4956E+00  6.3032E+00  6.8153E+00  6.3206E+00  5.0417E+00  6.1906E+00  5.8489E+00
       7.1092E+00  7.9662E+00  7.2951E+00  4.7008E+00  6.1667E+00  6.5331E+00  5.8125E+00  6.4032E+00  8.8672E+00  6.2001E+00
       6.5152E+00  5.5849E+00  7.4432E+00  5.5466E+00  6.7042E+00  4.9381E+00  7.0902E+00  5.9268E+00  6.1710E+00  8.3564E+00
       6.2289E+00  6.4297E+00  6.0548E+00  5.5824E+00  5.9636E+00  6.7162E+00  5.0242E+00  4.9620E+00  5.0088E+00  6.1388E+00
       6.3346E+00  6.3559E+00  5.4540E+00  5.0180E+00  8.2921E+00  5.2515E+00  6.5592E+00  4.9388E+00  6.2694E+00  5.7994E+00
       3.9902E+00  7.6269E+00  7.1446E+00  6.4393E+00  5.4891E+00  5.5599E+00  6.2703E+00  6.2300E+00  8.8399E+00  8.9622E+00
       6.2859E+00  6.6214E+00  8.0834E+00  4.2649E+00  5.3929E+00  3.5202E+00  5.9406E+00  6.9153E+00  7.4987E+00  5.9304E+00
       7.4040E+00  6.6603E+00  5.6925E+00  4.9278E+00  6.4110E+00  6.0013E+00  4.5134E+00  8.0376E+00  5.4759E+00  5.3747E+00
       6.4178E+00  5.4523E+00  6.4408E+00  5.9310E+00  6.4477E+00  6.9990E+00  5.5602E+00  5.5253E+00  5.3643E+00  5.5605E+00
       6.5438E+00  5.5179E+00  6.2185E+00  7.5391E+00  7.5147E+00  6.4586E+00  7.0575E+00  5.8148E+00  7.5406E+00  7.1008E+00
       7.5349E+00  6.2936E+00  7.2493E+00  8.1068E+00  7.6697E+00  7.5594E+00  6.0964E+00  6.5105E+00  7.5137E+00  6.9487E+00
       6.6964E+00  1.0392E+01  7.8193E+00  9.1899E+00  6.7634E+00  6.9398E+00  6.8931E+00  6.3080E+00  6.9058E+00  6.1593E+00
       6.3430E+00  8.7187E+00  6.6217E+00  6.6201E+00  5.8166E+00  7.1076E+00  6.1089E+00  6.2203E+00  7.2340E+00  6.3623E+00
       6.7825E+00  8.3156E+00  5.2921E+00  7.5275E+00  4.3747E+00  5.6935E+00  5.9939E+00  5.4960E+00  5.4494E+00  5.2784E+00
       6.6209E+00  7.7620E+00  6.8400E+00  7.6003E+00  7.5795E+00  5.4757E+00  5.4784E+00  8.5316E+00  6.3631E+00  6.5719E+00
       6.5782E+00  8.7830E+00  6.8507E+00  5.9379E+00  5.4674E+00  4.9035E+00  8.1983E+00  6.2388E+00  6.6237E+00  6.8006E+00
       5.4165E+00  5.5575E+00  7.9590E+00  6.5777E+00  5.6407E+00  5.7990E+00  7.8299E+00  7.5072E+00  7.2686E+00  5.6409E+00
       5.3622E+00  7.6716E+00  5.0055E+00  5.8548E+00  6.6123E+00  4.7599E+00  4.7984E+00  6.3757E+00  7.1887E+00  6.1966E+00
       7.7936E+00  6.9140E+00  4.0213E+00  6.2957E+00  5.7231E+00  6.4735E+00  5.2043E+00  6.4267E+00  4.6203E+00  5.5857E+00
       6.8511E+00  6.8843E+00  4.4776E+00  5.6283E+00  5.5650E+00  5.9612E+00  8.2413E+00  6.6844E+00  8.0697E+00  8.2707E+00
       8.6570E+00  6.8988E+00  4.7616E+00  6.2285E+00  6.4311E+00  6.9666E+00  6.9077E+00  4.6888E+00  6.1503E+00  6.7945E+00
       7.3415E+00  5.5970E+00  6.9475E+00  5.0033E+00  6.7708E+00  7.3955E+00  5.3320E+00  5.7131E+00  6.3142E+00  9.3140E+00
       7.2211E+00  5.4482E+00  4.9283E+00  7.3437E+00  5.7581E+00  6.8100E+00  6.0436E+00  6.7345E+00  5.9526E+00  6.5465E+00
       7.9873E+00  7.3122E+00  7.0413E+00  6.2819E+00  5.3158E+00  5.8805E+00  5.7741E+00  5.3192E+00  5.1561E+00  7.8042E+00
       6.2149E+00  8.0684E+00  7.2083E+00  6.3120E+00  7.6912E+00  6.1784E+00  5.9389E+00  6.3811E+00  7.8968E+00  5.0012E+00
       6.6820E+00  6.3879E+00  6.1361E+00  7.7665E+00  7.3449E+00  5.6233E+00  5.6894E+00  5.0979E+00  7.3591E+00  8.0399E+00
       7.1850E+00  4.7998E+00  8.5227E+00  8.5644E+00  5.9268E+00  5.9921E+00  7.2640E+00  6.4967E+00  7.1229E+00  9.7717E+00
       7.0650E+00  5.2126E+00  7.1811E+00  6.2959E+00  5.7977E+00  4.6297E+00  6.6469E+00  6.4249E+00  7.0424E+00  6.5453E+00
       4.0212E+00  5.2601E+00  6.6783E+00  6.2475E+00  5.4649E+00  5.6048E+00  5.2140E+00  6.2555E+00  5.9602E+00  4.0776E+00
       6.6567E+00  5.4245E+00  4.4128E+00  6.7201E+00  8.3690E+00  7.2384E+00  6.4634E+00  5.6044E+00  5.1619E+00  4.8854E+00
       6.5681E+00  6.4289E+00  5.5917E+00  6.6513E+00  5.8179E+00  8.2461E+00  5.9415E+00  6.2806E+00  6.2551E+00  6.0089E+00
       6.2679E+00  6.2147E+00  7.1174E+00  6.1767E+00  5.5687E+00  6.8162E+00  7.5140E+00  5.9090E+00  5.7061E+00  7.7727E+00
       4.6665E+00  5.9970E+00  5.5674E+00  7.2159E+00  6.1788E+00  4.5608E+00  5.9405E+00  7.2963E+00  5.7269E+00  6.7577E+00
       6.4024E+00  7.2686E+00  5.2661E+00  6.2396E+00  4.4795E+00  5.3157E+00  4.9861E+00  5.3020E+00  4.5104E+00  5.5885E+00
       6.8021E+00  6.2601E+00  5.6349E+00  6.7535E+00  4.1247E+00  6.5439E+00  5.4011E+00  6.7203E+00  4.7673E+00  7.4788E+00
       8.0842E+00  5.9201E+00  5.1916E+00  6.4532E+00  4.5418E+00  5.8708E+00  5.5345E+00  5.1675E+00  5.3390E+00  7.1809E+00
       6.0142E+00  4.9912E+00  4.9896E+00  6.6855E+00  5.2774E+00  6.4282E+00  6.2370E+00  5.9289E+00  5.0709E+00  6.1880E+00
       6.8489E+00  6.1622E+00  6.3593E+00  6.6030E+00  5.7758E+00  5.5738E+00  5.1814E+00  6.0181E+00  5.5388E+00  7.2243E+00
