1
   Cartesian binning n.   1  "DoseEq    " , generalized particle n.  240
      X coordinate: from -8.5000E+01 to  8.5000E+01 cm,    10 bins ( 1.7000E+01 cm wide)
      Y coordinate: from -2.5000E+01 to  2.5000E+01 cm,    10 bins ( 5.0000E+00 cm wide)
      Z coordinate: from  2.2500E+02 to  2.7500E+02 cm,    10 bins ( 5.0000E+00 cm wide)
      Data follow in a matrix A(ix,iy,iz), format (1(5x,1p,10(1x,e11.4)))

      accurate deposition along the tracks requested
      this is a track-length binning
       5.2381E-05  3.3141E-05  6.2027E-05  4.0200E-05  5.3253E-05  4.0612E-05  9.3400E-05  9.0073E-05  7.8113E-05  7.1775E-05
       5.1292E-05  6.7875E-05  8.0503E-05  1.3806E-04  9.0187E-05  6.0103E-05  4.8978E-05  1.1420E-04  7.9830E-05  8.0389E-05
       4.9380E-05  5.0232E-05  9.5186E-05  6.8612E-05  6.2800E-05  1.4920E-04  5.8926E-05  5.7095E-05  1.3319E-04  5.0736E-05
       4.6826E-05  5.9324E-05  1.6455E-04  9.6282E-05  8.0017E-05  9.7196E-05  8.8609E-05  5.4378E-05  1.0759E-04  4.5633E-05
       4.8775E-05  6.3916E-05  6.2025E-05  9.3384E-05  8.4300E-05  1.3162E-04  7.9510E-05  4.6025E-05  8.9762E-05  4.4429E-05
       9.1266E-05  5.8604E-05  1.0395E-04  7.3479E-05  7.3410E-05  8.2271E-05  1.0593E-04  7.7469E-05  5.6814E-05  6.3180E-05
       1.1682E-04  7.6515E-05  6.9826E-05  1.2955E-04  5.4332E-05  9.0238E-05  5.8487E-05  5.8334E-05  5.6108E-05  6.6720E-05
       4.5879E-05  3.9344E-05  9.1393E-05  9.6243E-05  7.4261E-05  1.0482E-04  5.8046E-05  6.9659E-05  7.8041E-05  7.1047E-05
       7.0015E-05  5.9728E-05  1.0605E-04  1.0446E-04  1.1952E-04  1.0921E-04  8.4246E-05  7.3051E-05  9.1186E-05  4.9264E-05
       3.1729E-05  3.9435E-05  5.4148E-05  7.8780E-05  1.2277E-04  8.3643E-05  6.9967E-05  7.2486E-05  1.2018E-04  7.5782E-05
       3.3622E-05  1.9305E-05  5.6870E-05  6.0646E-05  1.9007E-05  1.5648E-05  4.0691E-05  6.1575E-05  6.7965E-05  3.9336E-05
       3.4648E-05  4.9489E-05  7.8245E-05  1.3041E-04  3.7414E-05  6.3670E-05  4.2157E-05  5.1866E-05  9.1428E-05  7.9724E-05
       2.9072E-05  3.6298E-05  9.9058E-05  6.8545E-05  4.5613E-05  6.8607E-05  3.6861E-05  6.7911E-05  7.6614E-05  2.0776E-05
       2.7943E-05  4.4872E-05  9.8380E-05  1.0605E-04  7.6482E-05  5.4345E-05  6.3405E-05  3.7402E-05  3.8416E-05  2.5917E-05
       3.6063E-05  6.1941E-05  6.0869E-05  6.5815E-05  8.2435E-05  1.1460E-04  9.7060E-05  7.2819E-05  4.1868E-05  2.3767E-05
       1.1014E-04  4.5687E-05  1.0473E-04  3.1668E-05  5.9710E-05  6.0307E-05  6.2499E-05  9.1686E-05  5.1960E-05  3.0015E-05
       7.3952E-05  4.2095E-05  7.5079E-05  7.1566E-05  4.9453E-05  8.2391E-05  7.2114E-05  6.9604E-05  4.7872E-05  4.6775E-05
       5.3577E-05  2.4415E-05  8.4900E-05  9.5609E-05  7.4232E-05  6.4113E-05  3.5765E-05  7.0503E-05  4.1229E-05  2.3805E-05
       5.1258E-05  4.8672E-05  7.8079E-05  9.5941E-05  1.0521E-04  1.0891E-04  5.5872E-05  5.6948E-05  2.1456E-05  4.0438E-05
       2.0897E-05  4.6309E-05  2.5161E-05  5.3080E-05  6.3851E-05  5.6545E-05  3.5016E-05  4.7389E-05  5.4324E-05  3.7163E-05
       2.0072E-05  2.5262E-05  4.8400E-05  5.6183E-05  2.0848E-05  1.4763E-05  2.4675E-05  5.3937E-05  4.3681E-05  3.8967E-05
       3.1514E-05  4.3170E-05  2.4370E-05  9.5036E-05  3.5862E-05  4.8786E-05  2.5301E-05  3.6989E-05  6.3403E-05  5.5988E-05
       2.6082E-05  1.8027E-05  5.4941E-05  2.1753E-05  5.1061E-05  8.2358E-05  3.1406E-05  5.9389E-05  5.1524E-05  4.4548E-05
       4.0194E-05  3.9031E-05  6.4741E-05  5.9082E-05  4.8363E-05  3.7761E-05  5.0375E-05  1.4150E-05  2.7022E-05  1.3599E-05
       4.4091E-05  2.4129E-05  6.8143E-05  2.7571E-05  5.9243E-05  4.8493E-05  6.4074E-05  4.1119E-05  2.9705E-05  1.9008E-05
       4.9944E-05  2.7651E-05  1.0537E-04  5.1184E-05  5.2341E-05  6.2868E-05  6.1836E-05  3.6534E-05  4.0080E-05  2.2651E-05
       2.6290E-05  1.7574E-05  9.0100E-05  6.4276E-05  3.9543E-05  9.2304E-05  3.2896E-05  5.3962E-05  4.8332E-05  3.0650E-05
       5.7912E-05  1.4657E-05  4.6599E-05  4.3011E-05  4.5527E-05  6.4650E-05  5.1699E-05  3.6018E-05  3.0332E-05  2.0519E-05
       4.4438E-05  5.1189E-05  5.4228E-05  4.9822E-05  3.7394E-05  8.0346E-05  4.7989E-05  3.5381E-05  1.6875E-05  2.7493E-05
       2.2440E-05  2.3953E-05  1.6070E-05  3.2385E-05  4.1114E-05  6.3005E-05  1.7523E-05  2.7527E-05  6.1222E-05  3.0190E-05
       1.1558E-05  2.4427E-05  1.8199E-05  5.8772E-05  7.3745E-05  2.4114E-05  2.1933E-05  1.7074E-05  3.3936E-05  3.0448E-05
       1.3343E-05  2.5132E-05  1.0707E-05  6.0407E-05  5.0450E-05  3.6026E-05  2.4332E-05  2.5525E-05  3.1226E-05  5.9380E-05
       4.0228E-05  2.6543E-05  1.6336E-05  2.0365E-05  3.4196E-05  2.7585E-05  2.2648E-05  6.4362E-05  5.1399E-05  3.3793E-05
       1.8593E-05  2.6346E-05  3.4766E-05  3.6776E-05  4.5003E-05  4.9949E-05  2.2083E-05  1.2082E-05  2.4623E-05  1.6421E-05
       1.9672E-05  3.2834E-05  3.2198E-05  2.7420E-05  1.2143E-04  4.8991E-05  2.8566E-05  2.4989E-05  2.1881E-05  4.2721E-05
       3.0624E-05  2.2076E-05  5.7321E-05  5.2527E-05  5.5864E-05  4.5607E-05  3.0784E-05  2.3609E-05  5.9858E-05  5.9298E-05
       2.0496E-05  2.4828E-05  7.1421E-05  5.7557E-05  3.3204E-05  3.1277E-05  1.3115E-05  2.4233E-05  3.5970E-05  6.0681E-05
       2.7188E-05  1.2400E-05  4.7179E-05  2.7668E-05  2.3404E-05  5.6946E-05  4.4839E-05  4.6638E-05  2.3230E-05  1.6083E-05
       4.8552E-05  3.0611E-05  7.7708E-05  2.1919E-05  1.2265E-05  5.6473E-05  5.0889E-05  4.7028E-05  3.5078E-05  1.6945E-05
       2.2208E-05  1.2524E-05  4.8748E-05  5.8107E-05  3.4305E-05  8.0033E-05  1.6072E-05  1.8592E-05  1.8070E-05  2.5952E-05
       1.2361E-05  1.0002E-05  1.3606E-05  4.7972E-05  1.6950E-05  2.2975E-05  2.6483E-05  3.1702E-05  4.6162E-05  1.3285E-05
       1.3329E-05  1.1421E-05  7.1005E-06  5.5438E-05  1.4662E-05  3.4132E-05  2.5768E-05  3.5275E-05  3.9299E-05  5.3650E-05
       4.1439E-05  1.6529E-05  1.8904E-05  1.5773E-05  4.4166E-05  3.6045E-05  4.6509E-05  3.1936E-05  5.4761E-05  3.6849E-05
       3.4657E-05  1.4309E-05  1.3689E-05  2.1756E-05  5.0352E-05  2.0166E-05  1.2339E-05  1.9680E-05  1.4401E-05  1.6742E-05
       7.6595E-06  3.5518E-05  2.6313E-05  2.7778E-05  4.2994E-05  3.7831E-05  1.4636E-05  1.7061E-05  3.0495E-05  2.3580E-05
       2.5319E-05  1.1044E-05  4.0232E-05  2.0414E-05  4.9953E-05  1.9568E-05  1.9894E-05  1.0761E-05  7.5589E-05  3.7321E-05
       2.6748E-05  1.5069E-05  3.1711E-05  3.6565E-05  4.5184E-05  3.6000E-05  1.7015E-05  2.6258E-05  3.8411E-05  3.5677E-05
       3.1803E-05  1.0744E-05  5.3119E-05  2.6964E-05  4.8242E-05  3.7026E-05  1.9063E-05  4.2452E-05  3.1996E-05  3.4826E-05
       2.5591E-05  5.4885E-06  3.1200E-05  1.5590E-05  2.3235E-05  6.2336E-05  2.6643E-05  2.5600E-05  1.6138E-05  5.1046E-05
       2.2456E-05  1.3868E-05  3.0803E-05  3.4259E-05  1.9569E-05  6.3644E-05  1.4588E-05  4.8327E-06  5.2675E-06  3.3396E-05
       5.2019E-06  9.6458E-06  7.6529E-06  2.1780E-05  3.7542E-05  1.1197E-05  7.8423E-06  1.5920E-05  3.2113E-05  3.6428E-05
       8.7883E-06  6.0528E-06  6.5609E-06  4.2021E-05  1.1417E-05  9.7539E-06  2.1268E-05  2.6716E-05  2.2516E-05  1.5448E-05
       1.8179E-05  4.4091E-06  8.8500E-06  9.4852E-06  1.6111E-05  3.0533E-05  3.2827E-05  2.1586E-05  3.7379E-05  8.3232E-06
       2.2008E-05  1.7609E-05  9.9889E-06  7.9332E-06  7.6739E-06  3.7985E-05  9.4830E-06  1.5526E-05  2.3561E-05  1.2016E-05
       5.2690E-06  1.7682E-05  8.5503E-06  2.8729E-05  1.5588E-05  3.2366E-05  1.5754E-05  2.6583E-05  3.4825E-05  3.2033E-05
       1.6932E-05  1.2282E-05  1.9514E-05  3.6422E-05  2.7692E-05  2.2394E-05  1.3070E-05  2.6700E-05  9.1547E-05  2.4327E-05
       2.8900E-05  1.2381E-05  2.8215E-05  3.0648E-05  1.4462E-05  2.3557E-05  3.4067E-05  1.9489E-05  4.8932E-05  4.3779E-05
       6.5521E-06  1.1164E-05  2.3186E-05  1.8516E-05  1.4589E-05  3.5179E-05  2.2060E-05  1.0386E-05  2.5839E-05  2.3418E-05
       3.4876E-06  1.9879E-06  5.3032E-06  2.9170E-05  3.5585E-05  3.3970E-05  1.0911E-05  1.9885E-05  2.5019E-05  1.2977E-05
       1.7035E-05  2.4828E-05  2.7513E-05  4.1568E-05  1.3209E-05  3.8192E-05  1.3530E-05  1.3871E-05  6.6344E-06  2.1124E-05
       1.5929E-05  8.4966E-06  1.7380E-05  2.7361E-05  4.6657E-05  9.0573E-06  8.4839E-06  2.0420E-05  9.2789E-06  2.8917E-05
       3.2904E-06  8.1579E-06  3.6992E-05  2.3148E-05  1.3361E-05  2.6584E-05  3.1783E-05  9.7848E-06  3.6686E-06  9.1564E-06
       1.0025E-05  7.3442E-06  2.8852E-05  2.0691E-05  8.9374E-06  7.3155E-06  2.8689E-05  1.4810E-05  1.4831E-05  1.5596E-05
       1.1894E-05  6.3999E-06  7.8835E-06  3.1840E-06  3.6404E-06  8.3026E-06  2.0538E-05  1.7312E-05  1.7151E-05  5.6577E-06
       5.6727E-06  1.4323E-05  1.0241E-05  2.5279E-05  5.8899E-06  1.5007E-05  1.6402E-05  5.1444E-05  3.0131E-05  7.8642E-06
       3.6289E-05  7.9332E-06  2.1949E-05  1.0939E-05  1.6618E-05  3.2967E-05  7.9978E-06  5.1846E-05  3.2229E-05  1.1310E-05
       1.4986E-05  2.2239E-05  1.4294E-06  1.8803E-05  2.0808E-05  3.2903E-05  1.8237E-05  1.8403E-05  3.4138E-05  1.5698E-05
       9.8518E-06  6.0510E-06  8.8082E-06  1.1267E-05  1.5706E-05  2.7029E-05  7.9681E-06  5.9098E-06  1.5151E-05  2.5039E-05
       1.8349E-06  6.3922E-06  1.3337E-06  4.4200E-06  6.2302E-06  2.9526E-05  1.1558E-05  1.0379E-05  1.1711E-05  8.2610E-06
       1.1667E-05  1.5418E-05  1.2799E-05  1.3527E-05  1.7113E-05  1.0639E-05  8.0393E-06  1.3727E-05  6.9798E-06  1.7454E-06
       1.1602E-06  7.3040E-07  3.9174E-05  2.8383E-05  3.5595E-05  8.3650E-06  2.4702E-05  1.0448E-05  3.6314E-06  4.0893E-06
       1.6950E-06  1.2936E-06  3.0430E-05  1.8203E-05  1.5659E-05  1.6548E-05  3.4717E-05  6.0551E-06  6.3773E-06  8.2068E-06
       1.2642E-05  3.9324E-06  3.4560E-05  1.6154E-05  8.3288E-06  1.2685E-06  2.5540E-05  5.0516E-06  8.0225E-06  6.1352E-06
       8.9661E-06  5.7984E-06  2.8008E-05  1.9954E-05  2.0564E-06  2.6710E-06  4.7019E-05  1.0897E-05  1.6460E-05  3.6248E-06
       8.3902E-06  5.8600E-06  1.6672E-05  2.7727E-05  1.6634E-05  1.6006E-05  2.4198E-05  2.8320E-05  1.5030E-05  2.0577E-05
       3.1096E-05  1.0706E-05  2.1075E-05  1.7634E-05  1.6175E-05  9.2282E-06  1.1766E-05  2.0583E-05  1.9868E-05  7.8401E-06
       2.0080E-05  3.9256E-05  2.9591E-05  1.6678E-05  6.6161E-06  5.5943E-06  1.0105E-05  1.1132E-05  1.6330E-05  1.6203E-05
       3.4287E-06  6.7183E-06  8.2570E-06  1.1320E-05  3.7361E-06  1.6643E-05  1.1572E-05  2.7875E-06  1.1471E-05  1.0686E-05
       6.8020E-06  8.5709E-06  1.5107E-06  6.0990E-06  2.2443E-06  2.1155E-05  1.0932E-06  1.3630E-05  1.1091E-05  2.1535E-06
       1.2191E-05  6.3654E-06  1.1728E-05  6.5813E-06  1.1331E-05  1.1761E-05  1.0524E-05  7.2218E-06  8.8471E-06  5.3882E-06
       1.3154E-06  2.5433E-06  2.5339E-05  2.0602E-05  1.1329E-05  7.7419E-06  1.6369E-05  5.5302E-06  4.9214E-06  5.6226E-06
       3.7624E-07  2.1956E-06  1.1041E-05  2.0787E-05  1.2265E-05  4.9775E-06  1.4640E-05  7.5913E-06  6.8324E-06  1.0752E-05
       6.8488E-06  2.7914E-06  4.5159E-05  1.7813E-05  1.9655E-05  1.1037E-06  1.7536E-05  2.5852E-06  3.4759E-06  3.6476E-06
       1.0535E-05  7.2962E-06  2.0427E-05  6.0079E-06  7.5826E-06  7.2164E-06  5.3236E-05  4.4795E-06  4.1598E-06  2.7055E-05
       1.5328E-05  9.8701E-06  1.4511E-05  9.6631E-06  1.0879E-05  2.0075E-05  1.3833E-05  2.9530E-05  1.2883E-05  1.5201E-05
       2.6265E-05  1.6928E-05  7.8799E-06  4.6089E-05  1.4452E-05  1.0257E-06  1.2097E-05  1.8154E-05  7.6258E-06  4.2820E-06
       1.8729E-05  3.9978E-06  1.2720E-05  3.2999E-05  3.5548E-06  9.8979E-06  2.4662E-05  6.1118E-06  6.6503E-06  1.9726E-05
       3.4885E-06  7.5725E-06  6.1997E-06  2.2098E-05  1.7743E-06  1.8328E-05  1.4954E-05  2.2153E-06  3.3667E-06  3.1344E-06
       1.0218E-05  1.1622E-06  7.8712E-06  1.6008E-05  1.6474E-06  6.0693E-06  1.1367E-06  2.1556E-05  2.3842E-05  4.0655E-06
       6.5069E-06  6.9149E-07  1.1167E-05  8.8620E-06  5.0646E-06  1.0904E-05  8.6298E-06  1.0811E-05  1.2661E-05  5.2495E-06
       1.5701E-06  5.0010E-06  2.5435E-05  1.9089E-05  1.1490E-05  2.0179E-05  7.0434E-06  7.2479E-06  5.7975E-06  4.7059E-06
       3.7883E-06  2.1656E-06  1.4576E-05  1.2893E-05  3.2290E-06  1.7033E-05  1.3880E-05  7.0239E-06  1.1509E-05  1.2023E-05
       5.1008E-06  3.2145E-06  5.2426E-06  2.9864E-05  1.7035E-05  4.6869E-06  2.1758E-05  2.4762E-06  2.1011E-05  9.9744E-06
       9.5148E-06  3.9646E-06  3.6050E-06  3.5635E-05  1.4957E-05  6.7181E-06  2.9275E-05  6.6470E-06  7.9433E-06  1.9299E-05
       8.0595E-06  1.4759E-05  1.0882E-05  2.2869E-05  1.1742E-05  1.9408E-05  5.2542E-05  2.0342E-05  2.4781E-06  8.5731E-06
       1.4556E-05  1.5500E-05  2.4093E-05  4.6032E-05  3.1769E-05  3.0416E-06  1.1567E-05  7.3458E-06  1.8990E-06  5.9384E-06
       1.2489E-05  7.1030E-06  1.3100E-05  1.2101E-05  8.3957E-06  2.5130E-05  1.9326E-05  2.4786E-06  4.4343E-07  2.5308E-05
       1.4886E-05  1.0472E-05  9.8125E-06  3.3885E-05  3.1674E-06  2.5129E-05  1.3531E-05  1.3162E-05  6.6249E-06  2.1179E-05
       4.2524E-06  4.7028E-06  1.0714E-05  7.0706E-06  7.9157E-06  1.8207E-05  5.1686E-06  1.5848E-05  1.3661E-05  1.4206E-06
       1.9196E-05  1.6193E-06  1.0916E-05  9.4439E-06  7.0624E-06  1.7513E-05  1.1422E-05  1.7712E-05  9.5586E-06  7.6687E-06

      Percentage errors follow in a matrix A(ix,iy,iz), format (1(5x,1p,10(1x,e11.4)))

       9.9000E+01  9.9000E+01  9.9000E+01  9.9000E+01  9.9000E+01  9.9000E+01  9.9000E+01  9.9000E+01  9.9000E+01  9.9000E+01
       9.9000E+01  9.9000E+01  9.9000E+01  9.9000E+01  9.9000E+01  9.9000E+01  9.9000E+01  9.9000E+01  9.9000E+01  9.9000E+01
       9.9000E+01  9.9000E+01  9.9000E+01  9.9000E+01  9.9000E+01  9.9000E+01  9.9000E+01  9.9000E+01  9.9000E+01  9.9000E+01
       9.9000E+01  9.9000E+01  9.9000E+01  9.9000E+01  9.9000E+01  9.9000E+01  9.9000E+01  9.9000E+01  9.9000E+01  9.9000E+01
       9.9000E+01  9.9000E+01  9.9000E+01  9.9000E+01  9.9000E+01  9.9000E+01  9.9000E+01  9.9000E+01  9.9000E+01  9.9000E+01
       9.9000E+01  9.9000E+01  9.9000E+01  9.9000E+01  9.9000E+01  9.9000E+01  9.9000E+01  9.9000E+01  9.9000E+01  9.9000E+01
       9.9000E+01  9.9000E+01  9.9000E+01  9.9000E+01  9.9000E+01  9.9000E+01  9.9000E+01  9.9000E+01  9.9000E+01  9.9000E+01
       9.9000E+01  9.9000E+01  9.9000E+01  9.9000E+01  9.9000E+01  9.9000E+01  9.9000E+01  9.9000E+01  9.9000E+01  9.9000E+01
       9.9000E+01  9.9000E+01  9.9000E+01  9.9000E+01  9.9000E+01  9.9000E+01  9.9000E+01  9.9000E+01  9.9000E+01  9.9000E+01
       9.9000E+01  9.9000E+01  9.9000E+01  9.9000E+01  9.9000E+01  9.9000E+01  9.9000E+01  9.9000E+01  9.9000E+01  9.9000E+01
       9.9000E+01  9.9000E+01  9.9000E+01  9.9000E+01  9.9000E+01  9.9000E+01  9.9000E+01  9.9000E+01  9.9000E+01  9.9000E+01
       9.9000E+01  9.9000E+01  9.9000E+01  9.9000E+01  9.9000E+01  9.9000E+01  9.9000E+01  9.9000E+01  9.9000E+01  9.9000E+01
       9.9000E+01  9.9000E+01  9.9000E+01  9.9000E+01  9.9000E+01  9.9000E+01  9.9000E+01  9.9000E+01  9.9000E+01  9.9000E+01
       9.9000E+01  9.9000E+01  9.9000E+01  9.9000E+01  9.9000E+01  9.9000E+01  9.9000E+01  9.9000E+01  9.9000E+01  9.9000E+01
       9.9000E+01  9.9000E+01  9.9000E+01  9.9000E+01  9.9000E+01  9.9000E+01  9.9000E+01  9.9000E+01  9.9000E+01  9.9000E+01
       9.9000E+01  9.9000E+01  9.9000E+01  9.9000E+01  9.9000E+01  9.9000E+01  9.9000E+01  9.9000E+01  9.9000E+01  9.9000E+01
       9.9000E+01  9.9000E+01  9.9000E+01  9.9000E+01  9.9000E+01  9.9000E+01  9.9000E+01  9.9000E+01  9.9000E+01  9.9000E+01
       9.9000E+01  9.9000E+01  9.9000E+01  9.9000E+01  9.9000E+01  9.9000E+01  9.9000E+01  9.9000E+01  9.9000E+01  9.9000E+01
       9.9000E+01  9.9000E+01  9.9000E+01  9.9000E+01  9.9000E+01  9.9000E+01  9.9000E+01  9.9000E+01  9.9000E+01  9.9000E+01
       9.9000E+01  9.9000E+01  9.9000E+01  9.9000E+01  9.9000E+01  9.9000E+01  9.9000E+01  9.9000E+01  9.9000E+01  9.9000E+01
       9.9000E+01  9.9000E+01  9.9000E+01  9.9000E+01  9.9000E+01  9.9000E+01  9.9000E+01  9.9000E+01  9.9000E+01  9.9000E+01
       9.9000E+01  9.9000E+01  9.9000E+01  9.9000E+01  9.9000E+01  9.9000E+01  9.9000E+01  9.9000E+01  9.9000E+01  9.9000E+01
       9.9000E+01  9.9000E+01  9.9000E+01  9.9000E+01  9.9000E+01  9.9000E+01  9.9000E+01  9.9000E+01  9.9000E+01  9.9000E+01
       9.9000E+01  9.9000E+01  9.9000E+01  9.9000E+01  9.9000E+01  9.9000E+01  9.9000E+01  9.9000E+01  9.9000E+01  9.9000E+01
       9.9000E+01  9.9000E+01  9.9000E+01  9.9000E+01  9.9000E+01  9.9000E+01  9.9000E+01  9.9000E+01  9.9000E+01  9.9000E+01
       9.9000E+01  9.9000E+01  9.9000E+01  9.9000E+01  9.9000E+01  9.9000E+01  9.9000E+01  9.9000E+01  9.9000E+01  9.9000E+01
       9.9000E+01  9.9000E+01  9.9000E+01  9.9000E+01  9.9000E+01  9.9000E+01  9.9000E+01  9.9000E+01  9.9000E+01  9.9000E+01
       9.9000E+01  9.9000E+01  9.9000E+01  9.9000E+01  9.9000E+01  9.9000E+01  9.9000E+01  9.9000E+01  9.9000E+01  9.9000E+01
       9.9000E+01  9.9000E+01  9.9000E+01  9.9000E+01  9.9000E+01  9.9000E+01  9.9000E+01  9.9000E+01  9.9000E+01  9.9000E+01
       9.9000E+01  9.9000E+01  9.9000E+01  9.9000E+01  9.9000E+01  9.9000E+01  9.9000E+01  9.9000E+01  9.9000E+01  9.9000E+01
       9.9000E+01  9.9000E+01  9.9000E+01  9.9000E+01  9.9000E+01  9.9000E+01  9.9000E+01  9.9000E+01  9.9000E+01  9.9000E+01
       9.9000E+01  9.9000E+01  9.9000E+01  9.9000E+01  9.9000E+01  9.9000E+01  9.9000E+01  9.9000E+01  9.9000E+01  9.9000E+01
       9.9000E+01  9.9000E+01  9.9000E+01  9.9000E+01  9.9000E+01  9.9000E+01  9.9000E+01  9.9000E+01  9.9000E+01  9.9000E+01
       9.9000E+01  9.9000E+01  9.9000E+01  9.9000E+01  9.9000E+01  9.9000E+01  9.9000E+01  9.9000E+01  9.9000E+01  9.9000E+01
       9.9000E+01  9.9000E+01  9.9000E+01  9.9000E+01  9.9000E+01  9.9000E+01  9.9000E+01  9.9000E+01  9.9000E+01  9.9000E+01
       9.9000E+01  9.9000E+01  9.9000E+01  9.9000E+01  9.9000E+01  9.9000E+01  9.9000E+01  9.9000E+01  9.9000E+01  9.9000E+01
       9.9000E+01  9.9000E+01  9.9000E+01  9.9000E+01  9.9000E+01  9.9000E+01  9.9000E+01  9.9000E+01  9.9000E+01  9.9000E+01
       9.9000E+01  9.9000E+01  9.9000E+01  9.9000E+01  9.9000E+01  9.9000E+01  9.9000E+01  9.9000E+01  9.9000E+01  9.9000E+01
       9.9000E+01  9.9000E+01  9.9000E+01  9.9000E+01  9.9000E+01  9.9000E+01  9.9000E+01  9.9000E+01  9.9000E+01  9.9000E+01
       9.9000E+01  9.9000E+01  9.9000E+01  9.9000E+01  9.9000E+01  9.9000E+01  9.9000E+01  9.9000E+01  9.9000E+01  9.9000E+01
       9.9000E+01  9.9000E+01  9.9000E+01  9.9000E+01  9.9000E+01  9.9000E+01  9.9000E+01  9.9000E+01  9.9000E+01  9.9000E+01
       9.9000E+01  9.9000E+01  9.9000E+01  9.9000E+01  9.9000E+01  9.9000E+01  9.9000E+01  9.9000E+01  9.9000E+01  9.9000E+01
       9.9000E+01  9.9000E+01  9.9000E+01  9.9000E+01  9.9000E+01  9.9000E+01  9.9000E+01  9.9000E+01  9.9000E+01  9.9000E+01
       9.9000E+01  9.9000E+01  9.9000E+01  9.9000E+01  9.9000E+01  9.9000E+01  9.9000E+01  9.9000E+01  9.9000E+01  9.9000E+01
       9.9000E+01  9.9000E+01  9.9000E+01  9.9000E+01  9.9000E+01  9.9000E+01  9.9000E+01  9.9000E+01  9.9000E+01  9.9000E+01
       9.9000E+01  9.9000E+01  9.9000E+01  9.9000E+01  9.9000E+01  9.9000E+01  9.9000E+01  9.9000E+01  9.9000E+01  9.9000E+01
       9.9000E+01  9.9000E+01  9.9000E+01  9.9000E+01  9.9000E+01  9.9000E+01  9.9000E+01  9.9000E+01  9.9000E+01  9.9000E+01
       9.9000E+01  9.9000E+01  9.9000E+01  9.9000E+01  9.9000E+01  9.9000E+01  9.9000E+01  9.9000E+01  9.9000E+01  9.9000E+01
       9.9000E+01  9.9000E+01  9.9000E+01  9.9000E+01  9.9000E+01  9.9000E+01  9.9000E+01  9.9000E+01  9.9000E+01  9.9000E+01
       9.9000E+01  9.9000E+01  9.9000E+01  9.9000E+01  9.9000E+01  9.9000E+01  9.9000E+01  9.9000E+01  9.9000E+01  9.9000E+01
       9.9000E+01  9.9000E+01  9.9000E+01  9.9000E+01  9.9000E+01  9.9000E+01  9.9000E+01  9.9000E+01  9.9000E+01  9.9000E+01
       9.9000E+01  9.9000E+01  9.9000E+01  9.9000E+01  9.9000E+01  9.9000E+01  9.9000E+01  9.9000E+01  9.9000E+01  9.9000E+01
       9.9000E+01  9.9000E+01  9.9000E+01  9.9000E+01  9.9000E+01  9.9000E+01  9.9000E+01  9.9000E+01  9.9000E+01  9.9000E+01
       9.9000E+01  9.9000E+01  9.9000E+01  9.9000E+01  9.9000E+01  9.9000E+01  9.9000E+01  9.9000E+01  9.9000E+01  9.9000E+01
       9.9000E+01  9.9000E+01  9.9000E+01  9.9000E+01  9.9000E+01  9.9000E+01  9.9000E+01  9.9000E+01  9.9000E+01  9.9000E+01
       9.9000E+01  9.9000E+01  9.9000E+01  9.9000E+01  9.9000E+01  9.9000E+01  9.9000E+01  9.9000E+01  9.9000E+01  9.9000E+01
       9.9000E+01  9.9000E+01  9.9000E+01  9.9000E+01  9.9000E+01  9.9000E+01  9.9000E+01  9.9000E+01  9.9000E+01  9.9000E+01
       9.9000E+01  9.9000E+01  9.9000E+01  9.9000E+01  9.9000E+01  9.9000E+01  9.9000E+01  9.9000E+01  9.9000E+01  9.9000E+01
       9.9000E+01  9.9000E+01  9.9000E+01  9.9000E+01  9.9000E+01  9.9000E+01  9.9000E+01  9.9000E+01  9.9000E+01  9.9000E+01
       9.9000E+01  9.9000E+01  9.9000E+01  9.9000E+01  9.9000E+01  9.9000E+01  9.9000E+01  9.9000E+01  9.9000E+01  9.9000E+01
       9.9000E+01  9.9000E+01  9.9000E+01  9.9000E+01  9.9000E+01  9.9000E+01  9.9000E+01  9.9000E+01  9.9000E+01  9.9000E+01
       9.9000E+01  9.9000E+01  9.9000E+01  9.9000E+01  9.9000E+01  9.9000E+01  9.9000E+01  9.9000E+01  9.9000E+01  9.9000E+01
       9.9000E+01  9.9000E+01  9.9000E+01  9.9000E+01  9.9000E+01  9.9000E+01  9.9000E+01  9.9000E+01  9.9000E+01  9.9000E+01
       9.9000E+01  9.9000E+01  9.9000E+01  9.9000E+01  9.9000E+01  9.9000E+01  9.9000E+01  9.9000E+01  9.9000E+01  9.9000E+01
       9.9000E+01  9.9000E+01  9.9000E+01  9.9000E+01  9.9000E+01  9.9000E+01  9.9000E+01  9.9000E+01  9.9000E+01  9.9000E+01
       9.9000E+01  9.9000E+01  9.9000E+01  9.9000E+01  9.9000E+01  9.9000E+01  9.9000E+01  9.9000E+01  9.9000E+01  9.9000E+01
       9.9000E+01  9.9000E+01  9.9000E+01  9.9000E+01  9.9000E+01  9.9000E+01  9.9000E+01  9.9000E+01  9.9000E+01  9.9000E+01
       9.9000E+01  9.9000E+01  9.9000E+01  9.9000E+01  9.9000E+01  9.9000E+01  9.9000E+01  9.9000E+01  9.9000E+01  9.9000E+01
       9.9000E+01  9.9000E+01  9.9000E+01  9.9000E+01  9.9000E+01  9.9000E+01  9.9000E+01  9.9000E+01  9.9000E+01  9.9000E+01
       9.9000E+01  9.9000E+01  9.9000E+01  9.9000E+01  9.9000E+01  9.9000E+01  9.9000E+01  9.9000E+01  9.9000E+01  9.9000E+01
       9.9000E+01  9.9000E+01  9.9000E+01  9.9000E+01  9.9000E+01  9.9000E+01  9.9000E+01  9.9000E+01  9.9000E+01  9.9000E+01
       9.9000E+01  9.9000E+01  9.9000E+01  9.9000E+01  9.9000E+01  9.9000E+01  9.9000E+01  9.9000E+01  9.9000E+01  9.9000E+01
       9.9000E+01  9.9000E+01  9.9000E+01  9.9000E+01  9.9000E+01  9.9000E+01  9.9000E+01  9.9000E+01  9.9000E+01  9.9000E+01
       9.9000E+01  9.9000E+01  9.9000E+01  9.9000E+01  9.9000E+01  9.9000E+01  9.9000E+01  9.9000E+01  9.9000E+01  9.9000E+01
       9.9000E+01  9.9000E+01  9.9000E+01  9.9000E+01  9.9000E+01  9.9000E+01  9.9000E+01  9.9000E+01  9.9000E+01  9.9000E+01
       9.9000E+01  9.9000E+01  9.9000E+01  9.9000E+01  9.9000E+01  9.9000E+01  9.9000E+01  9.9000E+01  9.9000E+01  9.9000E+01
       9.9000E+01  9.9000E+01  9.9000E+01  9.9000E+01  9.9000E+01  9.9000E+01  9.9000E+01  9.9000E+01  9.9000E+01  9.9000E+01
       9.9000E+01  9.9000E+01  9.9000E+01  9.9000E+01  9.9000E+01  9.9000E+01  9.9000E+01  9.9000E+01  9.9000E+01  9.9000E+01
       9.9000E+01  9.9000E+01  9.9000E+01  9.9000E+01  9.9000E+01  9.9000E+01  9.9000E+01  9.9000E+01  9.9000E+01  9.9000E+01
       9.9000E+01  9.9000E+01  9.9000E+01  9.9000E+01  9.9000E+01  9.9000E+01  9.9000E+01  9.9000E+01  9.9000E+01  9.9000E+01
       9.9000E+01  9.9000E+01  9.9000E+01  9.9000E+01  9.9000E+01  9.9000E+01  9.9000E+01  9.9000E+01  9.9000E+01  9.9000E+01
       9.9000E+01  9.9000E+01  9.9000E+01  9.9000E+01  9.9000E+01  9.9000E+01  9.9000E+01  9.9000E+01  9.9000E+01  9.9000E+01
       9.9000E+01  9.9000E+01  9.9000E+01  9.9000E+01  9.9000E+01  9.9000E+01  9.9000E+01  9.9000E+01  9.9000E+01  9.9000E+01
       9.9000E+01  9.9000E+01  9.9000E+01  9.9000E+01  9.9000E+01  9.9000E+01  9.9000E+01  9.9000E+01  9.9000E+01  9.9000E+01
       9.9000E+01  9.9000E+01  9.9000E+01  9.9000E+01  9.9000E+01  9.9000E+01  9.9000E+01  9.9000E+01  9.9000E+01  9.9000E+01
       9.9000E+01  9.9000E+01  9.9000E+01  9.9000E+01  9.9000E+01  9.9000E+01  9.9000E+01  9.9000E+01  9.9000E+01  9.9000E+01
       9.9000E+01  9.9000E+01  9.9000E+01  9.9000E+01  9.9000E+01  9.9000E+01  9.9000E+01  9.9000E+01  9.9000E+01  9.9000E+01
       9.9000E+01  9.9000E+01  9.9000E+01  9.9000E+01  9.9000E+01  9.9000E+01  9.9000E+01  9.9000E+01  9.9000E+01  9.9000E+01
       9.9000E+01  9.9000E+01  9.9000E+01  9.9000E+01  9.9000E+01  9.9000E+01  9.9000E+01  9.9000E+01  9.9000E+01  9.9000E+01
       9.9000E+01  9.9000E+01  9.9000E+01  9.9000E+01  9.9000E+01  9.9000E+01  9.9000E+01  9.9000E+01  9.9000E+01  9.9000E+01
       9.9000E+01  9.9000E+01  9.9000E+01  9.9000E+01  9.9000E+01  9.9000E+01  9.9000E+01  9.9000E+01  9.9000E+01  9.9000E+01
       9.9000E+01  9.9000E+01  9.9000E+01  9.9000E+01  9.9000E+01  9.9000E+01  9.9000E+01  9.9000E+01  9.9000E+01  9.9000E+01
       9.9000E+01  9.9000E+01  9.9000E+01  9.9000E+01  9.9000E+01  9.9000E+01  9.9000E+01  9.9000E+01  9.9000E+01  9.9000E+01
       9.9000E+01  9.9000E+01  9.9000E+01  9.9000E+01  9.9000E+01  9.9000E+01  9.9000E+01  9.9000E+01  9.9000E+01  9.9000E+01
       9.9000E+01  9.9000E+01  9.9000E+01  9.9000E+01  9.9000E+01  9.9000E+01  9.9000E+01  9.9000E+01  9.9000E+01  9.9000E+01
       9.9000E+01  9.9000E+01  9.9000E+01  9.9000E+01  9.9000E+01  9.9000E+01  9.9000E+01  9.9000E+01  9.9000E+01  9.9000E+01
       9.9000E+01  9.9000E+01  9.9000E+01  9.9000E+01  9.9000E+01  9.9000E+01  9.9000E+01  9.9000E+01  9.9000E+01  9.9000E+01
       9.9000E+01  9.9000E+01  9.9000E+01  9.9000E+01  9.9000E+01  9.9000E+01  9.9000E+01  9.9000E+01  9.9000E+01  9.9000E+01
       9.9000E+01  9.9000E+01  9.9000E+01  9.9000E+01  9.9000E+01  9.9000E+01  9.9000E+01  9.9000E+01  9.9000E+01  9.9000E+01
       9.9000E+01  9.9000E+01  9.9000E+01  9.9000E+01  9.9000E+01  9.9000E+01  9.9000E+01  9.9000E+01  9.9000E+01  9.9000E+01
