1
   Cartesian binning n.   1  "DoseEq    " , generalized particle n.  240
      X coordinate: from -1.8500E+02 to  1.8500E+02 cm,    10 bins ( 3.7000E+01 cm wide)
      Y coordinate: from -1.2500E+02 to  1.2500E+02 cm,    10 bins ( 2.5000E+01 cm wide)
      Z coordinate: from  1.2500E+02 to  3.7500E+02 cm,    10 bins ( 2.5000E+01 cm wide)
      Data follow in a matrix A(ix,iy,iz), format (1(5x,1p,10(1x,e11.4)))

      accurate deposition along the tracks requested
      this is a track-length binning
       7.7066E-08  3.1565E-06  3.2026E-06  2.8380E-06  8.7771E-06  3.5794E-06  8.1222E-08  6.7518E-07  1.1101E-06  0.0000E+00
       0.0000E+00  9.2279E-08  8.7899E-06  4.4980E-06  1.9718E-05  1.8178E-05  1.0153E-05  4.0837E-06  1.3368E-06  5.2418E-07
       0.0000E+00  9.9712E-07  1.4468E-05  3.1167E-05  9.5290E-05  9.5471E-05  3.2928E-05  9.2375E-06  3.3013E-07  1.5412E-06
       7.9271E-08  2.5456E-06  1.8603E-05  8.8849E-05  6.0529E-04  6.0376E-04  1.0205E-04  9.8305E-06  4.5672E-07  1.6681E-06
       2.5305E-07  1.1578E-06  1.2908E-05  2.0700E-04  8.2555E-02  8.2367E-02  1.9619E-04  1.8951E-05  5.1515E-06  4.4853E-06
       1.1728E-06  5.2804E-07  1.8232E-05  2.1666E-04  8.2718E-02  8.2646E-02  1.7928E-04  2.1877E-05  1.1050E-05  9.1942E-07
       0.0000E+00  1.1006E-06  8.0735E-06  9.0267E-05  5.8493E-04  6.3618E-04  8.3063E-05  1.3254E-05  4.6253E-06  4.2625E-08
       1.5120E-08  2.2541E-06  6.3124E-06  2.2960E-05  9.0387E-05  7.6388E-05  2.3015E-05  5.7028E-06  4.8446E-06  2.6458E-07
       5.6433E-08  1.9697E-06  2.8067E-06  8.6930E-06  1.9730E-05  1.6801E-05  1.4043E-05  9.1640E-07  4.8520E-07  0.0000E+00
       1.6935E-07  6.5073E-07  8.4593E-07  8.1587E-07  8.7876E-06  2.4948E-06  3.3034E-06  3.8046E-07  1.3481E-06  1.6416E-09
       0.0000E+00  6.7791E-07  1.9799E-06  1.0404E-05  9.4910E-06  5.9599E-06  2.1799E-07  2.7600E-06  1.9152E-06  7.8560E-09
       8.4016E-09  3.5962E-07  7.3244E-06  2.3379E-05  3.0921E-05  2.7977E-05  8.0707E-06  5.8455E-06  3.2613E-07  0.0000E+00
       0.0000E+00  1.9315E-06  1.9680E-05  4.8507E-05  1.4226E-04  1.0341E-04  4.1408E-05  1.5672E-05  1.3976E-06  1.3263E-06
       3.2323E-08  2.6968E-07  1.6407E-05  9.1953E-05  5.4331E-04  5.6368E-04  1.4267E-04  3.4089E-05  1.5728E-06  6.2834E-06
       5.6290E-08  2.1529E-06  2.1420E-05  2.1231E-04  2.1259E-03  2.0089E-03  2.4647E-04  3.2405E-05  1.2445E-06  4.0417E-07
       1.8348E-09  2.8484E-06  2.2206E-05  2.2621E-04  2.1264E-03  2.0928E-03  2.4317E-04  4.6137E-05  1.2499E-05  2.2875E-06
       0.0000E+00  3.3631E-07  1.4509E-05  1.2047E-04  5.3026E-04  5.8817E-04  1.3375E-04  1.7757E-05  1.1309E-05  4.4137E-06
       0.0000E+00  2.1946E-08  1.1512E-05  5.9408E-05  1.3041E-04  1.1486E-04  5.5979E-05  1.3927E-05  5.5950E-06  9.6154E-08
       3.7110E-08  3.5401E-09  4.1022E-06  2.2259E-05  3.1381E-05  3.6567E-05  2.1212E-05  4.5763E-06  3.6321E-06  0.0000E+00
       3.7026E-08  0.0000E+00  1.7215E-06  1.2108E-05  6.3138E-06  9.6498E-06  9.9219E-06  3.0726E-07  4.6152E-07  0.0000E+00
       5.1604E-09  8.7100E-07  1.0752E-06  1.1241E-05  1.5642E-05  9.0211E-06  7.5503E-06  5.2293E-07  3.3380E-07  0.0000E+00
       4.5248E-09  3.1041E-06  5.4173E-06  2.4983E-05  2.8627E-05  2.1502E-05  4.7503E-06  7.1587E-06  1.4019E-06  3.9830E-06
       0.0000E+00  4.4176E-06  1.1036E-05  5.1819E-05  8.3929E-05  6.0950E-05  5.5225E-05  1.7091E-05  5.2555E-06  1.0443E-06
       1.4416E-06  7.3012E-06  3.2701E-05  7.4496E-05  2.1716E-04  2.3617E-04  1.3178E-04  3.5770E-05  1.3333E-05  2.3213E-06
       4.8374E-08  8.3649E-06  2.6528E-05  1.3732E-04  5.3340E-04  5.3137E-04  1.7006E-04  3.1255E-05  8.1343E-06  9.9377E-07
       0.0000E+00  2.8835E-06  1.8462E-05  1.3904E-04  5.4921E-04  5.2169E-04  1.6394E-04  3.7880E-05  5.2781E-06  1.2044E-06
       0.0000E+00  1.3436E-06  1.7951E-05  7.3451E-05  2.7848E-04  2.6033E-04  9.3253E-05  2.3692E-05  5.7136E-06  5.2249E-06
       0.0000E+00  3.2877E-08  8.8884E-06  5.0320E-05  9.1909E-05  1.2034E-04  4.8083E-05  1.6585E-05  2.3317E-06  0.0000E+00
       0.0000E+00  1.6152E-08  5.5149E-06  1.0459E-05  3.8621E-05  6.0284E-05  2.7168E-05  1.3293E-05  2.9890E-06  0.0000E+00
       0.0000E+00  0.0000E+00  6.2459E-06  4.7318E-06  5.3164E-06  6.2383E-06  1.0098E-05  5.4722E-06  2.4538E-06  0.0000E+00
       0.0000E+00  0.0000E+00  3.1644E-09  6.6327E-06  2.0517E-05  1.3225E-05  2.6253E-06  1.9983E-08  0.0000E+00  0.0000E+00
       0.0000E+00  4.7372E-07  1.7112E-06  2.2860E-05  5.2860E-05  2.9237E-05  9.7281E-06  2.4977E-06  2.4572E-06  1.5765E-06
       1.6900E-06  6.8842E-06  9.2002E-06  3.3413E-05  6.6954E-05  6.2537E-05  3.3466E-05  2.3202E-05  3.6028E-06  1.4276E-06
       3.8560E-07  7.5362E-06  1.5608E-05  5.7175E-05  1.0365E-04  9.3911E-05  6.4394E-05  1.9555E-05  7.5467E-06  2.5165E-06
       2.6675E-09  6.7219E-06  8.3712E-06  7.7515E-05  1.9224E-04  1.8263E-04  9.6252E-05  2.1619E-05  5.7320E-06  4.9629E-06
       0.0000E+00  1.0262E-06  1.0892E-05  7.9030E-05  1.7928E-04  1.6147E-04  8.8226E-05  2.7188E-05  3.9495E-06  2.1927E-08
       0.0000E+00  3.4142E-07  1.2254E-05  4.1333E-05  1.0446E-04  1.0951E-04  5.6979E-05  2.5012E-05  2.8019E-06  0.0000E+00
       0.0000E+00  1.6043E-07  7.0820E-06  2.7035E-05  6.3684E-05  7.4788E-05  2.5230E-05  1.1521E-05  1.4497E-06  0.0000E+00
       0.0000E+00  8.4500E-09  5.3594E-06  1.1271E-05  2.2467E-05  3.7806E-05  1.3610E-05  9.7881E-06  7.1547E-07  0.0000E+00
       0.0000E+00  2.7530E-07  5.7119E-06  2.0044E-06  6.5878E-06  3.7519E-06  1.3066E-06  4.3543E-06  0.0000E+00  0.0000E+00
       0.0000E+00  0.0000E+00  1.5009E-06  4.4067E-08  5.2400E-06  8.4036E-06  1.8031E-07  0.0000E+00  0.0000E+00  0.0000E+00
       0.0000E+00  2.7681E-07  6.4853E-06  6.3468E-06  1.8366E-05  1.8293E-05  8.1233E-06  2.3336E-06  0.0000E+00  0.0000E+00
       6.2129E-08  3.8022E-06  2.6761E-06  2.0545E-05  4.4637E-05  4.7131E-05  2.6284E-05  8.9857E-06  5.0093E-06  0.0000E+00
       0.0000E+00  3.7904E-06  1.5393E-05  2.3668E-05  5.6903E-05  6.5406E-05  5.1234E-05  2.2855E-05  1.0514E-05  5.7356E-09
       0.0000E+00  7.6139E-07  8.6330E-06  3.8742E-05  8.2203E-05  6.6765E-05  4.8615E-05  2.7081E-05  4.4587E-06  2.4842E-06
       0.0000E+00  1.9095E-09  7.3888E-06  4.2921E-05  7.1310E-05  5.2091E-05  4.3052E-05  8.8893E-06  6.6287E-07  0.0000E+00
       2.4172E-07  3.0877E-06  8.8412E-06  3.1976E-05  4.0590E-05  6.0277E-05  3.6335E-05  1.9152E-05  7.7167E-06  6.1942E-07
       1.7430E-06  4.6110E-06  2.5449E-06  1.1687E-05  3.2948E-05  5.5884E-05  3.0241E-05  1.4931E-05  2.1647E-06  0.0000E+00
       0.0000E+00  3.1564E-07  2.6022E-06  5.1548E-06  1.1669E-05  1.4326E-05  1.3388E-05  1.1086E-05  6.3131E-07  0.0000E+00
       0.0000E+00  1.6908E-06  8.5797E-07  4.2286E-06  4.4685E-06  1.9266E-06  1.0689E-06  7.7875E-06  0.0000E+00  0.0000E+00
       0.0000E+00  0.0000E+00  2.9031E-06  1.8459E-08  7.6605E-08  1.5793E-06  4.1487E-07  0.0000E+00  0.0000E+00  0.0000E+00
       0.0000E+00  7.0630E-08  1.1399E-05  5.9568E-06  4.2199E-06  1.1658E-05  4.9926E-06  2.7323E-07  3.3059E-07  0.0000E+00
       0.0000E+00  0.0000E+00  8.0598E-06  6.9849E-06  1.0459E-05  2.6046E-05  1.6737E-05  7.8326E-06  4.6960E-06  0.0000E+00
       0.0000E+00  6.1175E-07  1.0372E-05  1.5194E-05  1.4437E-05  2.6832E-05  2.1347E-05  1.4361E-05  1.0398E-05  0.0000E+00
       0.0000E+00  1.4603E-06  6.4701E-06  2.1033E-05  2.9692E-05  2.1957E-05  3.1833E-05  6.8030E-06  5.3838E-06  0.0000E+00
       0.0000E+00  9.3127E-07  8.1789E-06  3.0696E-05  3.3070E-05  2.8335E-05  2.8187E-05  1.7797E-06  1.8593E-06  0.0000E+00
       0.0000E+00  3.1177E-06  6.7669E-06  2.4692E-05  3.2221E-05  2.9548E-05  1.5061E-05  6.0356E-06  1.0536E-05  3.2856E-06
       0.0000E+00  1.8561E-06  3.3451E-06  1.3466E-05  1.5147E-05  2.1229E-05  7.5765E-06  9.0323E-06  5.0188E-07  6.0604E-07
       0.0000E+00  1.9604E-08  2.3497E-08  2.0388E-06  1.1430E-05  1.0015E-05  8.4473E-06  2.7513E-06  3.3694E-08  0.0000E+00
       0.0000E+00  2.7605E-08  0.0000E+00  5.8303E-07  3.9160E-06  2.1678E-06  3.7353E-06  9.9971E-07  0.0000E+00  0.0000E+00
       0.0000E+00  5.2909E-06  4.5528E-06  0.0000E+00  8.7449E-09  1.2657E-07  0.0000E+00  0.0000E+00  0.0000E+00  0.0000E+00
       0.0000E+00  0.0000E+00  1.9299E-06  3.0980E-06  1.8885E-06  1.0533E-05  3.2975E-07  4.1799E-07  0.0000E+00  0.0000E+00
       0.0000E+00  1.1068E-07  2.6186E-06  9.1185E-07  7.9006E-06  1.3402E-05  3.6283E-06  5.1712E-06  1.1320E-07  0.0000E+00
       0.0000E+00  2.2301E-06  1.0822E-05  9.8147E-06  1.0865E-05  1.2682E-05  8.3737E-06  1.2006E-05  1.8037E-07  0.0000E+00
       0.0000E+00  2.7974E-06  1.6002E-05  2.2669E-05  1.3235E-05  7.0046E-06  5.0116E-06  1.3173E-06  0.0000E+00  0.0000E+00
       0.0000E+00  0.0000E+00  3.4022E-06  5.6740E-06  1.5806E-05  1.0171E-05  9.7893E-06  6.0387E-07  1.3731E-06  0.0000E+00
       0.0000E+00  0.0000E+00  5.3516E-07  1.2208E-05  1.8968E-05  1.6052E-05  6.3851E-06  6.2056E-06  3.6876E-06  3.1599E-08
       0.0000E+00  2.0039E-06  1.7978E-06  1.7725E-05  7.2074E-06  4.9740E-06  2.7773E-06  1.7647E-06  4.5121E-06  0.0000E+00
       0.0000E+00  3.7289E-06  3.5801E-07  8.9248E-06  7.0584E-06  5.9084E-06  9.4282E-06  6.6170E-07  2.0852E-07  0.0000E+00
       0.0000E+00  9.4528E-07  1.5078E-06  0.0000E+00  3.9520E-07  2.2217E-06  3.3568E-06  7.1283E-08  0.0000E+00  0.0000E+00
       0.0000E+00  1.4520E-06  1.8886E-06  8.5281E-07  1.9706E-08  7.0860E-07  3.2621E-06  1.4068E-06  0.0000E+00  0.0000E+00
       0.0000E+00  0.0000E+00  9.8084E-08  2.5099E-06  1.2068E-06  3.0325E-06  5.7017E-06  0.0000E+00  0.0000E+00  0.0000E+00
       0.0000E+00  0.0000E+00  2.3436E-06  2.9054E-06  2.2474E-06  9.2909E-09  0.0000E+00  2.4524E-06  0.0000E+00  0.0000E+00
       0.0000E+00  8.5295E-07  6.5314E-06  4.4263E-06  4.5287E-06  9.7456E-06  1.2526E-06  1.3085E-06  0.0000E+00  0.0000E+00
       0.0000E+00  3.8379E-06  1.2227E-05  6.9867E-06  1.0842E-05  1.4067E-05  1.5656E-06  1.3801E-06  0.0000E+00  0.0000E+00
       0.0000E+00  5.2926E-08  9.0266E-07  2.3304E-06  1.5295E-05  9.0714E-06  4.4786E-06  2.3924E-07  0.0000E+00  0.0000E+00
       0.0000E+00  0.0000E+00  4.4628E-07  6.3224E-06  7.1295E-06  1.6050E-05  2.1631E-06  5.1240E-06  0.0000E+00  0.0000E+00
       0.0000E+00  0.0000E+00  5.0854E-06  1.1654E-05  3.0730E-06  3.3776E-06  8.9864E-07  1.2487E-06  3.6917E-06  3.5606E-07
       0.0000E+00  0.0000E+00  2.7725E-06  4.1857E-06  1.8213E-06  6.6850E-09  5.4984E-06  1.6191E-07  0.0000E+00  0.0000E+00
       0.0000E+00  0.0000E+00  0.0000E+00  0.0000E+00  0.0000E+00  5.7273E-07  3.7819E-07  0.0000E+00  0.0000E+00  0.0000E+00
       0.0000E+00  0.0000E+00  0.0000E+00  0.0000E+00  1.7822E-07  9.9238E-08  0.0000E+00  3.1844E-07  0.0000E+00  0.0000E+00
       0.0000E+00  0.0000E+00  0.0000E+00  0.0000E+00  1.3934E-06  1.8854E-06  0.0000E+00  0.0000E+00  0.0000E+00  0.0000E+00
       0.0000E+00  0.0000E+00  0.0000E+00  2.1194E-06  3.4593E-06  0.0000E+00  0.0000E+00  0.0000E+00  0.0000E+00  0.0000E+00
       0.0000E+00  0.0000E+00  6.6502E-07  1.3233E-07  1.2222E-06  2.1880E-06  2.6461E-06  1.3741E-06  0.0000E+00  0.0000E+00
       0.0000E+00  0.0000E+00  3.6718E-06  7.9484E-07  6.6021E-06  6.7897E-06  3.3301E-06  4.8928E-06  0.0000E+00  0.0000E+00
       0.0000E+00  3.0626E-07  2.4478E-06  4.2122E-07  3.6106E-06  3.3037E-06  2.8353E-08  3.9624E-07  0.0000E+00  0.0000E+00
       1.8261E-07  2.9779E-07  1.3330E-09  7.6349E-07  1.5426E-06  1.0921E-07  2.2367E-07  9.6493E-06  0.0000E+00  0.0000E+00
       0.0000E+00  0.0000E+00  2.7063E-07  4.2850E-07  0.0000E+00  0.0000E+00  3.6581E-08  1.3875E-06  0.0000E+00  1.5325E-06
       0.0000E+00  0.0000E+00  1.7838E-06  1.2500E-06  4.0844E-07  0.0000E+00  0.0000E+00  0.0000E+00  0.0000E+00  4.2183E-08
       0.0000E+00  0.0000E+00  0.0000E+00  1.4257E-06  0.0000E+00  0.0000E+00  0.0000E+00  0.0000E+00  0.0000E+00  0.0000E+00
       0.0000E+00  0.0000E+00  0.0000E+00  0.0000E+00  0.0000E+00  0.0000E+00  0.0000E+00  0.0000E+00  0.0000E+00  0.0000E+00
       0.0000E+00  0.0000E+00  0.0000E+00  2.7903E-07  1.6592E-06  0.0000E+00  0.0000E+00  0.0000E+00  0.0000E+00  0.0000E+00
       0.0000E+00  0.0000E+00  0.0000E+00  2.2807E-06  2.6623E-06  0.0000E+00  0.0000E+00  0.0000E+00  0.0000E+00  0.0000E+00
       0.0000E+00  0.0000E+00  0.0000E+00  1.5051E-06  2.3197E-07  0.0000E+00  0.0000E+00  0.0000E+00  0.0000E+00  0.0000E+00
       0.0000E+00  0.0000E+00  8.2351E-07  0.0000E+00  0.0000E+00  0.0000E+00  0.0000E+00  0.0000E+00  0.0000E+00  0.0000E+00
       0.0000E+00  0.0000E+00  3.8145E-07  8.3012E-07  0.0000E+00  0.0000E+00  0.0000E+00  6.5293E-08  0.0000E+00  0.0000E+00
       1.1695E-07  0.0000E+00  0.0000E+00  0.0000E+00  0.0000E+00  0.0000E+00  0.0000E+00  5.0474E-06  0.0000E+00  0.0000E+00
       0.0000E+00  0.0000E+00  0.0000E+00  0.0000E+00  0.0000E+00  0.0000E+00  0.0000E+00  0.0000E+00  0.0000E+00  4.7078E-08
       0.0000E+00  0.0000E+00  0.0000E+00  4.3632E-07  0.0000E+00  0.0000E+00  0.0000E+00  0.0000E+00  0.0000E+00  6.6678E-08
       0.0000E+00  0.0000E+00  0.0000E+00  5.3128E-07  0.0000E+00  0.0000E+00  0.0000E+00  0.0000E+00  0.0000E+00  0.0000E+00

      Percentage errors follow in a matrix A(ix,iy,iz), format (1(5x,1p,10(1x,e11.4)))

       9.9000E+01  9.9000E+01  9.9000E+01  9.9000E+01  9.9000E+01  9.9000E+01  9.9000E+01  9.9000E+01  9.9000E+01  0.0000E+00
       0.0000E+00  9.9000E+01  9.9000E+01  9.9000E+01  9.9000E+01  9.9000E+01  9.9000E+01  9.9000E+01  9.9000E+01  9.9000E+01
       0.0000E+00  9.9000E+01  9.9000E+01  9.9000E+01  9.9000E+01  9.9000E+01  9.9000E+01  9.9000E+01  9.9000E+01  9.9000E+01
       9.9000E+01  9.9000E+01  9.9000E+01  9.9000E+01  9.9000E+01  9.9000E+01  9.9000E+01  9.9000E+01  9.9000E+01  9.9000E+01
       9.9000E+01  9.9000E+01  9.9000E+01  9.9000E+01  9.9000E+01  9.9000E+01  9.9000E+01  9.9000E+01  9.9000E+01  9.9000E+01
       9.9000E+01  9.9000E+01  9.9000E+01  9.9000E+01  9.9000E+01  9.9000E+01  9.9000E+01  9.9000E+01  9.9000E+01  9.9000E+01
       0.0000E+00  9.9000E+01  9.9000E+01  9.9000E+01  9.9000E+01  9.9000E+01  9.9000E+01  9.9000E+01  9.9000E+01  9.9000E+01
       9.9000E+01  9.9000E+01  9.9000E+01  9.9000E+01  9.9000E+01  9.9000E+01  9.9000E+01  9.9000E+01  9.9000E+01  9.9000E+01
       9.9000E+01  9.9000E+01  9.9000E+01  9.9000E+01  9.9000E+01  9.9000E+01  9.9000E+01  9.9000E+01  9.9000E+01  0.0000E+00
       9.9000E+01  9.9000E+01  9.9000E+01  9.9000E+01  9.9000E+01  9.9000E+01  9.9000E+01  9.9000E+01  9.9000E+01  9.9000E+01
       0.0000E+00  9.9000E+01  9.9000E+01  9.9000E+01  9.9000E+01  9.9000E+01  9.9000E+01  9.9000E+01  9.9000E+01  9.9000E+01
       9.9000E+01  9.9000E+01  9.9000E+01  9.9000E+01  9.9000E+01  9.9000E+01  9.9000E+01  9.9000E+01  9.9000E+01  0.0000E+00
       0.0000E+00  9.9000E+01  9.9000E+01  9.9000E+01  9.9000E+01  9.9000E+01  9.9000E+01  9.9000E+01  9.9000E+01  9.9000E+01
       9.9000E+01  9.9000E+01  9.9000E+01  9.9000E+01  9.9000E+01  9.9000E+01  9.9000E+01  9.9000E+01  9.9000E+01  9.9000E+01
       9.9000E+01  9.9000E+01  9.9000E+01  9.9000E+01  9.9000E+01  9.9000E+01  9.9000E+01  9.9000E+01  9.9000E+01  9.9000E+01
       9.9000E+01  9.9000E+01  9.9000E+01  9.9000E+01  9.9000E+01  9.9000E+01  9.9000E+01  9.9000E+01  9.9000E+01  9.9000E+01
       0.0000E+00  9.9000E+01  9.9000E+01  9.9000E+01  9.9000E+01  9.9000E+01  9.9000E+01  9.9000E+01  9.9000E+01  9.9000E+01
       0.0000E+00  9.9000E+01  9.9000E+01  9.9000E+01  9.9000E+01  9.9000E+01  9.9000E+01  9.9000E+01  9.9000E+01  9.9000E+01
       9.9000E+01  9.9000E+01  9.9000E+01  9.9000E+01  9.9000E+01  9.9000E+01  9.9000E+01  9.9000E+01  9.9000E+01  0.0000E+00
       9.9000E+01  0.0000E+00  9.9000E+01  9.9000E+01  9.9000E+01  9.9000E+01  9.9000E+01  9.9000E+01  9.9000E+01  0.0000E+00
       9.9000E+01  9.9000E+01  9.9000E+01  9.9000E+01  9.9000E+01  9.9000E+01  9.9000E+01  9.9000E+01  9.9000E+01  0.0000E+00
       9.9000E+01  9.9000E+01  9.9000E+01  9.9000E+01  9.9000E+01  9.9000E+01  9.9000E+01  9.9000E+01  9.9000E+01  9.9000E+01
       0.0000E+00  9.9000E+01  9.9000E+01  9.9000E+01  9.9000E+01  9.9000E+01  9.9000E+01  9.9000E+01  9.9000E+01  9.9000E+01
       9.9000E+01  9.9000E+01  9.9000E+01  9.9000E+01  9.9000E+01  9.9000E+01  9.9000E+01  9.9000E+01  9.9000E+01  9.9000E+01
       9.9000E+01  9.9000E+01  9.9000E+01  9.9000E+01  9.9000E+01  9.9000E+01  9.9000E+01  9.9000E+01  9.9000E+01  9.9000E+01
       0.0000E+00  9.9000E+01  9.9000E+01  9.9000E+01  9.9000E+01  9.9000E+01  9.9000E+01  9.9000E+01  9.9000E+01  9.9000E+01
       0.0000E+00  9.9000E+01  9.9000E+01  9.9000E+01  9.9000E+01  9.9000E+01  9.9000E+01  9.9000E+01  9.9000E+01  9.9000E+01
       0.0000E+00  9.9000E+01  9.9000E+01  9.9000E+01  9.9000E+01  9.9000E+01  9.9000E+01  9.9000E+01  9.9000E+01  0.0000E+00
       0.0000E+00  9.9000E+01  9.9000E+01  9.9000E+01  9.9000E+01  9.9000E+01  9.9000E+01  9.9000E+01  9.9000E+01  0.0000E+00
       0.0000E+00  0.0000E+00  9.9000E+01  9.9000E+01  9.9000E+01  9.9000E+01  9.9000E+01  9.9000E+01  9.9000E+01  0.0000E+00
       0.0000E+00  0.0000E+00  9.9000E+01  9.9000E+01  9.9000E+01  9.9000E+01  9.9000E+01  9.9000E+01  0.0000E+00  0.0000E+00
       0.0000E+00  9.9000E+01  9.9000E+01  9.9000E+01  9.9000E+01  9.9000E+01  9.9000E+01  9.9000E+01  9.9000E+01  9.9000E+01
       9.9000E+01  9.9000E+01  9.9000E+01  9.9000E+01  9.9000E+01  9.9000E+01  9.9000E+01  9.9000E+01  9.9000E+01  9.9000E+01
       9.9000E+01  9.9000E+01  9.9000E+01  9.9000E+01  9.9000E+01  9.9000E+01  9.9000E+01  9.9000E+01  9.9000E+01  9.9000E+01
       9.9000E+01  9.9000E+01  9.9000E+01  9.9000E+01  9.9000E+01  9.9000E+01  9.9000E+01  9.9000E+01  9.9000E+01  9.9000E+01
       0.0000E+00  9.9000E+01  9.9000E+01  9.9000E+01  9.9000E+01  9.9000E+01  9.9000E+01  9.9000E+01  9.9000E+01  9.9000E+01
       0.0000E+00  9.9000E+01  9.9000E+01  9.9000E+01  9.9000E+01  9.9000E+01  9.9000E+01  9.9000E+01  9.9000E+01  0.0000E+00
       0.0000E+00  9.9000E+01  9.9000E+01  9.9000E+01  9.9000E+01  9.9000E+01  9.9000E+01  9.9000E+01  9.9000E+01  0.0000E+00
       0.0000E+00  9.9000E+01  9.9000E+01  9.9000E+01  9.9000E+01  9.9000E+01  9.9000E+01  9.9000E+01  9.9000E+01  0.0000E+00
       0.0000E+00  9.9000E+01  9.9000E+01  9.9000E+01  9.9000E+01  9.9000E+01  9.9000E+01  9.9000E+01  0.0000E+00  0.0000E+00
       0.0000E+00  0.0000E+00  9.9000E+01  9.9000E+01  9.9000E+01  9.9000E+01  9.9000E+01  0.0000E+00  0.0000E+00  0.0000E+00
       0.0000E+00  9.9000E+01  9.9000E+01  9.9000E+01  9.9000E+01  9.9000E+01  9.9000E+01  9.9000E+01  0.0000E+00  0.0000E+00
       9.9000E+01  9.9000E+01  9.9000E+01  9.9000E+01  9.9000E+01  9.9000E+01  9.9000E+01  9.9000E+01  9.9000E+01  0.0000E+00
       0.0000E+00  9.9000E+01  9.9000E+01  9.9000E+01  9.9000E+01  9.9000E+01  9.9000E+01  9.9000E+01  9.9000E+01  9.9000E+01
       0.0000E+00  9.9000E+01  9.9000E+01  9.9000E+01  9.9000E+01  9.9000E+01  9.9000E+01  9.9000E+01  9.9000E+01  9.9000E+01
       0.0000E+00  9.9000E+01  9.9000E+01  9.9000E+01  9.9000E+01  9.9000E+01  9.9000E+01  9.9000E+01  9.9000E+01  0.0000E+00
       9.9000E+01  9.9000E+01  9.9000E+01  9.9000E+01  9.9000E+01  9.9000E+01  9.9000E+01  9.9000E+01  9.9000E+01  9.9000E+01
       9.9000E+01  9.9000E+01  9.9000E+01  9.9000E+01  9.9000E+01  9.9000E+01  9.9000E+01  9.9000E+01  9.9000E+01  0.0000E+00
       0.0000E+00  9.9000E+01  9.9000E+01  9.9000E+01  9.9000E+01  9.9000E+01  9.9000E+01  9.9000E+01  9.9000E+01  0.0000E+00
       0.0000E+00  9.9000E+01  9.9000E+01  9.9000E+01  9.9000E+01  9.9000E+01  9.9000E+01  9.9000E+01  0.0000E+00  0.0000E+00
       0.0000E+00  0.0000E+00  9.9000E+01  9.9000E+01  9.9000E+01  9.9000E+01  9.9000E+01  0.0000E+00  0.0000E+00  0.0000E+00
       0.0000E+00  9.9000E+01  9.9000E+01  9.9000E+01  9.9000E+01  9.9000E+01  9.9000E+01  9.9000E+01  9.9000E+01  0.0000E+00
       0.0000E+00  0.0000E+00  9.9000E+01  9.9000E+01  9.9000E+01  9.9000E+01  9.9000E+01  9.9000E+01  9.9000E+01  0.0000E+00
       0.0000E+00  9.9000E+01  9.9000E+01  9.9000E+01  9.9000E+01  9.9000E+01  9.9000E+01  9.9000E+01  9.9000E+01  0.0000E+00
       0.0000E+00  9.9000E+01  9.9000E+01  9.9000E+01  9.9000E+01  9.9000E+01  9.9000E+01  9.9000E+01  9.9000E+01  0.0000E+00
       0.0000E+00  9.9000E+01  9.9000E+01  9.9000E+01  9.9000E+01  9.9000E+01  9.9000E+01  9.9000E+01  9.9000E+01  0.0000E+00
       0.0000E+00  9.9000E+01  9.9000E+01  9.9000E+01  9.9000E+01  9.9000E+01  9.9000E+01  9.9000E+01  9.9000E+01  9.9000E+01
       0.0000E+00  9.9000E+01  9.9000E+01  9.9000E+01  9.9000E+01  9.9000E+01  9.9000E+01  9.9000E+01  9.9000E+01  9.9000E+01
       0.0000E+00  9.9000E+01  9.9000E+01  9.9000E+01  9.9000E+01  9.9000E+01  9.9000E+01  9.9000E+01  9.9000E+01  0.0000E+00
       0.0000E+00  9.9000E+01  0.0000E+00  9.9000E+01  9.9000E+01  9.9000E+01  9.9000E+01  9.9000E+01  0.0000E+00  0.0000E+00
       0.0000E+00  9.9000E+01  9.9000E+01  0.0000E+00  9.9000E+01  9.9000E+01  0.0000E+00  0.0000E+00  0.0000E+00  0.0000E+00
       0.0000E+00  0.0000E+00  9.9000E+01  9.9000E+01  9.9000E+01  9.9000E+01  9.9000E+01  9.9000E+01  0.0000E+00  0.0000E+00
       0.0000E+00  9.9000E+01  9.9000E+01  9.9000E+01  9.9000E+01  9.9000E+01  9.9000E+01  9.9000E+01  9.9000E+01  0.0000E+00
       0.0000E+00  9.9000E+01  9.9000E+01  9.9000E+01  9.9000E+01  9.9000E+01  9.9000E+01  9.9000E+01  9.9000E+01  0.0000E+00
       0.0000E+00  9.9000E+01  9.9000E+01  9.9000E+01  9.9000E+01  9.9000E+01  9.9000E+01  9.9000E+01  0.0000E+00  0.0000E+00
       0.0000E+00  0.0000E+00  9.9000E+01  9.9000E+01  9.9000E+01  9.9000E+01  9.9000E+01  9.9000E+01  9.9000E+01  0.0000E+00
       0.0000E+00  0.0000E+00  9.9000E+01  9.9000E+01  9.9000E+01  9.9000E+01  9.9000E+01  9.9000E+01  9.9000E+01  9.9000E+01
       0.0000E+00  9.9000E+01  9.9000E+01  9.9000E+01  9.9000E+01  9.9000E+01  9.9000E+01  9.9000E+01  9.9000E+01  0.0000E+00
       0.0000E+00  9.9000E+01  9.9000E+01  9.9000E+01  9.9000E+01  9.9000E+01  9.9000E+01  9.9000E+01  9.9000E+01  0.0000E+00
       0.0000E+00  9.9000E+01  9.9000E+01  0.0000E+00  9.9000E+01  9.9000E+01  9.9000E+01  9.9000E+01  0.0000E+00  0.0000E+00
       0.0000E+00  9.9000E+01  9.9000E+01  9.9000E+01  9.9000E+01  9.9000E+01  9.9000E+01  9.9000E+01  0.0000E+00  0.0000E+00
       0.0000E+00  0.0000E+00  9.9000E+01  9.9000E+01  9.9000E+01  9.9000E+01  9.9000E+01  0.0000E+00  0.0000E+00  0.0000E+00
       0.0000E+00  0.0000E+00  9.9000E+01  9.9000E+01  9.9000E+01  9.9000E+01  0.0000E+00  9.9000E+01  0.0000E+00  0.0000E+00
       0.0000E+00  9.9000E+01  9.9000E+01  9.9000E+01  9.9000E+01  9.9000E+01  9.9000E+01  9.9000E+01  0.0000E+00  0.0000E+00
       0.0000E+00  9.9000E+01  9.9000E+01  9.9000E+01  9.9000E+01  9.9000E+01  9.9000E+01  9.9000E+01  0.0000E+00  0.0000E+00
       0.0000E+00  9.9000E+01  9.9000E+01  9.9000E+01  9.9000E+01  9.9000E+01  9.9000E+01  9.9000E+01  0.0000E+00  0.0000E+00
       0.0000E+00  0.0000E+00  9.9000E+01  9.9000E+01  9.9000E+01  9.9000E+01  9.9000E+01  9.9000E+01  0.0000E+00  0.0000E+00
       0.0000E+00  0.0000E+00  9.9000E+01  9.9000E+01  9.9000E+01  9.9000E+01  9.9000E+01  9.9000E+01  9.9000E+01  9.9000E+01
       0.0000E+00  0.0000E+00  9.9000E+01  9.9000E+01  9.9000E+01  9.9000E+01  9.9000E+01  9.9000E+01  0.0000E+00  0.0000E+00
       0.0000E+00  0.0000E+00  0.0000E+00  0.0000E+00  0.0000E+00  9.9000E+01  9.9000E+01  0.0000E+00  0.0000E+00  0.0000E+00
       0.0000E+00  0.0000E+00  0.0000E+00  0.0000E+00  9.9000E+01  9.9000E+01  0.0000E+00  9.9000E+01  0.0000E+00  0.0000E+00
       0.0000E+00  0.0000E+00  0.0000E+00  0.0000E+00  9.9000E+01  9.9000E+01  0.0000E+00  0.0000E+00  0.0000E+00  0.0000E+00
       0.0000E+00  0.0000E+00  0.0000E+00  9.9000E+01  9.9000E+01  0.0000E+00  0.0000E+00  0.0000E+00  0.0000E+00  0.0000E+00
       0.0000E+00  0.0000E+00  9.9000E+01  9.9000E+01  9.9000E+01  9.9000E+01  9.9000E+01  9.9000E+01  0.0000E+00  0.0000E+00
       0.0000E+00  0.0000E+00  9.9000E+01  9.9000E+01  9.9000E+01  9.9000E+01  9.9000E+01  9.9000E+01  0.0000E+00  0.0000E+00
       0.0000E+00  9.9000E+01  9.9000E+01  9.9000E+01  9.9000E+01  9.9000E+01  9.9000E+01  9.9000E+01  0.0000E+00  0.0000E+00
       9.9000E+01  9.9000E+01  9.9000E+01  9.9000E+01  9.9000E+01  9.9000E+01  9.9000E+01  9.9000E+01  0.0000E+00  0.0000E+00
       0.0000E+00  0.0000E+00  9.9000E+01  9.9000E+01  0.0000E+00  0.0000E+00  9.9000E+01  9.9000E+01  0.0000E+00  9.9000E+01
       0.0000E+00  0.0000E+00  9.9000E+01  9.9000E+01  9.9000E+01  0.0000E+00  0.0000E+00  0.0000E+00  0.0000E+00  9.9000E+01
       0.0000E+00  0.0000E+00  0.0000E+00  9.9000E+01  0.0000E+00  0.0000E+00  0.0000E+00  0.0000E+00  0.0000E+00  0.0000E+00
       0.0000E+00  0.0000E+00  0.0000E+00  0.0000E+00  0.0000E+00  0.0000E+00  0.0000E+00  0.0000E+00  0.0000E+00  0.0000E+00
       0.0000E+00  0.0000E+00  0.0000E+00  9.9000E+01  9.9000E+01  0.0000E+00  0.0000E+00  0.0000E+00  0.0000E+00  0.0000E+00
       0.0000E+00  0.0000E+00  0.0000E+00  9.9000E+01  9.9000E+01  0.0000E+00  0.0000E+00  0.0000E+00  0.0000E+00  0.0000E+00
       0.0000E+00  0.0000E+00  0.0000E+00  9.9000E+01  9.9000E+01  0.0000E+00  0.0000E+00  0.0000E+00  0.0000E+00  0.0000E+00
       0.0000E+00  0.0000E+00  9.9000E+01  0.0000E+00  0.0000E+00  0.0000E+00  0.0000E+00  0.0000E+00  0.0000E+00  0.0000E+00
       0.0000E+00  0.0000E+00  9.9000E+01  9.9000E+01  0.0000E+00  0.0000E+00  0.0000E+00  9.9000E+01  0.0000E+00  0.0000E+00
       9.9000E+01  0.0000E+00  0.0000E+00  0.0000E+00  0.0000E+00  0.0000E+00  0.0000E+00  9.9000E+01  0.0000E+00  0.0000E+00
       0.0000E+00  0.0000E+00  0.0000E+00  0.0000E+00  0.0000E+00  0.0000E+00  0.0000E+00  0.0000E+00  0.0000E+00  9.9000E+01
       0.0000E+00  0.0000E+00  0.0000E+00  9.9000E+01  0.0000E+00  0.0000E+00  0.0000E+00  0.0000E+00  0.0000E+00  9.9000E+01
       0.0000E+00  0.0000E+00  0.0000E+00  9.9000E+01  0.0000E+00  0.0000E+00  0.0000E+00  0.0000E+00  0.0000E+00  0.0000E+00
