1
   Cartesian binning n.   1  "DoseEq    " , generalized particle n.  240
      X coordinate: from -8.5000E+01 to  8.5000E+01 cm,    10 bins ( 1.7000E+01 cm wide)
      Y coordinate: from -2.5000E+01 to  2.5000E+01 cm,    10 bins ( 5.0000E+00 cm wide)
      Z coordinate: from  2.2500E+02 to  2.7500E+02 cm,    10 bins ( 5.0000E+00 cm wide)
      Data follow in a matrix A(ix,iy,iz), format (1(5x,1p,10(1x,e11.4)))

      accurate deposition along the tracks requested
      this is a track-length binning
       2.4686E-05  3.3478E-05  1.9503E-04  5.6769E-04  2.3139E-03  1.9212E-03  6.3883E-04  1.7150E-04  3.9353E-05  2.0765E-05
       4.5304E-05  1.3108E-04  2.9891E-04  1.0663E-03  4.1411E-03  4.1489E-03  1.0998E-03  2.2752E-04  5.6142E-05  3.5152E-05
       5.8079E-05  9.9877E-05  2.8956E-04  1.5285E-03  8.8006E-03  8.7140E-03  1.6520E-03  3.1535E-04  1.0378E-04  5.2143E-05
       1.7133E-05  5.6203E-05  4.2819E-04  2.0214E-03  2.0175E-02  2.0078E-02  2.2260E-03  4.8696E-04  1.2020E-04  1.2682E-05
       5.9075E-05  1.0623E-04  3.4428E-04  2.3232E-03  3.9582E+00  3.9541E+00  2.5238E-03  4.3100E-04  1.0166E-04  2.3316E-05
       2.1723E-05  1.2344E-04  3.1134E-04  2.2078E-03  3.9706E+00  3.9589E+00  2.6366E-03  4.4747E-04  1.2517E-04  4.6982E-05
       2.4692E-05  7.5274E-05  3.0377E-04  2.0783E-03  1.9696E-02  2.0491E-02  2.3244E-03  4.1290E-04  7.8038E-05  4.4431E-05
       4.0754E-05  8.2892E-05  2.6186E-04  1.4663E-03  8.4261E-03  8.3246E-03  1.6836E-03  2.8334E-04  1.2890E-04  3.0415E-05
       2.0712E-05  5.7751E-05  2.6765E-04  1.1899E-03  4.2338E-03  4.0479E-03  1.1693E-03  1.9200E-04  1.1894E-04  4.0336E-05
       4.5366E-05  2.1284E-05  2.2624E-04  8.4169E-04  2.1404E-03  1.9787E-03  7.3125E-04  2.5764E-04  8.8325E-05  4.2159E-05
       1.5135E-05  3.8265E-05  1.7768E-04  6.6224E-04  2.3728E-03  2.1177E-03  7.6524E-04  1.9043E-04  6.6471E-05  1.7661E-06
       2.2499E-05  5.9367E-05  3.0255E-04  1.1959E-03  5.0405E-03  4.6739E-03  1.1743E-03  2.2554E-04  6.1862E-05  2.8525E-05
       5.3548E-05  8.1758E-05  3.1586E-04  1.7899E-03  9.8203E-03  9.5880E-03  1.9816E-03  4.1222E-04  1.0210E-04  6.0815E-05
       2.5377E-05  4.9366E-05  3.2693E-04  2.4257E-03  2.1597E-02  2.2191E-02  2.5281E-03  5.0372E-04  1.3273E-04  4.5977E-05
       1.5614E-05  9.1482E-05  4.2897E-04  2.7892E-03  5.7015E-02  5.6978E-02  2.9105E-03  4.2006E-04  1.1006E-04  2.9752E-05
       1.4137E-05  1.6158E-04  4.9445E-04  2.7465E-03  5.8554E-02  5.6676E-02  2.9278E-03  4.2847E-04  7.2936E-05  3.0024E-05
       1.3126E-05  9.0202E-05  4.0166E-04  2.3862E-03  2.1772E-02  2.1355E-02  2.6990E-03  4.5032E-04  1.0466E-04  6.0304E-05
       5.2417E-06  8.6659E-05  3.2547E-04  1.9798E-03  9.8646E-03  9.7158E-03  1.9063E-03  3.7139E-04  1.4507E-04  4.7429E-05
       7.3764E-06  2.8239E-05  2.1724E-04  1.3154E-03  5.0042E-03  4.9151E-03  1.3107E-03  1.9305E-04  9.5764E-05  2.0143E-05
       1.3024E-05  4.9627E-06  9.3169E-05  6.6295E-04  2.3570E-03  2.1378E-03  8.3569E-04  1.8571E-04  6.5788E-05  1.7748E-05
       2.4827E-05  6.8334E-05  1.5296E-04  8.1802E-04  2.5282E-03  2.5797E-03  8.5078E-04  2.2395E-04  6.7709E-05  8.1548E-06
       1.0118E-05  9.0121E-05  2.0664E-04  1.4257E-03  5.3230E-03  5.1923E-03  1.5618E-03  3.3893E-04  9.7017E-05  1.0515E-05
       1.5222E-05  7.7394E-05  3.8102E-04  2.0944E-03  1.0004E-02  9.8776E-03  2.1357E-03  4.0549E-04  1.2949E-04  4.8765E-05
       5.3717E-05  7.8580E-05  4.4901E-04  2.8964E-03  1.9019E-02  1.8760E-02  2.9446E-03  5.1555E-04  1.0940E-04  2.3658E-05
       4.6443E-05  1.0629E-04  5.3947E-04  3.1194E-03  3.3019E-02  3.1923E-02  3.0808E-03  6.1745E-04  1.5323E-04  4.9002E-05
       2.0385E-05  1.2741E-04  5.4228E-04  3.1453E-03  3.3154E-02  3.2279E-02  3.1082E-03  4.8799E-04  1.5142E-04  4.9901E-05
       1.7653E-05  8.0918E-05  4.2767E-04  2.6609E-03  1.8898E-02  1.8782E-02  2.7390E-03  5.0716E-04  1.0184E-04  3.4710E-05
       8.9336E-07  6.6890E-05  3.1830E-04  2.0043E-03  1.0172E-02  9.9599E-03  2.3505E-03  4.3612E-04  9.4115E-05  3.0668E-05
       1.1538E-05  3.0331E-05  3.0133E-04  1.5919E-03  5.1828E-03  5.3061E-03  1.5168E-03  2.8614E-04  8.9057E-05  4.2954E-05
       9.0766E-06  5.3475E-05  2.3480E-04  8.4959E-04  2.5430E-03  2.2945E-03  1.0881E-03  1.8437E-04  6.5388E-05  1.2435E-05
       6.5433E-06  4.8329E-05  1.5685E-04  7.4160E-04  2.2598E-03  2.3205E-03  7.9388E-04  1.8426E-04  4.7020E-05  5.6948E-06
       5.2326E-06  8.2677E-05  3.0107E-04  1.3309E-03  4.6522E-03  5.1080E-03  1.3663E-03  3.5234E-04  9.7939E-05  2.3034E-05
       1.4393E-05  9.5006E-05  3.5645E-04  2.0813E-03  8.5582E-03  8.3210E-03  1.9427E-03  4.1086E-04  1.2845E-04  1.0101E-05
       4.4912E-05  6.4148E-05  4.2751E-04  2.8162E-03  1.4066E-02  1.3470E-02  2.6543E-03  5.3504E-04  1.2439E-04  3.0490E-05
       5.4318E-05  6.1356E-05  4.8286E-04  3.1023E-03  2.0127E-02  1.9516E-02  2.9941E-03  6.8176E-04  1.0309E-04  3.8137E-06
       4.8942E-05  1.0666E-04  5.1469E-04  2.8780E-03  2.0388E-02  1.9230E-02  3.0014E-03  6.1194E-04  1.1523E-04  4.2071E-05
       1.2996E-05  1.0268E-04  5.3815E-04  2.8928E-03  1.3805E-02  1.3478E-02  2.5783E-03  5.0703E-04  7.0085E-05  4.0126E-05
       1.5918E-05  1.0291E-04  3.8169E-04  2.1959E-03  8.6490E-03  8.7334E-03  2.1188E-03  4.3270E-04  1.2234E-04  3.7102E-05
       2.7921E-05  8.0175E-05  3.2182E-04  1.4316E-03  4.6336E-03  4.7806E-03  1.6263E-03  3.4950E-04  1.1163E-04  3.2290E-05
       1.5554E-05  3.6865E-05  2.0089E-04  8.4275E-04  2.2413E-03  2.3700E-03  8.4499E-04  2.2343E-04  7.7898E-05  3.2908E-05
       2.0245E-05  1.0866E-04  1.4968E-04  7.4587E-04  1.9566E-03  1.9668E-03  6.6979E-04  2.1208E-04  4.6283E-05  2.2686E-06
       1.5985E-05  9.7471E-05  2.7512E-04  1.3980E-03  3.8160E-03  3.9462E-03  1.3313E-03  3.8209E-04  6.8710E-05  1.2569E-05
       2.3490E-05  7.4161E-05  4.5827E-04  2.0330E-03  6.4610E-03  6.5165E-03  1.8387E-03  5.2736E-04  6.3690E-05  6.5883E-06
       2.0883E-05  8.2236E-05  4.0318E-04  2.4851E-03  9.6096E-03  9.9355E-03  2.3334E-03  5.3990E-04  1.6886E-04  2.5985E-05
       2.2589E-05  1.0357E-04  3.8506E-04  2.7107E-03  1.2449E-02  1.2640E-02  2.6943E-03  5.7647E-04  1.7404E-04  9.3879E-06
       7.2050E-06  6.8706E-05  4.4546E-04  2.7399E-03  1.2175E-02  1.2322E-02  2.6293E-03  6.1551E-04  1.2438E-04  3.6664E-05
       8.6299E-06  6.5861E-05  4.2738E-04  2.5525E-03  9.1962E-03  9.8117E-03  2.4907E-03  4.8190E-04  1.6157E-04  5.3296E-05
       2.9478E-05  8.0835E-05  4.3863E-04  2.0733E-03  6.5123E-03  6.7882E-03  1.9119E-03  4.8634E-04  1.8062E-04  2.8746E-05
       8.6316E-06  7.3059E-05  3.3579E-04  1.5108E-03  3.9705E-03  3.9201E-03  1.4682E-03  3.7723E-04  1.1083E-04  5.2369E-05
       2.2462E-06  2.6679E-05  2.6136E-04  9.1524E-04  2.0039E-03  2.0766E-03  8.0624E-04  1.6200E-04  6.5119E-05  2.5407E-05
       2.8597E-05  5.3936E-05  2.4063E-04  5.8857E-04  1.7486E-03  1.6277E-03  5.3430E-04  1.8192E-04  6.5926E-05  9.4009E-07
       3.0800E-05  1.3662E-04  3.5984E-04  1.1074E-03  3.1503E-03  3.2666E-03  1.2262E-03  2.7036E-04  7.4518E-05  1.5799E-05
       1.9254E-05  1.3865E-04  4.3600E-04  1.6007E-03  4.7145E-03  5.1454E-03  1.4958E-03  2.9913E-04  6.6896E-05  6.8422E-06
       2.6450E-05  8.8809E-05  4.0566E-04  1.9546E-03  6.7602E-03  6.8606E-03  1.8600E-03  4.4513E-04  7.1024E-05  7.7882E-06
       1.2030E-05  4.9629E-05  3.7012E-04  2.1800E-03  7.9868E-03  7.7692E-03  2.2078E-03  4.3408E-04  9.1850E-05  3.0135E-05
       7.6971E-06  7.1358E-05  4.1619E-04  2.1072E-03  7.4219E-03  7.7160E-03  2.1383E-03  4.8253E-04  1.4340E-04  4.8222E-05
       1.7489E-05  8.6640E-05  4.7575E-04  2.0735E-03  6.4366E-03  6.5610E-03  1.8618E-03  4.4228E-04  1.4209E-04  6.5097E-05
       1.4539E-05  7.6826E-05  5.0306E-04  1.6305E-03  4.6316E-03  4.9484E-03  1.7080E-03  3.5802E-04  1.4642E-04  1.0589E-05
       5.5274E-06  7.3622E-05  3.9715E-04  1.1588E-03  3.1810E-03  3.1424E-03  1.3153E-03  2.9836E-04  6.7537E-05  2.4659E-05
       4.3767E-06  7.2998E-05  2.3836E-04  6.9261E-04  1.6855E-03  1.6937E-03  7.2173E-04  2.2238E-04  7.3104E-05  1.3684E-05
       2.7747E-05  6.4921E-05  1.7800E-04  5.0205E-04  1.5358E-03  1.2597E-03  5.9412E-04  2.3795E-04  3.1111E-05  1.9527E-06
       2.1657E-05  6.7887E-05  2.4789E-04  1.1037E-03  2.5620E-03  2.5308E-03  1.1557E-03  2.9346E-04  1.2149E-04  1.7773E-06
       2.3056E-05  1.1260E-04  3.6873E-04  1.4469E-03  3.6113E-03  3.4463E-03  1.2355E-03  3.1029E-04  9.8973E-05  8.5153E-06
       1.4334E-05  1.4754E-04  4.4300E-04  1.5895E-03  4.5695E-03  4.5633E-03  1.5379E-03  3.1537E-04  1.0910E-04  1.3286E-05
       4.5285E-05  1.2320E-04  4.2851E-04  1.5974E-03  5.1274E-03  5.1832E-03  1.6450E-03  4.6281E-04  1.2133E-04  2.0393E-05
       2.3749E-05  7.8130E-05  5.0019E-04  1.7880E-03  4.8199E-03  5.1232E-03  1.6638E-03  3.7181E-04  1.0893E-04  3.5741E-05
       1.4783E-05  1.1755E-04  5.0577E-04  1.4943E-03  4.5044E-03  4.4516E-03  1.5066E-03  3.0704E-04  1.3612E-04  4.4586E-05
       1.0658E-05  6.5657E-05  4.8342E-04  1.2786E-03  3.2262E-03  3.4339E-03  1.2349E-03  3.1069E-04  1.4059E-04  2.5768E-05
       2.6577E-06  8.1985E-05  3.9828E-04  8.6619E-04  2.3329E-03  2.3116E-03  7.8524E-04  2.2647E-04  1.0229E-04  1.9598E-05
       1.3192E-05  5.7030E-05  2.2718E-04  5.5942E-04  1.3604E-03  1.3823E-03  6.5095E-04  1.7071E-04  3.7025E-05  8.3909E-06
       7.8696E-06  5.2595E-05  1.2779E-04  4.3352E-04  1.1694E-03  1.0677E-03  4.9581E-04  1.7245E-04  5.2483E-05  1.5268E-06
       2.4809E-05  8.6015E-05  2.1255E-04  7.4821E-04  1.7056E-03  1.6607E-03  6.7760E-04  2.3971E-04  6.5713E-05  3.4967E-06
       8.9835E-06  1.1408E-04  3.5600E-04  1.0908E-03  2.3248E-03  2.3929E-03  9.8767E-04  2.8841E-04  1.1512E-04  7.7802E-06
       4.0048E-05  1.3149E-04  4.2890E-04  1.2513E-03  3.0525E-03  3.0389E-03  1.1109E-03  3.2825E-04  1.4383E-04  8.1016E-06
       2.7345E-05  8.1252E-05  3.5944E-04  1.1917E-03  3.2819E-03  3.2388E-03  1.2644E-03  3.4849E-04  1.1866E-04  2.3483E-05
       3.5191E-05  1.1159E-04  4.3727E-04  1.4777E-03  3.2008E-03  3.1908E-03  1.1868E-03  2.7593E-04  1.1389E-04  1.4725E-05
       2.2664E-05  1.7761E-04  4.3766E-04  1.4802E-03  2.8742E-03  2.8933E-03  1.0894E-03  3.0365E-04  1.1567E-04  4.2249E-05
       1.3894E-05  9.6374E-05  3.8965E-04  1.1588E-03  2.3075E-03  2.5552E-03  9.5229E-04  2.2700E-04  6.2935E-05  5.8490E-06
       2.3822E-05  2.3043E-05  3.0607E-04  5.3733E-04  1.6788E-03  1.6865E-03  8.0194E-04  1.1602E-04  8.4805E-05  1.7721E-06
       3.2694E-05  9.9996E-05  1.6914E-04  4.8564E-04  1.1176E-03  1.0621E-03  4.0696E-04  1.4942E-04  7.8392E-05  6.9751E-06
       3.7111E-06  1.4954E-05  1.0689E-04  3.9258E-04  7.8859E-04  7.8323E-04  3.8524E-04  1.3470E-04  3.9999E-05  8.0534E-07
       1.1886E-05  5.9519E-05  1.4956E-04  5.1461E-04  1.2617E-03  1.1757E-03  5.1134E-04  2.1276E-04  6.9066E-05  7.8268E-06
       2.6368E-05  9.0633E-05  2.5480E-04  7.5311E-04  1.5160E-03  1.5579E-03  7.1600E-04  2.7121E-04  1.1822E-04  1.4667E-05
       2.4944E-05  8.3591E-05  3.0673E-04  9.2843E-04  1.9508E-03  1.8223E-03  8.0487E-04  2.7953E-04  9.1583E-05  3.0406E-05
       4.5632E-05  1.2737E-04  3.0332E-04  8.8036E-04  2.1178E-03  2.0426E-03  8.3016E-04  2.1973E-04  9.5226E-05  5.8275E-05
       3.1663E-05  7.3783E-05  3.4112E-04  1.1214E-03  1.9924E-03  2.0769E-03  8.2966E-04  2.0390E-04  9.0273E-05  8.2101E-06
       1.5745E-05  1.0181E-04  3.4506E-04  9.0552E-04  1.8875E-03  1.8932E-03  8.3192E-04  2.3718E-04  3.4388E-05  8.3773E-06
       9.6961E-06  4.0325E-05  2.7714E-04  8.3132E-04  1.7264E-03  1.5602E-03  6.3820E-04  1.8343E-04  6.2934E-05  7.5061E-06
       7.7263E-06  1.7285E-05  2.2508E-04  5.2651E-04  1.2664E-03  1.0455E-03  6.1259E-04  9.2443E-05  6.7055E-05  4.6807E-06
       9.7316E-07  2.1622E-05  2.0050E-04  3.3423E-04  8.3153E-04  7.5121E-04  3.8031E-04  8.4520E-05  3.2018E-05  4.5260E-07
       7.3312E-06  1.9636E-05  1.1889E-04  2.2068E-04  4.6002E-04  4.6277E-04  2.7011E-04  1.1414E-04  1.8733E-05  1.1665E-05
       4.1890E-06  4.5305E-05  9.6832E-05  2.8592E-04  6.9573E-04  6.8488E-04  4.1461E-04  1.1333E-04  5.2672E-05  1.2337E-05
       8.6676E-06  4.3748E-05  1.8421E-04  4.1788E-04  1.0299E-03  8.8139E-04  4.3993E-04  1.7539E-04  4.4259E-05  1.2014E-05
       8.6047E-06  4.2069E-05  2.1555E-04  5.0523E-04  1.0803E-03  1.1965E-03  6.2468E-04  1.6201E-04  2.3569E-05  4.8302E-06
       1.4637E-05  4.7496E-05  2.1886E-04  5.6755E-04  1.1963E-03  1.0767E-03  6.1279E-04  1.2564E-04  3.5529E-05  1.8038E-05
       1.2405E-05  3.1879E-05  2.4108E-04  5.7250E-04  1.1473E-03  1.3272E-03  5.6253E-04  1.1749E-04  6.6123E-05  7.6688E-06
       8.0649E-06  6.5241E-05  1.7642E-04  3.9568E-04  1.1191E-03  1.2479E-03  5.1454E-04  9.5121E-05  2.9810E-05  7.6952E-06
       3.0950E-06  2.6822E-05  1.1999E-04  4.4985E-04  1.0059E-03  9.0432E-04  4.1188E-04  1.0579E-04  4.4340E-05  1.0568E-06
       1.1607E-05  4.7533E-05  1.4248E-04  3.8500E-04  7.5169E-04  7.4078E-04  3.4186E-04  1.0282E-04  2.8691E-05  1.5085E-06
       5.8044E-06  2.3117E-05  9.0127E-05  1.5510E-04  4.5181E-04  5.6204E-04  2.3129E-04  3.2436E-05  3.3534E-05  2.7115E-07

      Percentage errors follow in a matrix A(ix,iy,iz), format (1(5x,1p,10(1x,e11.4)))

       9.9000E+01  9.9000E+01  9.9000E+01  9.9000E+01  9.9000E+01  9.9000E+01  9.9000E+01  9.9000E+01  9.9000E+01  9.9000E+01
       9.9000E+01  9.9000E+01  9.9000E+01  9.9000E+01  9.9000E+01  9.9000E+01  9.9000E+01  9.9000E+01  9.9000E+01  9.9000E+01
       9.9000E+01  9.9000E+01  9.9000E+01  9.9000E+01  9.9000E+01  9.9000E+01  9.9000E+01  9.9000E+01  9.9000E+01  9.9000E+01
       9.9000E+01  9.9000E+01  9.9000E+01  9.9000E+01  9.9000E+01  9.9000E+01  9.9000E+01  9.9000E+01  9.9000E+01  9.9000E+01
       9.9000E+01  9.9000E+01  9.9000E+01  9.9000E+01  9.9000E+01  9.9000E+01  9.9000E+01  9.9000E+01  9.9000E+01  9.9000E+01
       9.9000E+01  9.9000E+01  9.9000E+01  9.9000E+01  9.9000E+01  9.9000E+01  9.9000E+01  9.9000E+01  9.9000E+01  9.9000E+01
       9.9000E+01  9.9000E+01  9.9000E+01  9.9000E+01  9.9000E+01  9.9000E+01  9.9000E+01  9.9000E+01  9.9000E+01  9.9000E+01
       9.9000E+01  9.9000E+01  9.9000E+01  9.9000E+01  9.9000E+01  9.9000E+01  9.9000E+01  9.9000E+01  9.9000E+01  9.9000E+01
       9.9000E+01  9.9000E+01  9.9000E+01  9.9000E+01  9.9000E+01  9.9000E+01  9.9000E+01  9.9000E+01  9.9000E+01  9.9000E+01
       9.9000E+01  9.9000E+01  9.9000E+01  9.9000E+01  9.9000E+01  9.9000E+01  9.9000E+01  9.9000E+01  9.9000E+01  9.9000E+01
       9.9000E+01  9.9000E+01  9.9000E+01  9.9000E+01  9.9000E+01  9.9000E+01  9.9000E+01  9.9000E+01  9.9000E+01  9.9000E+01
       9.9000E+01  9.9000E+01  9.9000E+01  9.9000E+01  9.9000E+01  9.9000E+01  9.9000E+01  9.9000E+01  9.9000E+01  9.9000E+01
       9.9000E+01  9.9000E+01  9.9000E+01  9.9000E+01  9.9000E+01  9.9000E+01  9.9000E+01  9.9000E+01  9.9000E+01  9.9000E+01
       9.9000E+01  9.9000E+01  9.9000E+01  9.9000E+01  9.9000E+01  9.9000E+01  9.9000E+01  9.9000E+01  9.9000E+01  9.9000E+01
       9.9000E+01  9.9000E+01  9.9000E+01  9.9000E+01  9.9000E+01  9.9000E+01  9.9000E+01  9.9000E+01  9.9000E+01  9.9000E+01
       9.9000E+01  9.9000E+01  9.9000E+01  9.9000E+01  9.9000E+01  9.9000E+01  9.9000E+01  9.9000E+01  9.9000E+01  9.9000E+01
       9.9000E+01  9.9000E+01  9.9000E+01  9.9000E+01  9.9000E+01  9.9000E+01  9.9000E+01  9.9000E+01  9.9000E+01  9.9000E+01
       9.9000E+01  9.9000E+01  9.9000E+01  9.9000E+01  9.9000E+01  9.9000E+01  9.9000E+01  9.9000E+01  9.9000E+01  9.9000E+01
       9.9000E+01  9.9000E+01  9.9000E+01  9.9000E+01  9.9000E+01  9.9000E+01  9.9000E+01  9.9000E+01  9.9000E+01  9.9000E+01
       9.9000E+01  9.9000E+01  9.9000E+01  9.9000E+01  9.9000E+01  9.9000E+01  9.9000E+01  9.9000E+01  9.9000E+01  9.9000E+01
       9.9000E+01  9.9000E+01  9.9000E+01  9.9000E+01  9.9000E+01  9.9000E+01  9.9000E+01  9.9000E+01  9.9000E+01  9.9000E+01
       9.9000E+01  9.9000E+01  9.9000E+01  9.9000E+01  9.9000E+01  9.9000E+01  9.9000E+01  9.9000E+01  9.9000E+01  9.9000E+01
       9.9000E+01  9.9000E+01  9.9000E+01  9.9000E+01  9.9000E+01  9.9000E+01  9.9000E+01  9.9000E+01  9.9000E+01  9.9000E+01
       9.9000E+01  9.9000E+01  9.9000E+01  9.9000E+01  9.9000E+01  9.9000E+01  9.9000E+01  9.9000E+01  9.9000E+01  9.9000E+01
       9.9000E+01  9.9000E+01  9.9000E+01  9.9000E+01  9.9000E+01  9.9000E+01  9.9000E+01  9.9000E+01  9.9000E+01  9.9000E+01
       9.9000E+01  9.9000E+01  9.9000E+01  9.9000E+01  9.9000E+01  9.9000E+01  9.9000E+01  9.9000E+01  9.9000E+01  9.9000E+01
       9.9000E+01  9.9000E+01  9.9000E+01  9.9000E+01  9.9000E+01  9.9000E+01  9.9000E+01  9.9000E+01  9.9000E+01  9.9000E+01
       9.9000E+01  9.9000E+01  9.9000E+01  9.9000E+01  9.9000E+01  9.9000E+01  9.9000E+01  9.9000E+01  9.9000E+01  9.9000E+01
       9.9000E+01  9.9000E+01  9.9000E+01  9.9000E+01  9.9000E+01  9.9000E+01  9.9000E+01  9.9000E+01  9.9000E+01  9.9000E+01
       9.9000E+01  9.9000E+01  9.9000E+01  9.9000E+01  9.9000E+01  9.9000E+01  9.9000E+01  9.9000E+01  9.9000E+01  9.9000E+01
       9.9000E+01  9.9000E+01  9.9000E+01  9.9000E+01  9.9000E+01  9.9000E+01  9.9000E+01  9.9000E+01  9.9000E+01  9.9000E+01
       9.9000E+01  9.9000E+01  9.9000E+01  9.9000E+01  9.9000E+01  9.9000E+01  9.9000E+01  9.9000E+01  9.9000E+01  9.9000E+01
       9.9000E+01  9.9000E+01  9.9000E+01  9.9000E+01  9.9000E+01  9.9000E+01  9.9000E+01  9.9000E+01  9.9000E+01  9.9000E+01
       9.9000E+01  9.9000E+01  9.9000E+01  9.9000E+01  9.9000E+01  9.9000E+01  9.9000E+01  9.9000E+01  9.9000E+01  9.9000E+01
       9.9000E+01  9.9000E+01  9.9000E+01  9.9000E+01  9.9000E+01  9.9000E+01  9.9000E+01  9.9000E+01  9.9000E+01  9.9000E+01
       9.9000E+01  9.9000E+01  9.9000E+01  9.9000E+01  9.9000E+01  9.9000E+01  9.9000E+01  9.9000E+01  9.9000E+01  9.9000E+01
       9.9000E+01  9.9000E+01  9.9000E+01  9.9000E+01  9.9000E+01  9.9000E+01  9.9000E+01  9.9000E+01  9.9000E+01  9.9000E+01
       9.9000E+01  9.9000E+01  9.9000E+01  9.9000E+01  9.9000E+01  9.9000E+01  9.9000E+01  9.9000E+01  9.9000E+01  9.9000E+01
       9.9000E+01  9.9000E+01  9.9000E+01  9.9000E+01  9.9000E+01  9.9000E+01  9.9000E+01  9.9000E+01  9.9000E+01  9.9000E+01
       9.9000E+01  9.9000E+01  9.9000E+01  9.9000E+01  9.9000E+01  9.9000E+01  9.9000E+01  9.9000E+01  9.9000E+01  9.9000E+01
       9.9000E+01  9.9000E+01  9.9000E+01  9.9000E+01  9.9000E+01  9.9000E+01  9.9000E+01  9.9000E+01  9.9000E+01  9.9000E+01
       9.9000E+01  9.9000E+01  9.9000E+01  9.9000E+01  9.9000E+01  9.9000E+01  9.9000E+01  9.9000E+01  9.9000E+01  9.9000E+01
       9.9000E+01  9.9000E+01  9.9000E+01  9.9000E+01  9.9000E+01  9.9000E+01  9.9000E+01  9.9000E+01  9.9000E+01  9.9000E+01
       9.9000E+01  9.9000E+01  9.9000E+01  9.9000E+01  9.9000E+01  9.9000E+01  9.9000E+01  9.9000E+01  9.9000E+01  9.9000E+01
       9.9000E+01  9.9000E+01  9.9000E+01  9.9000E+01  9.9000E+01  9.9000E+01  9.9000E+01  9.9000E+01  9.9000E+01  9.9000E+01
       9.9000E+01  9.9000E+01  9.9000E+01  9.9000E+01  9.9000E+01  9.9000E+01  9.9000E+01  9.9000E+01  9.9000E+01  9.9000E+01
       9.9000E+01  9.9000E+01  9.9000E+01  9.9000E+01  9.9000E+01  9.9000E+01  9.9000E+01  9.9000E+01  9.9000E+01  9.9000E+01
       9.9000E+01  9.9000E+01  9.9000E+01  9.9000E+01  9.9000E+01  9.9000E+01  9.9000E+01  9.9000E+01  9.9000E+01  9.9000E+01
       9.9000E+01  9.9000E+01  9.9000E+01  9.9000E+01  9.9000E+01  9.9000E+01  9.9000E+01  9.9000E+01  9.9000E+01  9.9000E+01
       9.9000E+01  9.9000E+01  9.9000E+01  9.9000E+01  9.9000E+01  9.9000E+01  9.9000E+01  9.9000E+01  9.9000E+01  9.9000E+01
       9.9000E+01  9.9000E+01  9.9000E+01  9.9000E+01  9.9000E+01  9.9000E+01  9.9000E+01  9.9000E+01  9.9000E+01  9.9000E+01
       9.9000E+01  9.9000E+01  9.9000E+01  9.9000E+01  9.9000E+01  9.9000E+01  9.9000E+01  9.9000E+01  9.9000E+01  9.9000E+01
       9.9000E+01  9.9000E+01  9.9000E+01  9.9000E+01  9.9000E+01  9.9000E+01  9.9000E+01  9.9000E+01  9.9000E+01  9.9000E+01
       9.9000E+01  9.9000E+01  9.9000E+01  9.9000E+01  9.9000E+01  9.9000E+01  9.9000E+01  9.9000E+01  9.9000E+01  9.9000E+01
       9.9000E+01  9.9000E+01  9.9000E+01  9.9000E+01  9.9000E+01  9.9000E+01  9.9000E+01  9.9000E+01  9.9000E+01  9.9000E+01
       9.9000E+01  9.9000E+01  9.9000E+01  9.9000E+01  9.9000E+01  9.9000E+01  9.9000E+01  9.9000E+01  9.9000E+01  9.9000E+01
       9.9000E+01  9.9000E+01  9.9000E+01  9.9000E+01  9.9000E+01  9.9000E+01  9.9000E+01  9.9000E+01  9.9000E+01  9.9000E+01
       9.9000E+01  9.9000E+01  9.9000E+01  9.9000E+01  9.9000E+01  9.9000E+01  9.9000E+01  9.9000E+01  9.9000E+01  9.9000E+01
       9.9000E+01  9.9000E+01  9.9000E+01  9.9000E+01  9.9000E+01  9.9000E+01  9.9000E+01  9.9000E+01  9.9000E+01  9.9000E+01
       9.9000E+01  9.9000E+01  9.9000E+01  9.9000E+01  9.9000E+01  9.9000E+01  9.9000E+01  9.9000E+01  9.9000E+01  9.9000E+01
       9.9000E+01  9.9000E+01  9.9000E+01  9.9000E+01  9.9000E+01  9.9000E+01  9.9000E+01  9.9000E+01  9.9000E+01  9.9000E+01
       9.9000E+01  9.9000E+01  9.9000E+01  9.9000E+01  9.9000E+01  9.9000E+01  9.9000E+01  9.9000E+01  9.9000E+01  9.9000E+01
       9.9000E+01  9.9000E+01  9.9000E+01  9.9000E+01  9.9000E+01  9.9000E+01  9.9000E+01  9.9000E+01  9.9000E+01  9.9000E+01
       9.9000E+01  9.9000E+01  9.9000E+01  9.9000E+01  9.9000E+01  9.9000E+01  9.9000E+01  9.9000E+01  9.9000E+01  9.9000E+01
       9.9000E+01  9.9000E+01  9.9000E+01  9.9000E+01  9.9000E+01  9.9000E+01  9.9000E+01  9.9000E+01  9.9000E+01  9.9000E+01
       9.9000E+01  9.9000E+01  9.9000E+01  9.9000E+01  9.9000E+01  9.9000E+01  9.9000E+01  9.9000E+01  9.9000E+01  9.9000E+01
       9.9000E+01  9.9000E+01  9.9000E+01  9.9000E+01  9.9000E+01  9.9000E+01  9.9000E+01  9.9000E+01  9.9000E+01  9.9000E+01
       9.9000E+01  9.9000E+01  9.9000E+01  9.9000E+01  9.9000E+01  9.9000E+01  9.9000E+01  9.9000E+01  9.9000E+01  9.9000E+01
       9.9000E+01  9.9000E+01  9.9000E+01  9.9000E+01  9.9000E+01  9.9000E+01  9.9000E+01  9.9000E+01  9.9000E+01  9.9000E+01
       9.9000E+01  9.9000E+01  9.9000E+01  9.9000E+01  9.9000E+01  9.9000E+01  9.9000E+01  9.9000E+01  9.9000E+01  9.9000E+01
       9.9000E+01  9.9000E+01  9.9000E+01  9.9000E+01  9.9000E+01  9.9000E+01  9.9000E+01  9.9000E+01  9.9000E+01  9.9000E+01
       9.9000E+01  9.9000E+01  9.9000E+01  9.9000E+01  9.9000E+01  9.9000E+01  9.9000E+01  9.9000E+01  9.9000E+01  9.9000E+01
       9.9000E+01  9.9000E+01  9.9000E+01  9.9000E+01  9.9000E+01  9.9000E+01  9.9000E+01  9.9000E+01  9.9000E+01  9.9000E+01
       9.9000E+01  9.9000E+01  9.9000E+01  9.9000E+01  9.9000E+01  9.9000E+01  9.9000E+01  9.9000E+01  9.9000E+01  9.9000E+01
       9.9000E+01  9.9000E+01  9.9000E+01  9.9000E+01  9.9000E+01  9.9000E+01  9.9000E+01  9.9000E+01  9.9000E+01  9.9000E+01
       9.9000E+01  9.9000E+01  9.9000E+01  9.9000E+01  9.9000E+01  9.9000E+01  9.9000E+01  9.9000E+01  9.9000E+01  9.9000E+01
       9.9000E+01  9.9000E+01  9.9000E+01  9.9000E+01  9.9000E+01  9.9000E+01  9.9000E+01  9.9000E+01  9.9000E+01  9.9000E+01
       9.9000E+01  9.9000E+01  9.9000E+01  9.9000E+01  9.9000E+01  9.9000E+01  9.9000E+01  9.9000E+01  9.9000E+01  9.9000E+01
       9.9000E+01  9.9000E+01  9.9000E+01  9.9000E+01  9.9000E+01  9.9000E+01  9.9000E+01  9.9000E+01  9.9000E+01  9.9000E+01
       9.9000E+01  9.9000E+01  9.9000E+01  9.9000E+01  9.9000E+01  9.9000E+01  9.9000E+01  9.9000E+01  9.9000E+01  9.9000E+01
       9.9000E+01  9.9000E+01  9.9000E+01  9.9000E+01  9.9000E+01  9.9000E+01  9.9000E+01  9.9000E+01  9.9000E+01  9.9000E+01
       9.9000E+01  9.9000E+01  9.9000E+01  9.9000E+01  9.9000E+01  9.9000E+01  9.9000E+01  9.9000E+01  9.9000E+01  9.9000E+01
       9.9000E+01  9.9000E+01  9.9000E+01  9.9000E+01  9.9000E+01  9.9000E+01  9.9000E+01  9.9000E+01  9.9000E+01  9.9000E+01
       9.9000E+01  9.9000E+01  9.9000E+01  9.9000E+01  9.9000E+01  9.9000E+01  9.9000E+01  9.9000E+01  9.9000E+01  9.9000E+01
       9.9000E+01  9.9000E+01  9.9000E+01  9.9000E+01  9.9000E+01  9.9000E+01  9.9000E+01  9.9000E+01  9.9000E+01  9.9000E+01
       9.9000E+01  9.9000E+01  9.9000E+01  9.9000E+01  9.9000E+01  9.9000E+01  9.9000E+01  9.9000E+01  9.9000E+01  9.9000E+01
       9.9000E+01  9.9000E+01  9.9000E+01  9.9000E+01  9.9000E+01  9.9000E+01  9.9000E+01  9.9000E+01  9.9000E+01  9.9000E+01
       9.9000E+01  9.9000E+01  9.9000E+01  9.9000E+01  9.9000E+01  9.9000E+01  9.9000E+01  9.9000E+01  9.9000E+01  9.9000E+01
       9.9000E+01  9.9000E+01  9.9000E+01  9.9000E+01  9.9000E+01  9.9000E+01  9.9000E+01  9.9000E+01  9.9000E+01  9.9000E+01
       9.9000E+01  9.9000E+01  9.9000E+01  9.9000E+01  9.9000E+01  9.9000E+01  9.9000E+01  9.9000E+01  9.9000E+01  9.9000E+01
       9.9000E+01  9.9000E+01  9.9000E+01  9.9000E+01  9.9000E+01  9.9000E+01  9.9000E+01  9.9000E+01  9.9000E+01  9.9000E+01
       9.9000E+01  9.9000E+01  9.9000E+01  9.9000E+01  9.9000E+01  9.9000E+01  9.9000E+01  9.9000E+01  9.9000E+01  9.9000E+01
       9.9000E+01  9.9000E+01  9.9000E+01  9.9000E+01  9.9000E+01  9.9000E+01  9.9000E+01  9.9000E+01  9.9000E+01  9.9000E+01
       9.9000E+01  9.9000E+01  9.9000E+01  9.9000E+01  9.9000E+01  9.9000E+01  9.9000E+01  9.9000E+01  9.9000E+01  9.9000E+01
       9.9000E+01  9.9000E+01  9.9000E+01  9.9000E+01  9.9000E+01  9.9000E+01  9.9000E+01  9.9000E+01  9.9000E+01  9.9000E+01
       9.9000E+01  9.9000E+01  9.9000E+01  9.9000E+01  9.9000E+01  9.9000E+01  9.9000E+01  9.9000E+01  9.9000E+01  9.9000E+01
       9.9000E+01  9.9000E+01  9.9000E+01  9.9000E+01  9.9000E+01  9.9000E+01  9.9000E+01  9.9000E+01  9.9000E+01  9.9000E+01
       9.9000E+01  9.9000E+01  9.9000E+01  9.9000E+01  9.9000E+01  9.9000E+01  9.9000E+01  9.9000E+01  9.9000E+01  9.9000E+01
       9.9000E+01  9.9000E+01  9.9000E+01  9.9000E+01  9.9000E+01  9.9000E+01  9.9000E+01  9.9000E+01  9.9000E+01  9.9000E+01
       9.9000E+01  9.9000E+01  9.9000E+01  9.9000E+01  9.9000E+01  9.9000E+01  9.9000E+01  9.9000E+01  9.9000E+01  9.9000E+01
